      0.00   0.122397E+07  0.145684E+07  0.145684E+07  0.000000E+00  0.000000E+00  0.000000E+00
      0.50   0.906436E+06  0.122522E+07  0.122522E+07  0.000000E+00  0.000000E+00  0.000000E+00
      1.00   0.906436E+06  0.122522E+07  0.122522E+07  0.000000E+00  0.000000E+00  0.000000E+00
      1.50   0.906436E+06  0.122522E+07  0.122522E+07  0.000000E+00  0.000000E+00  0.000000E+00
      2.00   0.906433E+06  0.122521E+07  0.122521E+07  0.000000E+00  0.000000E+00  0.000000E+00
      2.50   0.906428E+06  0.122518E+07  0.122518E+07  0.000000E+00  0.000000E+00  0.000000E+00
      3.00   0.906418E+06  0.122512E+07  0.122512E+07  0.000000E+00  0.000000E+00  0.000000E+00
      3.50   0.906401E+06  0.122502E+07  0.122502E+07  0.000000E+00  0.000000E+00  0.000000E+00
      4.00   0.906374E+06  0.122487E+07  0.122487E+07  0.000000E+00  0.000000E+00  0.000000E+00
      4.50   0.906335E+06  0.122465E+07  0.122465E+07  0.000000E+00  0.000000E+00  0.000000E+00
      5.00   0.906281E+06  0.122434E+07  0.122434E+07  0.000000E+00  0.000000E+00  0.000000E+00
      5.50   0.906212E+06  0.122393E+07  0.122393E+07  0.000000E+00  0.000000E+00  0.000000E+00
      6.00   0.906124E+06  0.122339E+07  0.122339E+07  0.000000E+00  0.000000E+00  0.000000E+00
      6.50   0.906020E+06  0.122272E+07  0.122272E+07  0.000000E+00  0.000000E+00  0.000000E+00
      7.00   0.905901E+06  0.122191E+07  0.122191E+07  0.000000E+00  0.000000E+00  0.000000E+00
      7.50   0.905771E+06  0.122094E+07  0.122094E+07  0.000000E+00  0.000000E+00  0.000000E+00
      8.00   0.905639E+06  0.121980E+07  0.121980E+07  0.000000E+00  0.000000E+00  0.000000E+00
      8.50   0.905516E+06  0.121851E+07  0.121851E+07  0.000000E+00  0.000000E+00  0.000000E+00
      9.00   0.905415E+06  0.121707E+07  0.121707E+07  0.000000E+00  0.000000E+00  0.000000E+00
      9.50   0.905355E+06  0.121549E+07  0.121549E+07  0.000000E+00  0.000000E+00  0.000000E+00
     10.00   0.905358E+06  0.121378E+07  0.121378E+07  0.000000E+00  0.000000E+00  0.000000E+00
     10.50   0.905446E+06  0.121199E+07  0.121199E+07  0.000000E+00  0.000000E+00  0.000000E+00
     11.00   0.905647E+06  0.121012E+07  0.121012E+07  0.000000E+00  0.000000E+00  0.000000E+00
     11.50   0.905988E+06  0.120821E+07  0.120821E+07  0.000000E+00  0.000000E+00  0.000000E+00
     12.00   0.906496E+06  0.120630E+07  0.120630E+07  0.000000E+00  0.000000E+00  0.000000E+00
     12.50   0.907197E+06  0.120442E+07  0.120442E+07  0.000000E+00  0.000000E+00  0.000000E+00
     13.00   0.908113E+06  0.120259E+07  0.120259E+07  0.000000E+00  0.000000E+00  0.000000E+00
     13.50   0.909264E+06  0.120084E+07  0.120084E+07  0.000000E+00  0.000000E+00  0.000000E+00
     14.00   0.910664E+06  0.119918E+07  0.119918E+07  0.000000E+00  0.000000E+00  0.000000E+00
     14.50   0.912321E+06  0.119764E+07  0.119764E+07  0.000000E+00  0.000000E+00  0.000000E+00
     15.00   0.914238E+06  0.119621E+07  0.119621E+07  0.000000E+00  0.000000E+00  0.000000E+00
     15.50   0.916416E+06  0.119490E+07  0.119490E+07  0.000000E+00  0.000000E+00  0.000000E+00
     16.00   0.918848E+06  0.119369E+07  0.119369E+07  0.000000E+00  0.000000E+00  0.000000E+00
     16.50   0.921523E+06  0.119258E+07  0.119258E+07  0.000000E+00  0.000000E+00  0.000000E+00
     17.00   0.924427E+06  0.119155E+07  0.119155E+07  0.000000E+00  0.000000E+00  0.000000E+00
     17.50   0.927540E+06  0.119057E+07  0.119057E+07  0.000000E+00  0.000000E+00  0.000000E+00
     18.00   0.930842E+06  0.118961E+07  0.118961E+07  0.000000E+00  0.000000E+00  0.000000E+00
     18.50   0.934306E+06  0.118864E+07  0.118864E+07  0.000000E+00  0.000000E+00  0.000000E+00
     19.00   0.937907E+06  0.118764E+07  0.118764E+07  0.000000E+00  0.000000E+00  0.000000E+00
     19.50   0.941616E+06  0.118656E+07  0.118656E+07  0.000000E+00  0.000000E+00  0.000000E+00
     20.00   0.945406E+06  0.118538E+07  0.118538E+07  0.000000E+00  0.000000E+00  0.000000E+00
     20.50   0.949249E+06  0.118406E+07  0.118406E+07  0.000000E+00  0.000000E+00  0.000000E+00
     21.00   0.953118E+06  0.118257E+07  0.118257E+07  0.000000E+00  0.000000E+00  0.000000E+00
     21.50   0.956992E+06  0.118089E+07  0.118089E+07  0.000000E+00  0.000000E+00  0.000000E+00
     22.00   0.960849E+06  0.117900E+07  0.117900E+07  0.000000E+00  0.000000E+00  0.000000E+00
     22.50   0.964673E+06  0.117688E+07  0.117688E+07  0.000000E+00  0.000000E+00  0.000000E+00
     23.00   0.968452E+06  0.117453E+07  0.117453E+07  0.000000E+00  0.000000E+00  0.000000E+00
     23.50   0.972179E+06  0.117194E+07  0.117194E+07  0.000000E+00  0.000000E+00  0.000000E+00
     24.00   0.975850E+06  0.116912E+07  0.116912E+07  0.000000E+00  0.000000E+00  0.000000E+00
     24.50   0.979469E+06  0.116607E+07  0.116607E+07  0.000000E+00  0.000000E+00  0.000000E+00
     25.00   0.983044E+06  0.116282E+07  0.116282E+07  0.000000E+00  0.000000E+00  0.000000E+00
     25.50   0.986587E+06  0.115939E+07  0.115939E+07  0.000000E+00  0.000000E+00  0.000000E+00
     26.00   0.990114E+06  0.115580E+07  0.115580E+07  0.000000E+00  0.000000E+00  0.000000E+00
     26.50   0.993646E+06  0.115209E+07  0.115209E+07  0.000000E+00  0.000000E+00  0.000000E+00
     27.00   0.997208E+06  0.114829E+07  0.114829E+07  0.000000E+00  0.000000E+00  0.000000E+00
     27.50   0.100082E+07  0.114444E+07  0.114444E+07  0.000000E+00  0.000000E+00  0.000000E+00
     28.00   0.100452E+07  0.114058E+07  0.114058E+07  0.000000E+00  0.000000E+00  0.000000E+00
     28.50   0.100833E+07  0.113673E+07  0.113673E+07  0.000000E+00  0.000000E+00  0.000000E+00
     29.00   0.101227E+07  0.113295E+07  0.113295E+07  0.000000E+00  0.000000E+00  0.000000E+00
     29.50   0.101637E+07  0.112925E+07  0.112925E+07  0.000000E+00  0.000000E+00  0.000000E+00
     30.00   0.102065E+07  0.112568E+07  0.112568E+07  0.000000E+00  0.000000E+00  0.000000E+00
     30.50   0.102513E+07  0.112224E+07  0.112224E+07  0.000000E+00  0.000000E+00  0.000000E+00
     31.00   0.102983E+07  0.111897E+07  0.111897E+07  0.000000E+00  0.000000E+00  0.000000E+00
     31.50   0.103475E+07  0.111587E+07  0.111587E+07  0.000000E+00  0.000000E+00  0.000000E+00
     32.00   0.103991E+07  0.111296E+07  0.111296E+07  0.000000E+00  0.000000E+00  0.000000E+00
     32.50   0.104529E+07  0.111023E+07  0.111023E+07  0.000000E+00  0.000000E+00  0.000000E+00
     33.00   0.105089E+07  0.110768E+07  0.110768E+07  0.000000E+00  0.000000E+00  0.000000E+00
     33.50   0.105671E+07  0.110529E+07  0.110529E+07  0.000000E+00  0.000000E+00  0.000000E+00
     34.00   0.106272E+07  0.110307E+07  0.110307E+07  0.000000E+00  0.000000E+00  0.000000E+00
     34.50   0.106889E+07  0.110097E+07  0.110097E+07  0.000000E+00  0.000000E+00  0.000000E+00
     35.00   0.107521E+07  0.109898E+07  0.109898E+07  0.000000E+00  0.000000E+00  0.000000E+00
     35.50   0.108164E+07  0.109707E+07  0.109707E+07  0.000000E+00  0.000000E+00  0.000000E+00
     36.00   0.108814E+07  0.109522E+07  0.109522E+07  0.000000E+00  0.000000E+00  0.000000E+00
     36.50   0.109469E+07  0.109338E+07  0.109338E+07  0.000000E+00  0.000000E+00  0.000000E+00
     37.00   0.110124E+07  0.109154E+07  0.109154E+07  0.000000E+00  0.000000E+00  0.000000E+00
     37.50   0.110776E+07  0.108965E+07  0.108965E+07  0.000000E+00  0.000000E+00  0.000000E+00
     38.00   0.111422E+07  0.108770E+07  0.108770E+07  0.000000E+00  0.000000E+00  0.000000E+00
     38.50   0.112057E+07  0.108566E+07  0.108566E+07  0.000000E+00  0.000000E+00  0.000000E+00
     39.00   0.112680E+07  0.108351E+07  0.108351E+07  0.000000E+00  0.000000E+00  0.000000E+00
     39.50   0.113287E+07  0.108124E+07  0.108124E+07  0.000000E+00  0.000000E+00  0.000000E+00
     40.00   0.113877E+07  0.107883E+07  0.107883E+07  0.000000E+00  0.000000E+00  0.000000E+00
     40.50   0.114448E+07  0.107628E+07  0.107628E+07  0.000000E+00  0.000000E+00  0.000000E+00
     41.00   0.115000E+07  0.107359E+07  0.107359E+07  0.000000E+00  0.000000E+00  0.000000E+00
     41.50   0.115532E+07  0.107077E+07  0.107077E+07  0.000000E+00  0.000000E+00  0.000000E+00
     42.00   0.116044E+07  0.106784E+07  0.106784E+07  0.000000E+00  0.000000E+00  0.000000E+00
     42.50   0.116539E+07  0.106481E+07  0.106481E+07  0.000000E+00  0.000000E+00  0.000000E+00
     43.00   0.117016E+07  0.106170E+07  0.106170E+07  0.000000E+00  0.000000E+00  0.000000E+00
     43.50   0.117479E+07  0.105854E+07  0.105854E+07  0.000000E+00  0.000000E+00  0.000000E+00
     44.00   0.117929E+07  0.105536E+07  0.105536E+07  0.000000E+00  0.000000E+00  0.000000E+00
     44.50   0.118370E+07  0.105219E+07  0.105219E+07  0.000000E+00  0.000000E+00  0.000000E+00
     45.00   0.118804E+07  0.104906E+07  0.104906E+07  0.000000E+00  0.000000E+00  0.000000E+00
     45.50   0.119234E+07  0.104600E+07  0.104600E+07  0.000000E+00  0.000000E+00  0.000000E+00
     46.00   0.119663E+07  0.104306E+07  0.104306E+07  0.000000E+00  0.000000E+00  0.000000E+00
     46.50   0.120094E+07  0.104024E+07  0.104024E+07  0.000000E+00  0.000000E+00  0.000000E+00
     47.00   0.120529E+07  0.103758E+07  0.103758E+07  0.000000E+00  0.000000E+00  0.000000E+00
     47.50   0.120971E+07  0.103511E+07  0.103511E+07  0.000000E+00  0.000000E+00  0.000000E+00
     48.00   0.121421E+07  0.103283E+07  0.103283E+07  0.000000E+00  0.000000E+00  0.000000E+00
     48.50   0.121880E+07  0.103077E+07  0.103077E+07  0.000000E+00  0.000000E+00  0.000000E+00
     49.00   0.122349E+07  0.102892E+07  0.102892E+07  0.000000E+00  0.000000E+00  0.000000E+00
     49.50   0.122827E+07  0.102730E+07  0.102730E+07  0.000000E+00  0.000000E+00  0.000000E+00
     50.00   0.123313E+07  0.102589E+07  0.102589E+07  0.000000E+00  0.000000E+00  0.000000E+00
     50.50   0.123807E+07  0.102469E+07  0.102469E+07  0.000000E+00  0.000000E+00  0.000000E+00
     51.00   0.124306E+07  0.102368E+07  0.102368E+07  0.000000E+00  0.000000E+00  0.000000E+00
     51.50   0.124806E+07  0.102285E+07  0.102285E+07  0.000000E+00  0.000000E+00  0.000000E+00
     52.00   0.125306E+07  0.102217E+07  0.102217E+07  0.000000E+00  0.000000E+00  0.000000E+00
     52.50   0.125800E+07  0.102162E+07  0.102162E+07  0.000000E+00  0.000000E+00  0.000000E+00
     53.00   0.126286E+07  0.102117E+07  0.102117E+07  0.000000E+00  0.000000E+00  0.000000E+00
     53.50   0.126758E+07  0.102080E+07  0.102080E+07  0.000000E+00  0.000000E+00  0.000000E+00
     54.00   0.127214E+07  0.102046E+07  0.102046E+07  0.000000E+00  0.000000E+00  0.000000E+00
     54.50   0.127647E+07  0.102015E+07  0.102015E+07  0.000000E+00  0.000000E+00  0.000000E+00
     55.00   0.128055E+07  0.101981E+07  0.101981E+07  0.000000E+00  0.000000E+00  0.000000E+00
     55.50   0.128434E+07  0.101945E+07  0.101945E+07  0.000000E+00  0.000000E+00  0.000000E+00
     56.00   0.128780E+07  0.101902E+07  0.101902E+07  0.000000E+00  0.000000E+00  0.000000E+00
     56.50   0.129091E+07  0.101852E+07  0.101852E+07  0.000000E+00  0.000000E+00  0.000000E+00
     57.00   0.129364E+07  0.101793E+07  0.101793E+07  0.000000E+00  0.000000E+00  0.000000E+00
     57.50   0.129599E+07  0.101725E+07  0.101725E+07  0.000000E+00  0.000000E+00  0.000000E+00
     58.00   0.129794E+07  0.101647E+07  0.101647E+07  0.000000E+00  0.000000E+00  0.000000E+00
     58.50   0.129949E+07  0.101560E+07  0.101560E+07  0.000000E+00  0.000000E+00  0.000000E+00
     59.00   0.130066E+07  0.101464E+07  0.101464E+07  0.000000E+00  0.000000E+00  0.000000E+00
     59.50   0.130145E+07  0.101361E+07  0.101361E+07  0.000000E+00  0.000000E+00  0.000000E+00
     60.00   0.130190E+07  0.101253E+07  0.101253E+07  0.000000E+00  0.000000E+00  0.000000E+00
     60.50   0.130202E+07  0.101143E+07  0.101143E+07  0.000000E+00  0.000000E+00  0.000000E+00
     61.00   0.130185E+07  0.101031E+07  0.101031E+07  0.000000E+00  0.000000E+00  0.000000E+00
     61.50   0.130142E+07  0.100922E+07  0.100922E+07  0.000000E+00  0.000000E+00  0.000000E+00
     62.00   0.130078E+07  0.100818E+07  0.100818E+07  0.000000E+00  0.000000E+00  0.000000E+00
     62.50   0.129995E+07  0.100722E+07  0.100722E+07  0.000000E+00  0.000000E+00  0.000000E+00
     63.00   0.129898E+07  0.100637E+07  0.100637E+07  0.000000E+00  0.000000E+00  0.000000E+00
     63.50   0.129791E+07  0.100565E+07  0.100565E+07  0.000000E+00  0.000000E+00  0.000000E+00
     64.00   0.129676E+07  0.100510E+07  0.100510E+07  0.000000E+00  0.000000E+00  0.000000E+00
     64.50   0.129558E+07  0.100473E+07  0.100473E+07  0.000000E+00  0.000000E+00  0.000000E+00
     65.00   0.129437E+07  0.100455E+07  0.100455E+07  0.000000E+00  0.000000E+00  0.000000E+00
     65.50   0.129316E+07  0.100460E+07  0.100460E+07  0.000000E+00  0.000000E+00  0.000000E+00
     66.00   0.129196E+07  0.100486E+07  0.100486E+07  0.000000E+00  0.000000E+00  0.000000E+00
     66.50   0.129077E+07  0.100534E+07  0.100534E+07  0.000000E+00  0.000000E+00  0.000000E+00
     67.00   0.128960E+07  0.100605E+07  0.100605E+07  0.000000E+00  0.000000E+00  0.000000E+00
     67.50   0.128844E+07  0.100697E+07  0.100697E+07  0.000000E+00  0.000000E+00  0.000000E+00
     68.00   0.128727E+07  0.100810E+07  0.100810E+07  0.000000E+00  0.000000E+00  0.000000E+00
     68.50   0.128607E+07  0.100941E+07  0.100941E+07  0.000000E+00  0.000000E+00  0.000000E+00
     69.00   0.128482E+07  0.101088E+07  0.101088E+07  0.000000E+00  0.000000E+00  0.000000E+00
     69.50   0.128348E+07  0.101249E+07  0.101249E+07  0.000000E+00  0.000000E+00  0.000000E+00
     70.00   0.128202E+07  0.101422E+07  0.101422E+07  0.000000E+00  0.000000E+00  0.000000E+00
     70.50   0.128042E+07  0.101602E+07  0.101602E+07  0.000000E+00  0.000000E+00  0.000000E+00
     71.00   0.127864E+07  0.101788E+07  0.101788E+07  0.000000E+00  0.000000E+00  0.000000E+00
     71.50   0.127664E+07  0.101977E+07  0.101977E+07  0.000000E+00  0.000000E+00  0.000000E+00
     72.00   0.127439E+07  0.102165E+07  0.102165E+07  0.000000E+00  0.000000E+00  0.000000E+00
     72.50   0.127187E+07  0.102349E+07  0.102349E+07  0.000000E+00  0.000000E+00  0.000000E+00
     73.00   0.126906E+07  0.102529E+07  0.102529E+07  0.000000E+00  0.000000E+00  0.000000E+00
     73.50   0.126593E+07  0.102700E+07  0.102700E+07  0.000000E+00  0.000000E+00  0.000000E+00
     74.00   0.126247E+07  0.102863E+07  0.102863E+07  0.000000E+00  0.000000E+00  0.000000E+00
     74.50   0.125869E+07  0.103015E+07  0.103015E+07  0.000000E+00  0.000000E+00  0.000000E+00
     75.00   0.125458E+07  0.103157E+07  0.103157E+07  0.000000E+00  0.000000E+00  0.000000E+00
     75.50   0.125016E+07  0.103287E+07  0.103287E+07  0.000000E+00  0.000000E+00  0.000000E+00
     76.00   0.124544E+07  0.103408E+07  0.103408E+07  0.000000E+00  0.000000E+00  0.000000E+00
     76.50   0.124045E+07  0.103519E+07  0.103519E+07  0.000000E+00  0.000000E+00  0.000000E+00
     77.00   0.123521E+07  0.103623E+07  0.103623E+07  0.000000E+00  0.000000E+00  0.000000E+00
     77.50   0.122975E+07  0.103720E+07  0.103720E+07  0.000000E+00  0.000000E+00  0.000000E+00
     78.00   0.122413E+07  0.103815E+07  0.103815E+07  0.000000E+00  0.000000E+00  0.000000E+00
     78.50   0.121837E+07  0.103908E+07  0.103908E+07  0.000000E+00  0.000000E+00  0.000000E+00
     79.00   0.121253E+07  0.104003E+07  0.104003E+07  0.000000E+00  0.000000E+00  0.000000E+00
     79.50   0.120664E+07  0.104103E+07  0.104103E+07  0.000000E+00  0.000000E+00  0.000000E+00
     80.00   0.120074E+07  0.104210E+07  0.104210E+07  0.000000E+00  0.000000E+00  0.000000E+00
     80.50   0.119487E+07  0.104328E+07  0.104328E+07  0.000000E+00  0.000000E+00  0.000000E+00
     81.00   0.118907E+07  0.104458E+07  0.104458E+07  0.000000E+00  0.000000E+00  0.000000E+00
     81.50   0.118338E+07  0.104603E+07  0.104603E+07  0.000000E+00  0.000000E+00  0.000000E+00
     82.00   0.117781E+07  0.104765E+07  0.104765E+07  0.000000E+00  0.000000E+00  0.000000E+00
     82.50   0.117239E+07  0.104946E+07  0.104946E+07  0.000000E+00  0.000000E+00  0.000000E+00
     83.00   0.116713E+07  0.105145E+07  0.105145E+07  0.000000E+00  0.000000E+00  0.000000E+00
     83.50   0.116205E+07  0.105364E+07  0.105364E+07  0.000000E+00  0.000000E+00  0.000000E+00
     84.00   0.115713E+07  0.105602E+07  0.105602E+07  0.000000E+00  0.000000E+00  0.000000E+00
     84.50   0.115239E+07  0.105859E+07  0.105859E+07  0.000000E+00  0.000000E+00  0.000000E+00
     85.00   0.114780E+07  0.106133E+07  0.106133E+07  0.000000E+00  0.000000E+00  0.000000E+00
     85.50   0.114336E+07  0.106423E+07  0.106423E+07  0.000000E+00  0.000000E+00  0.000000E+00
     86.00   0.113904E+07  0.106726E+07  0.106726E+07  0.000000E+00  0.000000E+00  0.000000E+00
     86.50   0.113482E+07  0.107040E+07  0.107040E+07  0.000000E+00  0.000000E+00  0.000000E+00
     87.00   0.113067E+07  0.107363E+07  0.107363E+07  0.000000E+00  0.000000E+00  0.000000E+00
     87.50   0.112657E+07  0.107689E+07  0.107689E+07  0.000000E+00  0.000000E+00  0.000000E+00
     88.00   0.112248E+07  0.108018E+07  0.108018E+07  0.000000E+00  0.000000E+00  0.000000E+00
     88.50   0.111837E+07  0.108345E+07  0.108345E+07  0.000000E+00  0.000000E+00  0.000000E+00
     89.00   0.111423E+07  0.108667E+07  0.108667E+07  0.000000E+00  0.000000E+00  0.000000E+00
     89.50   0.111002E+07  0.108981E+07  0.108981E+07  0.000000E+00  0.000000E+00  0.000000E+00
     90.00   0.110572E+07  0.109284E+07  0.109284E+07  0.000000E+00  0.000000E+00  0.000000E+00
     90.50   0.110132E+07  0.109574E+07  0.109574E+07  0.000000E+00  0.000000E+00  0.000000E+00
     91.00   0.109681E+07  0.109850E+07  0.109850E+07  0.000000E+00  0.000000E+00  0.000000E+00
     91.50   0.109217E+07  0.110109E+07  0.110109E+07  0.000000E+00  0.000000E+00  0.000000E+00
     92.00   0.108741E+07  0.110351E+07  0.110351E+07  0.000000E+00  0.000000E+00  0.000000E+00
     92.50   0.108253E+07  0.110576E+07  0.110576E+07  0.000000E+00  0.000000E+00  0.000000E+00
     93.00   0.107755E+07  0.110783E+07  0.110783E+07  0.000000E+00  0.000000E+00  0.000000E+00
     93.50   0.107248E+07  0.110975E+07  0.110975E+07  0.000000E+00  0.000000E+00  0.000000E+00
     94.00   0.106733E+07  0.111151E+07  0.111151E+07  0.000000E+00  0.000000E+00  0.000000E+00
     94.50   0.106214E+07  0.111315E+07  0.111315E+07  0.000000E+00  0.000000E+00  0.000000E+00
     95.00   0.105694E+07  0.111468E+07  0.111468E+07  0.000000E+00  0.000000E+00  0.000000E+00
     95.50   0.105175E+07  0.111613E+07  0.111613E+07  0.000000E+00  0.000000E+00  0.000000E+00
     96.00   0.104660E+07  0.111753E+07  0.111753E+07  0.000000E+00  0.000000E+00  0.000000E+00
     96.50   0.104154E+07  0.111891E+07  0.111891E+07  0.000000E+00  0.000000E+00  0.000000E+00
     97.00   0.103658E+07  0.112030E+07  0.112030E+07  0.000000E+00  0.000000E+00  0.000000E+00
     97.50   0.103177E+07  0.112172E+07  0.112172E+07  0.000000E+00  0.000000E+00  0.000000E+00
     98.00   0.102712E+07  0.112322E+07  0.112322E+07  0.000000E+00  0.000000E+00  0.000000E+00
     98.50   0.102266E+07  0.112480E+07  0.112480E+07  0.000000E+00  0.000000E+00  0.000000E+00
     99.00   0.101842E+07  0.112649E+07  0.112649E+07  0.000000E+00  0.000000E+00  0.000000E+00
     99.50   0.101440E+07  0.112831E+07  0.112831E+07  0.000000E+00  0.000000E+00  0.000000E+00
    100.00   0.101063E+07  0.113028E+07  0.113028E+07  0.000000E+00  0.000000E+00  0.000000E+00
    100.50   0.100710E+07  0.113238E+07  0.113238E+07  0.000000E+00  0.000000E+00  0.000000E+00
    101.00   0.100381E+07  0.113463E+07  0.113463E+07  0.000000E+00  0.000000E+00  0.000000E+00
    101.50   0.100076E+07  0.113701E+07  0.113701E+07  0.000000E+00  0.000000E+00  0.000000E+00
    102.00   0.997947E+06  0.113953E+07  0.113953E+07  0.000000E+00  0.000000E+00  0.000000E+00
    102.50   0.995346E+06  0.114214E+07  0.114214E+07  0.000000E+00  0.000000E+00  0.000000E+00
    103.00   0.992942E+06  0.114485E+07  0.114485E+07  0.000000E+00  0.000000E+00  0.000000E+00
    103.50   0.990712E+06  0.114761E+07  0.114761E+07  0.000000E+00  0.000000E+00  0.000000E+00
    104.00   0.988632E+06  0.115040E+07  0.115040E+07  0.000000E+00  0.000000E+00  0.000000E+00
    104.50   0.986676E+06  0.115319E+07  0.115319E+07  0.000000E+00  0.000000E+00  0.000000E+00
    105.00   0.984814E+06  0.115594E+07  0.115594E+07  0.000000E+00  0.000000E+00  0.000000E+00
    105.50   0.983021E+06  0.115861E+07  0.115861E+07  0.000000E+00  0.000000E+00  0.000000E+00
    106.00   0.981270E+06  0.116118E+07  0.116118E+07  0.000000E+00  0.000000E+00  0.000000E+00
    106.50   0.979534E+06  0.116361E+07  0.116361E+07  0.000000E+00  0.000000E+00  0.000000E+00
    107.00   0.977793E+06  0.116586E+07  0.116586E+07  0.000000E+00  0.000000E+00  0.000000E+00
    107.50   0.976028E+06  0.116793E+07  0.116793E+07  0.000000E+00  0.000000E+00  0.000000E+00
    108.00   0.974222E+06  0.116978E+07  0.116978E+07  0.000000E+00  0.000000E+00  0.000000E+00
    108.50   0.972367E+06  0.117140E+07  0.117140E+07  0.000000E+00  0.000000E+00  0.000000E+00
    109.00   0.970456E+06  0.117279E+07  0.117279E+07  0.000000E+00  0.000000E+00  0.000000E+00
    109.50   0.968489E+06  0.117393E+07  0.117393E+07  0.000000E+00  0.000000E+00  0.000000E+00
    110.00   0.966471E+06  0.117483E+07  0.117483E+07  0.000000E+00  0.000000E+00  0.000000E+00
    110.50   0.964410E+06  0.117551E+07  0.117551E+07  0.000000E+00  0.000000E+00  0.000000E+00
    111.00   0.962320E+06  0.117597E+07  0.117597E+07  0.000000E+00  0.000000E+00  0.000000E+00
    111.50   0.960220E+06  0.117624E+07  0.117624E+07  0.000000E+00  0.000000E+00  0.000000E+00
    112.00   0.958131E+06  0.117634E+07  0.117634E+07  0.000000E+00  0.000000E+00  0.000000E+00
    112.50   0.956076E+06  0.117630E+07  0.117630E+07  0.000000E+00  0.000000E+00  0.000000E+00
    113.00   0.954081E+06  0.117615E+07  0.117615E+07  0.000000E+00  0.000000E+00  0.000000E+00
    113.50   0.952173E+06  0.117593E+07  0.117593E+07  0.000000E+00  0.000000E+00  0.000000E+00
    114.00   0.950380E+06  0.117566E+07  0.117566E+07  0.000000E+00  0.000000E+00  0.000000E+00
    114.50   0.948727E+06  0.117538E+07  0.117538E+07  0.000000E+00  0.000000E+00  0.000000E+00
    115.00   0.947238E+06  0.117513E+07  0.117513E+07  0.000000E+00  0.000000E+00  0.000000E+00
    115.50   0.945937E+06  0.117492E+07  0.117492E+07  0.000000E+00  0.000000E+00  0.000000E+00
    116.00   0.944842E+06  0.117479E+07  0.117479E+07  0.000000E+00  0.000000E+00  0.000000E+00
    116.50   0.943968E+06  0.117474E+07  0.117474E+07  0.000000E+00  0.000000E+00  0.000000E+00
    117.00   0.943328E+06  0.117480E+07  0.117480E+07  0.000000E+00  0.000000E+00  0.000000E+00
    117.50   0.942928E+06  0.117498E+07  0.117498E+07  0.000000E+00  0.000000E+00  0.000000E+00
    118.00   0.942770E+06  0.117527E+07  0.117527E+07  0.000000E+00  0.000000E+00  0.000000E+00
    118.50   0.942851E+06  0.117566E+07  0.117566E+07  0.000000E+00  0.000000E+00  0.000000E+00
    119.00   0.943165E+06  0.117616E+07  0.117616E+07  0.000000E+00  0.000000E+00  0.000000E+00
    119.50   0.943700E+06  0.117675E+07  0.117675E+07  0.000000E+00  0.000000E+00  0.000000E+00
    120.00   0.944440E+06  0.117739E+07  0.117739E+07  0.000000E+00  0.000000E+00  0.000000E+00
    120.50   0.945365E+06  0.117808E+07  0.117808E+07  0.000000E+00  0.000000E+00  0.000000E+00
    121.00   0.946453E+06  0.117877E+07  0.117877E+07  0.000000E+00  0.000000E+00  0.000000E+00
    121.50   0.947679E+06  0.117945E+07  0.117945E+07  0.000000E+00  0.000000E+00  0.000000E+00
    122.00   0.949018E+06  0.118006E+07  0.118006E+07  0.000000E+00  0.000000E+00  0.000000E+00
    122.50   0.950443E+06  0.118059E+07  0.118059E+07  0.000000E+00  0.000000E+00  0.000000E+00
    123.00   0.951927E+06  0.118100E+07  0.118100E+07  0.000000E+00  0.000000E+00  0.000000E+00
    123.50   0.953445E+06  0.118125E+07  0.118125E+07  0.000000E+00  0.000000E+00  0.000000E+00
    124.00   0.954973E+06  0.118132E+07  0.118132E+07  0.000000E+00  0.000000E+00  0.000000E+00
    124.50   0.956492E+06  0.118119E+07  0.118119E+07  0.000000E+00  0.000000E+00  0.000000E+00
    125.00   0.957983E+06  0.118084E+07  0.118084E+07  0.000000E+00  0.000000E+00  0.000000E+00
    125.50   0.959434E+06  0.118025E+07  0.118025E+07  0.000000E+00  0.000000E+00  0.000000E+00
    126.00   0.960837E+06  0.117941E+07  0.117941E+07  0.000000E+00  0.000000E+00  0.000000E+00
    126.50   0.962186E+06  0.117833E+07  0.117833E+07  0.000000E+00  0.000000E+00  0.000000E+00
    127.00   0.963483E+06  0.117700E+07  0.117700E+07  0.000000E+00  0.000000E+00  0.000000E+00
    127.50   0.964733E+06  0.117545E+07  0.117545E+07  0.000000E+00  0.000000E+00  0.000000E+00
    128.00   0.965947E+06  0.117368E+07  0.117368E+07  0.000000E+00  0.000000E+00  0.000000E+00
    128.50   0.967139E+06  0.117172E+07  0.117172E+07  0.000000E+00  0.000000E+00  0.000000E+00
    129.00   0.968326E+06  0.116959E+07  0.116959E+07  0.000000E+00  0.000000E+00  0.000000E+00
    129.50   0.969532E+06  0.116733E+07  0.116733E+07  0.000000E+00  0.000000E+00  0.000000E+00
    130.00   0.970778E+06  0.116497E+07  0.116497E+07  0.000000E+00  0.000000E+00  0.000000E+00
    130.50   0.972091E+06  0.116254E+07  0.116254E+07  0.000000E+00  0.000000E+00  0.000000E+00
    131.00   0.973496E+06  0.116008E+07  0.116008E+07  0.000000E+00  0.000000E+00  0.000000E+00
    131.50   0.975019E+06  0.115762E+07  0.115762E+07  0.000000E+00  0.000000E+00  0.000000E+00
    132.00   0.976686E+06  0.115520E+07  0.115520E+07  0.000000E+00  0.000000E+00  0.000000E+00
    132.50   0.978519E+06  0.115284E+07  0.115284E+07  0.000000E+00  0.000000E+00  0.000000E+00
    133.00   0.980539E+06  0.115057E+07  0.115057E+07  0.000000E+00  0.000000E+00  0.000000E+00
    133.50   0.982761E+06  0.114842E+07  0.114842E+07  0.000000E+00  0.000000E+00  0.000000E+00
    134.00   0.985200E+06  0.114639E+07  0.114639E+07  0.000000E+00  0.000000E+00  0.000000E+00
    134.50   0.987863E+06  0.114450E+07  0.114450E+07  0.000000E+00  0.000000E+00  0.000000E+00
    135.00   0.990755E+06  0.114275E+07  0.114275E+07  0.000000E+00  0.000000E+00  0.000000E+00
    135.50   0.993873E+06  0.114114E+07  0.114114E+07  0.000000E+00  0.000000E+00  0.000000E+00
    136.00   0.997212E+06  0.113967E+07  0.113967E+07  0.000000E+00  0.000000E+00  0.000000E+00
    136.50   0.100076E+07  0.113831E+07  0.113831E+07  0.000000E+00  0.000000E+00  0.000000E+00
    137.00   0.100450E+07  0.113706E+07  0.113706E+07  0.000000E+00  0.000000E+00  0.000000E+00
    137.50   0.100841E+07  0.113590E+07  0.113590E+07  0.000000E+00  0.000000E+00  0.000000E+00
    138.00   0.101247E+07  0.113479E+07  0.113479E+07  0.000000E+00  0.000000E+00  0.000000E+00
    138.50   0.101666E+07  0.113370E+07  0.113370E+07  0.000000E+00  0.000000E+00  0.000000E+00
    139.00   0.102093E+07  0.113262E+07  0.113262E+07  0.000000E+00  0.000000E+00  0.000000E+00
    139.50   0.102528E+07  0.113150E+07  0.113150E+07  0.000000E+00  0.000000E+00  0.000000E+00
    140.00   0.102965E+07  0.113031E+07  0.113031E+07  0.000000E+00  0.000000E+00  0.000000E+00
    140.50   0.103403E+07  0.112904E+07  0.112904E+07  0.000000E+00  0.000000E+00  0.000000E+00
    141.00   0.103838E+07  0.112765E+07  0.112765E+07  0.000000E+00  0.000000E+00  0.000000E+00
    141.50   0.104268E+07  0.112612E+07  0.112612E+07  0.000000E+00  0.000000E+00  0.000000E+00
    142.00   0.104691E+07  0.112443E+07  0.112443E+07  0.000000E+00  0.000000E+00  0.000000E+00
    142.50   0.105106E+07  0.112257E+07  0.112257E+07  0.000000E+00  0.000000E+00  0.000000E+00
    143.00   0.105509E+07  0.112054E+07  0.112054E+07  0.000000E+00  0.000000E+00  0.000000E+00
    143.50   0.105902E+07  0.111832E+07  0.111832E+07  0.000000E+00  0.000000E+00  0.000000E+00
    144.00   0.106283E+07  0.111593E+07  0.111593E+07  0.000000E+00  0.000000E+00  0.000000E+00
    144.50   0.106653E+07  0.111338E+07  0.111338E+07  0.000000E+00  0.000000E+00  0.000000E+00
    145.00   0.107012E+07  0.111067E+07  0.111067E+07  0.000000E+00  0.000000E+00  0.000000E+00
    145.50   0.107362E+07  0.110784E+07  0.110784E+07  0.000000E+00  0.000000E+00  0.000000E+00
    146.00   0.107703E+07  0.110490E+07  0.110490E+07  0.000000E+00  0.000000E+00  0.000000E+00
    146.50   0.108040E+07  0.110189E+07  0.110189E+07  0.000000E+00  0.000000E+00  0.000000E+00
    147.00   0.108372E+07  0.109883E+07  0.109883E+07  0.000000E+00  0.000000E+00  0.000000E+00
    147.50   0.108704E+07  0.109575E+07  0.109575E+07  0.000000E+00  0.000000E+00  0.000000E+00
    148.00   0.109038E+07  0.109270E+07  0.109270E+07  0.000000E+00  0.000000E+00  0.000000E+00
    148.50   0.109376E+07  0.108970E+07  0.108970E+07  0.000000E+00  0.000000E+00  0.000000E+00
    149.00   0.109721E+07  0.108678E+07  0.108678E+07  0.000000E+00  0.000000E+00  0.000000E+00
    149.50   0.110075E+07  0.108397E+07  0.108397E+07  0.000000E+00  0.000000E+00  0.000000E+00
    150.00   0.110442E+07  0.108130E+07  0.108130E+07  0.000000E+00  0.000000E+00  0.000000E+00
    150.50   0.110822E+07  0.107878E+07  0.107878E+07  0.000000E+00  0.000000E+00  0.000000E+00
    151.00   0.111216E+07  0.107644E+07  0.107644E+07  0.000000E+00  0.000000E+00  0.000000E+00
    151.50   0.111627E+07  0.107428E+07  0.107428E+07  0.000000E+00  0.000000E+00  0.000000E+00
    152.00   0.112053E+07  0.107231E+07  0.107231E+07  0.000000E+00  0.000000E+00  0.000000E+00
    152.50   0.112496E+07  0.107052E+07  0.107052E+07  0.000000E+00  0.000000E+00  0.000000E+00
    153.00   0.112953E+07  0.106892E+07  0.106892E+07  0.000000E+00  0.000000E+00  0.000000E+00
    153.50   0.113424E+07  0.106749E+07  0.106749E+07  0.000000E+00  0.000000E+00  0.000000E+00
    154.00   0.113907E+07  0.106622E+07  0.106622E+07  0.000000E+00  0.000000E+00  0.000000E+00
    154.50   0.114399E+07  0.106508E+07  0.106508E+07  0.000000E+00  0.000000E+00  0.000000E+00
    155.00   0.114898E+07  0.106406E+07  0.106406E+07  0.000000E+00  0.000000E+00  0.000000E+00
    155.50   0.115401E+07  0.106312E+07  0.106312E+07  0.000000E+00  0.000000E+00  0.000000E+00
    156.00   0.115903E+07  0.106225E+07  0.106225E+07  0.000000E+00  0.000000E+00  0.000000E+00
    156.50   0.116401E+07  0.106140E+07  0.106140E+07  0.000000E+00  0.000000E+00  0.000000E+00
    157.00   0.116893E+07  0.106055E+07  0.106055E+07  0.000000E+00  0.000000E+00  0.000000E+00
    157.50   0.117374E+07  0.105968E+07  0.105968E+07  0.000000E+00  0.000000E+00  0.000000E+00
    158.00   0.117840E+07  0.105876E+07  0.105876E+07  0.000000E+00  0.000000E+00  0.000000E+00
    158.50   0.118289E+07  0.105776E+07  0.105776E+07  0.000000E+00  0.000000E+00  0.000000E+00
    159.00   0.118719E+07  0.105667E+07  0.105667E+07  0.000000E+00  0.000000E+00  0.000000E+00
    159.50   0.119126E+07  0.105547E+07  0.105547E+07  0.000000E+00  0.000000E+00  0.000000E+00
    160.00   0.119509E+07  0.105416E+07  0.105416E+07  0.000000E+00  0.000000E+00  0.000000E+00
    160.50   0.119867E+07  0.105273E+07  0.105273E+07  0.000000E+00  0.000000E+00  0.000000E+00
    161.00   0.120199E+07  0.105117E+07  0.105117E+07  0.000000E+00  0.000000E+00  0.000000E+00
    161.50   0.120505E+07  0.104950E+07  0.104950E+07  0.000000E+00  0.000000E+00  0.000000E+00
    162.00   0.120786E+07  0.104773E+07  0.104773E+07  0.000000E+00  0.000000E+00  0.000000E+00
    162.50   0.121044E+07  0.104588E+07  0.104588E+07  0.000000E+00  0.000000E+00  0.000000E+00
    163.00   0.121280E+07  0.104395E+07  0.104395E+07  0.000000E+00  0.000000E+00  0.000000E+00
    163.50   0.121496E+07  0.104199E+07  0.104199E+07  0.000000E+00  0.000000E+00  0.000000E+00
    164.00   0.121695E+07  0.104002E+07  0.104002E+07  0.000000E+00  0.000000E+00  0.000000E+00
    164.50   0.121879E+07  0.103806E+07  0.103806E+07  0.000000E+00  0.000000E+00  0.000000E+00
    165.00   0.122052E+07  0.103615E+07  0.103615E+07  0.000000E+00  0.000000E+00  0.000000E+00
    165.50   0.122217E+07  0.103431E+07  0.103431E+07  0.000000E+00  0.000000E+00  0.000000E+00
    166.00   0.122377E+07  0.103257E+07  0.103257E+07  0.000000E+00  0.000000E+00  0.000000E+00
    166.50   0.122535E+07  0.103096E+07  0.103096E+07  0.000000E+00  0.000000E+00  0.000000E+00
    167.00   0.122693E+07  0.102950E+07  0.102950E+07  0.000000E+00  0.000000E+00  0.000000E+00
    167.50   0.122853E+07  0.102822E+07  0.102822E+07  0.000000E+00  0.000000E+00  0.000000E+00
    168.00   0.123016E+07  0.102712E+07  0.102712E+07  0.000000E+00  0.000000E+00  0.000000E+00
    168.50   0.123185E+07  0.102623E+07  0.102623E+07  0.000000E+00  0.000000E+00  0.000000E+00
    169.00   0.123360E+07  0.102554E+07  0.102554E+07  0.000000E+00  0.000000E+00  0.000000E+00
    169.50   0.123540E+07  0.102506E+07  0.102506E+07  0.000000E+00  0.000000E+00  0.000000E+00
    170.00   0.123725E+07  0.102478E+07  0.102478E+07  0.000000E+00  0.000000E+00  0.000000E+00
    170.50   0.123914E+07  0.102469E+07  0.102469E+07  0.000000E+00  0.000000E+00  0.000000E+00
    171.00   0.124105E+07  0.102479E+07  0.102479E+07  0.000000E+00  0.000000E+00  0.000000E+00
    171.50   0.124295E+07  0.102504E+07  0.102504E+07  0.000000E+00  0.000000E+00  0.000000E+00
    172.00   0.124481E+07  0.102544E+07  0.102544E+07  0.000000E+00  0.000000E+00  0.000000E+00
    172.50   0.124661E+07  0.102595E+07  0.102595E+07  0.000000E+00  0.000000E+00  0.000000E+00
    173.00   0.124831E+07  0.102655E+07  0.102655E+07  0.000000E+00  0.000000E+00  0.000000E+00
    173.50   0.124987E+07  0.102722E+07  0.102722E+07  0.000000E+00  0.000000E+00  0.000000E+00
    174.00   0.125127E+07  0.102791E+07  0.102791E+07  0.000000E+00  0.000000E+00  0.000000E+00
    174.50   0.125245E+07  0.102861E+07  0.102861E+07  0.000000E+00  0.000000E+00  0.000000E+00
    175.00   0.125341E+07  0.102928E+07  0.102928E+07  0.000000E+00  0.000000E+00  0.000000E+00
    175.50   0.125409E+07  0.102991E+07  0.102991E+07  0.000000E+00  0.000000E+00  0.000000E+00
    176.00   0.125449E+07  0.103048E+07  0.103048E+07  0.000000E+00  0.000000E+00  0.000000E+00
    176.50   0.125457E+07  0.103096E+07  0.103096E+07  0.000000E+00  0.000000E+00  0.000000E+00
    177.00   0.125433E+07  0.103134E+07  0.103134E+07  0.000000E+00  0.000000E+00  0.000000E+00
    177.50   0.125376E+07  0.103162E+07  0.103162E+07  0.000000E+00  0.000000E+00  0.000000E+00
    178.00   0.125286E+07  0.103180E+07  0.103180E+07  0.000000E+00  0.000000E+00  0.000000E+00
    178.50   0.125163E+07  0.103188E+07  0.103188E+07  0.000000E+00  0.000000E+00  0.000000E+00
    179.00   0.125009E+07  0.103186E+07  0.103186E+07  0.000000E+00  0.000000E+00  0.000000E+00
    179.50   0.124826E+07  0.103176E+07  0.103176E+07  0.000000E+00  0.000000E+00  0.000000E+00
    180.00   0.124616E+07  0.103160E+07  0.103160E+07  0.000000E+00  0.000000E+00  0.000000E+00
    180.50   0.124383E+07  0.103139E+07  0.103139E+07  0.000000E+00  0.000000E+00  0.000000E+00
    181.00   0.124128E+07  0.103117E+07  0.103117E+07  0.000000E+00  0.000000E+00  0.000000E+00
    181.50   0.123857E+07  0.103096E+07  0.103096E+07  0.000000E+00  0.000000E+00  0.000000E+00
    182.00   0.123572E+07  0.103078E+07  0.103078E+07  0.000000E+00  0.000000E+00  0.000000E+00
    182.50   0.123278E+07  0.103066E+07  0.103066E+07  0.000000E+00  0.000000E+00  0.000000E+00
    183.00   0.122977E+07  0.103064E+07  0.103064E+07  0.000000E+00  0.000000E+00  0.000000E+00
    183.50   0.122674E+07  0.103073E+07  0.103073E+07  0.000000E+00  0.000000E+00  0.000000E+00
    184.00   0.122372E+07  0.103097E+07  0.103097E+07  0.000000E+00  0.000000E+00  0.000000E+00
    184.50   0.122073E+07  0.103136E+07  0.103136E+07  0.000000E+00  0.000000E+00  0.000000E+00
    185.00   0.121779E+07  0.103194E+07  0.103194E+07  0.000000E+00  0.000000E+00  0.000000E+00
    185.50   0.121492E+07  0.103270E+07  0.103270E+07  0.000000E+00  0.000000E+00  0.000000E+00
    186.00   0.121214E+07  0.103366E+07  0.103366E+07  0.000000E+00  0.000000E+00  0.000000E+00
    186.50   0.120944E+07  0.103482E+07  0.103482E+07  0.000000E+00  0.000000E+00  0.000000E+00
    187.00   0.120683E+07  0.103618E+07  0.103618E+07  0.000000E+00  0.000000E+00  0.000000E+00
    187.50   0.120429E+07  0.103773E+07  0.103773E+07  0.000000E+00  0.000000E+00  0.000000E+00
    188.00   0.120182E+07  0.103945E+07  0.103945E+07  0.000000E+00  0.000000E+00  0.000000E+00
    188.50   0.119940E+07  0.104133E+07  0.104133E+07  0.000000E+00  0.000000E+00  0.000000E+00
    189.00   0.119700E+07  0.104335E+07  0.104335E+07  0.000000E+00  0.000000E+00  0.000000E+00
    189.50   0.119461E+07  0.104548E+07  0.104548E+07  0.000000E+00  0.000000E+00  0.000000E+00
    190.00   0.119218E+07  0.104769E+07  0.104769E+07  0.000000E+00  0.000000E+00  0.000000E+00
    190.50   0.118971E+07  0.104996E+07  0.104996E+07  0.000000E+00  0.000000E+00  0.000000E+00
    191.00   0.118714E+07  0.105225E+07  0.105225E+07  0.000000E+00  0.000000E+00  0.000000E+00
    191.50   0.118446E+07  0.105454E+07  0.105454E+07  0.000000E+00  0.000000E+00  0.000000E+00
    192.00   0.118165E+07  0.105680E+07  0.105680E+07  0.000000E+00  0.000000E+00  0.000000E+00
    192.50   0.117867E+07  0.105899E+07  0.105899E+07  0.000000E+00  0.000000E+00  0.000000E+00
    193.00   0.117551E+07  0.106110E+07  0.106110E+07  0.000000E+00  0.000000E+00  0.000000E+00
    193.50   0.117216E+07  0.106311E+07  0.106311E+07  0.000000E+00  0.000000E+00  0.000000E+00
    194.00   0.116860E+07  0.106500E+07  0.106500E+07  0.000000E+00  0.000000E+00  0.000000E+00
    194.50   0.116484E+07  0.106677E+07  0.106677E+07  0.000000E+00  0.000000E+00  0.000000E+00
    195.00   0.116087E+07  0.106839E+07  0.106839E+07  0.000000E+00  0.000000E+00  0.000000E+00
    195.50   0.115670E+07  0.106989E+07  0.106989E+07  0.000000E+00  0.000000E+00  0.000000E+00
    196.00   0.115236E+07  0.107125E+07  0.107125E+07  0.000000E+00  0.000000E+00  0.000000E+00
    196.50   0.114785E+07  0.107249E+07  0.107249E+07  0.000000E+00  0.000000E+00  0.000000E+00
    197.00   0.114321E+07  0.107363E+07  0.107363E+07  0.000000E+00  0.000000E+00  0.000000E+00
    197.50   0.113846E+07  0.107469E+07  0.107469E+07  0.000000E+00  0.000000E+00  0.000000E+00
    198.00   0.113363E+07  0.107568E+07  0.107568E+07  0.000000E+00  0.000000E+00  0.000000E+00
    198.50   0.112876E+07  0.107664E+07  0.107664E+07  0.000000E+00  0.000000E+00  0.000000E+00
    199.00   0.112388E+07  0.107759E+07  0.107759E+07  0.000000E+00  0.000000E+00  0.000000E+00
    199.50   0.111903E+07  0.107856E+07  0.107856E+07  0.000000E+00  0.000000E+00  0.000000E+00
    200.00   0.111424E+07  0.107958E+07  0.107958E+07  0.000000E+00  0.000000E+00  0.000000E+00
    200.50   0.110955E+07  0.108067E+07  0.108067E+07  0.000000E+00  0.000000E+00  0.000000E+00
    201.00   0.110497E+07  0.108186E+07  0.108186E+07  0.000000E+00  0.000000E+00  0.000000E+00
    201.50   0.110054E+07  0.108317E+07  0.108317E+07  0.000000E+00  0.000000E+00  0.000000E+00
    202.00   0.109627E+07  0.108462E+07  0.108462E+07  0.000000E+00  0.000000E+00  0.000000E+00
    202.50   0.109219E+07  0.108622E+07  0.108622E+07  0.000000E+00  0.000000E+00  0.000000E+00
    203.00   0.108829E+07  0.108798E+07  0.108798E+07  0.000000E+00  0.000000E+00  0.000000E+00
    203.50   0.108459E+07  0.108990E+07  0.108990E+07  0.000000E+00  0.000000E+00  0.000000E+00
    204.00   0.108109E+07  0.109199E+07  0.109199E+07  0.000000E+00  0.000000E+00  0.000000E+00
    204.50   0.107777E+07  0.109423E+07  0.109423E+07  0.000000E+00  0.000000E+00  0.000000E+00
    205.00   0.107463E+07  0.109661E+07  0.109661E+07  0.000000E+00  0.000000E+00  0.000000E+00
    205.50   0.107165E+07  0.109912E+07  0.109912E+07  0.000000E+00  0.000000E+00  0.000000E+00
    206.00   0.106880E+07  0.110173E+07  0.110173E+07  0.000000E+00  0.000000E+00  0.000000E+00
    206.50   0.106608E+07  0.110442E+07  0.110442E+07  0.000000E+00  0.000000E+00  0.000000E+00
    207.00   0.106344E+07  0.110715E+07  0.110715E+07  0.000000E+00  0.000000E+00  0.000000E+00
    207.50   0.106087E+07  0.110990E+07  0.110990E+07  0.000000E+00  0.000000E+00  0.000000E+00
    208.00   0.105834E+07  0.111264E+07  0.111264E+07  0.000000E+00  0.000000E+00  0.000000E+00
    208.50   0.105581E+07  0.111534E+07  0.111534E+07  0.000000E+00  0.000000E+00  0.000000E+00
    209.00   0.105327E+07  0.111796E+07  0.111796E+07  0.000000E+00  0.000000E+00  0.000000E+00
    209.50   0.105069E+07  0.112047E+07  0.112047E+07  0.000000E+00  0.000000E+00  0.000000E+00
    210.00   0.104804E+07  0.112285E+07  0.112285E+07  0.000000E+00  0.000000E+00  0.000000E+00
    210.50   0.104533E+07  0.112508E+07  0.112508E+07  0.000000E+00  0.000000E+00  0.000000E+00
    211.00   0.104253E+07  0.112714E+07  0.112714E+07  0.000000E+00  0.000000E+00  0.000000E+00
    211.50   0.103963E+07  0.112901E+07  0.112901E+07  0.000000E+00  0.000000E+00  0.000000E+00
    212.00   0.103664E+07  0.113070E+07  0.113070E+07  0.000000E+00  0.000000E+00  0.000000E+00
    212.50   0.103356E+07  0.113219E+07  0.113219E+07  0.000000E+00  0.000000E+00  0.000000E+00
    213.00   0.103039E+07  0.113350E+07  0.113350E+07  0.000000E+00  0.000000E+00  0.000000E+00
    213.50   0.102716E+07  0.113462E+07  0.113462E+07  0.000000E+00  0.000000E+00  0.000000E+00
    214.00   0.102388E+07  0.113559E+07  0.113559E+07  0.000000E+00  0.000000E+00  0.000000E+00
    214.50   0.102056E+07  0.113641E+07  0.113641E+07  0.000000E+00  0.000000E+00  0.000000E+00
    215.00   0.101725E+07  0.113711E+07  0.113711E+07  0.000000E+00  0.000000E+00  0.000000E+00
    215.50   0.101395E+07  0.113772E+07  0.113772E+07  0.000000E+00  0.000000E+00  0.000000E+00
    216.00   0.101071E+07  0.113827E+07  0.113827E+07  0.000000E+00  0.000000E+00  0.000000E+00
    216.50   0.100755E+07  0.113878E+07  0.113878E+07  0.000000E+00  0.000000E+00  0.000000E+00
    217.00   0.100450E+07  0.113928E+07  0.113928E+07  0.000000E+00  0.000000E+00  0.000000E+00
    217.50   0.100158E+07  0.113981E+07  0.113981E+07  0.000000E+00  0.000000E+00  0.000000E+00
    218.00   0.998818E+06  0.114038E+07  0.114038E+07  0.000000E+00  0.000000E+00  0.000000E+00
    218.50   0.996240E+06  0.114104E+07  0.114104E+07  0.000000E+00  0.000000E+00  0.000000E+00
    219.00   0.993861E+06  0.114178E+07  0.114178E+07  0.000000E+00  0.000000E+00  0.000000E+00
    219.50   0.991694E+06  0.114263E+07  0.114263E+07  0.000000E+00  0.000000E+00  0.000000E+00
    220.00   0.989749E+06  0.114361E+07  0.114361E+07  0.000000E+00  0.000000E+00  0.000000E+00
    220.50   0.988031E+06  0.114471E+07  0.114471E+07  0.000000E+00  0.000000E+00  0.000000E+00
    221.00   0.986537E+06  0.114593E+07  0.114593E+07  0.000000E+00  0.000000E+00  0.000000E+00
    221.50   0.985264E+06  0.114727E+07  0.114727E+07  0.000000E+00  0.000000E+00  0.000000E+00
    222.00   0.984201E+06  0.114872E+07  0.114872E+07  0.000000E+00  0.000000E+00  0.000000E+00
    222.50   0.983333E+06  0.115026E+07  0.115026E+07  0.000000E+00  0.000000E+00  0.000000E+00
    223.00   0.982643E+06  0.115187E+07  0.115187E+07  0.000000E+00  0.000000E+00  0.000000E+00
    223.50   0.982108E+06  0.115352E+07  0.115352E+07  0.000000E+00  0.000000E+00  0.000000E+00
    224.00   0.981705E+06  0.115519E+07  0.115519E+07  0.000000E+00  0.000000E+00  0.000000E+00
    224.50   0.981408E+06  0.115685E+07  0.115685E+07  0.000000E+00  0.000000E+00  0.000000E+00
    225.00   0.981191E+06  0.115845E+07  0.115845E+07  0.000000E+00  0.000000E+00  0.000000E+00
    225.50   0.981027E+06  0.115998E+07  0.115998E+07  0.000000E+00  0.000000E+00  0.000000E+00
    226.00   0.980890E+06  0.116140E+07  0.116140E+07  0.000000E+00  0.000000E+00  0.000000E+00
    226.50   0.980756E+06  0.116267E+07  0.116267E+07  0.000000E+00  0.000000E+00  0.000000E+00
    227.00   0.980604E+06  0.116379E+07  0.116379E+07  0.000000E+00  0.000000E+00  0.000000E+00
    227.50   0.980416E+06  0.116471E+07  0.116471E+07  0.000000E+00  0.000000E+00  0.000000E+00
    228.00   0.980177E+06  0.116543E+07  0.116543E+07  0.000000E+00  0.000000E+00  0.000000E+00
    228.50   0.979878E+06  0.116594E+07  0.116594E+07  0.000000E+00  0.000000E+00  0.000000E+00
    229.00   0.979514E+06  0.116622E+07  0.116622E+07  0.000000E+00  0.000000E+00  0.000000E+00
    229.50   0.979083E+06  0.116627E+07  0.116627E+07  0.000000E+00  0.000000E+00  0.000000E+00
    230.00   0.978591E+06  0.116610E+07  0.116610E+07  0.000000E+00  0.000000E+00  0.000000E+00
    230.50   0.978047E+06  0.116573E+07  0.116573E+07  0.000000E+00  0.000000E+00  0.000000E+00
    231.00   0.977463E+06  0.116515E+07  0.116515E+07  0.000000E+00  0.000000E+00  0.000000E+00
    231.50   0.976859E+06  0.116441E+07  0.116441E+07  0.000000E+00  0.000000E+00  0.000000E+00
    232.00   0.976254E+06  0.116352E+07  0.116352E+07  0.000000E+00  0.000000E+00  0.000000E+00
    232.50   0.975672E+06  0.116250E+07  0.116250E+07  0.000000E+00  0.000000E+00  0.000000E+00
    233.00   0.975139E+06  0.116140E+07  0.116140E+07  0.000000E+00  0.000000E+00  0.000000E+00
    233.50   0.974681E+06  0.116024E+07  0.116024E+07  0.000000E+00  0.000000E+00  0.000000E+00
    234.00   0.974324E+06  0.115905E+07  0.115905E+07  0.000000E+00  0.000000E+00  0.000000E+00
    234.50   0.974094E+06  0.115786E+07  0.115786E+07  0.000000E+00  0.000000E+00  0.000000E+00
    235.00   0.974016E+06  0.115671E+07  0.115671E+07  0.000000E+00  0.000000E+00  0.000000E+00
    235.50   0.974110E+06  0.115562E+07  0.115562E+07  0.000000E+00  0.000000E+00  0.000000E+00
    236.00   0.974395E+06  0.115460E+07  0.115460E+07  0.000000E+00  0.000000E+00  0.000000E+00
    236.50   0.974888E+06  0.115368E+07  0.115368E+07  0.000000E+00  0.000000E+00  0.000000E+00
    237.00   0.975597E+06  0.115288E+07  0.115288E+07  0.000000E+00  0.000000E+00  0.000000E+00
    237.50   0.976530E+06  0.115219E+07  0.115219E+07  0.000000E+00  0.000000E+00  0.000000E+00
    238.00   0.977689E+06  0.115162E+07  0.115162E+07  0.000000E+00  0.000000E+00  0.000000E+00
    238.50   0.979068E+06  0.115117E+07  0.115117E+07  0.000000E+00  0.000000E+00  0.000000E+00
    239.00   0.980662E+06  0.115083E+07  0.115083E+07  0.000000E+00  0.000000E+00  0.000000E+00
    239.50   0.982456E+06  0.115057E+07  0.115057E+07  0.000000E+00  0.000000E+00  0.000000E+00
    240.00   0.984435E+06  0.115039E+07  0.115039E+07  0.000000E+00  0.000000E+00  0.000000E+00
    240.50   0.986577E+06  0.115026E+07  0.115026E+07  0.000000E+00  0.000000E+00  0.000000E+00
    241.00   0.988859E+06  0.115016E+07  0.115016E+07  0.000000E+00  0.000000E+00  0.000000E+00
    241.50   0.991255E+06  0.115005E+07  0.115005E+07  0.000000E+00  0.000000E+00  0.000000E+00
    242.00   0.993738E+06  0.114990E+07  0.114990E+07  0.000000E+00  0.000000E+00  0.000000E+00
    242.50   0.996280E+06  0.114969E+07  0.114969E+07  0.000000E+00  0.000000E+00  0.000000E+00
    243.00   0.998854E+06  0.114939E+07  0.114939E+07  0.000000E+00  0.000000E+00  0.000000E+00
    243.50   0.100143E+07  0.114896E+07  0.114896E+07  0.000000E+00  0.000000E+00  0.000000E+00
    244.00   0.100399E+07  0.114839E+07  0.114839E+07  0.000000E+00  0.000000E+00  0.000000E+00
    244.50   0.100651E+07  0.114765E+07  0.114765E+07  0.000000E+00  0.000000E+00  0.000000E+00
    245.00   0.100897E+07  0.114674E+07  0.114674E+07  0.000000E+00  0.000000E+00  0.000000E+00
    245.50   0.101136E+07  0.114562E+07  0.114562E+07  0.000000E+00  0.000000E+00  0.000000E+00
    246.00   0.101367E+07  0.114431E+07  0.114431E+07  0.000000E+00  0.000000E+00  0.000000E+00
    246.50   0.101589E+07  0.114280E+07  0.114280E+07  0.000000E+00  0.000000E+00  0.000000E+00
    247.00   0.101803E+07  0.114110E+07  0.114110E+07  0.000000E+00  0.000000E+00  0.000000E+00
    247.50   0.102008E+07  0.113921E+07  0.113921E+07  0.000000E+00  0.000000E+00  0.000000E+00
    248.00   0.102207E+07  0.113715E+07  0.113715E+07  0.000000E+00  0.000000E+00  0.000000E+00
    248.50   0.102400E+07  0.113496E+07  0.113496E+07  0.000000E+00  0.000000E+00  0.000000E+00
    249.00   0.102589E+07  0.113264E+07  0.113264E+07  0.000000E+00  0.000000E+00  0.000000E+00
    249.50   0.102777E+07  0.113023E+07  0.113023E+07  0.000000E+00  0.000000E+00  0.000000E+00
    250.00   0.102966E+07  0.112775E+07  0.112775E+07  0.000000E+00  0.000000E+00  0.000000E+00
    250.50   0.103158E+07  0.112525E+07  0.112525E+07  0.000000E+00  0.000000E+00  0.000000E+00
    251.00   0.103356E+07  0.112275E+07  0.112275E+07  0.000000E+00  0.000000E+00  0.000000E+00
    251.50   0.103563E+07  0.112028E+07  0.112028E+07  0.000000E+00  0.000000E+00  0.000000E+00
    252.00   0.103781E+07  0.111788E+07  0.111788E+07  0.000000E+00  0.000000E+00  0.000000E+00
    252.50   0.104012E+07  0.111556E+07  0.111556E+07  0.000000E+00  0.000000E+00  0.000000E+00
    253.00   0.104259E+07  0.111335E+07  0.111335E+07  0.000000E+00  0.000000E+00  0.000000E+00
    253.50   0.104523E+07  0.111128E+07  0.111128E+07  0.000000E+00  0.000000E+00  0.000000E+00
    254.00   0.104805E+07  0.110934E+07  0.110934E+07  0.000000E+00  0.000000E+00  0.000000E+00
    254.50   0.105106E+07  0.110756E+07  0.110756E+07  0.000000E+00  0.000000E+00  0.000000E+00
    255.00   0.105427E+07  0.110593E+07  0.110593E+07  0.000000E+00  0.000000E+00  0.000000E+00
    255.50   0.105766E+07  0.110446E+07  0.110446E+07  0.000000E+00  0.000000E+00  0.000000E+00
    256.00   0.106124E+07  0.110313E+07  0.110313E+07  0.000000E+00  0.000000E+00  0.000000E+00
    256.50   0.106499E+07  0.110194E+07  0.110194E+07  0.000000E+00  0.000000E+00  0.000000E+00
    257.00   0.106889E+07  0.110086E+07  0.110086E+07  0.000000E+00  0.000000E+00  0.000000E+00
    257.50   0.107292E+07  0.109987E+07  0.109987E+07  0.000000E+00  0.000000E+00  0.000000E+00
    258.00   0.107705E+07  0.109896E+07  0.109896E+07  0.000000E+00  0.000000E+00  0.000000E+00
    258.50   0.108126E+07  0.109809E+07  0.109809E+07  0.000000E+00  0.000000E+00  0.000000E+00
    259.00   0.108551E+07  0.109724E+07  0.109724E+07  0.000000E+00  0.000000E+00  0.000000E+00
    259.50   0.108978E+07  0.109638E+07  0.109638E+07  0.000000E+00  0.000000E+00  0.000000E+00
    260.00   0.109402E+07  0.109549E+07  0.109549E+07  0.000000E+00  0.000000E+00  0.000000E+00
    260.50   0.109822E+07  0.109452E+07  0.109452E+07  0.000000E+00  0.000000E+00  0.000000E+00
    261.00   0.110234E+07  0.109347E+07  0.109347E+07  0.000000E+00  0.000000E+00  0.000000E+00
    261.50   0.110635E+07  0.109231E+07  0.109231E+07  0.000000E+00  0.000000E+00  0.000000E+00
    262.00   0.111024E+07  0.109103E+07  0.109103E+07  0.000000E+00  0.000000E+00  0.000000E+00
    262.50   0.111398E+07  0.108961E+07  0.108961E+07  0.000000E+00  0.000000E+00  0.000000E+00
    263.00   0.111756E+07  0.108805E+07  0.108805E+07  0.000000E+00  0.000000E+00  0.000000E+00
    263.50   0.112097E+07  0.108635E+07  0.108635E+07  0.000000E+00  0.000000E+00  0.000000E+00
    264.00   0.112421E+07  0.108450E+07  0.108450E+07  0.000000E+00  0.000000E+00  0.000000E+00
    264.50   0.112728E+07  0.108252E+07  0.108252E+07  0.000000E+00  0.000000E+00  0.000000E+00
    265.00   0.113019E+07  0.108043E+07  0.108043E+07  0.000000E+00  0.000000E+00  0.000000E+00
    265.50   0.113295E+07  0.107824E+07  0.107824E+07  0.000000E+00  0.000000E+00  0.000000E+00
    266.00   0.113558E+07  0.107598E+07  0.107598E+07  0.000000E+00  0.000000E+00  0.000000E+00
    266.50   0.113810E+07  0.107366E+07  0.107366E+07  0.000000E+00  0.000000E+00  0.000000E+00
    267.00   0.114053E+07  0.107133E+07  0.107133E+07  0.000000E+00  0.000000E+00  0.000000E+00
    267.50   0.114291E+07  0.106900E+07  0.106900E+07  0.000000E+00  0.000000E+00  0.000000E+00
    268.00   0.114525E+07  0.106670E+07  0.106670E+07  0.000000E+00  0.000000E+00  0.000000E+00
    268.50   0.114759E+07  0.106448E+07  0.106448E+07  0.000000E+00  0.000000E+00  0.000000E+00
    269.00   0.114996E+07  0.106234E+07  0.106234E+07  0.000000E+00  0.000000E+00  0.000000E+00
    269.50   0.115237E+07  0.106033E+07  0.106033E+07  0.000000E+00  0.000000E+00  0.000000E+00
    270.00   0.115484E+07  0.105845E+07  0.105845E+07  0.000000E+00  0.000000E+00  0.000000E+00
    270.50   0.115741E+07  0.105674E+07  0.105674E+07  0.000000E+00  0.000000E+00  0.000000E+00
    271.00   0.116007E+07  0.105520E+07  0.105520E+07  0.000000E+00  0.000000E+00  0.000000E+00
    271.50   0.116285E+07  0.105383E+07  0.105383E+07  0.000000E+00  0.000000E+00  0.000000E+00
    272.00   0.116574E+07  0.105266E+07  0.105266E+07  0.000000E+00  0.000000E+00  0.000000E+00
    272.50   0.116874E+07  0.105167E+07  0.105167E+07  0.000000E+00  0.000000E+00  0.000000E+00
    273.00   0.117184E+07  0.105085E+07  0.105085E+07  0.000000E+00  0.000000E+00  0.000000E+00
    273.50   0.117502E+07  0.105021E+07  0.105021E+07  0.000000E+00  0.000000E+00  0.000000E+00
    274.00   0.117828E+07  0.104971E+07  0.104971E+07  0.000000E+00  0.000000E+00  0.000000E+00
    274.50   0.118159E+07  0.104935E+07  0.104935E+07  0.000000E+00  0.000000E+00  0.000000E+00
    275.00   0.118491E+07  0.104910E+07  0.104910E+07  0.000000E+00  0.000000E+00  0.000000E+00
    275.50   0.118822E+07  0.104893E+07  0.104893E+07  0.000000E+00  0.000000E+00  0.000000E+00
    276.00   0.119148E+07  0.104882E+07  0.104882E+07  0.000000E+00  0.000000E+00  0.000000E+00
    276.50   0.119467E+07  0.104874E+07  0.104874E+07  0.000000E+00  0.000000E+00  0.000000E+00
    277.00   0.119774E+07  0.104867E+07  0.104867E+07  0.000000E+00  0.000000E+00  0.000000E+00
    277.50   0.120067E+07  0.104857E+07  0.104857E+07  0.000000E+00  0.000000E+00  0.000000E+00
    278.00   0.120342E+07  0.104843E+07  0.104843E+07  0.000000E+00  0.000000E+00  0.000000E+00
    278.50   0.120596E+07  0.104822E+07  0.104822E+07  0.000000E+00  0.000000E+00  0.000000E+00
    279.00   0.120827E+07  0.104792E+07  0.104792E+07  0.000000E+00  0.000000E+00  0.000000E+00
    279.50   0.121033E+07  0.104753E+07  0.104753E+07  0.000000E+00  0.000000E+00  0.000000E+00
    280.00   0.121213E+07  0.104702E+07  0.104702E+07  0.000000E+00  0.000000E+00  0.000000E+00
    280.50   0.121365E+07  0.104641E+07  0.104641E+07  0.000000E+00  0.000000E+00  0.000000E+00
    281.00   0.121490E+07  0.104569E+07  0.104569E+07  0.000000E+00  0.000000E+00  0.000000E+00
    281.50   0.121588E+07  0.104486E+07  0.104486E+07  0.000000E+00  0.000000E+00  0.000000E+00
    282.00   0.121660E+07  0.104393E+07  0.104393E+07  0.000000E+00  0.000000E+00  0.000000E+00
    282.50   0.121707E+07  0.104293E+07  0.104293E+07  0.000000E+00  0.000000E+00  0.000000E+00
    283.00   0.121732E+07  0.104188E+07  0.104188E+07  0.000000E+00  0.000000E+00  0.000000E+00
    283.50   0.121736E+07  0.104078E+07  0.104078E+07  0.000000E+00  0.000000E+00  0.000000E+00
    284.00   0.121723E+07  0.103968E+07  0.103968E+07  0.000000E+00  0.000000E+00  0.000000E+00
    284.50   0.121696E+07  0.103859E+07  0.103859E+07  0.000000E+00  0.000000E+00  0.000000E+00
    285.00   0.121658E+07  0.103755E+07  0.103755E+07  0.000000E+00  0.000000E+00  0.000000E+00
    285.50   0.121611E+07  0.103658E+07  0.103658E+07  0.000000E+00  0.000000E+00  0.000000E+00
    286.00   0.121559E+07  0.103571E+07  0.103571E+07  0.000000E+00  0.000000E+00  0.000000E+00
    286.50   0.121505E+07  0.103496E+07  0.103496E+07  0.000000E+00  0.000000E+00  0.000000E+00
    287.00   0.121452E+07  0.103436E+07  0.103436E+07  0.000000E+00  0.000000E+00  0.000000E+00
    287.50   0.121401E+07  0.103392E+07  0.103392E+07  0.000000E+00  0.000000E+00  0.000000E+00
    288.00   0.121354E+07  0.103366E+07  0.103366E+07  0.000000E+00  0.000000E+00  0.000000E+00
    288.50   0.121313E+07  0.103359E+07  0.103359E+07  0.000000E+00  0.000000E+00  0.000000E+00
    289.00   0.121278E+07  0.103371E+07  0.103371E+07  0.000000E+00  0.000000E+00  0.000000E+00
    289.50   0.121249E+07  0.103402E+07  0.103402E+07  0.000000E+00  0.000000E+00  0.000000E+00
    290.00   0.121226E+07  0.103453E+07  0.103453E+07  0.000000E+00  0.000000E+00  0.000000E+00
    290.50   0.121208E+07  0.103521E+07  0.103521E+07  0.000000E+00  0.000000E+00  0.000000E+00
    291.00   0.121193E+07  0.103605E+07  0.103605E+07  0.000000E+00  0.000000E+00  0.000000E+00
    291.50   0.121179E+07  0.103704E+07  0.103704E+07  0.000000E+00  0.000000E+00  0.000000E+00
    292.00   0.121164E+07  0.103816E+07  0.103816E+07  0.000000E+00  0.000000E+00  0.000000E+00
    292.50   0.121145E+07  0.103938E+07  0.103938E+07  0.000000E+00  0.000000E+00  0.000000E+00
    293.00   0.121120E+07  0.104066E+07  0.104066E+07  0.000000E+00  0.000000E+00  0.000000E+00
    293.50   0.121084E+07  0.104200E+07  0.104200E+07  0.000000E+00  0.000000E+00  0.000000E+00
    294.00   0.121035E+07  0.104335E+07  0.104335E+07  0.000000E+00  0.000000E+00  0.000000E+00
    294.50   0.120971E+07  0.104469E+07  0.104469E+07  0.000000E+00  0.000000E+00  0.000000E+00
    295.00   0.120889E+07  0.104599E+07  0.104599E+07  0.000000E+00  0.000000E+00  0.000000E+00
    295.50   0.120785E+07  0.104724E+07  0.104724E+07  0.000000E+00  0.000000E+00  0.000000E+00
    296.00   0.120659E+07  0.104841E+07  0.104841E+07  0.000000E+00  0.000000E+00  0.000000E+00
    296.50   0.120509E+07  0.104948E+07  0.104948E+07  0.000000E+00  0.000000E+00  0.000000E+00
    297.00   0.120333E+07  0.105044E+07  0.105044E+07  0.000000E+00  0.000000E+00  0.000000E+00
    297.50   0.120132E+07  0.105129E+07  0.105129E+07  0.000000E+00  0.000000E+00  0.000000E+00
    298.00   0.119906E+07  0.105202E+07  0.105202E+07  0.000000E+00  0.000000E+00  0.000000E+00
    298.50   0.119655E+07  0.105264E+07  0.105264E+07  0.000000E+00  0.000000E+00  0.000000E+00
    299.00   0.119381E+07  0.105316E+07  0.105316E+07  0.000000E+00  0.000000E+00  0.000000E+00
    299.50   0.119086E+07  0.105358E+07  0.105358E+07  0.000000E+00  0.000000E+00  0.000000E+00
    300.00   0.118773E+07  0.105393E+07  0.105393E+07  0.000000E+00  0.000000E+00  0.000000E+00
    300.50   0.118443E+07  0.105422E+07  0.105422E+07  0.000000E+00  0.000000E+00  0.000000E+00
    301.00   0.118100E+07  0.105448E+07  0.105448E+07  0.000000E+00  0.000000E+00  0.000000E+00
    301.50   0.117748E+07  0.105474E+07  0.105474E+07  0.000000E+00  0.000000E+00  0.000000E+00
    302.00   0.117389E+07  0.105502E+07  0.105502E+07  0.000000E+00  0.000000E+00  0.000000E+00
    302.50   0.117028E+07  0.105535E+07  0.105535E+07  0.000000E+00  0.000000E+00  0.000000E+00
    303.00   0.116667E+07  0.105575E+07  0.105575E+07  0.000000E+00  0.000000E+00  0.000000E+00
    303.50   0.116309E+07  0.105626E+07  0.105626E+07  0.000000E+00  0.000000E+00  0.000000E+00
    304.00   0.115958E+07  0.105689E+07  0.105689E+07  0.000000E+00  0.000000E+00  0.000000E+00
    304.50   0.115615E+07  0.105765E+07  0.105765E+07  0.000000E+00  0.000000E+00  0.000000E+00
    305.00   0.115283E+07  0.105858E+07  0.105858E+07  0.000000E+00  0.000000E+00  0.000000E+00
    305.50   0.114963E+07  0.105968E+07  0.105968E+07  0.000000E+00  0.000000E+00  0.000000E+00
    306.00   0.114655E+07  0.106095E+07  0.106095E+07  0.000000E+00  0.000000E+00  0.000000E+00
    306.50   0.114361E+07  0.106240E+07  0.106240E+07  0.000000E+00  0.000000E+00  0.000000E+00
    307.00   0.114080E+07  0.106402E+07  0.106402E+07  0.000000E+00  0.000000E+00  0.000000E+00
    307.50   0.113810E+07  0.106580E+07  0.106580E+07  0.000000E+00  0.000000E+00  0.000000E+00
    308.00   0.113552E+07  0.106774E+07  0.106774E+07  0.000000E+00  0.000000E+00  0.000000E+00
    308.50   0.113304E+07  0.106981E+07  0.106981E+07  0.000000E+00  0.000000E+00  0.000000E+00
    309.00   0.113062E+07  0.107198E+07  0.107198E+07  0.000000E+00  0.000000E+00  0.000000E+00
    309.50   0.112826E+07  0.107424E+07  0.107424E+07  0.000000E+00  0.000000E+00  0.000000E+00
    310.00   0.112593E+07  0.107656E+07  0.107656E+07  0.000000E+00  0.000000E+00  0.000000E+00
    310.50   0.112359E+07  0.107891E+07  0.107891E+07  0.000000E+00  0.000000E+00  0.000000E+00
    311.00   0.112123E+07  0.108125E+07  0.108125E+07  0.000000E+00  0.000000E+00  0.000000E+00
    311.50   0.111881E+07  0.108357E+07  0.108357E+07  0.000000E+00  0.000000E+00  0.000000E+00
    312.00   0.111632E+07  0.108582E+07  0.108582E+07  0.000000E+00  0.000000E+00  0.000000E+00
    312.50   0.111373E+07  0.108799E+07  0.108799E+07  0.000000E+00  0.000000E+00  0.000000E+00
    313.00   0.111103E+07  0.109005E+07  0.109005E+07  0.000000E+00  0.000000E+00  0.000000E+00
    313.50   0.110820E+07  0.109199E+07  0.109199E+07  0.000000E+00  0.000000E+00  0.000000E+00
    314.00   0.110523E+07  0.109378E+07  0.109378E+07  0.000000E+00  0.000000E+00  0.000000E+00
    314.50   0.110212E+07  0.109542E+07  0.109542E+07  0.000000E+00  0.000000E+00  0.000000E+00
    315.00   0.109888E+07  0.109691E+07  0.109691E+07  0.000000E+00  0.000000E+00  0.000000E+00
    315.50   0.109550E+07  0.109824E+07  0.109824E+07  0.000000E+00  0.000000E+00  0.000000E+00
    316.00   0.109200E+07  0.109943E+07  0.109943E+07  0.000000E+00  0.000000E+00  0.000000E+00
    316.50   0.108840E+07  0.110047E+07  0.110047E+07  0.000000E+00  0.000000E+00  0.000000E+00
    317.00   0.108472E+07  0.110140E+07  0.110140E+07  0.000000E+00  0.000000E+00  0.000000E+00
    317.50   0.108098E+07  0.110222E+07  0.110222E+07  0.000000E+00  0.000000E+00  0.000000E+00
    318.00   0.107721E+07  0.110297E+07  0.110297E+07  0.000000E+00  0.000000E+00  0.000000E+00
    318.50   0.107343E+07  0.110366E+07  0.110366E+07  0.000000E+00  0.000000E+00  0.000000E+00
    319.00   0.106968E+07  0.110433E+07  0.110433E+07  0.000000E+00  0.000000E+00  0.000000E+00
    319.50   0.106599E+07  0.110500E+07  0.110500E+07  0.000000E+00  0.000000E+00  0.000000E+00
    320.00   0.106238E+07  0.110569E+07  0.110569E+07  0.000000E+00  0.000000E+00  0.000000E+00
    320.50   0.105888E+07  0.110645E+07  0.110645E+07  0.000000E+00  0.000000E+00  0.000000E+00
    321.00   0.105552E+07  0.110728E+07  0.110728E+07  0.000000E+00  0.000000E+00  0.000000E+00
    321.50   0.105231E+07  0.110822E+07  0.110822E+07  0.000000E+00  0.000000E+00  0.000000E+00
    322.00   0.104928E+07  0.110928E+07  0.110928E+07  0.000000E+00  0.000000E+00  0.000000E+00
    322.50   0.104643E+07  0.111046E+07  0.111046E+07  0.000000E+00  0.000000E+00  0.000000E+00
    323.00   0.104377E+07  0.111179E+07  0.111179E+07  0.000000E+00  0.000000E+00  0.000000E+00
    323.50   0.104130E+07  0.111326E+07  0.111326E+07  0.000000E+00  0.000000E+00  0.000000E+00
    324.00   0.103903E+07  0.111487E+07  0.111487E+07  0.000000E+00  0.000000E+00  0.000000E+00
    324.50   0.103695E+07  0.111661E+07  0.111661E+07  0.000000E+00  0.000000E+00  0.000000E+00
    325.00   0.103504E+07  0.111847E+07  0.111847E+07  0.000000E+00  0.000000E+00  0.000000E+00
    325.50   0.103329E+07  0.112043E+07  0.112043E+07  0.000000E+00  0.000000E+00  0.000000E+00
    326.00   0.103168E+07  0.112248E+07  0.112248E+07  0.000000E+00  0.000000E+00  0.000000E+00
    326.50   0.103018E+07  0.112457E+07  0.112457E+07  0.000000E+00  0.000000E+00  0.000000E+00
    327.00   0.102879E+07  0.112670E+07  0.112670E+07  0.000000E+00  0.000000E+00  0.000000E+00
    327.50   0.102746E+07  0.112882E+07  0.112882E+07  0.000000E+00  0.000000E+00  0.000000E+00
    328.00   0.102617E+07  0.113090E+07  0.113090E+07  0.000000E+00  0.000000E+00  0.000000E+00
    328.50   0.102490E+07  0.113293E+07  0.113293E+07  0.000000E+00  0.000000E+00  0.000000E+00
    329.00   0.102363E+07  0.113486E+07  0.113486E+07  0.000000E+00  0.000000E+00  0.000000E+00
    329.50   0.102233E+07  0.113666E+07  0.113666E+07  0.000000E+00  0.000000E+00  0.000000E+00
    330.00   0.102098E+07  0.113833E+07  0.113833E+07  0.000000E+00  0.000000E+00  0.000000E+00
    330.50   0.101958E+07  0.113983E+07  0.113983E+07  0.000000E+00  0.000000E+00  0.000000E+00
    331.00   0.101810E+07  0.114114E+07  0.114114E+07  0.000000E+00  0.000000E+00  0.000000E+00
    331.50   0.101655E+07  0.114227E+07  0.114227E+07  0.000000E+00  0.000000E+00  0.000000E+00
    332.00   0.101491E+07  0.114319E+07  0.114319E+07  0.000000E+00  0.000000E+00  0.000000E+00
    332.50   0.101320E+07  0.114392E+07  0.114392E+07  0.000000E+00  0.000000E+00  0.000000E+00
    333.00   0.101142E+07  0.114446E+07  0.114446E+07  0.000000E+00  0.000000E+00  0.000000E+00
    333.50   0.100959E+07  0.114482E+07  0.114482E+07  0.000000E+00  0.000000E+00  0.000000E+00
    334.00   0.100771E+07  0.114501E+07  0.114501E+07  0.000000E+00  0.000000E+00  0.000000E+00
    334.50   0.100582E+07  0.114506E+07  0.114506E+07  0.000000E+00  0.000000E+00  0.000000E+00
    335.00   0.100392E+07  0.114498E+07  0.114498E+07  0.000000E+00  0.000000E+00  0.000000E+00
    335.50   0.100205E+07  0.114481E+07  0.114481E+07  0.000000E+00  0.000000E+00  0.000000E+00
    336.00   0.100023E+07  0.114457E+07  0.114457E+07  0.000000E+00  0.000000E+00  0.000000E+00
    336.50   0.998495E+06  0.114430E+07  0.114430E+07  0.000000E+00  0.000000E+00  0.000000E+00
    337.00   0.996859E+06  0.114402E+07  0.114402E+07  0.000000E+00  0.000000E+00  0.000000E+00
    337.50   0.995352E+06  0.114376E+07  0.114376E+07  0.000000E+00  0.000000E+00  0.000000E+00
    338.00   0.993994E+06  0.114355E+07  0.114355E+07  0.000000E+00  0.000000E+00  0.000000E+00
    338.50   0.992806E+06  0.114340E+07  0.114340E+07  0.000000E+00  0.000000E+00  0.000000E+00
    339.00   0.991804E+06  0.114335E+07  0.114335E+07  0.000000E+00  0.000000E+00  0.000000E+00
    339.50   0.991000E+06  0.114340E+07  0.114340E+07  0.000000E+00  0.000000E+00  0.000000E+00
    340.00   0.990402E+06  0.114356E+07  0.114356E+07  0.000000E+00  0.000000E+00  0.000000E+00
    340.50   0.990014E+06  0.114384E+07  0.114384E+07  0.000000E+00  0.000000E+00  0.000000E+00
    341.00   0.989834E+06  0.114424E+07  0.114424E+07  0.000000E+00  0.000000E+00  0.000000E+00
    341.50   0.989857E+06  0.114475E+07  0.114475E+07  0.000000E+00  0.000000E+00  0.000000E+00
    342.00   0.990072E+06  0.114536E+07  0.114536E+07  0.000000E+00  0.000000E+00  0.000000E+00
    342.50   0.990465E+06  0.114606E+07  0.114606E+07  0.000000E+00  0.000000E+00  0.000000E+00
    343.00   0.991019E+06  0.114682E+07  0.114682E+07  0.000000E+00  0.000000E+00  0.000000E+00
    343.50   0.991712E+06  0.114763E+07  0.114763E+07  0.000000E+00  0.000000E+00  0.000000E+00
    344.00   0.992521E+06  0.114844E+07  0.114844E+07  0.000000E+00  0.000000E+00  0.000000E+00
    344.50   0.993422E+06  0.114924E+07  0.114924E+07  0.000000E+00  0.000000E+00  0.000000E+00
    345.00   0.994389E+06  0.115000E+07  0.115000E+07  0.000000E+00  0.000000E+00  0.000000E+00
    345.50   0.995395E+06  0.115068E+07  0.115068E+07  0.000000E+00  0.000000E+00  0.000000E+00
    346.00   0.996417E+06  0.115127E+07  0.115127E+07  0.000000E+00  0.000000E+00  0.000000E+00
    346.50   0.997431E+06  0.115172E+07  0.115172E+07  0.000000E+00  0.000000E+00  0.000000E+00
    347.00   0.998417E+06  0.115201E+07  0.115201E+07  0.000000E+00  0.000000E+00  0.000000E+00
    347.50   0.999358E+06  0.115214E+07  0.115214E+07  0.000000E+00  0.000000E+00  0.000000E+00
    348.00   0.100024E+07  0.115207E+07  0.115207E+07  0.000000E+00  0.000000E+00  0.000000E+00
    348.50   0.100105E+07  0.115181E+07  0.115181E+07  0.000000E+00  0.000000E+00  0.000000E+00
    349.00   0.100179E+07  0.115135E+07  0.115135E+07  0.000000E+00  0.000000E+00  0.000000E+00
    349.50   0.100246E+07  0.115067E+07  0.115067E+07  0.000000E+00  0.000000E+00  0.000000E+00
    350.00   0.100305E+07  0.114981E+07  0.114981E+07  0.000000E+00  0.000000E+00  0.000000E+00
    350.50   0.100359E+07  0.114875E+07  0.114875E+07  0.000000E+00  0.000000E+00  0.000000E+00
    351.00   0.100408E+07  0.114753E+07  0.114753E+07  0.000000E+00  0.000000E+00  0.000000E+00
    351.50   0.100454E+07  0.114615E+07  0.114615E+07  0.000000E+00  0.000000E+00  0.000000E+00
    352.00   0.100499E+07  0.114466E+07  0.114466E+07  0.000000E+00  0.000000E+00  0.000000E+00
    352.50   0.100545E+07  0.114306E+07  0.114306E+07  0.000000E+00  0.000000E+00  0.000000E+00
    353.00   0.100595E+07  0.114139E+07  0.114139E+07  0.000000E+00  0.000000E+00  0.000000E+00
    353.50   0.100651E+07  0.113969E+07  0.113969E+07  0.000000E+00  0.000000E+00  0.000000E+00
    354.00   0.100716E+07  0.113798E+07  0.113798E+07  0.000000E+00  0.000000E+00  0.000000E+00
    354.50   0.100792E+07  0.113629E+07  0.113629E+07  0.000000E+00  0.000000E+00  0.000000E+00
    355.00   0.100882E+07  0.113465E+07  0.113465E+07  0.000000E+00  0.000000E+00  0.000000E+00
    355.50   0.100987E+07  0.113308E+07  0.113308E+07  0.000000E+00  0.000000E+00  0.000000E+00
    356.00   0.101109E+07  0.113161E+07  0.113161E+07  0.000000E+00  0.000000E+00  0.000000E+00
    356.50   0.101250E+07  0.113025E+07  0.113025E+07  0.000000E+00  0.000000E+00  0.000000E+00
    357.00   0.101411E+07  0.112900E+07  0.112900E+07  0.000000E+00  0.000000E+00  0.000000E+00
    357.50   0.101592E+07  0.112789E+07  0.112789E+07  0.000000E+00  0.000000E+00  0.000000E+00
    358.00   0.101793E+07  0.112691E+07  0.112691E+07  0.000000E+00  0.000000E+00  0.000000E+00
    358.50   0.102014E+07  0.112605E+07  0.112605E+07  0.000000E+00  0.000000E+00  0.000000E+00
    359.00   0.102253E+07  0.112531E+07  0.112531E+07  0.000000E+00  0.000000E+00  0.000000E+00
    359.50   0.102509E+07  0.112468E+07  0.112468E+07  0.000000E+00  0.000000E+00  0.000000E+00
    360.00   0.102781E+07  0.112413E+07  0.112413E+07  0.000000E+00  0.000000E+00  0.000000E+00
    360.50   0.103067E+07  0.112364E+07  0.112364E+07  0.000000E+00  0.000000E+00  0.000000E+00
    361.00   0.103363E+07  0.112320E+07  0.112320E+07  0.000000E+00  0.000000E+00  0.000000E+00
    361.50   0.103667E+07  0.112277E+07  0.112277E+07  0.000000E+00  0.000000E+00  0.000000E+00
    362.00   0.103977E+07  0.112232E+07  0.112232E+07  0.000000E+00  0.000000E+00  0.000000E+00
    362.50   0.104289E+07  0.112183E+07  0.112183E+07  0.000000E+00  0.000000E+00  0.000000E+00
    363.00   0.104601E+07  0.112128E+07  0.112128E+07  0.000000E+00  0.000000E+00  0.000000E+00
    363.50   0.104910E+07  0.112063E+07  0.112063E+07  0.000000E+00  0.000000E+00  0.000000E+00
    364.00   0.105214E+07  0.111987E+07  0.111987E+07  0.000000E+00  0.000000E+00  0.000000E+00
    364.50   0.105510E+07  0.111897E+07  0.111897E+07  0.000000E+00  0.000000E+00  0.000000E+00
    365.00   0.105797E+07  0.111792E+07  0.111792E+07  0.000000E+00  0.000000E+00  0.000000E+00
    365.50   0.106073E+07  0.111671E+07  0.111671E+07  0.000000E+00  0.000000E+00  0.000000E+00
    366.00   0.106337E+07  0.111534E+07  0.111534E+07  0.000000E+00  0.000000E+00  0.000000E+00
    366.50   0.106590E+07  0.111381E+07  0.111381E+07  0.000000E+00  0.000000E+00  0.000000E+00
    367.00   0.106831E+07  0.111211E+07  0.111211E+07  0.000000E+00  0.000000E+00  0.000000E+00
    367.50   0.107060E+07  0.111027E+07  0.111027E+07  0.000000E+00  0.000000E+00  0.000000E+00
    368.00   0.107280E+07  0.110830E+07  0.110830E+07  0.000000E+00  0.000000E+00  0.000000E+00
    368.50   0.107490E+07  0.110621E+07  0.110621E+07  0.000000E+00  0.000000E+00  0.000000E+00
    369.00   0.107694E+07  0.110404E+07  0.110404E+07  0.000000E+00  0.000000E+00  0.000000E+00
    369.50   0.107894E+07  0.110180E+07  0.110180E+07  0.000000E+00  0.000000E+00  0.000000E+00
    370.00   0.108091E+07  0.109952E+07  0.109952E+07  0.000000E+00  0.000000E+00  0.000000E+00
    370.50   0.108288E+07  0.109724E+07  0.109724E+07  0.000000E+00  0.000000E+00  0.000000E+00
    371.00   0.108489E+07  0.109499E+07  0.109499E+07  0.000000E+00  0.000000E+00  0.000000E+00
    371.50   0.108695E+07  0.109278E+07  0.109278E+07  0.000000E+00  0.000000E+00  0.000000E+00
    372.00   0.108909E+07  0.109065E+07  0.109065E+07  0.000000E+00  0.000000E+00  0.000000E+00
    372.50   0.109133E+07  0.108862E+07  0.108862E+07  0.000000E+00  0.000000E+00  0.000000E+00
    373.00   0.109369E+07  0.108672E+07  0.108672E+07  0.000000E+00  0.000000E+00  0.000000E+00
    373.50   0.109620E+07  0.108495E+07  0.108495E+07  0.000000E+00  0.000000E+00  0.000000E+00
    374.00   0.109885E+07  0.108333E+07  0.108333E+07  0.000000E+00  0.000000E+00  0.000000E+00
    374.50   0.110165E+07  0.108188E+07  0.108188E+07  0.000000E+00  0.000000E+00  0.000000E+00
    375.00   0.110461E+07  0.108058E+07  0.108058E+07  0.000000E+00  0.000000E+00  0.000000E+00
    375.50   0.110771E+07  0.107944E+07  0.107944E+07  0.000000E+00  0.000000E+00  0.000000E+00
    376.00   0.111096E+07  0.107845E+07  0.107845E+07  0.000000E+00  0.000000E+00  0.000000E+00
    376.50   0.111434E+07  0.107760E+07  0.107760E+07  0.000000E+00  0.000000E+00  0.000000E+00
    377.00   0.111782E+07  0.107688E+07  0.107688E+07  0.000000E+00  0.000000E+00  0.000000E+00
    377.50   0.112139E+07  0.107625E+07  0.107625E+07  0.000000E+00  0.000000E+00  0.000000E+00
    378.00   0.112501E+07  0.107571E+07  0.107571E+07  0.000000E+00  0.000000E+00  0.000000E+00
    378.50   0.112866E+07  0.107522E+07  0.107522E+07  0.000000E+00  0.000000E+00  0.000000E+00
    379.00   0.113230E+07  0.107476E+07  0.107476E+07  0.000000E+00  0.000000E+00  0.000000E+00
    379.50   0.113591E+07  0.107431E+07  0.107431E+07  0.000000E+00  0.000000E+00  0.000000E+00
    380.00   0.113945E+07  0.107383E+07  0.107383E+07  0.000000E+00  0.000000E+00  0.000000E+00
    380.50   0.114290E+07  0.107330E+07  0.107330E+07  0.000000E+00  0.000000E+00  0.000000E+00
    381.00   0.114621E+07  0.107271E+07  0.107271E+07  0.000000E+00  0.000000E+00  0.000000E+00
    381.50   0.114938E+07  0.107203E+07  0.107203E+07  0.000000E+00  0.000000E+00  0.000000E+00
    382.00   0.115237E+07  0.107124E+07  0.107124E+07  0.000000E+00  0.000000E+00  0.000000E+00
    382.50   0.115517E+07  0.107034E+07  0.107034E+07  0.000000E+00  0.000000E+00  0.000000E+00
    383.00   0.115776E+07  0.106932E+07  0.106932E+07  0.000000E+00  0.000000E+00  0.000000E+00
    383.50   0.116015E+07  0.106818E+07  0.106818E+07  0.000000E+00  0.000000E+00  0.000000E+00
    384.00   0.116233E+07  0.106691E+07  0.106691E+07  0.000000E+00  0.000000E+00  0.000000E+00
    384.50   0.116430E+07  0.106554E+07  0.106554E+07  0.000000E+00  0.000000E+00  0.000000E+00
    385.00   0.116607E+07  0.106407E+07  0.106407E+07  0.000000E+00  0.000000E+00  0.000000E+00
    385.50   0.116767E+07  0.106252E+07  0.106252E+07  0.000000E+00  0.000000E+00  0.000000E+00
    386.00   0.116910E+07  0.106091E+07  0.106091E+07  0.000000E+00  0.000000E+00  0.000000E+00
    386.50   0.117039E+07  0.105926E+07  0.105926E+07  0.000000E+00  0.000000E+00  0.000000E+00
    387.00   0.117157E+07  0.105761E+07  0.105761E+07  0.000000E+00  0.000000E+00  0.000000E+00
    387.50   0.117267E+07  0.105596E+07  0.105596E+07  0.000000E+00  0.000000E+00  0.000000E+00
    388.00   0.117371E+07  0.105437E+07  0.105437E+07  0.000000E+00  0.000000E+00  0.000000E+00
    388.50   0.117472E+07  0.105284E+07  0.105284E+07  0.000000E+00  0.000000E+00  0.000000E+00
    389.00   0.117572E+07  0.105141E+07  0.105141E+07  0.000000E+00  0.000000E+00  0.000000E+00
    389.50   0.117676E+07  0.105010E+07  0.105010E+07  0.000000E+00  0.000000E+00  0.000000E+00
    390.00   0.117783E+07  0.104892E+07  0.104892E+07  0.000000E+00  0.000000E+00  0.000000E+00
    390.50   0.117897E+07  0.104790E+07  0.104790E+07  0.000000E+00  0.000000E+00  0.000000E+00
    391.00   0.118019E+07  0.104705E+07  0.104705E+07  0.000000E+00  0.000000E+00  0.000000E+00
    391.50   0.118149E+07  0.104637E+07  0.104637E+07  0.000000E+00  0.000000E+00  0.000000E+00
    392.00   0.118288E+07  0.104587E+07  0.104587E+07  0.000000E+00  0.000000E+00  0.000000E+00
    392.50   0.118436E+07  0.104555E+07  0.104555E+07  0.000000E+00  0.000000E+00  0.000000E+00
    393.00   0.118591E+07  0.104540E+07  0.104540E+07  0.000000E+00  0.000000E+00  0.000000E+00
    393.50   0.118753E+07  0.104541E+07  0.104541E+07  0.000000E+00  0.000000E+00  0.000000E+00
    394.00   0.118919E+07  0.104556E+07  0.104556E+07  0.000000E+00  0.000000E+00  0.000000E+00
    394.50   0.119088E+07  0.104584E+07  0.104584E+07  0.000000E+00  0.000000E+00  0.000000E+00
    395.00   0.119257E+07  0.104622E+07  0.104622E+07  0.000000E+00  0.000000E+00  0.000000E+00
    395.50   0.119423E+07  0.104668E+07  0.104668E+07  0.000000E+00  0.000000E+00  0.000000E+00
    396.00   0.119582E+07  0.104720E+07  0.104720E+07  0.000000E+00  0.000000E+00  0.000000E+00
    396.50   0.119732E+07  0.104774E+07  0.104774E+07  0.000000E+00  0.000000E+00  0.000000E+00
    397.00   0.119870E+07  0.104829E+07  0.104829E+07  0.000000E+00  0.000000E+00  0.000000E+00
    397.50   0.119992E+07  0.104882E+07  0.104882E+07  0.000000E+00  0.000000E+00  0.000000E+00
    398.00   0.120095E+07  0.104929E+07  0.104929E+07  0.000000E+00  0.000000E+00  0.000000E+00
    398.50   0.120178E+07  0.104971E+07  0.104971E+07  0.000000E+00  0.000000E+00  0.000000E+00
    399.00   0.120238E+07  0.105004E+07  0.105004E+07  0.000000E+00  0.000000E+00  0.000000E+00
    399.50   0.120274E+07  0.105027E+07  0.105027E+07  0.000000E+00  0.000000E+00  0.000000E+00
    400.00   0.120284E+07  0.105041E+07  0.105041E+07  0.000000E+00  0.000000E+00  0.000000E+00
    400.50   0.120268E+07  0.105043E+07  0.105043E+07  0.000000E+00  0.000000E+00  0.000000E+00
    401.00   0.120226E+07  0.105035E+07  0.105035E+07  0.000000E+00  0.000000E+00  0.000000E+00
    401.50   0.120158E+07  0.105016E+07  0.105016E+07  0.000000E+00  0.000000E+00  0.000000E+00
    402.00   0.120067E+07  0.104989E+07  0.104989E+07  0.000000E+00  0.000000E+00  0.000000E+00
    402.50   0.119954E+07  0.104954E+07  0.104954E+07  0.000000E+00  0.000000E+00  0.000000E+00
    403.00   0.119820E+07  0.104913E+07  0.104913E+07  0.000000E+00  0.000000E+00  0.000000E+00
    403.50   0.119669E+07  0.104869E+07  0.104869E+07  0.000000E+00  0.000000E+00  0.000000E+00
    404.00   0.119503E+07  0.104824E+07  0.104824E+07  0.000000E+00  0.000000E+00  0.000000E+00
    404.50   0.119326E+07  0.104779E+07  0.104779E+07  0.000000E+00  0.000000E+00  0.000000E+00
    405.00   0.119141E+07  0.104739E+07  0.104739E+07  0.000000E+00  0.000000E+00  0.000000E+00
    405.50   0.118950E+07  0.104706E+07  0.104706E+07  0.000000E+00  0.000000E+00  0.000000E+00
    406.00   0.118758E+07  0.104681E+07  0.104681E+07  0.000000E+00  0.000000E+00  0.000000E+00
    406.50   0.118566E+07  0.104668E+07  0.104668E+07  0.000000E+00  0.000000E+00  0.000000E+00
    407.00   0.118377E+07  0.104668E+07  0.104668E+07  0.000000E+00  0.000000E+00  0.000000E+00
    407.50   0.118194E+07  0.104683E+07  0.104683E+07  0.000000E+00  0.000000E+00  0.000000E+00
    408.00   0.118018E+07  0.104715E+07  0.104715E+07  0.000000E+00  0.000000E+00  0.000000E+00
    408.50   0.117851E+07  0.104764E+07  0.104764E+07  0.000000E+00  0.000000E+00  0.000000E+00
    409.00   0.117692E+07  0.104830E+07  0.104830E+07  0.000000E+00  0.000000E+00  0.000000E+00
    409.50   0.117543E+07  0.104915E+07  0.104915E+07  0.000000E+00  0.000000E+00  0.000000E+00
    410.00   0.117403E+07  0.105016E+07  0.105016E+07  0.000000E+00  0.000000E+00  0.000000E+00
    410.50   0.117270E+07  0.105133E+07  0.105133E+07  0.000000E+00  0.000000E+00  0.000000E+00
    411.00   0.117144E+07  0.105265E+07  0.105265E+07  0.000000E+00  0.000000E+00  0.000000E+00
    411.50   0.117022E+07  0.105409E+07  0.105409E+07  0.000000E+00  0.000000E+00  0.000000E+00
    412.00   0.116903E+07  0.105564E+07  0.105564E+07  0.000000E+00  0.000000E+00  0.000000E+00
    412.50   0.116784E+07  0.105727E+07  0.105727E+07  0.000000E+00  0.000000E+00  0.000000E+00
    413.00   0.116663E+07  0.105896E+07  0.105896E+07  0.000000E+00  0.000000E+00  0.000000E+00
    413.50   0.116536E+07  0.106067E+07  0.106067E+07  0.000000E+00  0.000000E+00  0.000000E+00
    414.00   0.116401E+07  0.106238E+07  0.106238E+07  0.000000E+00  0.000000E+00  0.000000E+00
    414.50   0.116255E+07  0.106407E+07  0.106407E+07  0.000000E+00  0.000000E+00  0.000000E+00
    415.00   0.116096E+07  0.106570E+07  0.106570E+07  0.000000E+00  0.000000E+00  0.000000E+00
    415.50   0.115923E+07  0.106727E+07  0.106727E+07  0.000000E+00  0.000000E+00  0.000000E+00
    416.00   0.115732E+07  0.106873E+07  0.106873E+07  0.000000E+00  0.000000E+00  0.000000E+00
    416.50   0.115523E+07  0.107009E+07  0.107009E+07  0.000000E+00  0.000000E+00  0.000000E+00
    417.00   0.115295E+07  0.107133E+07  0.107133E+07  0.000000E+00  0.000000E+00  0.000000E+00
    417.50   0.115048E+07  0.107245E+07  0.107245E+07  0.000000E+00  0.000000E+00  0.000000E+00
    418.00   0.114783E+07  0.107344E+07  0.107344E+07  0.000000E+00  0.000000E+00  0.000000E+00
    418.50   0.114498E+07  0.107430E+07  0.107430E+07  0.000000E+00  0.000000E+00  0.000000E+00
    419.00   0.114198E+07  0.107505E+07  0.107505E+07  0.000000E+00  0.000000E+00  0.000000E+00
    419.50   0.113882E+07  0.107569E+07  0.107569E+07  0.000000E+00  0.000000E+00  0.000000E+00
    420.00   0.113553E+07  0.107625E+07  0.107625E+07  0.000000E+00  0.000000E+00  0.000000E+00
    420.50   0.113214E+07  0.107674E+07  0.107674E+07  0.000000E+00  0.000000E+00  0.000000E+00
    421.00   0.112867E+07  0.107719E+07  0.107719E+07  0.000000E+00  0.000000E+00  0.000000E+00
    421.50   0.112516E+07  0.107762E+07  0.107762E+07  0.000000E+00  0.000000E+00  0.000000E+00
    422.00   0.112164E+07  0.107806E+07  0.107806E+07  0.000000E+00  0.000000E+00  0.000000E+00
    422.50   0.111813E+07  0.107854E+07  0.107854E+07  0.000000E+00  0.000000E+00  0.000000E+00
    423.00   0.111467E+07  0.107908E+07  0.107908E+07  0.000000E+00  0.000000E+00  0.000000E+00
    423.50   0.111128E+07  0.107970E+07  0.107970E+07  0.000000E+00  0.000000E+00  0.000000E+00
    424.00   0.110799E+07  0.108042E+07  0.108042E+07  0.000000E+00  0.000000E+00  0.000000E+00
    424.50   0.110482E+07  0.108127E+07  0.108127E+07  0.000000E+00  0.000000E+00  0.000000E+00
    425.00   0.110179E+07  0.108226E+07  0.108226E+07  0.000000E+00  0.000000E+00  0.000000E+00
    425.50   0.109890E+07  0.108339E+07  0.108339E+07  0.000000E+00  0.000000E+00  0.000000E+00
    426.00   0.109617E+07  0.108468E+07  0.108468E+07  0.000000E+00  0.000000E+00  0.000000E+00
    426.50   0.109360E+07  0.108613E+07  0.108613E+07  0.000000E+00  0.000000E+00  0.000000E+00
    427.00   0.109118E+07  0.108772E+07  0.108772E+07  0.000000E+00  0.000000E+00  0.000000E+00
    427.50   0.108891E+07  0.108945E+07  0.108945E+07  0.000000E+00  0.000000E+00  0.000000E+00
    428.00   0.108677E+07  0.109130E+07  0.109130E+07  0.000000E+00  0.000000E+00  0.000000E+00
    428.50   0.108476E+07  0.109327E+07  0.109327E+07  0.000000E+00  0.000000E+00  0.000000E+00
    429.00   0.108285E+07  0.109532E+07  0.109532E+07  0.000000E+00  0.000000E+00  0.000000E+00
    429.50   0.108102E+07  0.109743E+07  0.109743E+07  0.000000E+00  0.000000E+00  0.000000E+00
    430.00   0.107924E+07  0.109957E+07  0.109957E+07  0.000000E+00  0.000000E+00  0.000000E+00
    430.50   0.107749E+07  0.110172E+07  0.110172E+07  0.000000E+00  0.000000E+00  0.000000E+00
    431.00   0.107575E+07  0.110384E+07  0.110384E+07  0.000000E+00  0.000000E+00  0.000000E+00
    431.50   0.107399E+07  0.110591E+07  0.110591E+07  0.000000E+00  0.000000E+00  0.000000E+00
    432.00   0.107219E+07  0.110790E+07  0.110790E+07  0.000000E+00  0.000000E+00  0.000000E+00
    432.50   0.107033E+07  0.110978E+07  0.110978E+07  0.000000E+00  0.000000E+00  0.000000E+00
    433.00   0.106839E+07  0.111154E+07  0.111154E+07  0.000000E+00  0.000000E+00  0.000000E+00
    433.50   0.106635E+07  0.111316E+07  0.111316E+07  0.000000E+00  0.000000E+00  0.000000E+00
    434.00   0.106422E+07  0.111461E+07  0.111461E+07  0.000000E+00  0.000000E+00  0.000000E+00
    434.50   0.106198E+07  0.111591E+07  0.111591E+07  0.000000E+00  0.000000E+00  0.000000E+00
    435.00   0.105964E+07  0.111704E+07  0.111704E+07  0.000000E+00  0.000000E+00  0.000000E+00
    435.50   0.105719E+07  0.111800E+07  0.111800E+07  0.000000E+00  0.000000E+00  0.000000E+00
    436.00   0.105466E+07  0.111880E+07  0.111880E+07  0.000000E+00  0.000000E+00  0.000000E+00
    436.50   0.105205E+07  0.111946E+07  0.111946E+07  0.000000E+00  0.000000E+00  0.000000E+00
    437.00   0.104938E+07  0.111998E+07  0.111998E+07  0.000000E+00  0.000000E+00  0.000000E+00
    437.50   0.104668E+07  0.112040E+07  0.112040E+07  0.000000E+00  0.000000E+00  0.000000E+00
    438.00   0.104396E+07  0.112073E+07  0.112073E+07  0.000000E+00  0.000000E+00  0.000000E+00
    438.50   0.104125E+07  0.112100E+07  0.112100E+07  0.000000E+00  0.000000E+00  0.000000E+00
    439.00   0.103858E+07  0.112123E+07  0.112123E+07  0.000000E+00  0.000000E+00  0.000000E+00
    439.50   0.103598E+07  0.112146E+07  0.112146E+07  0.000000E+00  0.000000E+00  0.000000E+00
    440.00   0.103346E+07  0.112171E+07  0.112171E+07  0.000000E+00  0.000000E+00  0.000000E+00
    440.50   0.103106E+07  0.112201E+07  0.112201E+07  0.000000E+00  0.000000E+00  0.000000E+00
    441.00   0.102880E+07  0.112237E+07  0.112237E+07  0.000000E+00  0.000000E+00  0.000000E+00
    441.50   0.102669E+07  0.112283E+07  0.112283E+07  0.000000E+00  0.000000E+00  0.000000E+00
    442.00   0.102475E+07  0.112339E+07  0.112339E+07  0.000000E+00  0.000000E+00  0.000000E+00
    442.50   0.102299E+07  0.112407E+07  0.112407E+07  0.000000E+00  0.000000E+00  0.000000E+00
    443.00   0.102142E+07  0.112488E+07  0.112488E+07  0.000000E+00  0.000000E+00  0.000000E+00
    443.50   0.102004E+07  0.112581E+07  0.112581E+07  0.000000E+00  0.000000E+00  0.000000E+00
    444.00   0.101885E+07  0.112686E+07  0.112686E+07  0.000000E+00  0.000000E+00  0.000000E+00
    444.50   0.101784E+07  0.112804E+07  0.112804E+07  0.000000E+00  0.000000E+00  0.000000E+00
    445.00   0.101700E+07  0.112931E+07  0.112931E+07  0.000000E+00  0.000000E+00  0.000000E+00
    445.50   0.101632E+07  0.113067E+07  0.113067E+07  0.000000E+00  0.000000E+00  0.000000E+00
    446.00   0.101577E+07  0.113209E+07  0.113209E+07  0.000000E+00  0.000000E+00  0.000000E+00
    446.50   0.101534E+07  0.113356E+07  0.113356E+07  0.000000E+00  0.000000E+00  0.000000E+00
    447.00   0.101501E+07  0.113503E+07  0.113503E+07  0.000000E+00  0.000000E+00  0.000000E+00
    447.50   0.101475E+07  0.113649E+07  0.113649E+07  0.000000E+00  0.000000E+00  0.000000E+00
    448.00   0.101453E+07  0.113790E+07  0.113790E+07  0.000000E+00  0.000000E+00  0.000000E+00
    448.50   0.101434E+07  0.113924E+07  0.113924E+07  0.000000E+00  0.000000E+00  0.000000E+00
    449.00   0.101415E+07  0.114048E+07  0.114048E+07  0.000000E+00  0.000000E+00  0.000000E+00
    449.50   0.101393E+07  0.114159E+07  0.114159E+07  0.000000E+00  0.000000E+00  0.000000E+00
    450.00   0.101368E+07  0.114255E+07  0.114255E+07  0.000000E+00  0.000000E+00  0.000000E+00
    450.50   0.101338E+07  0.114334E+07  0.114334E+07  0.000000E+00  0.000000E+00  0.000000E+00
    451.00   0.101301E+07  0.114395E+07  0.114395E+07  0.000000E+00  0.000000E+00  0.000000E+00
    451.50   0.101257E+07  0.114437E+07  0.114437E+07  0.000000E+00  0.000000E+00  0.000000E+00
    452.00   0.101205E+07  0.114460E+07  0.114460E+07  0.000000E+00  0.000000E+00  0.000000E+00
    452.50   0.101147E+07  0.114463E+07  0.114463E+07  0.000000E+00  0.000000E+00  0.000000E+00
    453.00   0.101082E+07  0.114448E+07  0.114448E+07  0.000000E+00  0.000000E+00  0.000000E+00
    453.50   0.101011E+07  0.114415E+07  0.114415E+07  0.000000E+00  0.000000E+00  0.000000E+00
    454.00   0.100937E+07  0.114367E+07  0.114367E+07  0.000000E+00  0.000000E+00  0.000000E+00
    454.50   0.100860E+07  0.114305E+07  0.114305E+07  0.000000E+00  0.000000E+00  0.000000E+00
    455.00   0.100783E+07  0.114232E+07  0.114232E+07  0.000000E+00  0.000000E+00  0.000000E+00
    455.50   0.100709E+07  0.114150E+07  0.114150E+07  0.000000E+00  0.000000E+00  0.000000E+00
    456.00   0.100639E+07  0.114062E+07  0.114062E+07  0.000000E+00  0.000000E+00  0.000000E+00
    456.50   0.100576E+07  0.113972E+07  0.113972E+07  0.000000E+00  0.000000E+00  0.000000E+00
    457.00   0.100522E+07  0.113882E+07  0.113882E+07  0.000000E+00  0.000000E+00  0.000000E+00
    457.50   0.100480E+07  0.113794E+07  0.113794E+07  0.000000E+00  0.000000E+00  0.000000E+00
    458.00   0.100452E+07  0.113711E+07  0.113711E+07  0.000000E+00  0.000000E+00  0.000000E+00
    458.50   0.100440E+07  0.113636E+07  0.113636E+07  0.000000E+00  0.000000E+00  0.000000E+00
    459.00   0.100444E+07  0.113570E+07  0.113570E+07  0.000000E+00  0.000000E+00  0.000000E+00
    459.50   0.100467E+07  0.113515E+07  0.113515E+07  0.000000E+00  0.000000E+00  0.000000E+00
    460.00   0.100509E+07  0.113472E+07  0.113472E+07  0.000000E+00  0.000000E+00  0.000000E+00
    460.50   0.100571E+07  0.113440E+07  0.113440E+07  0.000000E+00  0.000000E+00  0.000000E+00
    461.00   0.100651E+07  0.113420E+07  0.113420E+07  0.000000E+00  0.000000E+00  0.000000E+00
    461.50   0.100750E+07  0.113411E+07  0.113411E+07  0.000000E+00  0.000000E+00  0.000000E+00
    462.00   0.100867E+07  0.113413E+07  0.113413E+07  0.000000E+00  0.000000E+00  0.000000E+00
    462.50   0.101000E+07  0.113423E+07  0.113423E+07  0.000000E+00  0.000000E+00  0.000000E+00
    463.00   0.101147E+07  0.113440E+07  0.113440E+07  0.000000E+00  0.000000E+00  0.000000E+00
    463.50   0.101307E+07  0.113461E+07  0.113461E+07  0.000000E+00  0.000000E+00  0.000000E+00
    464.00   0.101477E+07  0.113484E+07  0.113484E+07  0.000000E+00  0.000000E+00  0.000000E+00
    464.50   0.101655E+07  0.113506E+07  0.113506E+07  0.000000E+00  0.000000E+00  0.000000E+00
    465.00   0.101838E+07  0.113525E+07  0.113525E+07  0.000000E+00  0.000000E+00  0.000000E+00
    465.50   0.102024E+07  0.113537E+07  0.113537E+07  0.000000E+00  0.000000E+00  0.000000E+00
    466.00   0.102210E+07  0.113539E+07  0.113539E+07  0.000000E+00  0.000000E+00  0.000000E+00
    466.50   0.102393E+07  0.113531E+07  0.113531E+07  0.000000E+00  0.000000E+00  0.000000E+00
    467.00   0.102573E+07  0.113508E+07  0.113508E+07  0.000000E+00  0.000000E+00  0.000000E+00
    467.50   0.102747E+07  0.113471E+07  0.113471E+07  0.000000E+00  0.000000E+00  0.000000E+00
    468.00   0.102914E+07  0.113416E+07  0.113416E+07  0.000000E+00  0.000000E+00  0.000000E+00
    468.50   0.103073E+07  0.113344E+07  0.113344E+07  0.000000E+00  0.000000E+00  0.000000E+00
    469.00   0.103223E+07  0.113253E+07  0.113253E+07  0.000000E+00  0.000000E+00  0.000000E+00
    469.50   0.103365E+07  0.113145E+07  0.113145E+07  0.000000E+00  0.000000E+00  0.000000E+00
    470.00   0.103498E+07  0.113019E+07  0.113019E+07  0.000000E+00  0.000000E+00  0.000000E+00
    470.50   0.103624E+07  0.112878E+07  0.112878E+07  0.000000E+00  0.000000E+00  0.000000E+00
    471.00   0.103743E+07  0.112722E+07  0.112722E+07  0.000000E+00  0.000000E+00  0.000000E+00
    471.50   0.103858E+07  0.112554E+07  0.112554E+07  0.000000E+00  0.000000E+00  0.000000E+00
    472.00   0.103971E+07  0.112375E+07  0.112375E+07  0.000000E+00  0.000000E+00  0.000000E+00
    472.50   0.104082E+07  0.112190E+07  0.112190E+07  0.000000E+00  0.000000E+00  0.000000E+00
    473.00   0.104196E+07  0.112000E+07  0.112000E+07  0.000000E+00  0.000000E+00  0.000000E+00
    473.50   0.104314E+07  0.111808E+07  0.111808E+07  0.000000E+00  0.000000E+00  0.000000E+00
    474.00   0.104438E+07  0.111618E+07  0.111618E+07  0.000000E+00  0.000000E+00  0.000000E+00
    474.50   0.104572E+07  0.111431E+07  0.111431E+07  0.000000E+00  0.000000E+00  0.000000E+00
    475.00   0.104716E+07  0.111251E+07  0.111251E+07  0.000000E+00  0.000000E+00  0.000000E+00
    475.50   0.104874E+07  0.111081E+07  0.111081E+07  0.000000E+00  0.000000E+00  0.000000E+00
    476.00   0.105046E+07  0.110920E+07  0.110920E+07  0.000000E+00  0.000000E+00  0.000000E+00
    476.50   0.105234E+07  0.110772E+07  0.110772E+07  0.000000E+00  0.000000E+00  0.000000E+00
    477.00   0.105439E+07  0.110638E+07  0.110638E+07  0.000000E+00  0.000000E+00  0.000000E+00
    477.50   0.105661E+07  0.110517E+07  0.110517E+07  0.000000E+00  0.000000E+00  0.000000E+00
    478.00   0.105900E+07  0.110411E+07  0.110411E+07  0.000000E+00  0.000000E+00  0.000000E+00
    478.50   0.106156E+07  0.110318E+07  0.110318E+07  0.000000E+00  0.000000E+00  0.000000E+00
    479.00   0.106427E+07  0.110238E+07  0.110238E+07  0.000000E+00  0.000000E+00  0.000000E+00
    479.50   0.106712E+07  0.110169E+07  0.110169E+07  0.000000E+00  0.000000E+00  0.000000E+00
    480.00   0.107008E+07  0.110110E+07  0.110110E+07  0.000000E+00  0.000000E+00  0.000000E+00
    480.50   0.107315E+07  0.110059E+07  0.110059E+07  0.000000E+00  0.000000E+00  0.000000E+00
    481.00   0.107629E+07  0.110012E+07  0.110012E+07  0.000000E+00  0.000000E+00  0.000000E+00
    481.50   0.107948E+07  0.109969E+07  0.109969E+07  0.000000E+00  0.000000E+00  0.000000E+00
    482.00   0.108269E+07  0.109925E+07  0.109925E+07  0.000000E+00  0.000000E+00  0.000000E+00
    482.50   0.108589E+07  0.109880E+07  0.109880E+07  0.000000E+00  0.000000E+00  0.000000E+00
    483.00   0.108905E+07  0.109829E+07  0.109829E+07  0.000000E+00  0.000000E+00  0.000000E+00
    483.50   0.109215E+07  0.109770E+07  0.109770E+07  0.000000E+00  0.000000E+00  0.000000E+00
    484.00   0.109516E+07  0.109703E+07  0.109703E+07  0.000000E+00  0.000000E+00  0.000000E+00
    484.50   0.109806E+07  0.109624E+07  0.109624E+07  0.000000E+00  0.000000E+00  0.000000E+00
    485.00   0.110084E+07  0.109532E+07  0.109532E+07  0.000000E+00  0.000000E+00  0.000000E+00
    485.50   0.110348E+07  0.109427E+07  0.109427E+07  0.000000E+00  0.000000E+00  0.000000E+00
    486.00   0.110597E+07  0.109308E+07  0.109308E+07  0.000000E+00  0.000000E+00  0.000000E+00
    486.50   0.110832E+07  0.109175E+07  0.109175E+07  0.000000E+00  0.000000E+00  0.000000E+00
    487.00   0.111051E+07  0.109029E+07  0.109029E+07  0.000000E+00  0.000000E+00  0.000000E+00
    487.50   0.111257E+07  0.108870E+07  0.108870E+07  0.000000E+00  0.000000E+00  0.000000E+00
    488.00   0.111449E+07  0.108701E+07  0.108701E+07  0.000000E+00  0.000000E+00  0.000000E+00
    488.50   0.111631E+07  0.108522E+07  0.108522E+07  0.000000E+00  0.000000E+00  0.000000E+00
    489.00   0.111802E+07  0.108336E+07  0.108336E+07  0.000000E+00  0.000000E+00  0.000000E+00
    489.50   0.111966E+07  0.108146E+07  0.108146E+07  0.000000E+00  0.000000E+00  0.000000E+00
    490.00   0.112125E+07  0.107954E+07  0.107954E+07  0.000000E+00  0.000000E+00  0.000000E+00
    490.50   0.112282E+07  0.107763E+07  0.107763E+07  0.000000E+00  0.000000E+00  0.000000E+00
    491.00   0.112439E+07  0.107576E+07  0.107576E+07  0.000000E+00  0.000000E+00  0.000000E+00
    491.50   0.112599E+07  0.107395E+07  0.107395E+07  0.000000E+00  0.000000E+00  0.000000E+00
    492.00   0.112763E+07  0.107222E+07  0.107222E+07  0.000000E+00  0.000000E+00  0.000000E+00
    492.50   0.112935E+07  0.107061E+07  0.107061E+07  0.000000E+00  0.000000E+00  0.000000E+00
    493.00   0.113115E+07  0.106912E+07  0.106912E+07  0.000000E+00  0.000000E+00  0.000000E+00
    493.50   0.113306E+07  0.106778E+07  0.106778E+07  0.000000E+00  0.000000E+00  0.000000E+00
    494.00   0.113509E+07  0.106659E+07  0.106659E+07  0.000000E+00  0.000000E+00  0.000000E+00
    494.50   0.113722E+07  0.106556E+07  0.106556E+07  0.000000E+00  0.000000E+00  0.000000E+00
    495.00   0.113948E+07  0.106470E+07  0.106470E+07  0.000000E+00  0.000000E+00  0.000000E+00
    495.50   0.114185E+07  0.106400E+07  0.106400E+07  0.000000E+00  0.000000E+00  0.000000E+00
    496.00   0.114433E+07  0.106344E+07  0.106344E+07  0.000000E+00  0.000000E+00  0.000000E+00
    496.50   0.114689E+07  0.106304E+07  0.106304E+07  0.000000E+00  0.000000E+00  0.000000E+00
    497.00   0.114951E+07  0.106275E+07  0.106275E+07  0.000000E+00  0.000000E+00  0.000000E+00
    497.50   0.115218E+07  0.106257E+07  0.106257E+07  0.000000E+00  0.000000E+00  0.000000E+00
    498.00   0.115487E+07  0.106248E+07  0.106248E+07  0.000000E+00  0.000000E+00  0.000000E+00
    498.50   0.115755E+07  0.106245E+07  0.106245E+07  0.000000E+00  0.000000E+00  0.000000E+00
    499.00   0.116019E+07  0.106245E+07  0.106245E+07  0.000000E+00  0.000000E+00  0.000000E+00
    499.50   0.116276E+07  0.106246E+07  0.106246E+07  0.000000E+00  0.000000E+00  0.000000E+00
