      0.00   0.000000E+00
      0.50   0.000000E+00
      1.00   0.000000E+00
      1.50   0.000000E+00
      2.00   0.000000E+00
      2.50   0.000000E+00
      3.00   0.000000E+00
      3.50   0.000000E+00
      4.00   0.000000E+00
      4.50   0.000000E+00
      5.00   0.000000E+00
      5.50   0.000000E+00
      6.00   0.000000E+00
      6.50   0.000000E+00
      7.00   0.000000E+00
      7.50   0.000000E+00
      8.00   0.000000E+00
      8.50   0.000000E+00
      9.00   0.606700E+00
      9.50   0.606700E+00
     10.00   0.606700E+00
     10.50   0.606700E+00
     11.00   0.606700E+00
     11.50   0.606700E+00
     12.00   0.606700E+00
     12.50   0.606700E+00
     13.00   0.606700E+00
     13.50   0.606700E+00
     14.00   0.606700E+00
     14.50   0.606700E+00
     15.00   0.606700E+00
     15.50   0.606700E+00
     16.00   0.606700E+00
     16.50   0.606700E+00
     17.00   0.606700E+00
     17.50   0.606700E+00
     18.00   0.606700E+00
     18.50   0.606700E+00
     19.00   0.606700E+00
     19.50   0.606700E+00
     20.00   0.606700E+00
     20.50   0.606700E+00
     21.00   0.606700E+00
     21.50   0.606700E+00
     22.00   0.606700E+00
     22.50   0.606700E+00
     23.00   0.606700E+00
     23.50   0.606700E+00
     24.00   0.606700E+00
     24.50   0.606700E+00
     25.00   0.606700E+00
     25.50   0.606700E+00
     26.00   0.606700E+00
     26.50   0.606700E+00
     27.00   0.606700E+00
     27.50   0.606700E+00
     28.00   0.606700E+00
     28.50   0.606700E+00
     29.00   0.606700E+00
     29.50   0.606700E+00
     30.00   0.606700E+00
     30.50   0.606700E+00
     31.00   0.606700E+00
     31.50   0.606700E+00
     32.00   0.606700E+00
     32.50   0.606700E+00
     33.00   0.606700E+00
     33.50   0.606700E+00
     34.00   0.606700E+00
     34.50   0.606700E+00
     35.00   0.606700E+00
     35.50   0.606700E+00
     36.00   0.606700E+00
     36.50   0.606700E+00
     37.00   0.606700E+00
     37.50   0.606700E+00
     38.00   0.606700E+00
     38.50   0.606700E+00
     39.00   0.606700E+00
     39.50   0.606700E+00
     40.00   0.606700E+00
     40.50   0.606700E+00
     41.00   0.606700E+00
     41.50   0.606700E+00
     42.00   0.606700E+00
     42.50   0.606700E+00
     43.00   0.606700E+00
     43.50   0.606700E+00
     44.00   0.606700E+00
     44.50   0.606700E+00
     45.00   0.606700E+00
     45.50   0.606700E+00
     46.00   0.606700E+00
     46.50   0.606700E+00
     47.00   0.606700E+00
     47.50   0.606700E+00
     48.00   0.606700E+00
     48.50   0.606700E+00
     49.00   0.606700E+00
     49.50   0.606700E+00
     50.00   0.606700E+00
     50.50   0.606700E+00
     51.00   0.606700E+00
     51.50   0.606700E+00
     52.00   0.606700E+00
     52.50   0.606700E+00
     53.00   0.606700E+00
     53.50   0.606700E+00
     54.00   0.606700E+00
     54.50   0.606700E+00
     55.00   0.606700E+00
     55.50   0.606700E+00
     56.00   0.606700E+00
     56.50   0.606700E+00
     57.00   0.606700E+00
     57.50   0.606700E+00
     58.00   0.606700E+00
     58.50   0.000000E+00
     59.00   0.000000E+00
     59.50   0.000000E+00
     60.00   0.000000E+00
     60.50   0.000000E+00
     61.00   0.000000E+00
     61.50   0.000000E+00
     62.00   0.000000E+00
     62.50   0.000000E+00
     63.00   0.000000E+00
     63.50   0.000000E+00
     64.00   0.000000E+00
     64.50   0.000000E+00
     65.00   0.000000E+00
     65.50   0.000000E+00
     66.00   0.000000E+00
     66.50   0.000000E+00
     67.00   0.000000E+00
     67.50   0.000000E+00
     68.00   0.000000E+00
     68.50   0.606700E+00
     69.00   0.606700E+00
     69.50   0.606700E+00
     70.00   0.606700E+00
     70.50   0.606700E+00
     71.00   0.606700E+00
     71.50   0.606700E+00
     72.00   0.606700E+00
     72.50   0.606700E+00
     73.00   0.606700E+00
     73.50   0.606700E+00
     74.00   0.606700E+00
     74.50   0.606700E+00
     75.00   0.606700E+00
     75.50   0.606700E+00
     76.00   0.606700E+00
     76.50   0.606700E+00
     77.00   0.606700E+00
     77.50   0.606700E+00
     78.00   0.606700E+00
     78.50   0.606700E+00
     79.00   0.606700E+00
     79.50   0.606700E+00
     80.00   0.606700E+00
     80.50   0.606700E+00
     81.00   0.606700E+00
     81.50   0.606700E+00
     82.00   0.606700E+00
     82.50   0.606700E+00
     83.00   0.606700E+00
     83.50   0.606700E+00
     84.00   0.606700E+00
     84.50   0.606700E+00
     85.00   0.606700E+00
     85.50   0.606700E+00
     86.00   0.606700E+00
     86.50   0.606700E+00
     87.00   0.606700E+00
     87.50   0.606700E+00
     88.00   0.606700E+00
     88.50   0.606700E+00
     89.00   0.606700E+00
     89.50   0.606700E+00
     90.00   0.606700E+00
     90.50   0.606700E+00
     91.00   0.606700E+00
     91.50   0.606700E+00
     92.00   0.606700E+00
     92.50   0.606700E+00
     93.00   0.606700E+00
     93.50   0.606700E+00
     94.00   0.606700E+00
     94.50   0.606700E+00
     95.00   0.606700E+00
     95.50   0.606700E+00
     96.00   0.606700E+00
     96.50   0.606700E+00
     97.00   0.606700E+00
     97.50   0.606700E+00
     98.00   0.606700E+00
     98.50   0.606700E+00
     99.00   0.606700E+00
     99.50   0.606700E+00
    100.00   0.606700E+00
    100.50   0.606700E+00
    101.00   0.606700E+00
    101.50   0.606700E+00
    102.00   0.606700E+00
    102.50   0.606700E+00
    103.00   0.606700E+00
    103.50   0.606700E+00
    104.00   0.606700E+00
    104.50   0.606700E+00
    105.00   0.606700E+00
    105.50   0.606700E+00
    106.00   0.606700E+00
    106.50   0.606700E+00
    107.00   0.606700E+00
    107.50   0.606700E+00
    108.00   0.606700E+00
    108.50   0.606700E+00
    109.00   0.606700E+00
    109.50   0.606700E+00
    110.00   0.606700E+00
    110.50   0.606700E+00
    111.00   0.606700E+00
    111.50   0.606700E+00
    112.00   0.606700E+00
    112.50   0.606700E+00
    113.00   0.606700E+00
    113.50   0.606700E+00
    114.00   0.606700E+00
    114.50   0.606700E+00
    115.00   0.606700E+00
    115.50   0.000000E+00
    116.00   0.000000E+00
    116.50   0.000000E+00
    117.00   0.000000E+00
    117.50   0.000000E+00
    118.00   0.000000E+00
    118.50   0.000000E+00
    119.00   0.000000E+00
    119.50   0.000000E+00
    120.00   0.000000E+00
    120.50   0.000000E+00
    121.00   0.000000E+00
    121.50   0.000000E+00
    122.00   0.000000E+00
    122.50   0.000000E+00
    123.00   0.000000E+00
    123.50   0.606700E+00
    124.00   0.606700E+00
    124.50   0.606700E+00
    125.00   0.606700E+00
    125.50   0.606700E+00
    126.00   0.606700E+00
    126.50   0.606700E+00
    127.00   0.606700E+00
    127.50   0.606700E+00
    128.00   0.606700E+00
    128.50   0.606700E+00
    129.00   0.606700E+00
    129.50   0.606700E+00
    130.00   0.606700E+00
    130.50   0.606700E+00
    131.00   0.606700E+00
    131.50   0.606700E+00
    132.00   0.606700E+00
    132.50   0.606700E+00
    133.00   0.606700E+00
    133.50   0.606700E+00
    134.00   0.606700E+00
    134.50   0.606700E+00
    135.00   0.606700E+00
    135.50   0.606700E+00
    136.00   0.606700E+00
    136.50   0.606700E+00
    137.00   0.606700E+00
    137.50   0.606700E+00
    138.00   0.606700E+00
    138.50   0.606700E+00
    139.00   0.606700E+00
    139.50   0.606700E+00
    140.00   0.606700E+00
    140.50   0.606700E+00
    141.00   0.606700E+00
    141.50   0.606700E+00
    142.00   0.606700E+00
    142.50   0.606700E+00
    143.00   0.606700E+00
    143.50   0.606700E+00
    144.00   0.606700E+00
    144.50   0.606700E+00
    145.00   0.606700E+00
    145.50   0.606700E+00
    146.00   0.606700E+00
    146.50   0.606700E+00
    147.00   0.606700E+00
    147.50   0.606700E+00
    148.00   0.606700E+00
    148.50   0.606700E+00
    149.00   0.606700E+00
    149.50   0.606700E+00
    150.00   0.606700E+00
    150.50   0.606700E+00
    151.00   0.606700E+00
    151.50   0.606700E+00
    152.00   0.606700E+00
    152.50   0.606700E+00
    153.00   0.606700E+00
    153.50   0.606700E+00
    154.00   0.606700E+00
    154.50   0.606700E+00
    155.00   0.606700E+00
    155.50   0.606700E+00
    156.00   0.606700E+00
    156.50   0.606700E+00
    157.00   0.606700E+00
    157.50   0.606700E+00
    158.00   0.606700E+00
    158.50   0.606700E+00
    159.00   0.606700E+00
    159.50   0.606700E+00
    160.00   0.606700E+00
    160.50   0.606700E+00
    161.00   0.606700E+00
    161.50   0.606700E+00
    162.00   0.606700E+00
    162.50   0.606700E+00
    163.00   0.606700E+00
    163.50   0.606700E+00
    164.00   0.606700E+00
    164.50   0.606700E+00
    165.00   0.606700E+00
    165.50   0.606700E+00
    166.00   0.606700E+00
    166.50   0.606700E+00
    167.00   0.606700E+00
    167.50   0.606700E+00
    168.00   0.606700E+00
    168.50   0.606700E+00
    169.00   0.606700E+00
    169.50   0.606700E+00
    170.00   0.606700E+00
    170.50   0.000000E+00
    171.00   0.000000E+00
    171.50   0.000000E+00
    172.00   0.000000E+00
    172.50   0.000000E+00
    173.00   0.000000E+00
    173.50   0.000000E+00
    174.00   0.000000E+00
    174.50   0.000000E+00
    175.00   0.000000E+00
    175.50   0.000000E+00
    176.00   0.000000E+00
    176.50   0.000000E+00
    177.00   0.000000E+00
    177.50   0.000000E+00
    178.00   0.000000E+00
    178.50   0.000000E+00
    179.00   0.000000E+00
    179.50   0.606700E+00
    180.00   0.606700E+00
    180.50   0.606700E+00
    181.00   0.606700E+00
    181.50   0.606700E+00
    182.00   0.606700E+00
    182.50   0.606700E+00
    183.00   0.606700E+00
    183.50   0.606700E+00
    184.00   0.606700E+00
    184.50   0.606700E+00
    185.00   0.606700E+00
    185.50   0.606700E+00
    186.00   0.606700E+00
    186.50   0.606700E+00
    187.00   0.606700E+00
    187.50   0.606700E+00
    188.00   0.606700E+00
    188.50   0.606700E+00
    189.00   0.606700E+00
    189.50   0.606700E+00
    190.00   0.606700E+00
    190.50   0.606700E+00
    191.00   0.606700E+00
    191.50   0.606700E+00
    192.00   0.606700E+00
    192.50   0.606700E+00
    193.00   0.606700E+00
    193.50   0.606700E+00
    194.00   0.606700E+00
    194.50   0.606700E+00
    195.00   0.606700E+00
    195.50   0.606700E+00
    196.00   0.606700E+00
    196.50   0.606700E+00
    197.00   0.606700E+00
    197.50   0.606700E+00
    198.00   0.606700E+00
    198.50   0.606700E+00
    199.00   0.606700E+00
    199.50   0.606700E+00
    200.00   0.606700E+00
    200.50   0.606700E+00
    201.00   0.606700E+00
    201.50   0.606700E+00
    202.00   0.606700E+00
    202.50   0.606700E+00
    203.00   0.606700E+00
    203.50   0.606700E+00
    204.00   0.606700E+00
    204.50   0.606700E+00
    205.00   0.606700E+00
    205.50   0.606700E+00
    206.00   0.606700E+00
    206.50   0.606700E+00
    207.00   0.606700E+00
    207.50   0.606700E+00
    208.00   0.606700E+00
    208.50   0.606700E+00
    209.00   0.606700E+00
    209.50   0.606700E+00
    210.00   0.606700E+00
    210.50   0.606700E+00
    211.00   0.606700E+00
    211.50   0.606700E+00
    212.00   0.606700E+00
    212.50   0.606700E+00
    213.00   0.606700E+00
    213.50   0.606700E+00
    214.00   0.606700E+00
    214.50   0.606700E+00
    215.00   0.606700E+00
    215.50   0.606700E+00
    216.00   0.606700E+00
    216.50   0.606700E+00
    217.00   0.606700E+00
    217.50   0.606700E+00
    218.00   0.606700E+00
    218.50   0.606700E+00
    219.00   0.606700E+00
    219.50   0.606700E+00
    220.00   0.606700E+00
    220.50   0.606700E+00
    221.00   0.606700E+00
    221.50   0.606700E+00
    222.00   0.606700E+00
    222.50   0.606700E+00
    223.00   0.606700E+00
    223.50   0.000000E+00
    224.00   0.000000E+00
    224.50   0.000000E+00
    225.00   0.000000E+00
    225.50   0.000000E+00
    226.00   0.000000E+00
    226.50   0.000000E+00
    227.00   0.000000E+00
    227.50   0.000000E+00
    228.00   0.000000E+00
    228.50   0.000000E+00
    229.00   0.000000E+00
    229.50   0.000000E+00
    230.00   0.000000E+00
    230.50   0.000000E+00
    231.00   0.000000E+00
    231.50   0.000000E+00
    232.00   0.000000E+00
    232.50   0.000000E+00
    233.00   0.000000E+00
    233.50   0.000000E+00
    234.00   0.000000E+00
    234.50   0.000000E+00
    235.00   0.000000E+00
    235.50   0.000000E+00
    236.00   0.000000E+00
    236.50   0.000000E+00
    237.00   0.000000E+00
    237.50   0.000000E+00
    238.00   0.606700E+00
    238.50   0.606700E+00
    239.00   0.606700E+00
    239.50   0.606700E+00
    240.00   0.606700E+00
    240.50   0.606700E+00
    241.00   0.606700E+00
    241.50   0.606700E+00
    242.00   0.606700E+00
    242.50   0.606700E+00
    243.00   0.606700E+00
    243.50   0.606700E+00
    244.00   0.606700E+00
    244.50   0.606700E+00
    245.00   0.606700E+00
    245.50   0.606700E+00
    246.00   0.606700E+00
    246.50   0.606700E+00
    247.00   0.606700E+00
    247.50   0.606700E+00
    248.00   0.606700E+00
    248.50   0.606700E+00
    249.00   0.606700E+00
    249.50   0.606700E+00
    250.00   0.606700E+00
    250.50   0.606700E+00
    251.00   0.606700E+00
    251.50   0.606700E+00
    252.00   0.606700E+00
    252.50   0.606700E+00
    253.00   0.606700E+00
    253.50   0.606700E+00
    254.00   0.606700E+00
    254.50   0.606700E+00
    255.00   0.606700E+00
    255.50   0.606700E+00
    256.00   0.606700E+00
    256.50   0.606700E+00
    257.00   0.606700E+00
    257.50   0.606700E+00
    258.00   0.606700E+00
    258.50   0.606700E+00
    259.00   0.606700E+00
    259.50   0.606700E+00
    260.00   0.606700E+00
    260.50   0.606700E+00
    261.00   0.606700E+00
    261.50   0.606700E+00
    262.00   0.606700E+00
    262.50   0.606700E+00
    263.00   0.606700E+00
    263.50   0.606700E+00
    264.00   0.606700E+00
    264.50   0.606700E+00
    265.00   0.606700E+00
    265.50   0.606700E+00
    266.00   0.606700E+00
    266.50   0.606700E+00
    267.00   0.606700E+00
    267.50   0.606700E+00
    268.00   0.606700E+00
    268.50   0.606700E+00
    269.00   0.606700E+00
    269.50   0.606700E+00
    270.00   0.606700E+00
    270.50   0.606700E+00
    271.00   0.606700E+00
    271.50   0.606700E+00
    272.00   0.606700E+00
    272.50   0.606700E+00
    273.00   0.606700E+00
    273.50   0.606700E+00
    274.00   0.606700E+00
    274.50   0.606700E+00
    275.00   0.606700E+00
    275.50   0.606700E+00
    276.00   0.606700E+00
    276.50   0.606700E+00
    277.00   0.606700E+00
    277.50   0.606700E+00
    278.00   0.606700E+00
    278.50   0.606700E+00
    279.00   0.606700E+00
    279.50   0.606700E+00
    280.00   0.606700E+00
    280.50   0.606700E+00
    281.00   0.606700E+00
    281.50   0.606700E+00
    282.00   0.606700E+00
    282.50   0.606700E+00
    283.00   0.606700E+00
    283.50   0.000000E+00
    284.00   0.000000E+00
    284.50   0.000000E+00
    285.00   0.000000E+00
    285.50   0.000000E+00
    286.00   0.000000E+00
    286.50   0.000000E+00
    287.00   0.000000E+00
    287.50   0.000000E+00
    288.00   0.000000E+00
    288.50   0.000000E+00
    289.00   0.000000E+00
    289.50   0.000000E+00
    290.00   0.000000E+00
    290.50   0.000000E+00
    291.00   0.000000E+00
    291.50   0.606700E+00
    292.00   0.606700E+00
    292.50   0.606700E+00
    293.00   0.606700E+00
    293.50   0.606700E+00
    294.00   0.606700E+00
    294.50   0.606700E+00
    295.00   0.606700E+00
    295.50   0.606700E+00
    296.00   0.606700E+00
    296.50   0.606700E+00
    297.00   0.606700E+00
    297.50   0.606700E+00
    298.00   0.606700E+00
    298.50   0.606700E+00
    299.00   0.606700E+00
    299.50   0.606700E+00
    300.00   0.606700E+00
    300.50   0.606700E+00
    301.00   0.606700E+00
    301.50   0.606700E+00
    302.00   0.606700E+00
    302.50   0.606700E+00
    303.00   0.606700E+00
    303.50   0.606700E+00
    304.00   0.606700E+00
    304.50   0.606700E+00
    305.00   0.606700E+00
    305.50   0.606700E+00
    306.00   0.606700E+00
    306.50   0.606700E+00
    307.00   0.606700E+00
    307.50   0.606700E+00
    308.00   0.606700E+00
    308.50   0.606700E+00
    309.00   0.606700E+00
    309.50   0.606700E+00
    310.00   0.606700E+00
    310.50   0.606700E+00
    311.00   0.606700E+00
    311.50   0.606700E+00
    312.00   0.606700E+00
    312.50   0.606700E+00
    313.00   0.606700E+00
    313.50   0.606700E+00
    314.00   0.606700E+00
    314.50   0.606700E+00
    315.00   0.606700E+00
    315.50   0.606700E+00
    316.00   0.606700E+00
    316.50   0.606700E+00
    317.00   0.606700E+00
    317.50   0.606700E+00
    318.00   0.606700E+00
    318.50   0.606700E+00
    319.00   0.606700E+00
    319.50   0.606700E+00
    320.00   0.606700E+00
    320.50   0.606700E+00
    321.00   0.606700E+00
    321.50   0.606700E+00
    322.00   0.606700E+00
    322.50   0.606700E+00
    323.00   0.606700E+00
    323.50   0.606700E+00
    324.00   0.606700E+00
    324.50   0.606700E+00
    325.00   0.606700E+00
    325.50   0.606700E+00
    326.00   0.606700E+00
    326.50   0.606700E+00
    327.00   0.606700E+00
    327.50   0.606700E+00
    328.00   0.606700E+00
    328.50   0.606700E+00
    329.00   0.606700E+00
    329.50   0.606700E+00
    330.00   0.606700E+00
    330.50   0.606700E+00
    331.00   0.606700E+00
    331.50   0.606700E+00
    332.00   0.606700E+00
    332.50   0.606700E+00
    333.00   0.606700E+00
    333.50   0.606700E+00
    334.00   0.606700E+00
    334.50   0.606700E+00
    335.00   0.606700E+00
    335.50   0.606700E+00
    336.00   0.000000E+00
    336.50   0.000000E+00
    337.00   0.000000E+00
    337.50   0.000000E+00
    338.00   0.000000E+00
    338.50   0.000000E+00
    339.00   0.000000E+00
    339.50   0.000000E+00
    340.00   0.000000E+00
    340.50   0.000000E+00
    341.00   0.000000E+00
    341.50   0.000000E+00
    342.00   0.000000E+00
    342.50   0.000000E+00
    343.00   0.000000E+00
    343.50   0.000000E+00
    344.00   0.000000E+00
    344.50   0.000000E+00
    345.00   0.000000E+00
    345.50   0.000000E+00
    346.00   0.000000E+00
    346.50   0.000000E+00
    347.00   0.000000E+00
    347.50   0.000000E+00
    348.00   0.000000E+00
    348.50   0.000000E+00
    349.00   0.000000E+00
    349.50   0.000000E+00
    350.00   0.000000E+00
    350.50   0.000000E+00
    351.00   0.000000E+00
    351.50   0.000000E+00
    352.00   0.000000E+00
    352.50   0.606700E+00
    353.00   0.606700E+00
    353.50   0.606700E+00
    354.00   0.606700E+00
    354.50   0.606700E+00
    355.00   0.606700E+00
    355.50   0.606700E+00
    356.00   0.606700E+00
    356.50   0.606700E+00
    357.00   0.606700E+00
    357.50   0.606700E+00
    358.00   0.606700E+00
    358.50   0.606700E+00
    359.00   0.606700E+00
    359.50   0.606700E+00
    360.00   0.606700E+00
    360.50   0.606700E+00
    361.00   0.606700E+00
    361.50   0.606700E+00
    362.00   0.606700E+00
    362.50   0.606700E+00
    363.00   0.606700E+00
    363.50   0.606700E+00
    364.00   0.606700E+00
    364.50   0.606700E+00
    365.00   0.606700E+00
    365.50   0.606700E+00
    366.00   0.606700E+00
    366.50   0.606700E+00
    367.00   0.606700E+00
    367.50   0.606700E+00
    368.00   0.606700E+00
    368.50   0.606700E+00
    369.00   0.606700E+00
    369.50   0.606700E+00
    370.00   0.606700E+00
    370.50   0.606700E+00
    371.00   0.606700E+00
    371.50   0.606700E+00
    372.00   0.606700E+00
    372.50   0.606700E+00
    373.00   0.606700E+00
    373.50   0.606700E+00
    374.00   0.606700E+00
    374.50   0.606700E+00
    375.00   0.606700E+00
    375.50   0.606700E+00
    376.00   0.606700E+00
    376.50   0.606700E+00
    377.00   0.606700E+00
    377.50   0.606700E+00
    378.00   0.606700E+00
    378.50   0.606700E+00
    379.00   0.606700E+00
    379.50   0.606700E+00
    380.00   0.606700E+00
    380.50   0.606700E+00
    381.00   0.606700E+00
    381.50   0.606700E+00
    382.00   0.606700E+00
    382.50   0.606700E+00
    383.00   0.606700E+00
    383.50   0.606700E+00
    384.00   0.606700E+00
    384.50   0.606700E+00
    385.00   0.606700E+00
    385.50   0.606700E+00
    386.00   0.606700E+00
    386.50   0.606700E+00
    387.00   0.606700E+00
    387.50   0.606700E+00
    388.00   0.606700E+00
    388.50   0.606700E+00
    389.00   0.606700E+00
    389.50   0.000000E+00
    390.00   0.000000E+00
    390.50   0.000000E+00
    391.00   0.000000E+00
    391.50   0.000000E+00
    392.00   0.000000E+00
    392.50   0.000000E+00
    393.00   0.000000E+00
    393.50   0.000000E+00
    394.00   0.000000E+00
    394.50   0.000000E+00
    395.00   0.000000E+00
    395.50   0.000000E+00
    396.00   0.000000E+00
    396.50   0.000000E+00
    397.00   0.000000E+00
    397.50   0.000000E+00
    398.00   0.000000E+00
    398.50   0.000000E+00
    399.00   0.000000E+00
    399.50   0.000000E+00
    400.00   0.000000E+00
    400.50   0.000000E+00
    401.00   0.000000E+00
    401.50   0.000000E+00
    402.00   0.000000E+00
    402.50   0.000000E+00
    403.00   0.000000E+00
    403.50   0.000000E+00
    404.00   0.000000E+00
    404.50   0.000000E+00
    405.00   0.000000E+00
    405.50   0.606700E+00
    406.00   0.606700E+00
    406.50   0.606700E+00
    407.00   0.606700E+00
    407.50   0.606700E+00
    408.00   0.606700E+00
    408.50   0.606700E+00
    409.00   0.606700E+00
    409.50   0.606700E+00
    410.00   0.606700E+00
    410.50   0.606700E+00
    411.00   0.606700E+00
    411.50   0.606700E+00
    412.00   0.606700E+00
    412.50   0.606700E+00
    413.00   0.606700E+00
    413.50   0.606700E+00
    414.00   0.606700E+00
    414.50   0.606700E+00
    415.00   0.606700E+00
    415.50   0.606700E+00
    416.00   0.606700E+00
    416.50   0.606700E+00
    417.00   0.606700E+00
    417.50   0.606700E+00
    418.00   0.606700E+00
    418.50   0.606700E+00
    419.00   0.606700E+00
    419.50   0.606700E+00
    420.00   0.606700E+00
    420.50   0.606700E+00
    421.00   0.606700E+00
    421.50   0.606700E+00
    422.00   0.606700E+00
    422.50   0.606700E+00
    423.00   0.606700E+00
    423.50   0.606700E+00
    424.00   0.606700E+00
    424.50   0.606700E+00
    425.00   0.606700E+00
    425.50   0.606700E+00
    426.00   0.606700E+00
    426.50   0.606700E+00
    427.00   0.606700E+00
    427.50   0.606700E+00
    428.00   0.606700E+00
    428.50   0.606700E+00
    429.00   0.606700E+00
    429.50   0.606700E+00
    430.00   0.606700E+00
    430.50   0.606700E+00
    431.00   0.606700E+00
    431.50   0.606700E+00
    432.00   0.606700E+00
    432.50   0.606700E+00
    433.00   0.606700E+00
    433.50   0.606700E+00
    434.00   0.606700E+00
    434.50   0.606700E+00
    435.00   0.606700E+00
    435.50   0.606700E+00
    436.00   0.606700E+00
    436.50   0.606700E+00
    437.00   0.606700E+00
    437.50   0.606700E+00
    438.00   0.606700E+00
    438.50   0.606700E+00
    439.00   0.606700E+00
    439.50   0.606700E+00
    440.00   0.606700E+00
    440.50   0.606700E+00
    441.00   0.606700E+00
    441.50   0.606700E+00
    442.00   0.606700E+00
    442.50   0.606700E+00
    443.00   0.606700E+00
    443.50   0.606700E+00
    444.00   0.606700E+00
    444.50   0.606700E+00
    445.00   0.606700E+00
    445.50   0.606700E+00
    446.00   0.606700E+00
    446.50   0.606700E+00
    447.00   0.606700E+00
    447.50   0.606700E+00
    448.00   0.606700E+00
    448.50   0.606700E+00
    449.00   0.606700E+00
    449.50   0.000000E+00
    450.00   0.000000E+00
    450.50   0.000000E+00
    451.00   0.000000E+00
    451.50   0.000000E+00
    452.00   0.000000E+00
    452.50   0.000000E+00
    453.00   0.000000E+00
    453.50   0.000000E+00
    454.00   0.000000E+00
    454.50   0.000000E+00
    455.00   0.000000E+00
    455.50   0.000000E+00
    456.00   0.000000E+00
    456.50   0.000000E+00
    457.00   0.000000E+00
    457.50   0.000000E+00
    458.00   0.000000E+00
    458.50   0.000000E+00
    459.00   0.000000E+00
    459.50   0.000000E+00
    460.00   0.000000E+00
    460.50   0.000000E+00
    461.00   0.000000E+00
    461.50   0.000000E+00
    462.00   0.000000E+00
    462.50   0.000000E+00
    463.00   0.000000E+00
    463.50   0.000000E+00
    464.00   0.000000E+00
    464.50   0.000000E+00
    465.00   0.000000E+00
    465.50   0.000000E+00
    466.00   0.000000E+00
    466.50   0.000000E+00
    467.00   0.606700E+00
    467.50   0.606700E+00
    468.00   0.606700E+00
    468.50   0.606700E+00
    469.00   0.606700E+00
    469.50   0.606700E+00
    470.00   0.606700E+00
    470.50   0.606700E+00
    471.00   0.606700E+00
    471.50   0.606700E+00
    472.00   0.606700E+00
    472.50   0.606700E+00
    473.00   0.606700E+00
    473.50   0.606700E+00
    474.00   0.606700E+00
    474.50   0.606700E+00
    475.00   0.606700E+00
    475.50   0.606700E+00
    476.00   0.606700E+00
    476.50   0.606700E+00
    477.00   0.606700E+00
    477.50   0.606700E+00
    478.00   0.606700E+00
    478.50   0.606700E+00
    479.00   0.606700E+00
    479.50   0.606700E+00
    480.00   0.606700E+00
    480.50   0.606700E+00
    481.00   0.606700E+00
    481.50   0.606700E+00
    482.00   0.606700E+00
    482.50   0.606700E+00
    483.00   0.606700E+00
    483.50   0.606700E+00
    484.00   0.606700E+00
    484.50   0.606700E+00
    485.00   0.606700E+00
    485.50   0.606700E+00
    486.00   0.606700E+00
    486.50   0.606700E+00
    487.00   0.606700E+00
    487.50   0.606700E+00
    488.00   0.606700E+00
    488.50   0.606700E+00
    489.00   0.606700E+00
    489.50   0.606700E+00
    490.00   0.606700E+00
    490.50   0.606700E+00
    491.00   0.606700E+00
    491.50   0.606700E+00
    492.00   0.606700E+00
    492.50   0.606700E+00
    493.00   0.606700E+00
    493.50   0.606700E+00
    494.00   0.606700E+00
    494.50   0.606700E+00
    495.00   0.606700E+00
    495.50   0.606700E+00
    496.00   0.606700E+00
    496.50   0.606700E+00
    497.00   0.606700E+00
    497.50   0.606700E+00
    498.00   0.606700E+00
    498.50   0.606700E+00
    499.00   0.606700E+00
    499.50   0.606700E+00
