  1.000000000000000E-002  0.000000000000000E+000
  3.000000000000000E-002  0.000000000000000E+000
  5.000000000000000E-002  0.000000000000000E+000
  7.000000000000001E-002  0.000000000000000E+000
  9.000000000000000E-002  0.000000000000000E+000
  0.110000000000000       0.000000000000000E+000
  0.130000000000000       0.000000000000000E+000
  0.150000000000000       0.000000000000000E+000
  0.170000000000000       0.000000000000000E+000
  0.190000000000000       0.000000000000000E+000
  0.210000000000000       0.000000000000000E+000
  0.230000000000000       0.000000000000000E+000
  0.250000000000000       0.000000000000000E+000
  0.270000000000000       0.000000000000000E+000
  0.290000000000000       0.000000000000000E+000
  0.310000000000000       0.000000000000000E+000
  0.330000000000000       0.000000000000000E+000
  0.350000000000000       0.000000000000000E+000
  0.370000000000000       0.000000000000000E+000
  0.390000000000000       0.000000000000000E+000
  0.410000000000000       0.000000000000000E+000
  0.430000000000000       0.000000000000000E+000
  0.450000000000000       0.000000000000000E+000
  0.470000000000000       0.000000000000000E+000
  0.490000000000000       0.000000000000000E+000
  0.510000000000000       0.000000000000000E+000
  0.530000000000000       0.000000000000000E+000
  0.550000000000000       0.000000000000000E+000
  0.570000000000000       0.000000000000000E+000
  0.590000000000000       0.000000000000000E+000
  0.610000000000000       0.000000000000000E+000
  0.630000000000000       0.000000000000000E+000
  0.650000000000000       0.000000000000000E+000
  0.670000000000000       0.000000000000000E+000
  0.690000000000000       0.000000000000000E+000
  0.710000000000000       0.000000000000000E+000
  0.730000000000000       0.000000000000000E+000
  0.750000000000000       0.000000000000000E+000
  0.770000000000000       0.000000000000000E+000
  0.790000000000000       0.000000000000000E+000
  0.810000000000000       0.000000000000000E+000
  0.830000000000000       0.000000000000000E+000
  0.850000000000000       0.000000000000000E+000
  0.870000000000000       0.000000000000000E+000
  0.890000000000000       0.000000000000000E+000
  0.910000000000000       0.000000000000000E+000
  0.930000000000000       0.000000000000000E+000
  0.950000000000000       0.000000000000000E+000
  0.970000000000000       0.000000000000000E+000
  0.990000000000000       0.000000000000000E+000
   1.01000000000000       0.000000000000000E+000
   1.03000000000000       0.000000000000000E+000
   1.05000000000000       0.000000000000000E+000
   1.07000000000000       0.000000000000000E+000
   1.09000000000000       0.000000000000000E+000
   1.11000000000000       0.000000000000000E+000
   1.13000000000000       0.000000000000000E+000
   1.15000000000000       0.000000000000000E+000
   1.17000000000000       0.000000000000000E+000
   1.19000000000000       0.000000000000000E+000
   1.21000000000000       0.000000000000000E+000
   1.23000000000000       0.000000000000000E+000
   1.25000000000000       0.000000000000000E+000
   1.27000000000000       0.000000000000000E+000
   1.29000000000000       0.000000000000000E+000
   1.31000000000000       0.000000000000000E+000
   1.33000000000000       0.000000000000000E+000
   1.35000000000000       0.000000000000000E+000
   1.37000000000000       0.000000000000000E+000
   1.39000000000000       0.000000000000000E+000
   1.41000000000000       0.000000000000000E+000
   1.43000000000000       0.000000000000000E+000
   1.45000000000000       0.000000000000000E+000
   1.47000000000000       0.000000000000000E+000
   1.49000000000000       0.000000000000000E+000
   1.51000000000000       0.000000000000000E+000
   1.53000000000000       0.000000000000000E+000
   1.55000000000000       0.000000000000000E+000
   1.57000000000000       0.000000000000000E+000
   1.59000000000000       0.000000000000000E+000
   1.61000000000000       0.000000000000000E+000
   1.63000000000000       0.000000000000000E+000
   1.65000000000000       0.000000000000000E+000
   1.67000000000000       0.000000000000000E+000
   1.69000000000000       0.000000000000000E+000
   1.71000000000000       0.000000000000000E+000
   1.73000000000000       0.000000000000000E+000
   1.75000000000000       0.000000000000000E+000
   1.77000000000000       0.000000000000000E+000
   1.79000000000000       0.000000000000000E+000
   1.81000000000000       0.000000000000000E+000
   1.83000000000000       0.000000000000000E+000
   1.85000000000000       0.000000000000000E+000
   1.87000000000000       0.000000000000000E+000
   1.89000000000000       0.000000000000000E+000
   1.91000000000000       0.000000000000000E+000
   1.93000000000000       0.000000000000000E+000
   1.95000000000000       0.000000000000000E+000
   1.97000000000000       0.000000000000000E+000
   1.99000000000000       0.000000000000000E+000
   2.01000000000000       0.000000000000000E+000
   2.03000000000000       0.000000000000000E+000
   2.05000000000000       0.000000000000000E+000
   2.07000000000000       0.000000000000000E+000
   2.09000000000000       0.000000000000000E+000
   2.11000000000000       0.000000000000000E+000
   2.13000000000000       0.000000000000000E+000
   2.15000000000000       0.000000000000000E+000
   2.17000000000000       0.000000000000000E+000
   2.19000000000000       0.000000000000000E+000
   2.21000000000000       0.000000000000000E+000
   2.23000000000000       0.000000000000000E+000
   2.25000000000000       0.000000000000000E+000
   2.27000000000000       0.000000000000000E+000
   2.29000000000000       0.000000000000000E+000
   2.31000000000000       0.000000000000000E+000
   2.33000000000000       0.000000000000000E+000
   2.35000000000000       0.000000000000000E+000
   2.37000000000000       0.000000000000000E+000
   2.39000000000000       0.000000000000000E+000
   2.41000000000000       0.000000000000000E+000
   2.43000000000000       0.000000000000000E+000
   2.45000000000000       0.000000000000000E+000
   2.47000000000000       0.000000000000000E+000
   2.49000000000000       0.000000000000000E+000
   2.51000000000000       0.000000000000000E+000
   2.53000000000000       0.000000000000000E+000
   2.55000000000000       0.000000000000000E+000
   2.57000000000000       0.000000000000000E+000
   2.59000000000000       0.000000000000000E+000
   2.61000000000000       0.000000000000000E+000
   2.63000000000000       0.000000000000000E+000
   2.65000000000000       0.000000000000000E+000
   2.67000000000000       0.000000000000000E+000
   2.69000000000000       0.000000000000000E+000
   2.71000000000000       0.000000000000000E+000
   2.73000000000000       0.000000000000000E+000
   2.75000000000000       0.000000000000000E+000
   2.77000000000000       0.000000000000000E+000
   2.79000000000000       0.000000000000000E+000
   2.81000000000000       0.000000000000000E+000
   2.83000000000000       0.000000000000000E+000
   2.85000000000000       0.000000000000000E+000
   2.87000000000000       0.000000000000000E+000
   2.89000000000000       0.000000000000000E+000
   2.91000000000000       0.000000000000000E+000
   2.93000000000000       0.000000000000000E+000
   2.95000000000000       0.000000000000000E+000
   2.97000000000000       0.000000000000000E+000
   2.99000000000000       0.000000000000000E+000
