
            MATRIX of Added MASS
  0.648932E+07  0.000000E+00  0.398919E+03  0.000000E+00 -0.862082E+08  0.000000E+00
  0.000000E+00  0.648922E+07  0.000000E+00  0.862032E+08  0.000000E+00 -0.594979E+03
 -0.332257E+03  0.000000E+00  0.149279E+08  0.000000E+00  0.761035E+04  0.000000E+00
  0.000000E+00  0.863244E+08  0.000000E+00  0.735687E+10  0.000000E+00  0.220259E+05
 -0.863134E+08  0.000000E+00 -0.282171E+04  0.000000E+00  0.735706E+10  0.000000E+00
  0.000000E+00  0.364189E+03  0.000000E+00 -0.390744E+05  0.000000E+00  0.487677E+10

            ORIGINAL  MATRIX of MASS
M1J      0.200E+08   0.000E+00   0.399E+03   0.000E+00  -0.862E+08   0.000E+00
M2J      0.000E+00   0.200E+08   0.000E+00   0.862E+08   0.000E+00  -0.595E+03
M3J     -0.332E+03   0.000E+00   0.284E+08   0.000E+00   0.761E+04   0.000E+00
M4J      0.000E+00   0.863E+08   0.000E+00   0.142E+11   0.000E+00   0.220E+05
M5J     -0.863E+08   0.000E+00  -0.282E+04   0.000E+00   0.142E+11   0.000E+00
M6J      0.000E+00   0.364E+03   0.000E+00  -0.391E+05   0.000E+00   0.488E+10

            INVERSE  MATRIX of MASS
M1J      0.514E-07   0.000E+00   0.518E-12   0.000E+00   0.313E-09   0.000E+00
M2J      0.000E+00   0.514E-07   0.000E+00  -0.313E-09   0.000E+00  -0.635E-14
M3J     -0.692E-12   0.000E+00   0.352E-07   0.000E+00   0.280E-14   0.000E+00
M4J      0.000E+00  -0.313E-09   0.000E+00   0.724E-10   0.000E+00   0.603E-15
M5J      0.313E-09   0.000E+00  -0.157E-13   0.000E+00   0.724E-10   0.000E+00
M6J      0.000E+00   0.769E-14   0.000E+00  -0.365E-15   0.000E+00   0.205E-09


Time of operation was     614.062seconds
