      0.00   0.500000E+01  0.000000E+00  0.000000E+00  0.000000E+00  0.000000E+00  0.000000E+00
      0.50   0.500000E+01  0.000000E+00  0.000000E+00  0.000000E+00  0.000000E+00  0.000000E+00
      1.00   0.499999E+01  0.186513E-19 -0.287028E-04 -0.263545E-21 -0.309485E-07  0.109220E-21
      1.50   0.499995E+01 -0.133856E-18 -0.200509E-03 -0.947582E-21 -0.216225E-06  0.647120E-21
      2.00   0.499981E+01 -0.908124E-18 -0.742476E-03 -0.193767E-20 -0.800953E-06  0.118566E-20
      2.50   0.499950E+01 -0.325940E-17 -0.199046E-02 -0.185144E-20 -0.214877E-05 -0.301914E-20
      3.00   0.499890E+01 -0.936434E-17 -0.438238E-02  0.601736E-20 -0.473692E-05 -0.396265E-19
      3.50   0.499788E+01 -0.199832E-16 -0.844778E-02  0.400550E-20 -0.914915E-05 -0.238385E-18
      4.00   0.499629E+01 -0.369817E-16 -0.147924E-01 -0.411992E-19 -0.160653E-04 -0.108813E-17
      4.50   0.499395E+01 -0.550358E-16 -0.240769E-01 -0.286804E-18 -0.262463E-04 -0.395118E-17
      5.00   0.499067E+01 -0.842614E-16 -0.369892E-01 -0.100493E-17 -0.405123E-04 -0.121187E-16
      5.50   0.498626E+01 -0.111620E-15 -0.542090E-01 -0.289206E-17 -0.597141E-04 -0.325484E-16
      6.00   0.498050E+01 -0.131310E-15 -0.763665E-01 -0.722502E-17 -0.846949E-04 -0.786349E-16
      6.50   0.497318E+01 -0.108936E-15 -0.103994E+00 -0.163173E-16 -0.116246E-03 -0.173773E-15
      7.00   0.496410E+01 -0.360957E-16 -0.137477E+00 -0.337851E-16 -0.155054E-03 -0.355986E-15
      7.50   0.495303E+01  0.971896E-16 -0.176998E+00 -0.650044E-16 -0.201644E-03 -0.682753E-15
      8.00   0.493977E+01  0.371587E-15 -0.222492E+00 -0.117737E-15 -0.256322E-03 -0.123540E-14
      8.50   0.492414E+01  0.890525E-15 -0.273606E+00 -0.201890E-15 -0.319119E-03 -0.212221E-14
      9.00   0.490594E+01  0.176587E-14 -0.329668E+00 -0.328913E-15 -0.389742E-03 -0.347929E-14
      9.50   0.488500E+01  0.315280E-14 -0.389682E+00 -0.511022E-15 -0.467536E-03 -0.546725E-14
     10.00   0.486120E+01  0.519110E-14 -0.452339E+00 -0.759381E-15 -0.551464E-03 -0.826310E-14
     10.50   0.483438E+01  0.797386E-14 -0.516053E+00 -0.108174E-14 -0.640111E-03 -0.120487E-13
     11.00   0.480447E+01  0.116039E-13 -0.579020E+00 -0.148034E-14 -0.731708E-03 -0.169944E-13
     11.50   0.477136E+01  0.162035E-13 -0.639302E+00 -0.194997E-14 -0.824185E-03 -0.232398E-13
     12.00   0.473500E+01  0.217618E-13 -0.694923E+00 -0.247614E-14 -0.915253E-03 -0.308751E-13
     12.50   0.469536E+01  0.281456E-13 -0.743978E+00 -0.303511E-14 -0.100250E-02 -0.399241E-13
     13.00   0.465241E+01  0.352276E-13 -0.784743E+00 -0.359619E-14 -0.108349E-02 -0.503342E-13
     13.50   0.460618E+01  0.429323E-13 -0.815774E+00 -0.412535E-14 -0.115592E-02 -0.619771E-13
     14.00   0.455669E+01  0.510141E-13 -0.835996E+00 -0.458894E-14 -0.121768E-02 -0.746701E-13
     14.50   0.450399E+01  0.591466E-13 -0.844732E+00 -0.495939E-14 -0.126694E-02 -0.882313E-13
     15.00   0.444812E+01  0.668864E-13 -0.841699E+00 -0.521918E-14 -0.130220E-02 -0.102579E-12
     15.50   0.438914E+01  0.739095E-13 -0.827006E+00 -0.536096E-14 -0.132225E-02 -0.117831E-12
     16.00   0.432711E+01  0.801961E-13 -0.801149E+00 -0.538073E-14 -0.132630E-02 -0.134303E-12
     16.50   0.426206E+01  0.857334E-13 -0.764996E+00 -0.527033E-14 -0.131392E-02 -0.152412E-12
     17.00   0.419406E+01  0.907172E-13 -0.719760E+00 -0.501695E-14 -0.128514E-02 -0.172574E-12
     17.50   0.412317E+01  0.952738E-13 -0.666955E+00 -0.460369E-14 -0.124037E-02 -0.195159E-12
     18.00   0.404944E+01  0.996039E-13 -0.608349E+00 -0.401334E-14 -0.118047E-02 -0.220484E-12
     18.50   0.397293E+01  0.103891E-12 -0.545901E+00 -0.323148E-14 -0.110668E-02 -0.248814E-12
     19.00   0.389369E+01  0.108308E-12 -0.481697E+00 -0.225030E-14 -0.102060E-02 -0.280351E-12
     19.50   0.381178E+01  0.113082E-12 -0.417881E+00 -0.107203E-14 -0.924150E-03 -0.315231E-12
     20.00   0.372726E+01  0.118519E-12 -0.356582E+00  0.288377E-15 -0.819539E-03 -0.353491E-12
     20.50   0.364017E+01  0.124885E-12 -0.299842E+00  0.180202E-14 -0.709177E-03 -0.395059E-12
     21.00   0.355058E+01  0.132515E-12 -0.249553E+00  0.342534E-14 -0.595629E-03 -0.439738E-12
     21.50   0.345856E+01  0.141654E-12 -0.207387E+00  0.510222E-14 -0.481541E-03 -0.487210E-12
     22.00   0.336415E+01  0.152480E-12 -0.174748E+00  0.676635E-14 -0.369570E-03 -0.537062E-12
     22.50   0.326743E+01  0.165020E-12 -0.152719E+00  0.834581E-14 -0.262311E-03 -0.588833E-12
     23.00   0.316846E+01  0.179212E-12 -0.142032E+00  0.976869E-14 -0.162221E-03 -0.642088E-12
     23.50   0.306733E+01  0.194864E-12 -0.143037E+00  0.109701E-13 -0.715572E-04 -0.696499E-12
     24.00   0.296409E+01  0.211636E-12 -0.155697E+00  0.118987E-13  0.768839E-05 -0.751910E-12
     24.50   0.285884E+01  0.229289E-12 -0.179580E+00  0.125191E-13  0.738479E-04 -0.808348E-12
     25.00   0.275165E+01  0.247778E-12 -0.213883E+00  0.128099E-13  0.125623E-03 -0.865977E-12
     25.50   0.264262E+01  0.267219E-12 -0.257448E+00  0.127601E-13  0.162115E-03 -0.925025E-12
     26.00   0.253183E+01  0.287774E-12 -0.308809E+00  0.123655E-13  0.182845E-03 -0.985721E-12
     26.50   0.241937E+01  0.309602E-12 -0.366238E+00  0.116271E-13  0.187758E-03 -0.104825E-11
     27.00   0.230535E+01  0.332936E-12 -0.427804E+00  0.105508E-13  0.177219E-03 -0.111275E-11
     27.50   0.218986E+01  0.357948E-12 -0.491438E+00  0.914893E-14  0.152001E-03 -0.117924E-11
     28.00   0.207300E+01  0.384870E-12 -0.555002E+00  0.744111E-14  0.113258E-03 -0.124766E-11
     28.50   0.195487E+01  0.413849E-12 -0.616362E+00  0.545670E-14  0.624998E-04 -0.131783E-11
     29.00   0.183559E+01  0.444872E-12 -0.673462E+00  0.323611E-14  0.155122E-05 -0.138942E-11
     29.50   0.171525E+01  0.477776E-12 -0.724387E+00  0.831033E-15 -0.674947E-04 -0.146199E-11
     30.00   0.159397E+01  0.512283E-12 -0.767433E+00 -0.169688E-14 -0.142328E-03 -0.153498E-11
     30.50   0.147186E+01  0.547948E-12 -0.801161E+00 -0.427811E-14 -0.220480E-03 -0.160777E-11
     31.00   0.134901E+01  0.584156E-12 -0.824446E+00 -0.683890E-14 -0.299387E-03 -0.167969E-11
     31.50   0.122555E+01  0.620217E-12 -0.836511E+00 -0.930617E-14 -0.376451E-03 -0.175015E-11
     32.00   0.110158E+01  0.655398E-12 -0.836959E+00 -0.116116E-13 -0.449115E-03 -0.181865E-11
     32.50   0.977210E+00  0.688952E-12 -0.825780E+00 -0.136941E-13 -0.514924E-03 -0.188487E-11
     33.00   0.852547E+00  0.720214E-12 -0.803356E+00 -0.154999E-13 -0.571597E-03 -0.194868E-11
     33.50   0.727701E+00  0.748719E-12 -0.770444E+00 -0.169803E-13 -0.617093E-03 -0.201012E-11
     34.00   0.602779E+00  0.774211E-12 -0.728154E+00 -0.180902E-13 -0.649668E-03 -0.206932E-11
     34.50   0.477886E+00  0.796595E-12 -0.677911E+00 -0.187865E-13 -0.667923E-03 -0.212643E-11
     35.00   0.353124E+00  0.815897E-12 -0.621404E+00 -0.190289E-13 -0.670839E-03 -0.218162E-11
     35.50   0.228596E+00  0.832202E-12 -0.560532E+00 -0.187823E-13 -0.657806E-03 -0.223499E-11
     36.00   0.104398E+00  0.845694E-12 -0.497338E+00 -0.180197E-13 -0.628638E-03 -0.228655E-11
     36.50  -0.193751E-01  0.856590E-12 -0.433942E+00 -0.167256E-13 -0.583582E-03 -0.233623E-11
     37.00  -0.142632E+00  0.865241E-12 -0.372469E+00 -0.149006E-13 -0.523308E-03 -0.238386E-11
     37.50  -0.265286E+00  0.872032E-12 -0.314977E+00 -0.125630E-13 -0.448894E-03 -0.242912E-11
     38.00  -0.387251E+00  0.877325E-12 -0.263389E+00 -0.975164E-14 -0.361797E-03 -0.247159E-11
     38.50  -0.508445E+00  0.881507E-12 -0.219430E+00 -0.652626E-14 -0.263816E-03 -0.251075E-11
     39.00  -0.628789E+00  0.884951E-12 -0.184566E+00 -0.296711E-14 -0.157042E-03 -0.254602E-11
     39.50  -0.748206E+00  0.887926E-12 -0.159961E+00  0.828011E-15 -0.438075E-04 -0.257679E-11
     40.00  -0.866620E+00  0.890579E-12 -0.146432E+00  0.474859E-14  0.733808E-04 -0.260249E-11
     40.50  -0.983955E+00  0.892997E-12 -0.144427E+00  0.867783E-14  0.191906E-03 -0.262269E-11
     41.00  -0.110014E+01  0.895165E-12 -0.154009E+00  0.125008E-13  0.309111E-03 -0.263712E-11
     41.50  -0.121509E+01  0.897024E-12 -0.174851E+00  0.161121E-13  0.422375E-03 -0.264572E-11
     42.00  -0.132875E+01  0.898524E-12 -0.206249E+00  0.194200E-13  0.529188E-03 -0.264861E-11
     42.50  -0.144103E+01  0.899768E-12 -0.247145E+00  0.223470E-13  0.627215E-03 -0.264603E-11
     43.00  -0.155186E+01  0.901012E-12 -0.296165E+00  0.248268E-13  0.714359E-03 -0.263826E-11
     43.50  -0.166116E+01  0.902580E-12 -0.351662E+00  0.268030E-13  0.788812E-03 -0.262558E-11
     44.00  -0.176887E+01  0.904947E-12 -0.411771E+00  0.282264E-13  0.849101E-03 -0.260822E-11
     44.50  -0.187491E+01  0.908464E-12 -0.474476E+00  0.290574E-13  0.894118E-03 -0.258638E-11
     45.00  -0.197920E+01  0.913536E-12 -0.537676E+00  0.292657E-13  0.923153E-03 -0.256016E-11
     45.50  -0.208167E+01  0.920603E-12 -0.599253E+00  0.288330E-13  0.935907E-03 -0.252960E-11
     46.00  -0.218225E+01  0.929943E-12 -0.657147E+00  0.277563E-13  0.932495E-03 -0.249463E-11
     46.50  -0.228086E+01  0.941804E-12 -0.709424E+00  0.260498E-13  0.913449E-03 -0.245510E-11
     47.00  -0.237743E+01  0.956281E-12 -0.754338E+00  0.237466E-13  0.879697E-03 -0.241077E-11
     47.50  -0.247188E+01  0.973167E-12 -0.790390E+00  0.209002E-13  0.832543E-03 -0.236136E-11
     48.00  -0.256413E+01  0.992235E-12 -0.816382E+00  0.175817E-13  0.773635E-03 -0.230656E-11
     48.50  -0.265413E+01  0.101297E-11 -0.831449E+00  0.138780E-13  0.704918E-03 -0.224608E-11
     49.00  -0.274178E+01  0.103465E-11 -0.835095E+00  0.988535E-14  0.628595E-03 -0.217976E-11
     49.50  -0.282701E+01  0.105646E-11 -0.827204E+00  0.570331E-14  0.547058E-03 -0.210758E-11
     50.00  -0.290975E+01  0.107748E-11 -0.808048E+00  0.142895E-14  0.462835E-03 -0.202976E-11
     50.50  -0.298992E+01  0.109686E-11 -0.778275E+00 -0.284414E-14  0.378510E-03 -0.194668E-11
     51.00  -0.306745E+01  0.111386E-11 -0.738891E+00 -0.702342E-14  0.296656E-03 -0.185884E-11
     51.50  -0.314227E+01  0.112793E-11 -0.691223E+00 -0.110154E-13  0.219765E-03 -0.176675E-11
     52.00  -0.321430E+01  0.113863E-11 -0.636876E+00 -0.147253E-13  0.150185E-03 -0.167090E-11
     52.50  -0.328349E+01  0.114565E-11 -0.577676E+00 -0.180586E-13  0.900525E-04 -0.157177E-11
     53.00  -0.334976E+01  0.114866E-11 -0.515613E+00 -0.209225E-13  0.412397E-04 -0.146976E-11
     53.50  -0.341306E+01  0.114739E-11 -0.452771E+00 -0.232300E-13  0.530348E-05 -0.136525E-11
     54.00  -0.347334E+01  0.114164E-11 -0.391259E+00 -0.249042E-13 -0.165555E-04 -0.125858E-11
     54.50  -0.353054E+01  0.113134E-11 -0.333137E+00 -0.258825E-13 -0.235245E-04 -0.115001E-11
     55.00  -0.358462E+01  0.111645E-11 -0.280353E+00 -0.261207E-13 -0.151996E-04 -0.103976E-11
     55.50  -0.363554E+01  0.109707E-11 -0.234674E+00 -0.255972E-13  0.840466E-05 -0.927988E-12
     56.00  -0.368327E+01  0.107335E-11 -0.197626E+00 -0.243155E-13  0.468570E-04 -0.814794E-12
     56.50  -0.372777E+01  0.104553E-11 -0.170449E+00 -0.223060E-13  0.993218E-04 -0.700260E-12
     57.00  -0.376902E+01  0.101396E-11 -0.154051E+00 -0.196268E-13  0.164582E-03 -0.584462E-12
     57.50  -0.380699E+01  0.979011E-12 -0.148977E+00 -0.163617E-13  0.241073E-03 -0.467520E-12
     58.00  -0.384167E+01  0.941017E-12 -0.155398E+00 -0.126149E-13  0.326923E-03 -0.349666E-12
     58.50  -0.387305E+01  0.900153E-12 -0.173095E+00 -0.849592E-14  0.420002E-03 -0.231316E-12
     59.00  -0.390111E+01  0.856682E-12 -0.201475E+00 -0.410838E-14  0.517987E-03 -0.113033E-12
     59.50  -0.392585E+01  0.811061E-12 -0.239585E+00  0.447716E-15  0.618419E-03  0.461222E-14
     60.00  -0.394725E+01  0.763868E-12 -0.286143E+00  0.506960E-14  0.718762E-03  0.121116E-12
     60.50  -0.396533E+01  0.715813E-12 -0.339586E+00  0.964867E-14  0.816472E-03  0.236046E-12
     61.00  -0.398007E+01  0.667662E-12 -0.398120E+00  0.140709E-13  0.909057E-03  0.349012E-12
     61.50  -0.399149E+01  0.620175E-12 -0.459779E+00  0.182187E-13  0.994148E-03  0.459646E-12
     62.00  -0.399959E+01  0.574021E-12 -0.522497E+00  0.219735E-13  0.106956E-02  0.567594E-12
     62.50  -0.400438E+01  0.529870E-12 -0.584169E+00  0.252196E-13  0.113334E-02  0.672514E-12
     63.00  -0.400587E+01  0.488361E-12 -0.642731E+00  0.278480E-13  0.118383E-02  0.774082E-12
     63.50  -0.400406E+01  0.450082E-12 -0.696221E+00  0.297619E-13  0.121972E-02  0.871990E-12
     64.00  -0.399896E+01  0.415522E-12 -0.742851E+00  0.308818E-13  0.124005E-02  0.965905E-12
     64.50  -0.399059E+01  0.385036E-12 -0.781061E+00  0.311504E-13  0.124428E-02  0.105547E-11
     65.00  -0.397896E+01  0.358787E-12 -0.809575E+00  0.305366E-13  0.123225E-02  0.114033E-11
     65.50  -0.396407E+01  0.336750E-12 -0.827440E+00  0.290393E-13  0.120424E-02  0.122012E-11
     66.00  -0.394595E+01  0.318704E-12 -0.834061E+00  0.266881E-13  0.116095E-02  0.129447E-11
     66.50  -0.392460E+01  0.304377E-12 -0.829216E+00  0.235433E-13  0.110345E-02  0.136303E-11
     67.00  -0.390004E+01  0.293577E-12 -0.813069E+00  0.196847E-13  0.103318E-02  0.142561E-11
     67.50  -0.387228E+01  0.286134E-12 -0.786163E+00  0.151994E-13  0.951904E-03  0.148222E-11
     68.00  -0.384135E+01  0.281702E-12 -0.749401E+00  0.101830E-13  0.861654E-03  0.153293E-11
     68.50  -0.380727E+01  0.279820E-12 -0.704020E+00  0.474288E-14  0.764689E-03  0.157783E-11
     69.00  -0.377006E+01  0.280012E-12 -0.651544E+00 -0.100169E-14  0.663429E-03  0.161701E-11
     69.50  -0.372974E+01  0.281718E-12 -0.593734E+00 -0.691935E-14  0.560396E-03  0.165055E-11
     70.00  -0.368634E+01  0.284328E-12 -0.532532E+00 -0.128684E-13  0.458142E-03  0.167855E-11
     70.50  -0.363990E+01  0.287185E-12 -0.469990E+00 -0.186991E-13  0.359190E-03  0.170111E-11
     71.00  -0.359045E+01  0.289602E-12 -0.408203E+00 -0.242569E-13  0.265964E-03  0.171834E-11
     71.50  -0.353803E+01  0.290780E-12 -0.349242E+00 -0.293868E-13  0.180725E-03  0.173035E-11
     72.00  -0.348267E+01  0.289924E-12 -0.295078E+00 -0.339392E-13  0.105513E-03  0.173718E-11
     72.50  -0.342444E+01  0.286207E-12 -0.247523E+00 -0.377752E-13  0.420939E-04  0.173886E-11
     73.00  -0.336336E+01  0.278872E-12 -0.208164E+00 -0.407733E-13 -0.808864E-05  0.173532E-11
     73.50  -0.329951E+01  0.267251E-12 -0.178315E+00 -0.428348E-13 -0.439520E-04  0.172648E-11
     74.00  -0.323294E+01  0.250744E-12 -0.158970E+00 -0.438888E-13 -0.648048E-04  0.171224E-11
     74.50  -0.316371E+01  0.228989E-12 -0.150770E+00 -0.438952E-13 -0.703685E-04  0.169255E-11
     75.00  -0.309190E+01  0.201823E-12 -0.153985E+00 -0.428445E-13 -0.607866E-04  0.166750E-11
     75.50  -0.301758E+01  0.169388E-12 -0.168501E+00 -0.407543E-13 -0.366216E-04  0.163741E-11
     76.00  -0.294084E+01  0.132037E-12 -0.193824E+00 -0.376643E-13  0.116465E-05  0.160277E-11
     76.50  -0.286175E+01  0.903989E-13 -0.229100E+00 -0.336345E-13  0.512403E-04  0.156420E-11
     77.00  -0.278041E+01  0.451396E-13 -0.273138E+00 -0.287447E-13  0.111940E-03  0.152237E-11
     77.50  -0.269691E+01 -0.296727E-14 -0.324454E+00 -0.230953E-13  0.181311E-03  0.147795E-11
     78.00  -0.261135E+01 -0.531056E-13 -0.381322E+00 -0.168077E-13  0.257164E-03  0.143156E-11
     78.50  -0.252382E+01 -0.104404E-12 -0.441829E+00 -0.100238E-13  0.337135E-03  0.138381E-11
     79.00  -0.243442E+01 -0.155915E-12 -0.503941E+00 -0.290467E-14  0.418751E-03  0.133523E-11
     79.50  -0.234326E+01 -0.206628E-12 -0.565573E+00  0.437210E-14  0.499491E-03  0.128630E-11
     80.00  -0.225044E+01 -0.255595E-12 -0.624658E+00  0.116170E-13  0.576860E-03  0.123741E-11
     80.50  -0.215605E+01 -0.301861E-12 -0.679216E+00  0.186337E-13  0.648453E-03  0.118883E-11
     81.00  -0.206019E+01 -0.344503E-12 -0.727418E+00  0.252247E-13  0.712018E-03  0.114074E-11
     81.50  -0.196297E+01 -0.382745E-12 -0.767652E+00  0.311997E-13  0.765516E-03  0.109321E-11
     82.00  -0.186447E+01 -0.415911E-12 -0.798574E+00  0.363823E-13  0.807174E-03  0.104623E-11
     82.50  -0.176480E+01 -0.443396E-12 -0.819150E+00  0.406170E-13  0.835532E-03  0.999791E-12
     83.00  -0.166405E+01 -0.464808E-12 -0.828696E+00  0.437772E-13  0.849478E-03  0.953885E-12
     83.50  -0.156230E+01 -0.479804E-12 -0.826894E+00  0.457687E-13  0.848279E-03  0.908631E-12
     84.00  -0.145966E+01 -0.488133E-12 -0.813811E+00  0.465329E-13  0.831594E-03  0.864295E-12
     84.50  -0.135621E+01 -0.489539E-12 -0.789887E+00  0.460451E-13  0.799482E-03  0.821304E-12
     85.00  -0.125204E+01 -0.483804E-12 -0.755931E+00  0.443121E-13  0.752391E-03  0.780193E-12
     85.50  -0.114723E+01 -0.470793E-12 -0.713084E+00  0.413696E-13  0.691151E-03  0.741542E-12
     86.00  -0.104188E+01 -0.450486E-12 -0.662788E+00  0.372812E-13  0.616954E-03  0.705918E-12
     86.50  -0.936056E+00 -0.423071E-12 -0.606733E+00  0.321388E-13  0.531322E-03  0.673832E-12
     87.00  -0.829845E+00 -0.388917E-12 -0.546801E+00  0.260615E-13  0.436070E-03  0.645717E-12
     87.50  -0.723325E+00 -0.348566E-12 -0.485004E+00  0.191949E-13  0.333262E-03  0.621903E-12
     88.00  -0.616572E+00 -0.302792E-12 -0.423413E+00  0.117101E-13  0.225155E-03  0.602606E-12
     88.50  -0.509660E+00 -0.252541E-12 -0.364093E+00  0.379971E-14  0.114144E-03  0.587908E-12
     89.00  -0.402662E+00 -0.198904E-12 -0.309029E+00 -0.432587E-14  0.269646E-05  0.577752E-12
     89.50  -0.295651E+00 -0.143143E-12 -0.260062E+00 -0.124447E-13 -0.106710E-03  0.571947E-12
     90.00  -0.188698E+00 -0.865835E-13 -0.218829E+00 -0.203305E-13 -0.211657E-03  0.570179E-12
     90.50  -0.818729E-01 -0.306899E-13 -0.186706E+00 -0.277604E-13 -0.309845E-03  0.572052E-12
     91.00   0.247520E-01  0.230271E-13 -0.164764E+00 -0.345236E-13 -0.399159E-03  0.577125E-12
     91.50   0.131105E+00  0.731148E-13 -0.153732E+00 -0.404298E-13 -0.477725E-03  0.584985E-12
     92.00   0.237114E+00  0.118212E-12 -0.153973E+00 -0.453159E-13 -0.543960E-03  0.595305E-12
     92.50   0.342703E+00  0.157256E-12 -0.165475E+00 -0.490502E-13 -0.596613E-03  0.607906E-12
     93.00   0.447798E+00  0.189485E-12 -0.187846E+00 -0.515321E-13 -0.634793E-03  0.622759E-12
     93.50   0.552322E+00  0.214456E-12 -0.220331E+00 -0.526913E-13 -0.657987E-03  0.639956E-12
     94.00   0.656196E+00  0.232035E-12 -0.261836E+00 -0.524867E-13 -0.666074E-03  0.659647E-12
     94.50   0.759342E+00  0.242364E-12 -0.310964E+00 -0.509070E-13 -0.659324E-03  0.681974E-12
     95.00   0.861679E+00  0.245735E-12 -0.366064E+00 -0.479715E-13 -0.638391E-03  0.707037E-12
     95.50   0.963129E+00  0.242753E-12 -0.425286E+00 -0.437332E-13 -0.604293E-03  0.734870E-12
     96.00   0.106361E+01  0.234069E-12 -0.486642E+00 -0.382783E-13 -0.558385E-03  0.765421E-12
     96.50   0.116305E+01  0.220483E-12 -0.548075E+00 -0.317275E-13 -0.502319E-03  0.798549E-12
     97.00   0.126136E+01  0.202919E-12 -0.607527E+00 -0.242346E-13 -0.438001E-03  0.834008E-12
     97.50   0.135847E+01  0.182368E-12 -0.663008E+00 -0.159845E-13 -0.367543E-03  0.871444E-12
     98.00   0.145430E+01  0.159902E-12 -0.712664E+00 -0.718882E-14 -0.293199E-03  0.910398E-12
     98.50   0.154878E+01  0.136730E-12 -0.754836E+00  0.191850E-14 -0.217314E-03  0.950316E-12
     99.00   0.164184E+01  0.114071E-12 -0.788117E+00  0.110890E-13 -0.142258E-03  0.990575E-12
     99.50   0.173340E+01  0.930706E-13 -0.811398E+00  0.200678E-13 -0.703677E-04  0.103053E-11
    100.00   0.182339E+01  0.747209E-13 -0.823907E+00  0.286033E-13 -0.388376E-05  0.106956E-11
    100.50   0.191174E+01  0.599035E-13 -0.825230E+00  0.364565E-13  0.551044E-04  0.110716E-11
    101.00   0.199839E+01  0.494201E-13 -0.815330E+00  0.434107E-13  0.104712E-03  0.114296E-11
    101.50   0.208327E+01  0.439667E-13 -0.794544E+00  0.492790E-13  0.143302E-03  0.117681E-11
    102.00   0.216633E+01  0.443052E-13 -0.763575E+00  0.539071E-13  0.169524E-03  0.120867E-11
    102.50   0.224749E+01  0.511123E-13 -0.723469E+00  0.571742E-13  0.182352E-03  0.123860E-11
    103.00   0.232670E+01  0.650217E-13 -0.675575E+00  0.589925E-13  0.181111E-03  0.126666E-11
    103.50   0.240392E+01  0.863894E-13 -0.621506E+00  0.593084E-13  0.165497E-03  0.129286E-11
    104.00   0.247907E+01  0.115539E-12 -0.563078E+00  0.581033E-13  0.135589E-03  0.131720E-11
    104.50   0.255213E+01  0.152623E-12 -0.502254E+00  0.553956E-13  0.918491E-04  0.133960E-11
    105.00   0.262305E+01  0.197520E-12 -0.441077E+00  0.512428E-13  0.351123E-04  0.135996E-11
    105.50   0.269178E+01  0.249901E-12 -0.381597E+00  0.457422E-13 -0.334372E-04  0.137808E-11
    106.00   0.275829E+01  0.309109E-12 -0.325809E+00  0.390302E-13 -0.112295E-03  0.139373E-11
    106.50   0.282256E+01  0.374309E-12 -0.275580E+00  0.312804E-13 -0.199675E-03  0.140660E-11
    107.00   0.288454E+01  0.444380E-12 -0.232592E+00  0.227000E-13 -0.293561E-03  0.141630E-11
    107.50   0.294422E+01  0.518065E-12 -0.198281E+00  0.135236E-13 -0.391755E-03  0.142242E-11
    108.00   0.300156E+01  0.593992E-12 -0.173795E+00  0.400600E-14 -0.491939E-03  0.142451E-11
    108.50   0.305656E+01  0.670639E-12 -0.159951E+00 -0.558769E-14 -0.591737E-03  0.142216E-11
    109.00   0.310918E+01  0.746263E-12 -0.157210E+00 -0.149931E-13 -0.688779E-03  0.141503E-11
    109.50   0.315941E+01  0.818969E-12 -0.165662E+00 -0.239599E-13 -0.780763E-03  0.140296E-11
    110.00   0.320723E+01  0.887049E-12 -0.185023E+00 -0.322610E-13 -0.865513E-03  0.138598E-11
    110.50   0.325262E+01  0.949218E-12 -0.214640E+00 -0.396917E-13 -0.941033E-03  0.136427E-11
    111.00   0.329557E+01  0.100449E-11 -0.253520E+00 -0.460663E-13 -0.100556E-02  0.133804E-11
    111.50   0.333605E+01  0.105215E-11 -0.300356E+00 -0.512197E-13 -0.105759E-02  0.130751E-11
    112.00   0.337404E+01  0.109158E-11 -0.353576E+00 -0.550115E-13 -0.109597E-02  0.127283E-11
    112.50   0.340954E+01  0.112233E-11 -0.411392E+00 -0.573304E-13 -0.111987E-02  0.123416E-11
    113.00   0.344253E+01  0.114409E-11 -0.471867E+00 -0.580988E-13 -0.112883E-02  0.119161E-11
    113.50   0.347298E+01  0.115686E-11 -0.532971E+00 -0.572774E-13 -0.112276E-02  0.114532E-11
    114.00   0.350088E+01  0.116072E-11 -0.592657E+00 -0.548678E-13 -0.110196E-02  0.109542E-11
    114.50   0.352622E+01  0.115597E-11 -0.648928E+00 -0.509158E-13 -0.106711E-02  0.104200E-11
    115.00   0.354898E+01  0.114311E-11 -0.699901E+00 -0.455120E-13 -0.101922E-02  0.985155E-12
    115.50   0.356913E+01  0.112289E-11 -0.743871E+00 -0.387911E-13 -0.959642E-03  0.924958E-12
    116.00   0.358667E+01  0.109622E-11 -0.779370E+00 -0.309303E-13 -0.890015E-03  0.861477E-12
    116.50   0.360157E+01  0.106419E-11 -0.805213E+00 -0.221441E-13 -0.812227E-03  0.794792E-12
    117.00   0.361383E+01  0.102799E-11 -0.820537E+00 -0.126786E-13 -0.728365E-03  0.724999E-12
    117.50   0.362341E+01  0.988923E-12 -0.824833E+00 -0.280384E-14 -0.640666E-03  0.652233E-12
    118.00   0.363031E+01  0.948260E-12 -0.817958E+00  0.719712E-14 -0.551455E-03  0.576687E-12
    118.50   0.363451E+01  0.907377E-12 -0.800145E+00  0.170573E-13 -0.463091E-03  0.498648E-12
    119.00   0.363599E+01  0.867533E-12 -0.771992E+00  0.265344E-13 -0.377904E-03  0.418419E-12
    119.50   0.363474E+01  0.830020E-12 -0.734446E+00  0.353945E-13 -0.298132E-03  0.336262E-12
    120.00   0.363075E+01  0.796034E-12 -0.688769E+00  0.434141E-13 -0.225855E-03  0.252432E-12
    120.50   0.362401E+01  0.766768E-12 -0.636497E+00  0.503845E-13 -0.162948E-03  0.167195E-12
    121.00   0.361452E+01  0.743165E-12 -0.579385E+00  0.561176E-13 -0.111027E-03  0.808256E-13
    121.50   0.360228E+01  0.726035E-12 -0.519350E+00  0.604504E-13 -0.714075E-04 -0.639020E-14
    122.00   0.358729E+01  0.716033E-12 -0.458406E+00  0.632504E-13 -0.450712E-04 -0.941525E-13
    122.50   0.356955E+01  0.713666E-12 -0.398597E+00  0.644211E-13 -0.326402E-04 -0.182146E-12
    123.00   0.354909E+01  0.719252E-12 -0.341925E+00  0.639064E-13 -0.343619E-04 -0.270038E-12
    123.50   0.352591E+01  0.732803E-12 -0.290288E+00  0.616954E-13 -0.501028E-04 -0.357469E-12
    124.00   0.350004E+01  0.754066E-12 -0.245412E+00  0.578243E-13 -0.793535E-04 -0.444046E-12
    124.50   0.347150E+01  0.782478E-12 -0.208797E+00  0.523783E-13 -0.121243E-03 -0.529336E-12
    125.00   0.344031E+01  0.817250E-12 -0.181666E+00  0.454901E-13 -0.174561E-03 -0.612867E-12
    125.50   0.340652E+01  0.857328E-12 -0.164923E+00  0.373380E-13 -0.237790E-03 -0.694138E-12
    126.00   0.337016E+01  0.901623E-12 -0.159125E+00  0.281398E-13 -0.309144E-03 -0.772661E-12
    126.50   0.333126E+01  0.949126E-12 -0.164464E+00  0.181442E-13 -0.386615E-03 -0.848045E-12
    127.00   0.328987E+01  0.998865E-12 -0.180757E+00  0.761449E-14 -0.468024E-03 -0.920093E-12
    127.50   0.324604E+01  0.104966E-11 -0.207454E+00 -0.318315E-14 -0.551071E-03 -0.988781E-12
    128.00   0.319983E+01  0.110023E-11 -0.243655E+00 -0.139817E-13 -0.633400E-03 -0.105415E-11
    128.50   0.315127E+01  0.114924E-11 -0.288142E+00 -0.245143E-13 -0.712660E-03 -0.111624E-11
    129.00   0.310043E+01  0.119534E-11 -0.339416E+00 -0.345170E-13 -0.786570E-03 -0.117506E-11
    129.50   0.304737E+01  0.123726E-11 -0.395755E+00 -0.437344E-13 -0.852984E-03 -0.123062E-11
    130.00   0.299214E+01  0.127375E-11 -0.455264E+00 -0.519257E-13 -0.909942E-03 -0.128294E-11
    130.50   0.293480E+01  0.130360E-11 -0.515945E+00 -0.588702E-13 -0.955732E-03 -0.133200E-11
    131.00   0.287541E+01  0.132571E-11 -0.575762E+00 -0.643752E-13 -0.988925E-03 -0.137778E-11
    131.50   0.281402E+01  0.133907E-11 -0.632709E+00 -0.682820E-13 -0.100842E-02 -0.142024E-11
    132.00   0.275069E+01  0.134298E-11 -0.684878E+00 -0.704731E-13 -0.101347E-02 -0.145924E-11
    132.50   0.268548E+01  0.133694E-11 -0.730521E+00 -0.708769E-13 -0.100370E-02 -0.149461E-11
    133.00   0.261843E+01  0.132059E-11 -0.768111E+00 -0.694712E-13 -0.979104E-03 -0.152609E-11
    133.50   0.254961E+01  0.129392E-11 -0.796392E+00 -0.662852E-13 -0.940079E-03 -0.155340E-11
    134.00   0.247907E+01  0.125728E-11 -0.814418E+00 -0.613991E-13 -0.887369E-03 -0.157625E-11
    134.50   0.240685E+01  0.121137E-11 -0.821589E+00 -0.549389E-13 -0.822069E-03 -0.159438E-11
    135.00   0.233301E+01  0.115727E-11 -0.817666E+00 -0.470688E-13 -0.745585E-03 -0.160773E-11
    135.50   0.225761E+01  0.109641E-11 -0.802783E+00 -0.379823E-13 -0.659602E-03 -0.161638E-11
    136.00   0.218068E+01  0.103043E-11 -0.777442E+00 -0.278965E-13 -0.566046E-03 -0.162063E-11
    136.50   0.210230E+01  0.960903E-12 -0.742496E+00 -0.170493E-13 -0.467030E-03 -0.162087E-11
    137.00   0.202250E+01  0.889459E-12 -0.699120E+00 -0.569829E-14 -0.364808E-03 -0.161754E-11
    137.50   0.194135E+01  0.817683E-12 -0.648772E+00  0.588285E-14 -0.261708E-03 -0.161106E-11
    138.00   0.185890E+01  0.747074E-12 -0.593141E+00  0.174091E-13 -0.160079E-03 -0.160184E-11
    138.50   0.177520E+01  0.679144E-12 -0.534097E+00  0.285892E-13 -0.622216E-04 -0.159023E-11
    139.00   0.169031E+01  0.615499E-12 -0.473619E+00  0.391322E-13  0.296624E-04 -0.157654E-11
    139.50   0.160429E+01  0.557486E-12 -0.413734E+00  0.487564E-13  0.113533E-03 -0.156100E-11
    140.00   0.151720E+01  0.506317E-12 -0.356448E+00  0.571967E-13  0.187561E-03 -0.154378E-11
    140.50   0.142909E+01  0.463057E-12 -0.303678E+00  0.642131E-13  0.250177E-03 -0.152493E-11
    141.00   0.134003E+01  0.428585E-12 -0.257189E+00  0.695996E-13  0.300110E-03 -0.150442E-11
    141.50   0.125009E+01  0.403469E-12 -0.218533E+00  0.731919E-13  0.336421E-03 -0.148213E-11
    142.00   0.115933E+01  0.388038E-12 -0.189000E+00  0.748749E-13  0.358528E-03 -0.145789E-11
    142.50   0.106782E+01  0.382451E-12 -0.169573E+00  0.745865E-13  0.366219E-03 -0.143152E-11
    143.00   0.975635E+00  0.386515E-12 -0.160899E+00  0.723232E-13  0.359660E-03 -0.140289E-11
    143.50   0.882847E+00  0.399879E-12 -0.163261E+00  0.681387E-13  0.339389E-03 -0.137199E-11
    144.00   0.789537E+00  0.422125E-12 -0.176575E+00  0.621412E-13  0.306308E-03 -0.133898E-11
    144.50   0.695784E+00  0.452682E-12 -0.200389E+00  0.544870E-13  0.261661E-03 -0.130420E-11
    145.00   0.601671E+00  0.490749E-12 -0.233899E+00  0.453742E-13  0.207006E-03 -0.126809E-11
    145.50   0.507285E+00  0.535339E-12 -0.275977E+00  0.350357E-13  0.144174E-03 -0.123116E-11
    146.00   0.412710E+00  0.585311E-12 -0.325204E+00  0.237336E-13  0.752169E-04 -0.119391E-11
    146.50   0.318034E+00  0.639392E-12 -0.379928E+00  0.117546E-13  0.235114E-05 -0.115680E-11
    147.00   0.223344E+00  0.696161E-12 -0.438308E+00 -0.595340E-15 -0.721036E-04 -0.112024E-11
    147.50   0.128726E+00  0.753960E-12 -0.498386E+00 -0.129969E-13 -0.145787E-03 -0.108457E-11
    148.00   0.342672E-01  0.811044E-12 -0.558146E+00 -0.251248E-13 -0.216364E-03 -0.105002E-11
    148.50  -0.599494E-01  0.865669E-12 -0.615585E+00 -0.366561E-13 -0.281585E-03 -0.101677E-11
    149.00  -0.153841E+00  0.916077E-12 -0.668780E+00 -0.472794E-13 -0.339346E-03 -0.984830E-12
    149.50  -0.247326E+00  0.960585E-12 -0.715953E+00 -0.567036E-13 -0.387743E-03 -0.954154E-12
    150.00  -0.340326E+00  0.997621E-12 -0.755525E+00 -0.646676E-13 -0.425123E-03 -0.924573E-12
    150.50  -0.432766E+00  0.102579E-11 -0.786177E+00 -0.709492E-13 -0.450124E-03 -0.895858E-12
    151.00  -0.524570E+00  0.104400E-11 -0.806886E+00 -0.753721E-13 -0.461707E-03 -0.867749E-12
    151.50  -0.615666E+00  0.105154E-11 -0.816965E+00 -0.778124E-13 -0.459185E-03 -0.840017E-12
    152.00  -0.705985E+00  0.104788E-11 -0.816081E+00 -0.781983E-13 -0.442234E-03 -0.812531E-12
    152.50  -0.795458E+00  0.103297E-11 -0.804268E+00 -0.765114E-13 -0.410906E-03 -0.785314E-12
    153.00  -0.884018E+00  0.100720E-11 -0.781929E+00 -0.727834E-13 -0.365630E-03 -0.758551E-12
    153.50  -0.971603E+00  0.971221E-12 -0.749817E+00 -0.670933E-13 -0.307206E-03 -0.732544E-12
    154.00  -0.105815E+01  0.926016E-12 -0.709015E+00 -0.595667E-13 -0.236782E-03 -0.707642E-12
    154.50  -0.114360E+01  0.872749E-12 -0.660895E+00 -0.503747E-13 -0.155832E-03 -0.684181E-12
    155.00  -0.122789E+01  0.812802E-12 -0.607077E+00 -0.397324E-13 -0.661101E-04 -0.662451E-12
    155.50  -0.131097E+01  0.747702E-12 -0.549368E+00 -0.278957E-13  0.303917E-04 -0.642679E-12
    156.00  -0.139278E+01  0.679128E-12 -0.489707E+00 -0.151575E-13  0.131495E-03 -0.625016E-12
    156.50  -0.147328E+01  0.608776E-12 -0.430094E+00 -0.184067E-14  0.234894E-03 -0.609535E-12
    157.00  -0.155242E+01  0.538403E-12 -0.372530E+00  0.117085E-13  0.338211E-03 -0.596211E-12
    157.50  -0.163014E+01  0.469898E-12 -0.318942E+00  0.251284E-13  0.439064E-03 -0.584924E-12
    158.00  -0.170641E+01  0.405017E-12 -0.271125E+00  0.380540E-13  0.535125E-03 -0.575452E-12
    158.50  -0.178116E+01  0.345450E-12 -0.230678E+00  0.501264E-13  0.624183E-03 -0.567482E-12
    159.00  -0.185438E+01  0.292768E-12 -0.198953E+00  0.610051E-13  0.704203E-03 -0.560631E-12
    159.50  -0.192599E+01  0.248337E-12 -0.177009E+00  0.703791E-13  0.773375E-03 -0.554483E-12
    160.00  -0.199597E+01  0.213271E-12 -0.165579E+00  0.779784E-13  0.830170E-03 -0.548635E-12
    160.50  -0.206426E+01  0.188369E-12 -0.165042E+00  0.835840E-13  0.873373E-03 -0.542768E-12
    161.00  -0.213082E+01  0.174200E-12 -0.175413E+00  0.870365E-13  0.902119E-03 -0.536711E-12
    161.50  -0.219560E+01  0.171176E-12 -0.196344E+00  0.882398E-13  0.915923E-03 -0.530467E-12
    162.00  -0.225856E+01  0.179542E-12 -0.227129E+00  0.871598E-13  0.914693E-03 -0.524165E-12
    162.50  -0.231964E+01  0.199316E-12 -0.266733E+00  0.838207E-13  0.898733E-03 -0.517974E-12
    163.00  -0.237879E+01  0.230256E-12 -0.313827E+00  0.783015E-13  0.868735E-03 -0.512040E-12
    163.50  -0.243597E+01  0.271862E-12 -0.366829E+00  0.707337E-13  0.825754E-03 -0.506466E-12
    164.00  -0.249113E+01  0.323236E-12 -0.423960E+00  0.613005E-13  0.771178E-03 -0.501306E-12
    164.50  -0.254421E+01  0.383324E-12 -0.483305E+00  0.502327E-13  0.706692E-03 -0.496575E-12
    165.00  -0.259517E+01  0.450783E-12 -0.542873E+00  0.378064E-13  0.634228E-03 -0.492247E-12
    165.50  -0.264396E+01  0.523949E-12 -0.600669E+00  0.243375E-13  0.555915E-03 -0.488252E-12
    166.00  -0.269055E+01  0.601055E-12 -0.654760E+00  0.101741E-13  0.474023E-03 -0.484465E-12
    166.50  -0.273487E+01  0.680194E-12 -0.703337E+00 -0.431139E-14  0.390901E-03 -0.480707E-12
    167.00  -0.277690E+01  0.759310E-12 -0.744775E+00 -0.187322E-13  0.308917E-03 -0.476749E-12
    167.50  -0.281659E+01  0.836217E-12 -0.777692E+00 -0.326980E-13  0.230397E-03 -0.472319E-12
    168.00  -0.285390E+01  0.908857E-12 -0.800990E+00 -0.458278E-13  0.157562E-03 -0.467122E-12
    168.50  -0.288879E+01  0.975225E-12 -0.813892E+00 -0.577618E-13  0.924777E-04 -0.460863E-12
    169.00  -0.292124E+01  0.103344E-11 -0.815971E+00 -0.681746E-13  0.369952E-04 -0.453290E-12
    169.50  -0.295121E+01  0.108176E-11 -0.807159E+00 -0.767883E-13 -0.728970E-05 -0.444264E-12
    170.00  -0.297868E+01  0.111894E-11 -0.787755E+00 -0.833812E-13 -0.390819E-04 -0.433818E-12
    170.50  -0.300360E+01  0.114407E-11 -0.758412E+00 -0.877841E-13 -0.574250E-04 -0.422087E-12
    171.00  -0.302597E+01  0.115663E-11 -0.720118E+00 -0.898783E-13 -0.617277E-04 -0.409189E-12
    171.50  -0.304576E+01  0.115636E-11 -0.674161E+00 -0.895992E-13 -0.517799E-04 -0.395189E-12
    172.00  -0.306296E+01  0.114331E-11 -0.622084E+00 -0.869392E-13 -0.277593E-04 -0.380114E-12
    172.50  -0.307755E+01  0.111782E-11 -0.565638E+00 -0.819499E-13  0.977336E-05 -0.363974E-12
    173.00  -0.308953E+01  0.108046E-11 -0.506717E+00 -0.747427E-13  0.598890E-04 -0.346781E-12
    173.50  -0.309889E+01  0.103220E-11 -0.447298E+00 -0.654889E-13  0.121315E-03 -0.328546E-12
    174.00  -0.310563E+01  0.974170E-12 -0.389373E+00 -0.544164E-13  0.192471E-03 -0.309277E-12
    174.50  -0.310976E+01  0.907814E-12 -0.334883E+00 -0.418063E-13  0.271507E-03 -0.288980E-12
    175.00  -0.311128E+01  0.834861E-12 -0.285652E+00 -0.279873E-13  0.356358E-03 -0.267651E-12
    175.50  -0.311021E+01  0.757167E-12 -0.243325E+00 -0.133260E-13  0.444794E-03 -0.245292E-12
    176.00  -0.310654E+01  0.676690E-12 -0.209319E+00  0.178211E-14  0.534482E-03 -0.221917E-12
    176.50  -0.310030E+01  0.595497E-12 -0.184770E+00  0.169242E-13  0.623046E-03 -0.197571E-12
    177.00  -0.309150E+01  0.515736E-12 -0.170495E+00  0.316821E-13  0.708131E-03 -0.172328E-12
    177.50  -0.308017E+01  0.439492E-12 -0.166971E+00  0.456469E-13  0.787467E-03 -0.146299E-12
    178.00  -0.306632E+01  0.368868E-12 -0.174315E+00  0.584368E-13  0.858923E-03 -0.119602E-12
    178.50  -0.304997E+01  0.305733E-12 -0.192278E+00  0.697205E-13  0.920559E-03 -0.922630E-13
    179.00  -0.303116E+01  0.251655E-12 -0.220255E+00  0.792143E-13  0.970681E-03 -0.642082E-13
    179.50  -0.300992E+01  0.207940E-12 -0.257306E+00  0.866743E-13  0.100789E-02 -0.353505E-13
    180.00  -0.298626E+01  0.175585E-12 -0.302184E+00  0.919024E-13  0.103111E-02 -0.561835E-14
    180.50  -0.296022E+01  0.155333E-12 -0.353380E+00  0.947509E-13  0.103963E-02  0.250385E-13
    181.00  -0.293183E+01  0.147512E-12 -0.409174E+00  0.951288E-13  0.103313E-02  0.566522E-13
    181.50  -0.290112E+01  0.152188E-12 -0.467691E+00  0.930051E-13  0.101165E-02  0.892401E-13
    182.00  -0.286812E+01  0.169082E-12 -0.526968E+00  0.884118E-13  0.975644E-03  0.122804E-12
    182.50  -0.283286E+01  0.197564E-12 -0.585015E+00  0.814460E-13  0.925931E-03  0.157323E-12
    183.00  -0.279537E+01  0.236660E-12 -0.639888E+00  0.722697E-13  0.863683E-03  0.192738E-12
    183.50  -0.275568E+01  0.285039E-12 -0.689748E+00  0.611080E-13  0.790394E-03  0.228939E-12
    184.00  -0.271382E+01  0.341159E-12 -0.732925E+00  0.482440E-13  0.707844E-03  0.265754E-12
    184.50  -0.266983E+01  0.403122E-12 -0.767976E+00  0.340139E-13  0.618047E-03  0.302943E-12
    185.00  -0.262373E+01  0.468933E-12 -0.793728E+00  0.187967E-13  0.523201E-03  0.340208E-12
    185.50  -0.257556E+01  0.536570E-12 -0.809321E+00  0.300421E-14  0.425627E-03  0.377220E-12
    186.00  -0.252535E+01  0.603952E-12 -0.814234E+00 -0.129315E-13  0.327711E-03  0.413678E-12
    186.50  -0.247313E+01  0.669221E-12 -0.808305E+00 -0.285759E-13  0.231842E-03  0.449389E-12
    187.00  -0.241896E+01  0.730698E-12 -0.791733E+00 -0.435113E-13  0.140345E-03  0.484334E-12
    187.50  -0.236285E+01  0.786680E-12 -0.765078E+00 -0.573495E-13  0.554191E-04  0.518644E-12
    188.00  -0.230487E+01  0.835503E-12 -0.729234E+00 -0.697379E-13 -0.209279E-04  0.552515E-12
    188.50  -0.224505E+01  0.875512E-12 -0.685406E+00 -0.803608E-13 -0.869262E-04  0.586133E-12
    189.00  -0.218345E+01  0.905234E-12 -0.635067E+00 -0.889447E-13 -0.141091E-03  0.619654E-12
    189.50  -0.212011E+01  0.923457E-12 -0.579907E+00 -0.952641E-13 -0.182258E-03  0.653195E-12
    190.00  -0.205509E+01  0.929172E-12 -0.521777E+00 -0.991469E-13 -0.209616E-03  0.686837E-12
    190.50  -0.198845E+01  0.921641E-12 -0.462627E+00 -0.100480E-12 -0.222722E-03  0.720624E-12
    191.00  -0.192025E+01  0.900435E-12 -0.404438E+00 -0.992155E-13 -0.221515E-03  0.754543E-12
    191.50  -0.185055E+01  0.865452E-12 -0.349160E+00 -0.953712E-13 -0.206313E-03  0.788514E-12
    192.00  -0.177942E+01  0.817014E-12 -0.298642E+00 -0.890354E-13 -0.177807E-03  0.822379E-12
    192.50  -0.170692E+01  0.755782E-12 -0.254573E+00 -0.803646E-13 -0.137042E-03  0.855893E-12
    193.00  -0.163313E+01  0.682777E-12 -0.218425E+00 -0.695807E-13 -0.853886E-04  0.888737E-12
    193.50  -0.155812E+01  0.599343E-12 -0.191404E+00 -0.569647E-13 -0.245090E-04  0.920539E-12
    194.00  -0.148195E+01  0.507311E-12 -0.174410E+00 -0.428498E-13  0.436848E-04  0.950917E-12
    194.50  -0.140472E+01  0.408772E-12 -0.168008E+00 -0.276081E-13  0.117079E-03  0.979537E-12
    195.00  -0.132649E+01  0.306120E-12 -0.172406E+00 -0.116374E-13  0.193412E-03  0.100619E-11
    195.50  -0.124736E+01  0.201902E-12 -0.187453E+00  0.465177E-14  0.270334E-03  0.103082E-11
    196.00  -0.116739E+01  0.986470E-13 -0.212638E+00  0.208456E-13  0.345472E-03  0.105354E-11
    196.50  -0.108668E+01 -0.125135E-14 -0.247113E+00  0.365335E-13  0.416502E-03  0.107459E-11
    197.00  -0.100530E+01 -0.956270E-13 -0.289716E+00  0.513152E-13  0.481202E-03  0.109422E-11
    197.50  -0.923341E+00 -0.182522E-12 -0.339012E+00  0.648080E-13  0.537519E-03  0.111266E-11
    198.00  -0.840878E+00 -0.260161E-12 -0.393346E+00  0.766563E-13  0.583623E-03  0.113016E-11
    198.50  -0.757990E+00 -0.326992E-12 -0.450892E+00  0.865406E-13  0.617951E-03  0.114687E-11
    199.00  -0.674754E+00 -0.381788E-12 -0.509717E+00  0.941873E-13  0.639256E-03  0.116292E-11
    199.50  -0.591245E+00 -0.423641E-12 -0.567849E+00  0.993776E-13  0.646635E-03  0.117838E-11
    200.00  -0.507532E+00 -0.451865E-12 -0.623339E+00  0.101954E-12  0.639555E-03  0.119321E-11
    200.50  -0.423685E+00 -0.466202E-12 -0.674330E+00  0.101830E-12  0.617865E-03  0.120731E-11
    201.00  -0.339768E+00 -0.466802E-12 -0.719114E+00  0.989899E-13  0.581806E-03  0.122047E-11
    201.50  -0.255844E+00 -0.454143E-12 -0.756195E+00  0.934968E-13  0.531994E-03  0.123241E-11
    202.00  -0.171974E+00 -0.429074E-12 -0.784335E+00  0.854887E-13  0.469413E-03  0.124281E-11
    202.50  -0.882150E-01 -0.392713E-12 -0.802595E+00  0.751772E-13  0.395381E-03  0.125132E-11
    203.00  -0.462327E-02 -0.346294E-12 -0.810369E+00  0.628398E-13  0.311519E-03  0.125764E-11
    203.50   0.787466E-01 -0.291242E-12 -0.807399E+00  0.488107E-13  0.219707E-03  0.126159E-11
    204.00   0.161841E+00 -0.229046E-12 -0.793791E+00  0.334667E-13  0.122032E-03  0.126313E-11
    204.50   0.244608E+00 -0.161324E-12 -0.770004E+00  0.172126E-13  0.207293E-04  0.126239E-11
    205.00   0.326994E+00 -0.899306E-13 -0.736840E+00  0.470397E-15 -0.818792E-04  0.125960E-11
    205.50   0.408948E+00 -0.168660E-13 -0.695417E+00 -0.163301E-13 -0.183446E-03  0.125504E-11
    206.00   0.490419E+00  0.557362E-13 -0.647127E+00 -0.327585E-13 -0.281655E-03  0.124898E-11
    206.50   0.571356E+00  0.125729E-12 -0.593594E+00 -0.483916E-13 -0.374285E-03  0.124165E-11
    207.00   0.651708E+00  0.190977E-12 -0.536615E+00 -0.628227E-13 -0.459261E-03  0.123326E-11
    207.50   0.731424E+00  0.249376E-12 -0.478105E+00 -0.756703E-13 -0.534706E-03  0.122392E-11
    208.00   0.810453E+00  0.299058E-12 -0.420024E+00 -0.865892E-13 -0.598993E-03  0.121372E-11
    208.50   0.888745E+00  0.338262E-12 -0.364319E+00 -0.952798E-13 -0.650785E-03  0.120263E-11
    209.00   0.966249E+00  0.365436E-12 -0.312858E+00 -0.101498E-12 -0.689066E-03  0.119056E-11
    209.50   0.104291E+01  0.379469E-12 -0.267360E+00 -0.105063E-12 -0.713169E-03  0.117735E-11
    210.00   0.111868E+01  0.379674E-12 -0.229349E+00 -0.105866E-12 -0.722796E-03  0.116275E-11
    210.50   0.119350E+01  0.365672E-12 -0.200094E+00 -0.103872E-12 -0.718024E-03  0.114647E-11
    211.00   0.126733E+01  0.337456E-12 -0.180571E+00 -0.991249E-13 -0.699304E-03  0.112821E-11
    211.50   0.134010E+01  0.295576E-12 -0.171432E+00 -0.917421E-13 -0.667453E-03  0.110769E-11
    212.00   0.141175E+01  0.241091E-12 -0.172979E+00 -0.819128E-13 -0.623631E-03  0.108475E-11
    212.50   0.148224E+01  0.175475E-12 -0.185156E+00 -0.698876E-13 -0.569317E-03  0.105938E-11
    213.00   0.155150E+01  0.100597E-12 -0.207554E+00 -0.559697E-13 -0.506258E-03  0.103173E-11
    213.50   0.161948E+01  0.185819E-13 -0.239419E+00 -0.405081E-13 -0.436427E-03  0.100209E-11
    214.00   0.168611E+01 -0.684234E-13 -0.279678E+00 -0.238901E-13 -0.361967E-03  0.970762E-12
    214.50   0.175134E+01 -0.158095E-12 -0.326979E+00 -0.653566E-14 -0.285132E-03  0.938049E-12
    215.00   0.181512E+01 -0.248067E-12 -0.379734E+00  0.111122E-13 -0.208230E-03  0.904220E-12
    215.50   0.187739E+01 -0.335988E-12 -0.436172E+00  0.285974E-13 -0.133561E-03  0.869507E-12
    216.00   0.193810E+01 -0.419620E-12 -0.494400E+00  0.454618E-13 -0.633566E-04  0.834103E-12
    216.50   0.199719E+01 -0.496663E-12 -0.552467E+00  0.612566E-13  0.283330E-06  0.798160E-12
    217.00   0.205463E+01 -0.564973E-12 -0.608428E+00  0.755550E-13  0.554411E-04  0.761776E-12
    217.50   0.211036E+01 -0.622701E-12 -0.660409E+00  0.879654E-13  0.100434E-03  0.724987E-12
    218.00   0.216435E+01 -0.668206E-12 -0.706673E+00  0.981424E-13  0.133858E-03  0.687766E-12
    218.50   0.221656E+01 -0.700137E-12 -0.745674E+00  0.105799E-12  0.154623E-03  0.650027E-12
    219.00   0.226695E+01 -0.717464E-12 -0.776110E+00  0.110714E-12  0.161980E-03  0.611633E-12
    219.50   0.231549E+01 -0.719549E-12 -0.796965E+00  0.112743E-12  0.155540E-03  0.572424E-12
    220.00   0.236215E+01 -0.706295E-12 -0.807547E+00  0.111824E-12  0.135284E-03  0.532247E-12
    220.50   0.240690E+01 -0.677766E-12 -0.807504E+00  0.107974E-12  0.101562E-03  0.491015E-12
    221.00   0.244973E+01 -0.634313E-12 -0.796842E+00  0.101295E-12  0.550848E-04  0.448776E-12
    221.50   0.249061E+01 -0.576595E-12 -0.775921E+00  0.919577E-13 -0.310270E-05  0.405740E-12
    222.00   0.252951E+01 -0.505649E-12 -0.745446E+00  0.801966E-13 -0.716468E-04  0.362213E-12
    222.50   0.256642E+01 -0.422865E-12 -0.706443E+00  0.663043E-13 -0.148921E-03  0.318501E-12
    223.00   0.260133E+01 -0.330100E-12 -0.660224E+00  0.506269E-13 -0.233064E-03  0.274868E-12
    223.50   0.263421E+01 -0.229418E-12 -0.608341E+00  0.335571E-13 -0.322029E-03  0.231532E-12
    224.00   0.266507E+01 -0.122979E-12 -0.552539E+00  0.155264E-13 -0.413634E-03  0.188678E-12
    224.50   0.269388E+01 -0.132481E-13 -0.494690E+00 -0.300319E-14 -0.505616E-03  0.146470E-12
    225.00   0.272065E+01  0.971716E-13 -0.436735E+00 -0.215507E-13 -0.595697E-03  0.105047E-12
    225.50   0.274536E+01  0.205742E-12 -0.380617E+00 -0.396287E-13 -0.681636E-03  0.645212E-13
    226.00   0.276801E+01  0.309899E-12 -0.328216E+00 -0.567557E-13 -0.761290E-03  0.249688E-13
    226.50   0.278860E+01  0.407068E-12 -0.281286E+00 -0.724696E-13 -0.832673E-03 -0.135686E-13
    227.00   0.280711E+01  0.494923E-12 -0.241397E+00 -0.863420E-13 -0.894004E-03 -0.510807E-13
    227.50   0.282355E+01  0.571430E-12 -0.209882E+00 -0.979917E-13 -0.943756E-03 -0.875801E-13
    228.00   0.283792E+01  0.634831E-12 -0.187795E+00 -0.107096E-12 -0.980694E-03 -0.123091E-12
    228.50   0.285020E+01  0.683766E-12 -0.175873E+00 -0.113403E-12 -0.100391E-02 -0.157636E-12
    229.00   0.286039E+01  0.717219E-12 -0.174513E+00 -0.116736E-12 -0.101285E-02 -0.191222E-12
    229.50   0.286849E+01  0.734657E-12 -0.183759E+00 -0.117006E-12 -0.100732E-02 -0.223798E-12
    230.00   0.287449E+01  0.736034E-12 -0.203301E+00 -0.114203E-12 -0.987498E-03 -0.255233E-12
    230.50   0.287839E+01  0.721727E-12 -0.232482E+00 -0.108394E-12 -0.953933E-03 -0.285394E-12
    231.00   0.288018E+01  0.692449E-12 -0.270321E+00 -0.997214E-13 -0.907522E-03 -0.314205E-12
    231.50   0.287985E+01  0.649277E-12 -0.315545E+00 -0.883974E-13 -0.849488E-03 -0.341635E-12
    232.00   0.287740E+01  0.593575E-12 -0.366636E+00 -0.747031E-13 -0.781352E-03 -0.367661E-12
    232.50   0.287282E+01  0.527127E-12 -0.421878E+00 -0.589832E-13 -0.704890E-03 -0.392260E-12
    233.00   0.286611E+01  0.452009E-12 -0.479416E+00 -0.416382E-13 -0.622089E-03 -0.415407E-12
    233.50   0.285726E+01  0.370457E-12 -0.537319E+00 -0.231156E-13 -0.535093E-03 -0.437075E-12
    234.00   0.284628E+01  0.284898E-12 -0.593648E+00 -0.389948E-14 -0.446146E-03 -0.457237E-12
    234.50   0.283316E+01  0.197960E-12 -0.646514E+00  0.155013E-13 -0.357536E-03 -0.475862E-12
    235.00   0.281790E+01  0.112274E-12 -0.694148E+00  0.345673E-13 -0.271531E-03 -0.492906E-12
    235.50   0.280051E+01  0.304458E-13 -0.734955E+00  0.527832E-13 -0.190322E-03 -0.508308E-12
    236.00   0.278099E+01 -0.449773E-13 -0.767572E+00  0.696520E-13 -0.115969E-03 -0.521980E-12
    236.50   0.275934E+01 -0.111551E-12 -0.790907E+00  0.847108E-13 -0.503418E-04 -0.533809E-12
    237.00   0.273559E+01 -0.167044E-12 -0.804183E+00  0.975450E-13  0.492632E-05 -0.543658E-12
    237.50   0.270974E+01 -0.209602E-12 -0.806955E+00  0.107803E-12  0.484829E-04 -0.551401E-12
    238.00   0.268180E+01 -0.237605E-12 -0.799132E+00  0.115210E-12  0.792959E-04 -0.556998E-12
    238.50   0.265180E+01 -0.249916E-12 -0.780978E+00  0.119573E-12  0.966808E-04 -0.560573E-12
    239.00   0.261975E+01 -0.245980E-12 -0.753102E+00  0.120776E-12  0.100316E-03 -0.562362E-12
    239.50   0.258570E+01 -0.225693E-12 -0.716443E+00  0.118783E-12  0.902509E-04 -0.562618E-12
    240.00   0.254965E+01 -0.189357E-12 -0.672231E+00  0.113634E-12  0.669037E-04 -0.561568E-12
    240.50   0.251166E+01 -0.137779E-12 -0.621951E+00  0.105447E-12  0.310504E-04 -0.559411E-12
    241.00   0.247176E+01 -0.721211E-13 -0.567293E+00  0.944208E-13 -0.161972E-04 -0.556333E-12
    241.50   0.242998E+01  0.614107E-14 -0.510090E+00  0.808261E-13 -0.734224E-04 -0.552510E-12
    242.00   0.238637E+01  0.950948E-13 -0.452260E+00  0.650049E-13 -0.138942E-03 -0.548103E-12
    242.50   0.234097E+01  0.192523E-12 -0.395741E+00  0.473616E-13 -0.210849E-03 -0.543253E-12
    243.00   0.229383E+01  0.295871E-12 -0.342427E+00  0.283548E-13 -0.287070E-03 -0.538058E-12
    243.50   0.224500E+01  0.402579E-12 -0.294102E+00  0.848399E-14 -0.365411E-03 -0.532562E-12
    244.00   0.219453E+01  0.509859E-12 -0.252380E+00 -0.117215E-13 -0.443623E-03 -0.526744E-12
    244.50   0.214246E+01  0.614945E-12 -0.218657E+00 -0.317181E-13 -0.519454E-03 -0.520520E-12
    245.00   0.208885E+01  0.715013E-12 -0.194057E+00 -0.509631E-13 -0.590713E-03 -0.513758E-12
    245.50   0.203375E+01  0.807457E-12 -0.179401E+00 -0.689311E-13 -0.655325E-03 -0.506313E-12
    246.00   0.197722E+01  0.890003E-12 -0.175175E+00 -0.851312E-13 -0.711387E-03 -0.498082E-12
    246.50   0.191931E+01  0.960606E-12 -0.181516E+00 -0.991229E-13 -0.757214E-03 -0.489081E-12
    247.00   0.186008E+01  0.101752E-11 -0.198209E+00 -0.110531E-12 -0.791383E-03 -0.479494E-12
    247.50   0.179957E+01  0.105923E-11 -0.224689E+00 -0.119053E-12 -0.812767E-03 -0.469637E-12
    248.00   0.173785E+01  0.108449E-11 -0.260064E+00 -0.124463E-12 -0.820563E-03 -0.459885E-12
    248.50   0.167497E+01  0.109245E-11 -0.303144E+00 -0.126615E-12 -0.814313E-03 -0.450604E-12
    249.00   0.161098E+01  0.108261E-11 -0.352477E+00 -0.125442E-12 -0.793923E-03 -0.442130E-12
    249.50   0.154594E+01  0.105494E-11 -0.406408E+00 -0.120965E-12 -0.759664E-03 -0.434760E-12
    250.00   0.147990E+01  0.100979E-11 -0.463123E+00 -0.113285E-12 -0.712166E-03 -0.428748E-12
    250.50   0.141290E+01  0.947964E-12 -0.520719E+00 -0.102592E-12 -0.652402E-03 -0.424294E-12
    251.00   0.134500E+01  0.870674E-12 -0.577264E+00 -0.891527E-13 -0.581665E-03 -0.421533E-12
    251.50   0.127625E+01  0.779611E-12 -0.630863E+00 -0.733125E-13 -0.501533E-03 -0.420522E-12
    252.00   0.120668E+01  0.676833E-12 -0.679720E+00 -0.554837E-13 -0.413826E-03 -0.421224E-12
    252.50   0.113635E+01  0.564730E-12 -0.722201E+00 -0.361361E-13 -0.320561E-03 -0.423516E-12
    253.00   0.106529E+01  0.445983E-12 -0.756884E+00 -0.157841E-13 -0.223896E-03 -0.427194E-12
    253.50   0.993560E+00  0.323513E-12 -0.782611E+00  0.502814E-14 -0.126071E-03 -0.432000E-12
    254.00   0.921196E+00  0.200364E-12 -0.798523E+00  0.257440E-13 -0.293505E-04 -0.437660E-12
    254.50   0.848245E+00  0.798307E-13 -0.804090E+00  0.458124E-13  0.640391E-04 -0.443944E-12
    255.00   0.774754E+00 -0.348899E-13 -0.799130E+00  0.647063E-13  0.151969E-03 -0.450726E-12
    255.50   0.700771E+00 -0.140807E-12 -0.783811E+00  0.819370E-13  0.232464E-03 -0.458030E-12
    256.00   0.626346E+00 -0.235330E-12 -0.758652E+00  0.970628E-13  0.303746E-03 -0.466006E-12
    256.50   0.551530E+00 -0.316246E-12 -0.724498E+00  0.109695E-12  0.364281E-03 -0.474880E-12
    257.00   0.476377E+00 -0.381834E-12 -0.682498E+00  0.119504E-12  0.412820E-03 -0.484884E-12
    257.50   0.400944E+00 -0.430884E-12 -0.634066E+00  0.126230E-12  0.448430E-03 -0.496224E-12
    258.00   0.325286E+00 -0.462592E-12 -0.580827E+00  0.129685E-12  0.470517E-03 -0.509059E-12
    258.50   0.249463E+00 -0.476625E-12 -0.524570E+00  0.129765E-12  0.478839E-03 -0.523491E-12
    259.00   0.173535E+00 -0.473051E-12 -0.467182E+00  0.126447E-12  0.473517E-03 -0.539563E-12
    259.50   0.975636E-01 -0.452378E-12 -0.410586E+00  0.119800E-12  0.455024E-03 -0.557242E-12
    260.00   0.216122E-01 -0.415598E-12 -0.356680E+00  0.109981E-12  0.424175E-03 -0.576412E-12
    260.50  -0.542553E-01 -0.364122E-12 -0.307268E+00  0.972316E-13  0.382103E-03 -0.596870E-12
    261.00  -0.129974E+00 -0.299798E-12 -0.264003E+00  0.818770E-13  0.330230E-03 -0.618326E-12
    261.50  -0.205477E+00 -0.224753E-12 -0.228331E+00  0.643162E-13  0.270229E-03 -0.640417E-12
    262.00  -0.280699E+00 -0.141417E-12 -0.201443E+00  0.450125E-13  0.203982E-03 -0.662730E-12
    262.50  -0.355571E+00 -0.523599E-13 -0.184236E+00  0.244805E-13  0.133526E-03 -0.684841E-12
    263.00  -0.430027E+00  0.397975E-13 -0.177283E+00  0.327073E-14  0.610064E-04 -0.706370E-12
    263.50  -0.503998E+00  0.132432E-12 -0.180813E+00 -0.180479E-13 -0.113823E-04 -0.727046E-12
    264.00  -0.577416E+00  0.222876E-12 -0.194705E+00 -0.389070E-13 -0.814503E-04 -0.746751E-12
    264.50  -0.650214E+00  0.308568E-12 -0.218488E+00 -0.587572E-13 -0.147065E-03 -0.765515E-12
    265.00  -0.722324E+00  0.386995E-12 -0.251362E+00 -0.770807E-13 -0.206205E-03 -0.783462E-12
    265.50  -0.793680E+00  0.455720E-12 -0.292222E+00 -0.934009E-13 -0.257017E-03 -0.800737E-12
    266.00  -0.864219E+00  0.512492E-12 -0.339693E+00 -0.107292E-12 -0.297863E-03 -0.817472E-12
    266.50  -0.933879E+00  0.555273E-12 -0.392183E+00 -0.118388E-12 -0.327372E-03 -0.833759E-12
    267.00  -0.100260E+01  0.582342E-12 -0.447927E+00 -0.126391E-12 -0.344471E-03 -0.849653E-12
    267.50  -0.107033E+01  0.592393E-12 -0.505057E+00 -0.131082E-12 -0.348421E-03 -0.865161E-12
    268.00  -0.113701E+01  0.584567E-12 -0.561658E+00 -0.132324E-12 -0.338833E-03 -0.880237E-12
    268.50  -0.120259E+01  0.558513E-12 -0.615834E+00 -0.130073E-12 -0.315682E-03 -0.894771E-12
    269.00  -0.126703E+01  0.514313E-12 -0.665771E+00 -0.124375E-12 -0.279304E-03 -0.908581E-12
    269.50  -0.133028E+01  0.452507E-12 -0.709800E+00 -0.115368E-12 -0.230390E-03 -0.921415E-12
    270.00  -0.139231E+01  0.374198E-12 -0.746449E+00 -0.103284E-12 -0.169966E-03 -0.932957E-12
    270.50  -0.145306E+01  0.280982E-12 -0.774495E+00 -0.884378E-13 -0.993649E-04 -0.942850E-12
    271.00  -0.151251E+01  0.174918E-12 -0.793004E+00 -0.712213E-13 -0.201882E-04 -0.950719E-12
    271.50  -0.157063E+01  0.585662E-13 -0.801359E+00 -0.520894E-13  0.657346E-04 -0.956229E-12
    272.00  -0.162738E+01 -0.651336E-13 -0.799285E+00 -0.315440E-13  0.156397E-03 -0.959138E-12
    272.50  -0.168272E+01 -0.193001E-12 -0.786855E+00 -0.101151E-13  0.249669E-03 -0.959365E-12
    273.00  -0.173663E+01 -0.321789E-12 -0.764489E+00  0.116521E-13  0.343347E-03 -0.956982E-12
    273.50  -0.178908E+01 -0.448355E-12 -0.732942E+00  0.332067E-13  0.435208E-03 -0.952155E-12
    274.00  -0.184003E+01 -0.569785E-12 -0.693276E+00  0.540010E-13  0.523072E-03 -0.945064E-12
    274.50  -0.188947E+01 -0.683320E-12 -0.646823E+00  0.735015E-13  0.604854E-03 -0.935864E-12
    275.00  -0.193734E+01 -0.786425E-12 -0.595147E+00  0.912020E-13  0.678626E-03 -0.924672E-12
    275.50  -0.198364E+01 -0.876684E-12 -0.539982E+00  0.106636E-12  0.742658E-03 -0.911580E-12
    276.00  -0.202833E+01 -0.952144E-12 -0.483180E+00  0.119390E-12  0.795473E-03 -0.896652E-12
    276.50  -0.207137E+01 -0.101108E-11 -0.426647E+00  0.129115E-12  0.835875E-03 -0.879921E-12
    277.00  -0.211275E+01 -0.105222E-11 -0.372279E+00  0.135539E-12  0.862988E-03 -0.861390E-12
    277.50  -0.215243E+01 -0.107475E-11 -0.321895E+00  0.138474E-12  0.876274E-03 -0.841017E-12
    278.00  -0.219038E+01 -0.107819E-11 -0.277183E+00  0.137822E-12  0.875547E-03 -0.818720E-12
    278.50  -0.222658E+01 -0.106270E-11 -0.239639E+00  0.133585E-12  0.860980E-03 -0.794383E-12
    279.00  -0.226099E+01 -0.102892E-11 -0.210518E+00  0.125859E-12  0.833101E-03 -0.767860E-12
    279.50  -0.229359E+01 -0.977951E-12 -0.190792E+00  0.114842E-12  0.792778E-03 -0.738999E-12
    280.00  -0.232434E+01 -0.911325E-12 -0.181121E+00  0.100821E-12  0.741196E-03 -0.707664E-12
    280.50  -0.235321E+01 -0.830892E-12 -0.181826E+00  0.841697E-13  0.679830E-03 -0.673773E-12
    281.00  -0.238018E+01 -0.738782E-12 -0.192882E+00  0.653291E-13  0.610406E-03 -0.637378E-12
    281.50  -0.240522E+01 -0.637257E-12 -0.213917E+00  0.447885E-13  0.534858E-03 -0.598680E-12
    282.00  -0.242828E+01 -0.528951E-12 -0.244226E+00  0.230705E-13  0.455283E-03 -0.557938E-12
    282.50  -0.244936E+01 -0.416765E-12 -0.282788E+00  0.725222E-15  0.373879E-03 -0.515376E-12
    283.00  -0.246841E+01 -0.303647E-12 -0.328309E+00 -0.216801E-13  0.292885E-03 -0.471178E-12
    283.50  -0.248542E+01 -0.192629E-12 -0.379259E+00 -0.435731E-13  0.214518E-03 -0.425508E-12
    284.00  -0.250036E+01 -0.866731E-13 -0.433930E+00 -0.643898E-13  0.140918E-03 -0.378522E-12
    284.50  -0.251321E+01  0.114013E-13 -0.490485E+00 -0.835889E-13  0.740880E-04 -0.330385E-12
    285.00  -0.252395E+01  0.989191E-13 -0.547029E+00 -0.100665E-12  0.158408E-04 -0.281259E-12
    285.50  -0.253258E+01  0.173379E-12 -0.601667E+00 -0.115163E-12 -0.322467E-04 -0.231306E-12
    286.00  -0.253908E+01  0.232738E-12 -0.652570E+00 -0.126692E-12 -0.688754E-04 -0.180680E-12
    286.50  -0.254343E+01  0.275286E-12 -0.698033E+00 -0.134935E-12 -0.930575E-04 -0.129528E-12
    287.00  -0.254565E+01  0.299852E-12 -0.736537E+00 -0.139663E-12 -0.104142E-03 -0.779922E-13
    287.50  -0.254572E+01  0.305707E-12 -0.766794E+00 -0.140741E-12 -0.101829E-03 -0.262236E-13
    288.00  -0.254365E+01  0.292662E-12 -0.787794E+00 -0.138132E-12 -0.861817E-04  0.256110E-13
    288.50  -0.253943E+01  0.261114E-12 -0.798836E+00 -0.131900E-12 -0.576188E-04  0.773148E-13
    289.00  -0.253309E+01  0.211929E-12 -0.799552E+00 -0.122211E-12 -0.169058E-04  0.128664E-12
    289.50  -0.252463E+01  0.146440E-12 -0.789919E+00 -0.109323E-12  0.348641E-04  0.179444E-12
    290.00  -0.251406E+01  0.662833E-13 -0.770261E+00 -0.935691E-13  0.962952E-04  0.229504E-12
    290.50  -0.250140E+01 -0.264800E-13 -0.741239E+00 -0.753497E-13  0.165725E-03  0.278749E-12
    291.00  -0.248668E+01 -0.129490E-12 -0.703828E+00 -0.551274E-13  0.241270E-03  0.327088E-12
    291.50  -0.246992E+01 -0.240066E-12 -0.659285E+00 -0.334179E-13  0.320875E-03  0.374426E-12
    292.00  -0.245114E+01 -0.355392E-12 -0.609106E+00 -0.107772E-13  0.402372E-03  0.420665E-12
    292.50  -0.243038E+01 -0.472457E-12 -0.554977E+00  0.122101E-13  0.483534E-03  0.465701E-12
    293.00  -0.240766E+01 -0.588177E-12 -0.498714E+00  0.349450E-13  0.562136E-03  0.509433E-12
    293.50  -0.238301E+01 -0.699503E-12 -0.442204E+00  0.568299E-13  0.636014E-03  0.551759E-12
    294.00  -0.235646E+01 -0.803442E-12 -0.387339E+00  0.772839E-13  0.703125E-03  0.592570E-12
    294.50  -0.232806E+01 -0.897201E-12 -0.335959E+00  0.957591E-13  0.761598E-03  0.631741E-12
    295.00  -0.229783E+01 -0.978080E-12 -0.289782E+00  0.111755E-12  0.809783E-03  0.669121E-12
    295.50  -0.226580E+01 -0.104379E-11 -0.250352E+00  0.124837E-12  0.846299E-03  0.704520E-12
    296.00  -0.223202E+01 -0.109249E-11 -0.218986E+00  0.134645E-12  0.870064E-03  0.737713E-12
    296.50  -0.219650E+01 -0.112260E-11 -0.196733E+00  0.140908E-12  0.880325E-03  0.768440E-12
    297.00  -0.215930E+01 -0.113309E-11 -0.184334E+00  0.143452E-12  0.876678E-03  0.796432E-12
    297.50  -0.212044E+01 -0.112354E-11 -0.182201E+00  0.142205E-12  0.859072E-03  0.821460E-12
    298.00  -0.207996E+01 -0.109414E-11 -0.190402E+00  0.137197E-12  0.827812E-03  0.843423E-12
    298.50  -0.203789E+01 -0.104566E-11 -0.208660E+00  0.128549E-12  0.783550E-03  0.862395E-12
    299.00  -0.199426E+01 -0.979400E-12 -0.236359E+00  0.116475E-12  0.727273E-03  0.878578E-12
    299.50  -0.194912E+01 -0.897129E-12 -0.272566E+00  0.101272E-12  0.660278E-03  0.892207E-12
    300.00  -0.190249E+01 -0.801021E-12 -0.316063E+00  0.833171E-13  0.584138E-03  0.903504E-12
    300.50  -0.185442E+01 -0.693467E-12 -0.365388E+00  0.630608E-13  0.500661E-03  0.912667E-12
    301.00  -0.180494E+01 -0.577276E-12 -0.418882E+00  0.410155E-13  0.411839E-03  0.919878E-12
    301.50  -0.175408E+01 -0.455428E-12 -0.474750E+00  0.177448E-13  0.319802E-03  0.925301E-12
    302.00  -0.170189E+01 -0.331109E-12 -0.531116E+00 -0.614972E-14  0.226756E-03  0.929079E-12
    302.50  -0.164840E+01 -0.207567E-12 -0.586089E+00 -0.300430E-13  0.134930E-03  0.931318E-12
    303.00  -0.159364E+01 -0.881252E-13 -0.637828E+00 -0.533031E-13  0.465181E-04  0.932073E-12
    303.50  -0.153766E+01  0.240018E-13 -0.684599E+00 -0.753078E-13 -0.363826E-04  0.931333E-12
    304.00  -0.148050E+01  0.125777E-12 -0.724836E+00 -0.954626E-13 -0.111822E-03  0.929025E-12
    304.50  -0.142219E+01  0.214508E-12 -0.757195E+00 -0.113218E-12 -0.178048E-03  0.925012E-12
    305.00  -0.136278E+01  0.287889E-12 -0.780593E+00 -0.128088E-12 -0.233557E-03  0.919119E-12
    305.50  -0.130232E+01  0.343999E-12 -0.794250E+00 -0.139659E-12 -0.277128E-03  0.911167E-12
    306.00  -0.124084E+01  0.381377E-12 -0.797710E+00 -0.147611E-12 -0.307854E-03  0.901031E-12
    306.50  -0.117841E+01  0.399053E-12 -0.790861E+00 -0.151724E-12 -0.325172E-03  0.888707E-12
    307.00  -0.111507E+01  0.396536E-12 -0.773934E+00 -0.151882E-12 -0.328875E-03  0.874355E-12
    307.50  -0.105088E+01  0.373740E-12 -0.747499E+00 -0.148077E-12 -0.319123E-03  0.858269E-12
    308.00  -0.985904E+00  0.330951E-12 -0.712447E+00 -0.140404E-12 -0.296442E-03  0.840805E-12
    308.50  -0.920192E+00  0.269061E-12 -0.669954E+00 -0.129054E-12 -0.261706E-03  0.822323E-12
    309.00  -0.853809E+00  0.189417E-12 -0.621450E+00 -0.114315E-12 -0.216112E-03  0.803158E-12
    309.50  -0.786820E+00  0.938197E-13 -0.568563E+00 -0.965579E-13 -0.161148E-03  0.783611E-12
    310.00  -0.719290E+00 -0.155177E-13 -0.513069E+00 -0.762369E-13 -0.985461E-04  0.763943E-12
    310.50  -0.651285E+00 -0.135944E-12 -0.456828E+00 -0.538739E-13 -0.302431E-04  0.744370E-12
    311.00  -0.582871E+00 -0.264515E-12 -0.401726E+00 -0.300481E-13  0.416777E-04  0.725051E-12
    311.50  -0.514115E+00 -0.398014E-12 -0.349608E+00 -0.538176E-14  0.115040E-03  0.706072E-12
    312.00  -0.445083E+00 -0.533029E-12 -0.302220E+00  0.194760E-13  0.187632E-03  0.687444E-12
    312.50  -0.375841E+00 -0.666067E-12 -0.261145E+00  0.438666E-13  0.257264E-03  0.669100E-12
    313.00  -0.306454E+00 -0.793665E-12 -0.227757E+00  0.671409E-13  0.321827E-03  0.650906E-12
    313.50  -0.236987E+00 -0.912448E-12 -0.203170E+00  0.886778E-13  0.379342E-03  0.632683E-12
    314.00  -0.167504E+00 -0.101924E-11 -0.188204E+00  0.107903E-12  0.428014E-03  0.614244E-12
    314.50  -0.980652E-01 -0.111119E-11 -0.183356E+00  0.124304E-12  0.466278E-03  0.595444E-12
    315.00  -0.287335E-01 -0.118580E-11 -0.188786E+00  0.137449E-12  0.492831E-03  0.576248E-12
    315.50   0.404320E-01 -0.124113E-11 -0.204307E+00  0.146992E-12  0.506677E-03  0.556772E-12
    316.00   0.109373E+00 -0.127588E-11 -0.229396E+00  0.152678E-12  0.507149E-03  0.537267E-12
    316.50   0.178034E+00 -0.128936E-11 -0.263208E+00  0.154352E-12  0.493934E-03  0.518056E-12
    317.00   0.246360E+00 -0.128150E-11 -0.304605E+00  0.151956E-12  0.467082E-03  0.499471E-12
    317.50   0.314301E+00 -0.125275E-11 -0.352196E+00  0.145536E-12  0.427002E-03  0.481816E-12
    318.00   0.381806E+00 -0.120412E-11 -0.404383E+00  0.135240E-12  0.374454E-03  0.465354E-12
    318.50   0.448831E+00 -0.113704E-11 -0.459414E+00  0.121317E-12  0.310527E-03  0.450294E-12
    319.00   0.515330E+00 -0.105343E-11 -0.515441E+00  0.104115E-12  0.236613E-03  0.436791E-12
    319.50   0.581264E+00 -0.955681E-12 -0.570588E+00  0.840713E-13  0.154371E-03  0.424934E-12
    320.00   0.646594E+00 -0.846579E-12 -0.623007E+00  0.617021E-13  0.656796E-04  0.414735E-12
    320.50   0.711283E+00 -0.729202E-12 -0.670944E+00  0.375927E-13 -0.274060E-04  0.406119E-12
    321.00   0.775295E+00 -0.606889E-12 -0.712794E+00  0.123810E-13 -0.122713E-03  0.398934E-12
    321.50   0.838597E+00 -0.483068E-12 -0.747161E+00 -0.132596E-13 -0.218006E-03  0.392950E-12
    322.00   0.901156E+00 -0.361173E-12 -0.772896E+00 -0.386390E-13 -0.311045E-03  0.387884E-12
    322.50   0.962940E+00 -0.244565E-12 -0.789141E+00 -0.630701E-13 -0.399646E-03  0.383436E-12
    323.00   0.102392E+01 -0.136431E-12 -0.795357E+00 -0.858892E-13 -0.481736E-03  0.379328E-12
    323.50   0.108405E+01 -0.396033E-13 -0.791339E+00 -0.106479E-12 -0.555411E-03  0.375378E-12
    324.00   0.114331E+01  0.433876E-13 -0.777225E+00 -0.124286E-12 -0.618982E-03  0.371544E-12
    324.50   0.120166E+01  0.110315E-12 -0.753493E+00 -0.138840E-12 -0.671028E-03  0.367920E-12
    325.00   0.125906E+01  0.159238E-12 -0.720941E+00 -0.149761E-12 -0.710436E-03  0.364677E-12
    325.50   0.131548E+01  0.188561E-12 -0.680665E+00 -0.156763E-12 -0.736423E-03  0.361988E-12
    326.00   0.137087E+01  0.197217E-12 -0.634019E+00 -0.159658E-12 -0.748562E-03  0.359997E-12
    326.50   0.142520E+01  0.184627E-12 -0.582572E+00 -0.158364E-12 -0.746782E-03  0.358801E-12
    327.00   0.147843E+01  0.150815E-12 -0.528050E+00 -0.152902E-12 -0.731377E-03  0.358462E-12
    327.50   0.153051E+01  0.963072E-13 -0.472284E+00 -0.143403E-12 -0.702988E-03  0.358997E-12
    328.00   0.158140E+01  0.222326E-13 -0.417144E+00 -0.130103E-12 -0.662593E-03  0.360385E-12
    328.50   0.163106E+01 -0.697203E-13 -0.364478E+00 -0.113339E-12 -0.611472E-03  0.362550E-12
    329.00   0.167946E+01 -0.177361E-12 -0.316050E+00 -0.935420E-13 -0.551180E-03  0.365362E-12
    329.50   0.172654E+01 -0.298075E-12 -0.273482E+00 -0.712293E-13 -0.483501E-03  0.368630E-12
    330.00   0.177226E+01 -0.428802E-12 -0.238196E+00 -0.469880E-13 -0.410408E-03  0.372115E-12
    330.50   0.181659E+01 -0.566204E-12 -0.211373E+00 -0.214610E-13 -0.334003E-03  0.375534E-12
    331.00   0.185948E+01 -0.706705E-12 -0.193908E+00  0.467154E-14 -0.256471E-03  0.378589E-12
    331.50   0.190090E+01 -0.846610E-12 -0.186384E+00  0.307126E-13 -0.180022E-03  0.380993E-12
    332.00   0.194080E+01 -0.981990E-12 -0.189051E+00  0.559706E-13 -0.106835E-03  0.382528E-12
    332.50   0.197915E+01 -0.110903E-11 -0.201819E+00  0.797839E-13 -0.390043E-04  0.383116E-12
    333.00   0.201592E+01 -0.122433E-11 -0.224256E+00  0.101536E-12  0.215216E-04  0.382821E-12
    333.50   0.205106E+01 -0.132498E-11 -0.255610E+00  0.120664E-12  0.729917E-04  0.381772E-12
    334.00   0.208455E+01 -0.140839E-11 -0.294827E+00  0.136669E-12  0.113900E-03  0.380083E-12
    334.50   0.211637E+01 -0.147243E-11 -0.340589E+00  0.149126E-12  0.143025E-03  0.377828E-12
    335.00   0.214648E+01 -0.151547E-11 -0.391360E+00  0.157700E-12  0.159462E-03  0.375051E-12
    335.50   0.217486E+01 -0.153640E-11 -0.445436E+00  0.162153E-12  0.162647E-03  0.371780E-12
    336.00   0.220150E+01 -0.153468E-11 -0.501004E+00  0.162351E-12  0.152375E-03  0.368029E-12
    336.50   0.222637E+01 -0.151028E-11 -0.556200E+00  0.158272E-12  0.128800E-03  0.363798E-12
    337.00   0.224948E+01 -0.146370E-11 -0.609175E+00  0.150007E-12  0.924361E-04  0.359064E-12
    337.50   0.227080E+01 -0.139614E-11 -0.658157E+00  0.137758E-12  0.441383E-04  0.353778E-12
    338.00   0.229034E+01 -0.130924E-11 -0.701505E+00  0.121839E-12 -0.149159E-04  0.347862E-12
    338.50   0.230809E+01 -0.120516E-11 -0.737772E+00  0.102663E-12 -0.832606E-04  0.341213E-12
    339.00   0.232404E+01 -0.108649E-11 -0.765745E+00  0.807369E-13 -0.159179E-03  0.333712E-12
    339.50   0.233821E+01 -0.956258E-12 -0.784491E+00  0.566439E-13 -0.240749E-03  0.325233E-12
    340.00   0.235059E+01 -0.817821E-12 -0.793385E+00  0.310307E-13 -0.325895E-03  0.315654E-12
    340.50   0.236118E+01 -0.674689E-12 -0.792130E+00  0.458731E-14 -0.412438E-03  0.304878E-12
    341.00   0.237000E+01 -0.530296E-12 -0.780770E+00 -0.219801E-13 -0.498159E-03  0.292885E-12
    341.50   0.237704E+01 -0.388149E-12 -0.759688E+00 -0.479801E-13 -0.580849E-03  0.279744E-12
    342.00   0.238231E+01 -0.251759E-12 -0.729592E+00 -0.727461E-13 -0.658373E-03  0.265534E-12
    342.50   0.238582E+01 -0.124565E-12 -0.691494E+00 -0.956405E-13 -0.728723E-03  0.250289E-12
    343.00   0.238757E+01 -0.964646E-14 -0.646675E+00 -0.116070E-12 -0.790069E-03  0.234018E-12
    343.50   0.238757E+01  0.901784E-13 -0.596639E+00 -0.133501E-12 -0.840809E-03  0.216718E-12
    344.00   0.238582E+01  0.172436E-12 -0.543068E+00 -0.147468E-12 -0.879612E-03  0.198392E-12
    344.50   0.238233E+01  0.235212E-12 -0.487758E+00 -0.157597E-12 -0.905451E-03  0.179055E-12
    345.00   0.237711E+01  0.276987E-12 -0.432565E+00 -0.163606E-12 -0.917629E-03  0.158733E-12
    345.50   0.237016E+01  0.296937E-12 -0.379338E+00 -0.165320E-12 -0.915805E-03  0.137461E-12
    346.00   0.236148E+01  0.294720E-12 -0.329860E+00 -0.162678E-12 -0.899994E-03  0.115283E-12
    346.50   0.235108E+01  0.270618E-12 -0.285787E+00 -0.155735E-12 -0.870574E-03  0.922573E-13
    347.00   0.233896E+01  0.225589E-12 -0.248592E+00 -0.144661E-12 -0.828272E-03  0.684681E-13
    347.50   0.232513E+01  0.161227E-12 -0.219519E+00 -0.129742E-12 -0.774146E-03  0.440277E-13
    348.00   0.230959E+01  0.796029E-13 -0.199539E+00 -0.111371E-12 -0.709557E-03  0.190806E-13
    348.50   0.229233E+01 -0.167377E-13 -0.189318E+00 -0.900360E-13 -0.636134E-03 -0.619927E-14
    349.00   0.227338E+01 -0.124854E-12 -0.189197E+00 -0.663108E-13 -0.555733E-03 -0.316314E-13
    349.50   0.225272E+01 -0.241643E-12 -0.199177E+00 -0.408310E-13 -0.470387E-03 -0.571057E-13
    350.00   0.223037E+01 -0.363924E-12 -0.218922E+00 -0.142655E-13 -0.382249E-03 -0.826434E-13
    350.50   0.220634E+01 -0.488215E-12 -0.247768E+00  0.126995E-13 -0.293538E-03 -0.108337E-12
    351.00   0.218064E+01 -0.611003E-12 -0.284744E+00  0.393695E-13 -0.206480E-03 -0.134271E-12
    351.50   0.215327E+01 -0.728770E-12 -0.328608E+00  0.650554E-13 -0.123248E-03 -0.160495E-12
    352.00   0.212425E+01 -0.838107E-12 -0.377884E+00  0.890895E-13 -0.459061E-04 -0.187033E-12
    352.50   0.209360E+01 -0.935706E-12 -0.430917E+00  0.110842E-12  0.236417E-04 -0.213890E-12
    353.00   0.206134E+01 -0.101858E-11 -0.485928E+00  0.129738E-12  0.837031E-04 -0.241061E-12
    353.50   0.202748E+01 -0.108414E-11 -0.541069E+00  0.145272E-12  0.132841E-03 -0.268522E-12
    354.00   0.199205E+01 -0.113009E-11 -0.594493E+00  0.157023E-12  0.169908E-03 -0.296230E-12
    354.50   0.195508E+01 -0.115473E-11 -0.644409E+00  0.164670E-12  0.194083E-03 -0.324101E-12
    355.00   0.191660E+01 -0.115680E-11 -0.689145E+00  0.167995E-12  0.204882E-03 -0.352006E-12
    355.50   0.187663E+01 -0.113574E-11 -0.727204E+00  0.166898E-12  0.202181E-03 -0.379762E-12
    356.00   0.183520E+01 -0.109153E-11 -0.757314E+00  0.161399E-12  0.186210E-03 -0.407134E-12
    356.50   0.179237E+01 -0.102481E-11 -0.778468E+00  0.151635E-12  0.157557E-03 -0.433848E-12
    357.00   0.174815E+01 -0.936825E-12 -0.789960E+00  0.137861E-12  0.117147E-03 -0.459619E-12
    357.50   0.170260E+01 -0.829499E-12 -0.791406E+00  0.120439E-12  0.662242E-04 -0.484203E-12
    358.00   0.165577E+01 -0.705416E-12 -0.782761E+00  0.998255E-13  0.632144E-05 -0.507476E-12
    358.50   0.160769E+01 -0.567724E-12 -0.764315E+00  0.765515E-13 -0.607832E-04 -0.529465E-12
    359.00   0.155841E+01 -0.419702E-12 -0.736689E+00  0.512130E-13 -0.133115E-03 -0.550311E-12
    359.50   0.150799E+01 -0.264879E-12 -0.700813E+00  0.244589E-13 -0.208558E-03 -0.570182E-12
    360.00   0.145649E+01 -0.106971E-12 -0.657891E+00 -0.302290E-14 -0.284908E-03 -0.589236E-12
    360.50   0.140394E+01  0.502753E-13 -0.609366E+00 -0.305220E-13 -0.359936E-03 -0.607603E-12
    361.00   0.135042E+01  0.203140E-12 -0.556866E+00 -0.573226E-13 -0.431441E-03 -0.625390E-12
    361.50   0.129596E+01  0.348021E-12 -0.502154E+00 -0.827213E-13 -0.497317E-03 -0.642681E-12
    362.00   0.124063E+01  0.481452E-12 -0.447064E+00 -0.106046E-12 -0.555603E-03 -0.659531E-12
    362.50   0.118447E+01  0.600255E-12 -0.393442E+00 -0.126672E-12 -0.604536E-03 -0.675951E-12
    363.00   0.112754E+01  0.701582E-12 -0.343085E+00 -0.144044E-12 -0.642602E-03 -0.691901E-12
    363.50   0.106989E+01  0.783134E-12 -0.297676E+00 -0.157688E-12 -0.668570E-03 -0.707275E-12
    364.00   0.101157E+01  0.843124E-12 -0.258736E+00 -0.167227E-12 -0.681529E-03 -0.721905E-12
    364.50   0.952628E+00  0.880263E-12 -0.227564E+00 -0.172394E-12 -0.680909E-03 -0.735569E-12
    365.00   0.893105E+00  0.893942E-12 -0.205201E+00 -0.173039E-12 -0.666495E-03 -0.748008E-12
    365.50   0.833050E+00  0.884123E-12 -0.192393E+00 -0.169138E-12 -0.638437E-03 -0.758965E-12
    366.00   0.772508E+00  0.851313E-12 -0.189565E+00 -0.160789E-12 -0.597238E-03 -0.768234E-12
    366.50   0.711522E+00  0.796591E-12 -0.196808E+00 -0.148213E-12 -0.543748E-03 -0.775728E-12
    367.00   0.650134E+00  0.721389E-12 -0.213877E+00 -0.131739E-12 -0.479134E-03 -0.781507E-12
    367.50   0.588387E+00  0.627605E-12 -0.240194E+00 -0.111795E-12 -0.404849E-03 -0.785755E-12
    368.00   0.526323E+00  0.517631E-12 -0.274874E+00 -0.888928E-13 -0.322589E-03 -0.788714E-12
    368.50   0.463983E+00  0.394346E-12 -0.316750E+00 -0.636211E-13 -0.234255E-03 -0.790628E-12
    369.00   0.401406E+00  0.261074E-12 -0.364416E+00 -0.366289E-13 -0.141900E-03 -0.791720E-12
    369.50   0.338633E+00  0.121274E-12 -0.416268E+00 -0.861128E-14 -0.476828E-04 -0.792179E-12
    370.00   0.275703E+00 -0.213056E-13 -0.470567E+00  0.197057E-13  0.461952E-04 -0.792157E-12
    370.50   0.212655E+00 -0.162805E-12 -0.525491E+00  0.475834E-13  0.137541E-03 -0.791761E-12
    371.00   0.149527E+00 -0.299333E-12 -0.579198E+00  0.742895E-13  0.224227E-03 -0.791042E-12
    371.50   0.863598E-01 -0.427123E-12 -0.629889E+00  0.991174E-13  0.304249E-03 -0.789990E-12
    372.00   0.231917E-01 -0.542693E-12 -0.675867E+00  0.121407E-12  0.375778E-03 -0.788520E-12
    372.50  -0.399369E-01 -0.642819E-12 -0.715594E+00  0.140560E-12  0.437205E-03 -0.786482E-12
    373.00  -0.102985E+00 -0.724630E-12 -0.747743E+00  0.156062E-12  0.487185E-03 -0.783667E-12
    373.50  -0.165909E+00 -0.785763E-12 -0.771239E+00  0.167493E-12  0.524677E-03 -0.779831E-12
    374.00  -0.228667E+00 -0.824504E-12 -0.785299E+00  0.174546E-12  0.548967E-03 -0.774725E-12
    374.50  -0.291211E+00 -0.839676E-12 -0.789456E+00  0.177030E-12  0.559691E-03 -0.768150E-12
    375.00  -0.353494E+00 -0.830800E-12 -0.783573E+00  0.174875E-12  0.556845E-03 -0.760010E-12
    375.50  -0.415466E+00 -0.798146E-12 -0.767852E+00  0.168135E-12  0.540787E-03 -0.750356E-12
    376.00  -0.477075E+00 -0.742747E-12 -0.742822E+00  0.156979E-12  0.512220E-03 -0.739362E-12
    376.50  -0.538267E+00 -0.666220E-12 -0.709327E+00  0.141690E-12  0.472172E-03 -0.727265E-12
    377.00  -0.598987E+00 -0.570747E-12 -0.668492E+00  0.122652E-12  0.421972E-03 -0.714308E-12
    377.50  -0.659179E+00 -0.459028E-12 -0.621692E+00  0.100350E-12  0.363210E-03 -0.700706E-12
    378.00  -0.718785E+00 -0.334127E-12 -0.570498E+00  0.753520E-13  0.297699E-03 -0.686646E-12
    378.50  -0.777750E+00 -0.199421E-12 -0.516629E+00  0.483017E-13  0.227421E-03 -0.672276E-12
    379.00  -0.836015E+00 -0.585889E-13 -0.461893E+00  0.198996E-13  0.154480E-03 -0.657708E-12
    379.50  -0.893526E+00  0.844519E-13 -0.408125E+00 -0.911236E-14  0.810398E-04 -0.643010E-12
    380.00  -0.950227E+00  0.225726E-12 -0.357127E+00 -0.379710E-13  0.927123E-05 -0.628194E-12
    380.50  -0.100606E+01  0.361370E-12 -0.310606E+00 -0.659122E-13 -0.587074E-04 -0.613212E-12
    381.00  -0.106098E+01  0.487619E-12 -0.270119E+00 -0.921911E-13 -0.120885E-03 -0.597956E-12
    381.50  -0.111494E+01  0.600863E-12 -0.237021E+00 -0.116103E-12 -0.175411E-03 -0.582266E-12
    382.00  -0.116788E+01  0.697963E-12 -0.212417E+00 -0.137004E-12 -0.220642E-03 -0.565945E-12
    382.50  -0.121975E+01  0.776141E-12 -0.197128E+00 -0.154331E-12 -0.255185E-03 -0.548784E-12
    383.00  -0.127052E+01  0.833117E-12 -0.191665E+00 -0.167614E-12 -0.277933E-03 -0.530611E-12
    383.50  -0.132014E+01  0.867111E-12 -0.196207E+00 -0.176497E-12 -0.288094E-03 -0.511344E-12
    384.00  -0.136857E+01  0.877022E-12 -0.210601E+00 -0.180742E-12 -0.285209E-03 -0.491045E-12
    384.50  -0.141578E+01  0.862282E-12 -0.234362E+00 -0.180235E-12 -0.269160E-03 -0.469904E-12
    385.00  -0.146172E+01  0.822820E-12 -0.266691E+00 -0.174985E-12 -0.240174E-03 -0.448168E-12
    385.50  -0.150637E+01  0.759134E-12 -0.306501E+00 -0.165121E-12 -0.198819E-03 -0.426075E-12
    386.00  -0.154969E+01  0.672395E-12 -0.352456E+00 -0.150890E-12 -0.145988E-03 -0.403829E-12
    386.50  -0.159166E+01  0.564403E-12 -0.403013E+00 -0.132652E-12 -0.828814E-04 -0.381602E-12
    387.00  -0.163226E+01  0.437480E-12 -0.456474E+00 -0.110871E-12 -0.109763E-04 -0.359534E-12
    387.50  -0.167146E+01  0.294553E-12 -0.511048E+00 -0.861063E-13  0.680142E-04 -0.337740E-12
    388.00  -0.170924E+01  0.138976E-12 -0.564905E+00 -0.589991E-13  0.152184E-03 -0.316301E-12
    388.50  -0.174559E+01 -0.255955E-13 -0.616241E+00 -0.302562E-13  0.239482E-03 -0.295256E-12
    389.00  -0.178049E+01 -0.195252E-12 -0.663338E+00 -0.632327E-15  0.327772E-03 -0.274600E-12
    389.50  -0.181393E+01 -0.365842E-12 -0.704620E+00  0.290890E-13  0.414880E-03 -0.254278E-12
    390.00  -0.184589E+01 -0.533241E-12 -0.738709E+00  0.581179E-13  0.498659E-03 -0.234194E-12
    390.50  -0.187637E+01 -0.693376E-12 -0.764465E+00  0.856796E-13  0.577043E-03 -0.214223E-12
    391.00  -0.190535E+01 -0.842302E-12 -0.781030E+00  0.111036E-12  0.648099E-03 -0.194220E-12
    391.50  -0.193281E+01 -0.976386E-12 -0.787850E+00  0.133509E-12  0.710083E-03 -0.174051E-12
    392.00  -0.195876E+01 -0.109227E-11 -0.784701E+00  0.152500E-12  0.761485E-03 -0.153637E-12
    392.50  -0.198317E+01 -0.118704E-11 -0.771690E+00  0.167510E-12  0.801068E-03 -0.133019E-12
    393.00  -0.200602E+01 -0.125864E-11 -0.749256E+00  0.178150E-12  0.827900E-03 -0.112353E-12
    393.50  -0.202732E+01 -0.130568E-11 -0.718152E+00  0.184141E-12  0.841377E-03 -0.918117E-13
    394.00  -0.204702E+01 -0.132731E-11 -0.679425E+00  0.185318E-12  0.841239E-03 -0.715239E-13
    394.50  -0.206513E+01 -0.132349E-11 -0.634377E+00  0.181639E-12  0.827578E-03 -0.515763E-13
    395.00  -0.208163E+01 -0.129470E-11 -0.584520E+00  0.173186E-12  0.800833E-03 -0.320300E-13
    395.50  -0.209649E+01 -0.124200E-11 -0.531529E+00  0.160162E-12  0.761778E-03 -0.129356E-13
    396.00  -0.210969E+01 -0.116709E-11 -0.477182E+00  0.142891E-12  0.711504E-03  0.566115E-14
    396.50  -0.212123E+01 -0.107226E-11 -0.423302E+00  0.121811E-12  0.651388E-03  0.237217E-13
    397.00  -0.213108E+01 -0.960346E-12 -0.371693E+00  0.974627E-13  0.583057E-03  0.412188E-13
    397.50  -0.213923E+01 -0.834594E-12 -0.324085E+00  0.704784E-13  0.508345E-03  0.581382E-13
    398.00  -0.214565E+01 -0.698595E-12 -0.282070E+00  0.415636E-13  0.429245E-03  0.744778E-13
    398.50  -0.215033E+01 -0.556309E-12 -0.247055E+00  0.114810E-13  0.347859E-03  0.902418E-13
    399.00  -0.215326E+01 -0.411846E-12 -0.220208E+00 -0.189713E-13  0.266337E-03  0.105434E-12
    399.50  -0.215442E+01 -0.269422E-12 -0.202428E+00 -0.489814E-13  0.186831E-03  0.120050E-12
    400.00  -0.215381E+01 -0.133150E-12 -0.194307E+00 -0.777467E-13  0.111429E-03  0.134072E-12
    400.50  -0.215141E+01 -0.699550E-14 -0.196116E+00 -0.104497E-12  0.421098E-04  0.147465E-12
    401.00  -0.214721E+01  0.105383E-12 -0.207793E+00 -0.128526E-12 -0.193137E-04  0.160201E-12
    401.50  -0.214121E+01  0.200707E-12 -0.228945E+00 -0.149216E-12 -0.712400E-04  0.172299E-12
    402.00  -0.213342E+01  0.276192E-12 -0.258862E+00 -0.166032E-12 -0.112326E-03  0.183805E-12
    402.50  -0.212382E+01  0.329556E-12 -0.296537E+00 -0.178535E-12 -0.141522E-03  0.194771E-12
    403.00  -0.211244E+01  0.359163E-12 -0.340704E+00 -0.186395E-12 -0.158102E-03  0.205242E-12
    403.50  -0.209928E+01  0.363873E-12 -0.389880E+00 -0.189397E-12 -0.161679E-03  0.215260E-12
    404.00  -0.208435E+01  0.343322E-12 -0.442412E+00 -0.187450E-12 -0.152217E-03  0.224860E-12
    404.50  -0.206767E+01  0.297789E-12 -0.496538E+00 -0.180590E-12 -0.130031E-03  0.234074E-12
    405.00  -0.204926E+01  0.228154E-12 -0.550443E+00 -0.168980E-12 -0.957755E-04  0.242928E-12
    405.50  -0.202915E+01  0.135964E-12 -0.602319E+00 -0.152911E-12 -0.504308E-04  0.251441E-12
    406.00  -0.200736E+01  0.233883E-13 -0.650428E+00 -0.132791E-12  0.472685E-05  0.259613E-12
    406.50  -0.198391E+01 -0.106755E-12 -0.693160E+00 -0.109142E-12  0.681586E-04  0.267417E-12
    407.00  -0.195885E+01 -0.251116E-12 -0.729085E+00 -0.825798E-13  0.138104E-03  0.274794E-12
    407.50  -0.193219E+01 -0.406019E-12 -0.757002E+00 -0.538057E-13  0.212626E-03  0.281649E-12
    408.00  -0.190398E+01 -0.567494E-12 -0.775978E+00 -0.235816E-13  0.289664E-03  0.287855E-12
    408.50  -0.187426E+01 -0.731408E-12 -0.785378E+00  0.728743E-14  0.367087E-03  0.293275E-12
    409.00  -0.184305E+01 -0.893625E-12 -0.784891E+00  0.379771E-13  0.442747E-03  0.297799E-12
    409.50  -0.181041E+01 -0.105019E-11 -0.774532E+00  0.676725E-13  0.514536E-03  0.301434E-12
    410.00  -0.177636E+01 -0.119722E-11 -0.754652E+00  0.955955E-13  0.580438E-03  0.304327E-12
    410.50  -0.174095E+01 -0.133106E-11 -0.725917E+00  0.121022E-12  0.638582E-03  0.306696E-12
    411.00  -0.170422E+01 -0.144823E-11 -0.689295E+00  0.143291E-12  0.687291E-03  0.308756E-12
    411.50  -0.166620E+01 -0.154569E-11 -0.646015E+00  0.161824E-12  0.725131E-03  0.310693E-12
    412.00  -0.162695E+01 -0.162084E-11 -0.597532E+00  0.176130E-12  0.750946E-03  0.312670E-12
    412.50  -0.158650E+01 -0.167165E-11 -0.545471E+00  0.185830E-12  0.763895E-03  0.314830E-12
    413.00  -0.154488E+01 -0.169664E-11 -0.491581E+00  0.190657E-12  0.763472E-03  0.317303E-12
    413.50  -0.150214E+01 -0.169500E-11 -0.437668E+00  0.190473E-12  0.749517E-03  0.320192E-12
    414.00  -0.145831E+01 -0.166659E-11 -0.385539E+00  0.185269E-12  0.722226E-03  0.323563E-12
    414.50  -0.141342E+01 -0.161189E-11 -0.336939E+00  0.175171E-12  0.682142E-03  0.327435E-12
    415.00  -0.136751E+01 -0.153212E-11 -0.293494E+00  0.160434E-12  0.630141E-03  0.331764E-12
    415.50  -0.132062E+01 -0.142915E-11 -0.256657E+00  0.141442E-12  0.567408E-03  0.336449E-12
    416.00  -0.127277E+01 -0.130561E-11 -0.227660E+00  0.118693E-12  0.495408E-03  0.341330E-12
    416.50  -0.122399E+01 -0.116458E-11 -0.207469E+00  0.927888E-13  0.415843E-03  0.346213E-12
    417.00  -0.117433E+01 -0.100970E-11 -0.196757E+00  0.644161E-13  0.330605E-03  0.350903E-12
    417.50  -0.112380E+01 -0.845081E-12 -0.195881E+00  0.343229E-13  0.241728E-03  0.355260E-12
    418.00  -0.107245E+01 -0.675181E-12 -0.204867E+00  0.329484E-14  0.151332E-03  0.359262E-12
    418.50  -0.102030E+01 -0.504632E-12 -0.223410E+00 -0.278665E-13  0.615662E-04  0.363029E-12
    419.00  -0.967399E+00 -0.337808E-12 -0.250884E+00 -0.583605E-13 -0.254375E-04  0.366775E-12
    419.50  -0.913772E+00 -0.178943E-12 -0.286367E+00 -0.874016E-13 -0.107626E-03  0.370734E-12
    420.00  -0.859460E+00 -0.320344E-13 -0.328663E+00 -0.114237E-12 -0.183075E-03  0.375122E-12
    420.50  -0.804500E+00  0.993754E-13 -0.376351E+00 -0.138167E-12 -0.250045E-03  0.380120E-12
    421.00  -0.748934E+00  0.212045E-12 -0.427829E+00 -0.158560E-12 -0.307019E-03  0.385872E-12
    421.50  -0.692803E+00  0.303320E-12 -0.481369E+00 -0.174873E-12 -0.352746E-03  0.392486E-12
    422.00  -0.636148E+00  0.371042E-12 -0.535175E+00 -0.186665E-12 -0.386274E-03  0.400022E-12
    422.50  -0.579014E+00  0.413657E-12 -0.587443E+00 -0.193610E-12 -0.406969E-03  0.408489E-12
    423.00  -0.521447E+00  0.430237E-12 -0.636421E+00 -0.195507E-12 -0.414536E-03  0.417829E-12
    423.50  -0.463492E+00  0.420561E-12 -0.680470E+00 -0.192288E-12 -0.409020E-03  0.427914E-12
    424.00  -0.405198E+00  0.385167E-12 -0.718116E+00 -0.184023E-12 -0.390810E-03  0.438549E-12
    424.50  -0.346616E+00  0.325204E-12 -0.748101E+00 -0.170917E-12 -0.360626E-03  0.449483E-12
    425.00  -0.287795E+00  0.242613E-12 -0.769424E+00 -0.153307E-12 -0.319498E-03  0.460430E-12
    425.50  -0.228789E+00  0.139825E-12 -0.781372E+00 -0.131655E-12 -0.268742E-03  0.471104E-12
    426.00  -0.169651E+00  0.196354E-13 -0.783549E+00 -0.106532E-12 -0.209925E-03  0.481273E-12
    426.50  -0.110438E+00 -0.114714E-12 -0.775884E+00 -0.786023E-13 -0.144824E-03  0.490819E-12
    427.00  -0.512052E-01 -0.259681E-12 -0.758638E+00 -0.486001E-13 -0.753835E-04  0.499763E-12
    427.50   0.798979E-02 -0.411467E-12 -0.732392E+00 -0.173082E-13 -0.366841E-05  0.508240E-12
    428.00   0.670890E-01 -0.565995E-12 -0.698029E+00  0.144609E-13  0.681912E-04  0.516422E-12
    428.50   0.126035E+00 -0.718973E-12 -0.656704E+00  0.458830E-13  0.138058E-03  0.524479E-12
    429.00   0.184770E+00 -0.866228E-12 -0.609806E+00  0.761418E-13  0.203845E-03  0.532549E-12
    429.50   0.243238E+00 -0.100369E-11 -0.558910E+00  0.104448E-12  0.263575E-03  0.540738E-12
    430.00   0.301384E+00 -0.112745E-11 -0.505725E+00  0.130060E-12  0.315430E-03  0.549117E-12
    430.50   0.359156E+00 -0.123383E-11 -0.452035E+00  0.152300E-12  0.357804E-03  0.557717E-12
    431.00   0.416502E+00 -0.131959E-11 -0.399640E+00  0.170577E-12  0.389343E-03  0.566522E-12
    431.50   0.473374E+00 -0.138206E-11 -0.350295E+00  0.184401E-12  0.408984E-03  0.575453E-12
    432.00   0.529726E+00 -0.141923E-11 -0.305652E+00  0.193398E-12  0.415978E-03  0.584371E-12
    432.50   0.585513E+00 -0.142968E-11 -0.267205E+00  0.197321E-12  0.409914E-03  0.593074E-12
    433.00   0.640695E+00 -0.141276E-11 -0.236238E+00  0.196060E-12  0.390724E-03  0.601306E-12
    433.50   0.695233E+00 -0.136848E-11 -0.213788E+00  0.189642E-12  0.358689E-03  0.608778E-12
    434.00   0.749091E+00 -0.129766E-11 -0.200602E+00  0.178235E-12  0.314423E-03  0.615200E-12
    434.50   0.802234E+00 -0.120195E-11 -0.197120E+00  0.162137E-12  0.258862E-03  0.620327E-12
    435.00   0.854630E+00 -0.108374E-11 -0.203455E+00  0.141770E-12  0.193233E-03  0.624023E-12
    435.50   0.906248E+00 -0.946051E-12 -0.219394E+00  0.117659E-12  0.119026E-03  0.626298E-12
    436.00   0.957058E+00 -0.792412E-12 -0.244400E+00  0.904221E-13  0.379581E-04  0.627279E-12
    436.50   0.100703E+01 -0.626693E-12 -0.277632E+00  0.607562E-13 -0.480699E-04  0.627139E-12
    437.00   0.105615E+01 -0.453042E-12 -0.317972E+00  0.294234E-13 -0.137024E-03  0.626044E-12
    437.50   0.110437E+01 -0.275722E-12 -0.364066E+00 -0.276783E-14 -0.226790E-03  0.624128E-12
    438.00   0.115169E+01 -0.991048E-13 -0.414367E+00 -0.349815E-13 -0.315229E-03  0.621494E-12
    438.50   0.119807E+01  0.724885E-13 -0.467186E+00 -0.663759E-13 -0.400235E-03  0.618216E-12
    439.00   0.124350E+01  0.234851E-12 -0.520751E+00 -0.961247E-13 -0.479785E-03  0.614338E-12
    439.50   0.128795E+01  0.383924E-12 -0.573269E+00 -0.123439E-12 -0.551996E-03  0.609865E-12
    440.00   0.133140E+01  0.515992E-12 -0.622980E+00 -0.147587E-12 -0.615169E-03  0.604759E-12
    440.50   0.137383E+01  0.627851E-12 -0.668220E+00 -0.167920E-12 -0.667839E-03  0.598934E-12
    441.00   0.141521E+01  0.716746E-12 -0.707476E+00 -0.183885E-12 -0.708808E-03  0.592253E-12
    441.50   0.145553E+01  0.780518E-12 -0.739437E+00 -0.195043E-12 -0.737176E-03  0.584540E-12
    442.00   0.149477E+01  0.817661E-12 -0.763035E+00 -0.201084E-12 -0.752369E-03  0.575587E-12
    442.50   0.153289E+01  0.827345E-12 -0.777483E+00 -0.201836E-12 -0.754151E-03  0.565183E-12
    443.00   0.156987E+01  0.809528E-12 -0.782301E+00 -0.197271E-12 -0.742631E-03  0.553141E-12
    443.50   0.160568E+01  0.764817E-12 -0.777328E+00 -0.187505E-12 -0.718259E-03  0.539359E-12
    444.00   0.164030E+01  0.694518E-12 -0.762736E+00 -0.172794E-12 -0.681820E-03  0.523880E-12
    444.50   0.167370E+01  0.600444E-12 -0.739015E+00 -0.153520E-12 -0.634413E-03  0.506862E-12
    445.00   0.170584E+01  0.485109E-12 -0.706963E+00 -0.130181E-12 -0.577428E-03  0.488497E-12
    445.50   0.173670E+01  0.351595E-12 -0.667659E+00 -0.103377E-12 -0.512500E-03  0.468952E-12
    446.00   0.176624E+01  0.203415E-12 -0.622423E+00 -0.737980E-13 -0.441470E-03  0.448360E-12
    446.50   0.179443E+01  0.444617E-13 -0.572775E+00 -0.422083E-13 -0.366334E-03  0.426830E-12
    447.00   0.182124E+01 -0.120924E-12 -0.520382E+00 -0.942781E-14 -0.289185E-03  0.404465E-12
    447.50   0.184663E+01 -0.288298E-12 -0.467001E+00  0.236881E-13 -0.212163E-03  0.381359E-12
    448.00   0.187059E+01 -0.453098E-12 -0.414423E+00  0.562702E-13 -0.137394E-03  0.357592E-12
    448.50   0.189308E+01 -0.610809E-12 -0.364410E+00  0.874579E-13 -0.669386E-04  0.333229E-12
    449.00   0.191408E+01 -0.757108E-12 -0.318636E+00  0.116423E-12 -0.273401E-05  0.308309E-12
    449.50   0.193357E+01 -0.887858E-12 -0.278634E+00  0.142391E-12  0.534536E-04  0.282848E-12
    450.00   0.195151E+01 -0.999411E-12 -0.245741E+00  0.164664E-12  0.100076E-03  0.256841E-12
    450.50   0.196790E+01 -0.108854E-11 -0.221056E+00  0.182643E-12  0.135842E-03  0.230270E-12
    451.00   0.198273E+01 -0.115270E-11 -0.205405E+00  0.195840E-12  0.159752E-03  0.203114E-12
    451.50   0.199596E+01 -0.119003E-11 -0.199310E+00  0.203898E-12  0.171122E-03  0.175354E-12
    452.00   0.200760E+01 -0.119940E-11 -0.202973E+00  0.206599E-12  0.169598E-03  0.146998E-12
    452.50   0.201764E+01 -0.118046E-11 -0.216270E+00  0.203868E-12  0.155170E-03  0.118144E-12
    453.00   0.202608E+01 -0.113357E-11 -0.238756E+00  0.195771E-12  0.128170E-03  0.889600E-13
    453.50   0.203290E+01 -0.105981E-11 -0.269674E+00  0.182511E-12  0.892655E-04  0.596008E-13
    454.00   0.203811E+01 -0.960919E-12 -0.307985E+00  0.164421E-12  0.394453E-04  0.301829E-13
    454.50   0.204172E+01 -0.839297E-12 -0.352402E+00  0.141962E-12 -0.200090E-04  0.799682E-15
    455.00   0.204373E+01 -0.697993E-12 -0.401433E+00  0.115707E-12 -0.875557E-04 -0.284645E-13
    455.50   0.204416E+01 -0.540519E-12 -0.453433E+00  0.863329E-13 -0.161435E-03 -0.575263E-13
    456.00   0.204300E+01 -0.370825E-12 -0.506657E+00  0.546002E-13 -0.239713E-03 -0.863017E-13
    456.50   0.204028E+01 -0.193209E-12 -0.559319E+00  0.213367E-13 -0.320336E-03 -0.114705E-12
    457.00   0.203601E+01 -0.121419E-13 -0.609657E+00 -0.125846E-13 -0.401180E-03 -0.142651E-12
    457.50   0.203020E+01  0.167763E-12 -0.655983E+00 -0.462677E-13 -0.480112E-03 -0.170056E-12
    458.00   0.202287E+01  0.341908E-12 -0.696747E+00 -0.788185E-13 -0.555044E-03 -0.196835E-12
    458.50   0.201404E+01  0.505778E-12 -0.730586E+00 -0.109368E-12 -0.623985E-03 -0.222896E-12
    459.00   0.200372E+01  0.655111E-12 -0.756369E+00 -0.137099E-12 -0.685099E-03 -0.248131E-12
    459.50   0.199193E+01  0.786047E-12 -0.773234E+00 -0.161266E-12 -0.736746E-03 -0.272414E-12
    460.00   0.197869E+01  0.895187E-12 -0.780618E+00 -0.181221E-12 -0.777532E-03 -0.295603E-12
    460.50   0.196401E+01  0.979721E-12 -0.778276E+00 -0.196428E-12 -0.806336E-03 -0.317554E-12
    461.00   0.194792E+01  0.103746E-11 -0.766286E+00 -0.206486E-12 -0.822340E-03 -0.338200E-12
    461.50   0.193041E+01  0.106698E-11 -0.745052E+00 -0.211131E-12 -0.825052E-03 -0.357583E-12
    462.00   0.191152E+01  0.106767E-11 -0.715288E+00 -0.210238E-12 -0.814323E-03 -0.375787E-12
    462.50   0.189125E+01  0.103971E-11 -0.677993E+00 -0.203820E-12 -0.790348E-03 -0.392882E-12
    463.00   0.186962E+01  0.984035E-12 -0.634420E+00 -0.192033E-12 -0.753665E-03 -0.408926E-12
    463.50   0.184664E+01  0.902242E-12 -0.586034E+00 -0.175170E-12 -0.705138E-03 -0.423962E-12
    464.00   0.182232E+01  0.796640E-12 -0.534457E+00 -0.153658E-12 -0.645940E-03 -0.438029E-12
    464.50   0.179668E+01  0.670126E-12 -0.481421E+00 -0.128045E-12 -0.577514E-03 -0.451162E-12
    465.00   0.176972E+01  0.526161E-12 -0.428703E+00 -0.989912E-13 -0.501546E-03 -0.463389E-12
    465.50   0.174146E+01  0.368807E-12 -0.378070E+00 -0.672524E-13 -0.419911E-03 -0.474717E-12
    466.00   0.171191E+01  0.202406E-12 -0.331218E+00 -0.336592E-13 -0.334630E-03 -0.485129E-12
    466.50   0.168108E+01  0.316177E-13 -0.289713E+00  0.902343E-15 -0.247816E-03 -0.494569E-12
    467.00   0.164898E+01 -0.138824E-12 -0.254944E+00  0.355157E-13 -0.161618E-03 -0.502937E-12
    467.50   0.161564E+01 -0.304121E-12 -0.228074E+00  0.692578E-13 -0.781650E-04 -0.510097E-12
    468.00   0.158105E+01 -0.459689E-12 -0.209998E+00  0.101225E-12  0.490369E-06 -0.515881E-12
    468.50   0.154525E+01 -0.601124E-12 -0.201319E+00  0.130559E-12  0.724245E-04 -0.520119E-12
    469.00   0.150825E+01 -0.724503E-12 -0.202326E+00  0.156470E-12  0.135894E-03 -0.522693E-12
    469.50   0.147007E+01 -0.826494E-12 -0.212982E+00  0.178267E-12  0.189380E-03 -0.523604E-12
    470.00   0.143074E+01 -0.904403E-12 -0.232928E+00  0.195375E-12  0.231634E-03 -0.522999E-12
    470.50   0.139028E+01 -0.955914E-12 -0.261492E+00  0.207347E-12  0.261711E-03 -0.521105E-12
    471.00   0.134873E+01 -0.979329E-12 -0.297712E+00  0.213870E-12  0.278995E-03 -0.518158E-12
    471.50   0.130612E+01 -0.973653E-12 -0.340371E+00  0.214772E-12  0.283213E-03 -0.514369E-12
    472.00   0.126249E+01 -0.938657E-12 -0.388036E+00  0.210022E-12  0.274441E-03 -0.509922E-12
    472.50   0.121788E+01 -0.874922E-12 -0.439105E+00  0.199737E-12  0.253099E-03 -0.504986E-12
    473.00   0.117232E+01 -0.783627E-12 -0.491864E+00  0.184175E-12  0.219942E-03 -0.499705E-12
    473.50   0.112586E+01 -0.666769E-12 -0.544543E+00  0.163737E-12  0.176036E-03 -0.494203E-12
    474.00   0.107855E+01 -0.527061E-12 -0.595376E+00  0.138949E-12  0.122729E-03 -0.488564E-12
    474.50   0.103042E+01 -0.367764E-12 -0.642660E+00  0.110459E-12  0.616184E-04 -0.482825E-12
    475.00   0.981539E+00 -0.192741E-12 -0.684811E+00  0.790126E-13 -0.549472E-05 -0.476967E-12
    475.50   0.931941E+00 -0.627633E-14 -0.720420E+00  0.454393E-13 -0.766509E-04 -0.470916E-12
    476.00   0.881679E+00  0.186950E-12 -0.748296E+00  0.106280E-13 -0.149783E-03 -0.464549E-12
    476.50   0.830803E+00  0.382139E-12 -0.767508E+00 -0.244983E-13 -0.222771E-03 -0.457709E-12
    477.00   0.779364E+00  0.574295E-12 -0.777414E+00 -0.590074E-13 -0.293490E-03 -0.450241E-12
    477.50   0.727412E+00  0.758452E-12 -0.777685E+00 -0.919871E-13 -0.359872E-03 -0.442043E-12
    478.00   0.674998E+00  0.929847E-12 -0.768315E+00 -0.122572E-12 -0.419950E-03 -0.433125E-12
    478.50   0.622173E+00  0.108402E-11 -0.749619E+00 -0.149964E-12 -0.471920E-03 -0.423638E-12
    479.00   0.568987E+00  0.121713E-11 -0.722228E+00 -0.173450E-12 -0.514185E-03 -0.413826E-12
    479.50   0.515490E+00  0.132605E-11 -0.687061E+00 -0.192414E-12 -0.545403E-03 -0.403965E-12
    480.00   0.461731E+00  0.140822E-11 -0.645302E+00 -0.206355E-12 -0.564522E-03 -0.394313E-12
    480.50   0.407755E+00  0.146191E-11 -0.598353E+00 -0.214896E-12 -0.570806E-03 -0.385098E-12
    481.00   0.353609E+00  0.148603E-11 -0.547790E+00 -0.217800E-12 -0.563856E-03 -0.376519E-12
    481.50   0.299335E+00  0.148021E-11 -0.495311E+00 -0.214973E-12 -0.543625E-03 -0.368737E-12
    482.00   0.244975E+00  0.144485E-11 -0.442675E+00 -0.206471E-12 -0.510412E-03 -0.361873E-12
    482.50   0.190568E+00  0.138116E-11 -0.391646E+00 -0.192501E-12 -0.464861E-03 -0.355997E-12
    483.00   0.136151E+00  0.129115E-11 -0.343933E+00 -0.173415E-12 -0.407943E-03 -0.351114E-12
    483.50   0.817599E-01  0.117747E-11 -0.301134E+00 -0.149704E-12 -0.340929E-03 -0.347164E-12
    484.00   0.274281E-01  0.104341E-11 -0.264680E+00 -0.121986E-12 -0.265357E-03 -0.344021E-12
    484.50  -0.268117E-01  0.892727E-12 -0.235790E+00 -0.909911E-13 -0.182990E-03 -0.341503E-12
    485.00  -0.809280E-01  0.729691E-12 -0.215427E+00 -0.575395E-13 -0.957757E-04 -0.339391E-12
    485.50  -0.134890E+00  0.558860E-12 -0.204272E+00 -0.225226E-13 -0.578590E-05 -0.337462E-12
    486.00  -0.188667E+00  0.384833E-12 -0.202694E+00  0.131254E-13  0.848305E-04 -0.335537E-12
    486.50  -0.242229E+00  0.212140E-12 -0.210745E+00  0.484561E-13  0.173907E-03 -0.333539E-12
    487.00  -0.295543E+00  0.452667E-13 -0.228152E+00  0.825372E-13  0.259321E-03 -0.331523E-12
    487.50  -0.348579E+00 -0.111415E-12 -0.254329E+00  0.114478E-12  0.339047E-03 -0.329644E-12
    488.00  -0.401303E+00 -0.253705E-12 -0.288394E+00  0.143447E-12  0.411218E-03 -0.328092E-12
    488.50  -0.453682E+00 -0.377607E-12 -0.329204E+00  0.168693E-12  0.474167E-03 -0.327045E-12
    489.00  -0.505682E+00 -0.479681E-12 -0.375387E+00  0.189557E-12  0.526472E-03 -0.326646E-12
    489.50  -0.557268E+00 -0.556897E-12 -0.425392E+00  0.205491E-12  0.566990E-03 -0.327003E-12
    490.00  -0.608404E+00 -0.606916E-12 -0.477542E+00  0.216072E-12  0.594886E-03 -0.328186E-12
    490.50  -0.659052E+00 -0.628164E-12 -0.530087E+00  0.221014E-12  0.609654E-03 -0.330227E-12
    491.00  -0.709175E+00 -0.619847E-12 -0.581267E+00  0.220178E-12  0.611130E-03 -0.333111E-12
    491.50  -0.758734E+00 -0.581897E-12 -0.629367E+00  0.213574E-12  0.599493E-03 -0.336770E-12
    492.00  -0.807689E+00 -0.514980E-12 -0.672778E+00  0.201365E-12  0.575261E-03 -0.341079E-12
    492.50  -0.856000E+00 -0.420671E-12 -0.710048E+00  0.183864E-12  0.539278E-03 -0.345856E-12
    493.00  -0.903625E+00 -0.301336E-12 -0.739931E+00  0.161528E-12  0.492693E-03 -0.350870E-12
    493.50  -0.950521E+00 -0.159917E-12 -0.761430E+00  0.134941E-12  0.436926E-03 -0.355857E-12
    494.00  -0.996647E+00 -0.679583E-16 -0.773827E+00  0.104804E-12  0.373639E-03 -0.360546E-12
    494.50  -0.104196E+01  0.173964E-12 -0.776711E+00  0.719121E-13  0.304687E-03 -0.364697E-12
    495.00  -0.108641E+01  0.357340E-12 -0.769988E+00  0.371276E-13  0.232078E-03 -0.368165E-12
    495.50  -0.112995E+01  0.545084E-12 -0.753885E+00  0.135471E-14  0.157916E-03 -0.370938E-12
    496.00  -0.117255E+01  0.732208E-12 -0.728946E+00 -0.344818E-13  0.843419E-04 -0.373109E-12
    496.50  -0.121415E+01  0.913766E-12 -0.696009E+00 -0.694547E-13  0.134773E-04 -0.374806E-12
    497.00  -0.125472E+01  0.108507E-11 -0.656183E+00 -0.102657E-12 -0.526324E-04 -0.376138E-12
    497.50  -0.129421E+01  0.124169E-11 -0.610805E+00 -0.133221E-12 -0.112072E-03 -0.377183E-12
    498.00  -0.133258E+01  0.137952E-11 -0.561399E+00 -0.160347E-12 -0.163108E-03 -0.377993E-12
    498.50  -0.136979E+01  0.149488E-11 -0.509625E+00 -0.183315E-12 -0.204234E-03 -0.378602E-12
    499.00  -0.140581E+01  0.158474E-11 -0.457219E+00 -0.201513E-12 -0.234210E-03 -0.379022E-12
    499.50  -0.144060E+01  0.164660E-11 -0.405938E+00 -0.214451E-12 -0.252100E-03 -0.379240E-12
