      0.00   0.000000E+00  0.000000E+00  0.000000E+00  0.000000E+00  0.000000E+00  0.000000E+00
      0.50   0.000000E+00  0.000000E+00  0.000000E+00  0.000000E+00  0.000000E+00  0.000000E+00
      1.00  -0.287690E-04 -0.494184E-19 -0.114810E-03 -0.525774E-21 -0.123794E-06  0.218400E-21
      1.50  -0.143416E-03 -0.568724E-18 -0.572386E-03 -0.186109E-20 -0.617315E-06  0.367518E-20
      2.00  -0.399677E-03 -0.236489E-17 -0.159529E-02 -0.208798E-20 -0.172161E-05  0.429026E-21
      2.50  -0.850843E-03 -0.614773E-17 -0.339586E-02  0.233756E-20 -0.366966E-05 -0.275381E-19
      3.00  -0.154665E-02 -0.161553E-16 -0.616960E-02  0.171603E-19 -0.668265E-05 -0.124198E-18
      3.50  -0.253229E-02 -0.275861E-16 -0.100866E-01 -0.149610E-19 -0.109647E-04 -0.670632E-18
      4.00  -0.384756E-02 -0.404857E-16 -0.152807E-01 -0.170532E-18 -0.166949E-04 -0.273788E-17
      4.50  -0.552630E-02 -0.284977E-16 -0.218368E-01 -0.845031E-18 -0.240163E-04 -0.868956E-17
      5.00  -0.759592E-02 -0.776895E-16 -0.297768E-01 -0.207190E-17 -0.330213E-04 -0.239627E-16
      5.50  -0.100771E-01 -0.542891E-16 -0.390458E-01 -0.536610E-17 -0.437358E-04 -0.579080E-16
      6.00  -0.129833E-01 -0.114687E-16 -0.494986E-01 -0.119981E-16 -0.561028E-04 -0.126663E-15
      6.50  -0.163208E-01  0.955410E-16 -0.608903E-01 -0.243182E-16 -0.699673E-04 -0.254670E-15
      7.00  -0.200883E-01  0.190196E-15 -0.728712E-01 -0.454349E-16 -0.850641E-04 -0.476160E-15
      7.50  -0.242768E-01  0.362358E-15 -0.849898E-01 -0.794090E-16 -0.101012E-03 -0.835573E-15
      8.00  -0.288699E-01  0.751524E-15 -0.967038E-01 -0.131326E-15 -0.117315E-03 -0.138475E-14
      8.50  -0.338442E-01  0.133486E-14 -0.107401E+00 -0.204797E-15 -0.133368E-03 -0.218164E-14
      9.00  -0.391703E-01  0.217540E-14 -0.116433E+00 -0.302551E-15 -0.148480E-03 -0.328153E-14
      9.50  -0.448129E-01  0.340653E-14 -0.123151E+00 -0.424870E-15 -0.161901E-03 -0.472916E-14
     10.00  -0.507325E-01  0.472993E-14 -0.126954E+00 -0.566843E-15 -0.172861E-03 -0.654886E-14
     10.50  -0.568861E-01  0.636581E-14 -0.127341E+00 -0.720207E-15 -0.180616E-03 -0.873726E-14
     11.00  -0.632284E-01  0.819943E-14 -0.123950E+00 -0.871487E-15 -0.184504E-03 -0.112526E-13
     11.50  -0.697132E-01  0.102417E-13 -0.116605E+00 -0.100384E-14 -0.183995E-03 -0.140138E-13
     12.00  -0.762936E-01  0.120119E-13 -0.105335E+00 -0.109703E-14 -0.178739E-03 -0.169012E-13
     12.50  -0.829231E-01  0.135358E-13 -0.903953E-01 -0.113475E-14 -0.168599E-03 -0.197645E-13
     13.00  -0.895557E-01  0.148817E-13 -0.722510E-01 -0.110587E-14 -0.153672E-03 -0.224406E-13
     13.50  -0.961460E-01  0.159746E-13 -0.515593E-01 -0.100711E-14 -0.134284E-03 -0.247826E-13
     14.00  -0.102650E+00  0.164728E-13 -0.291226E-01 -0.844456E-15 -0.110968E-03 -0.267110E-13
     14.50  -0.109055E+00  0.161176E-13 -0.573294E-02 -0.634891E-15 -0.843109E-04 -0.283050E-13
     15.00  -0.115358E+00  0.148792E-13  0.178325E-01 -0.402567E-15 -0.549369E-04 -0.298857E-13
     15.50  -0.121558E+00  0.133503E-13  0.407899E-01 -0.163849E-15 -0.235499E-04 -0.319335E-13
     16.00  -0.127651E+00  0.117821E-13  0.623743E-01  0.853600E-16  0.906841E-05 -0.347823E-13
     16.50  -0.133634E+00  0.105058E-13  0.818659E-01  0.355249E-15  0.420909E-04 -0.385140E-13
     17.00  -0.139506E+00  0.952096E-14  0.986145E-01  0.656432E-15  0.746706E-04 -0.430649E-13
     17.50  -0.145264E+00  0.883523E-14  0.112062E+00  0.993392E-15  0.105966E-03 -0.483269E-13
     18.00  -0.150910E+00  0.867582E-14  0.121761E+00  0.136323E-14  0.135164E-03 -0.541875E-13
     18.50  -0.156444E+00  0.866041E-14  0.127391E+00  0.175802E-14  0.161505E-03 -0.605340E-13
     19.00  -0.161865E+00  0.914220E-14  0.128766E+00  0.215945E-14  0.184298E-03 -0.672349E-13
     19.50  -0.167175E+00  0.102108E-13  0.125843E+00  0.254443E-14  0.202948E-03 -0.741198E-13
     20.00  -0.172373E+00  0.117910E-13  0.118725E+00  0.288672E-14  0.216961E-03 -0.809760E-13
     20.50  -0.177455E+00  0.140092E-13  0.107650E+00  0.315616E-14  0.225972E-03 -0.875551E-13
     21.00  -0.182419E+00  0.168467E-13  0.929909E-01  0.332497E-14  0.229744E-03 -0.936007E-13
     21.50  -0.187260E+00  0.201427E-13  0.752376E-01  0.336992E-14  0.228186E-03 -0.988831E-13
     22.00  -0.191973E+00  0.235931E-13  0.549830E-01  0.327443E-14  0.221352E-03 -0.103243E-12
     22.50  -0.196552E+00  0.270502E-13  0.329030E-01  0.303194E-14  0.209438E-03 -0.106648E-12
     23.00  -0.200990E+00  0.302253E-13  0.973446E-02  0.264952E-14  0.192784E-03 -0.109231E-12
     23.50  -0.205279E+00  0.328435E-13 -0.137486E-01  0.214807E-14  0.171860E-03 -0.111295E-12
     24.00  -0.209412E+00  0.347197E-13 -0.367605E-01  0.156042E-14  0.147255E-03 -0.113236E-12
     24.50  -0.213380E+00  0.363851E-13 -0.585300E-01  0.917506E-15  0.119667E-03 -0.115406E-12
     25.00  -0.217178E+00  0.380175E-13 -0.783264E-01  0.244565E-15  0.898728E-04 -0.118017E-12
     25.50  -0.220797E+00  0.400711E-13 -0.954851E-01 -0.442415E-15  0.586960E-04 -0.121130E-12
     26.00  -0.224233E+00  0.424270E-13 -0.109430E+00 -0.113228E-14  0.269832E-04 -0.124695E-12
     26.50  -0.227478E+00  0.451724E-13 -0.119694E+00 -0.181530E-14 -0.441720E-05 -0.128597E-12
     27.00  -0.230529E+00  0.483469E-13 -0.125934E+00 -0.248098E-14 -0.346748E-04 -0.132678E-12
     27.50  -0.233378E+00  0.519322E-13 -0.127942E+00 -0.311592E-14 -0.629960E-04 -0.136739E-12
     28.00  -0.236021E+00  0.560172E-13 -0.125655E+00 -0.370281E-14 -0.886404E-04 -0.140547E-12
     28.50  -0.238454E+00  0.601044E-13 -0.119152E+00 -0.421980E-14 -0.110937E-03 -0.143841E-12
     29.00  -0.240674E+00  0.641650E-13 -0.108654E+00 -0.464551E-14 -0.129300E-03 -0.146352E-12
     29.50  -0.242678E+00  0.676439E-13 -0.945181E-01 -0.495635E-14 -0.143240E-03 -0.147832E-12
     30.00  -0.244466E+00  0.706199E-13 -0.772199E-01 -0.513591E-14 -0.152382E-03 -0.148082E-12
     30.50  -0.246036E+00  0.723502E-13 -0.573420E-01 -0.516946E-14 -0.156469E-03 -0.146994E-12
     31.00  -0.247387E+00  0.728014E-13 -0.355524E-01 -0.505420E-14 -0.155373E-03 -0.144582E-12
     31.50  -0.248520E+00  0.717481E-13 -0.125823E-01 -0.479555E-14 -0.149099E-03 -0.141010E-12
     32.00  -0.249433E+00  0.692398E-13  0.107977E-01 -0.440758E-14 -0.137789E-03 -0.136588E-12
     32.50  -0.250128E+00  0.652311E-13  0.338036E-01 -0.390541E-14 -0.121718E-03 -0.131717E-12
     33.00  -0.250605E+00  0.601010E-13  0.556636E-01 -0.330250E-14 -0.101304E-03 -0.126778E-12
     33.50  -0.250865E+00  0.542461E-13  0.756447E-01 -0.260678E-14 -0.770887E-04 -0.122047E-12
     34.00  -0.250912E+00  0.480366E-13  0.930771E-01 -0.182284E-14 -0.497150E-04 -0.117661E-12
     34.50  -0.250750E+00  0.417526E-13  0.107377E+00 -0.954972E-15 -0.199118E-04 -0.113630E-12
     35.00  -0.250383E+00  0.356481E-13  0.118068E+00 -0.107918E-16  0.115269E-04 -0.109876E-12
     35.50  -0.249817E+00  0.298510E-13  0.124793E+00  0.997001E-15  0.437630E-04 -0.106264E-12
     36.00  -0.249058E+00  0.243287E-13  0.127330E+00  0.204967E-14  0.759367E-04 -0.102614E-12
     36.50  -0.248112E+00  0.195076E-13  0.125598E+00  0.311834E-14  0.107189E-03 -0.987080E-13
     37.00  -0.246987E+00  0.154422E-13  0.119659E+00  0.416954E-14  0.136683E-03 -0.943054E-13
     37.50  -0.245688E+00  0.120958E-13  0.109715E+00  0.516450E-14  0.163629E-03 -0.891584E-13
     38.00  -0.244222E+00  0.950257E-14  0.961025E-01  0.606129E-14  0.187302E-03 -0.830375E-13
     38.50  -0.242594E+00  0.765858E-14  0.792801E-01  0.681769E-14  0.207064E-03 -0.757643E-13
     39.00  -0.240808E+00  0.659820E-14  0.598127E-01  0.739401E-14  0.222381E-03 -0.672434E-13
     39.50  -0.238869E+00  0.579174E-14  0.383530E-01  0.776028E-14  0.232835E-03 -0.574979E-13
     40.00  -0.236778E+00  0.533664E-14  0.156200E-01  0.789530E-14  0.238138E-03 -0.466964E-13
     40.50  -0.234537E+00  0.489240E-14 -0.762525E-02  0.779491E-14  0.238140E-03 -0.351523E-13
     41.00  -0.232147E+00  0.434048E-14 -0.306046E-01  0.747115E-14  0.232836E-03 -0.232778E-13
     41.50  -0.229608E+00  0.360721E-14 -0.525482E-01  0.694971E-14  0.222372E-03 -0.114878E-13
     42.00  -0.226920E+00  0.285242E-14 -0.727204E-01  0.626027E-14  0.207040E-03 -0.977213E-16
     42.50  -0.224083E+00  0.254257E-14 -0.904455E-01  0.542822E-14  0.187257E-03  0.107242E-13
     43.00  -0.221096E+00  0.273849E-14 -0.105130E+00  0.447505E-14  0.163550E-03  0.209431E-13
     43.50  -0.217961E+00  0.383377E-14 -0.116283E+00  0.341632E-14  0.136546E-03  0.306109E-13
     44.00  -0.214677E+00  0.580351E-14 -0.123533E+00  0.226830E-14  0.106950E-03  0.398327E-13
     44.50  -0.211244E+00  0.842017E-14 -0.126641E+00  0.105012E-14  0.755290E-04  0.487463E-13
     45.00  -0.207662E+00  0.119760E-13 -0.125505E+00 -0.218201E-15  0.430921E-04  0.575137E-13
     45.50  -0.203931E+00  0.162879E-13 -0.120168E+00 -0.150914E-14  0.104711E-04  0.663160E-13
     46.00  -0.200052E+00  0.210424E-13 -0.110812E+00 -0.278951E-14 -0.215003E-04  0.753428E-13
     46.50  -0.196024E+00  0.263400E-13 -0.977544E-01 -0.402429E-14 -0.520066E-04  0.847745E-13
     47.00  -0.191846E+00  0.314170E-13 -0.814350E-01 -0.517157E-14 -0.802703E-04  0.947589E-13
     47.50  -0.187519E+00  0.360320E-13 -0.624022E-01 -0.619330E-14 -0.105571E-03  0.105383E-12
     48.00  -0.183042E+00  0.400426E-13 -0.412941E-01 -0.705615E-14 -0.127262E-03  0.116639E-12
     48.50  -0.178413E+00  0.426876E-13 -0.188179E-01 -0.773194E-14 -0.144788E-03  0.128396E-12
     49.00  -0.173633E+00  0.439058E-13  0.427422E-02 -0.820961E-14 -0.157699E-03  0.140371E-12
     49.50  -0.168702E+00  0.431627E-13  0.272091E-01 -0.848833E-14 -0.165663E-03  0.152151E-12
     50.00  -0.163619E+00  0.407124E-13  0.492185E-01 -0.857807E-14 -0.168490E-03  0.163296E-12
     50.50  -0.158387E+00  0.365463E-13  0.695643E-01 -0.848316E-14 -0.166136E-03  0.173496E-12
     51.00  -0.153009E+00  0.311989E-13  0.875643E-01 -0.820366E-14 -0.158692E-03  0.182629E-12
     51.50  -0.147489E+00  0.247972E-13  0.102615E+00 -0.773548E-14 -0.146386E-03  0.190708E-12
     52.00  -0.141832E+00  0.177026E-13  0.114214E+00 -0.707772E-14 -0.129576E-03  0.197807E-12
     52.50  -0.136045E+00  0.100033E-13  0.121973E+00 -0.623173E-14 -0.108738E-03  0.204011E-12
     53.00  -0.130135E+00  0.167489E-14  0.125635E+00 -0.520411E-14 -0.844554E-04  0.209406E-12
     53.50  -0.124113E+00 -0.712070E-14  0.125081E+00 -0.401074E-14 -0.574027E-04  0.214084E-12
     54.00  -0.117985E+00 -0.161646E-13  0.120333E+00 -0.267607E-14 -0.283282E-04  0.218154E-12
     54.50  -0.111762E+00 -0.253724E-13  0.111552E+00 -0.123246E-14  0.196759E-05  0.221735E-12
     55.00  -0.105454E+00 -0.344569E-13  0.990366E-01  0.278344E-15  0.326535E-04  0.224952E-12
     55.50  -0.990708E-01 -0.432726E-13  0.832076E-01  0.180820E-14  0.628903E-04  0.227915E-12
     56.00  -0.926213E-01 -0.518220E-13  0.645968E-01  0.330584E-14  0.918530E-04  0.230705E-12
     56.50  -0.861152E-01 -0.596570E-13  0.438277E-01  0.471418E-14  0.118753E-03  0.233358E-12
     57.00  -0.795612E-01 -0.668243E-13  0.215955E-01  0.597989E-14  0.142856E-03  0.235840E-12
     57.50  -0.729674E-01 -0.731382E-13 -0.135641E-02  0.705313E-14  0.163506E-03  0.238013E-12
     58.00  -0.663414E-01 -0.789863E-13 -0.242603E-01  0.790353E-14  0.180134E-03  0.239559E-12
     58.50  -0.596896E-01 -0.846042E-13 -0.463488E-01  0.853932E-14  0.192287E-03  0.240049E-12
     59.00  -0.530186E-01 -0.894124E-13 -0.668803E-01  0.897578E-14  0.199636E-03  0.239318E-12
     59.50  -0.463351E-01 -0.932258E-13 -0.851648E-01  0.921229E-14  0.201968E-03  0.237476E-12
     60.00  -0.396456E-01 -0.956520E-13 -0.100588E+00  0.923781E-14  0.199196E-03  0.234686E-12
     60.50  -0.329563E-01 -0.967123E-13 -0.112633E+00  0.904125E-14  0.191364E-03  0.231068E-12
     61.00  -0.262725E-01 -0.960863E-13 -0.120897E+00  0.861169E-14  0.178650E-03  0.226689E-12
     61.50  -0.195986E-01 -0.940860E-13 -0.125104E+00  0.794506E-14  0.161356E-03  0.221582E-12
     62.00  -0.129380E-01 -0.907713E-13 -0.125116E+00  0.704286E-14  0.139907E-03  0.215774E-12
     62.50  -0.629326E-02 -0.861452E-13 -0.120936E+00  0.591404E-14  0.114838E-03  0.209298E-12
     63.00   0.333868E-03 -0.802278E-13 -0.112705E+00  0.457691E-14  0.867788E-04  0.202189E-12
     63.50   0.694251E-02 -0.732390E-13 -0.100703E+00  0.306144E-14  0.564359E-04  0.194469E-12
     64.00   0.135314E-01 -0.654115E-13 -0.853331E-01  0.140691E-14  0.245788E-04  0.186025E-12
     64.50   0.200986E-01 -0.570470E-13 -0.671114E-01 -0.337330E-15 -0.797570E-05  0.176863E-12
     65.00   0.266426E-01 -0.484722E-13 -0.466479E-01 -0.211553E-14 -0.403924E-04  0.166976E-12
     65.50   0.331624E-01 -0.402190E-13 -0.246271E-01 -0.386532E-14 -0.718401E-04  0.156336E-12
     66.00   0.396563E-01 -0.325799E-13 -0.178467E-02 -0.552432E-14 -0.101514E-03  0.144922E-12
     66.50   0.461216E-01 -0.254219E-13  0.211158E-01 -0.703334E-14 -0.128657E-03  0.132877E-12
     67.00   0.525546E-01 -0.184273E-13  0.433067E-01 -0.837457E-14 -0.152581E-03  0.120689E-12
     67.50   0.589513E-01 -0.120228E-13  0.640422E-01 -0.953561E-14 -0.172690E-03  0.108628E-12
     68.00   0.653078E-01 -0.647370E-14  0.826253E-01 -0.104944E-13 -0.188487E-03  0.967505E-13
     68.50   0.716199E-01 -0.179145E-14  0.984320E-01 -0.112275E-13 -0.199583E-03  0.850540E-13
     69.00   0.778829E-01  0.180062E-14  0.110932E+00 -0.117093E-13 -0.205715E-03  0.735345E-13
     69.50   0.840917E-01  0.424410E-14  0.119709E+00 -0.119181E-13 -0.206747E-03  0.622060E-13
     70.00   0.902405E-01  0.544461E-14  0.124468E+00 -0.118345E-13 -0.202679E-03  0.510930E-13
     70.50   0.963230E-01  0.532307E-14  0.125055E+00 -0.114455E-13 -0.193641E-03  0.402108E-13
     71.00   0.102332E+00  0.364387E-14  0.121452E+00 -0.107446E-13 -0.179896E-03  0.295461E-13
     71.50   0.108261E+00  0.402881E-15  0.113784E+00 -0.973708E-14 -0.161828E-03  0.190461E-13
     72.00   0.114102E+00 -0.447681E-14  0.102311E+00 -0.843853E-14 -0.139935E-03  0.861782E-14
     72.50   0.119846E+00 -0.109576E-13  0.874184E-01 -0.687682E-14 -0.114817E-03 -0.185570E-14
     73.00   0.125484E+00 -0.188638E-13  0.696085E-01 -0.509296E-14 -0.871589E-04 -0.124855E-13
     73.50   0.131008E+00 -0.280926E-13  0.494783E-01 -0.313733E-14 -0.577163E-04 -0.233393E-13
     74.00   0.136406E+00 -0.382988E-13  0.277025E-01 -0.107011E-14 -0.272968E-04 -0.343853E-13
     74.50   0.141668E+00 -0.490819E-13  0.501038E-02  0.104573E-14  0.326034E-05 -0.454316E-13
     75.00   0.146783E+00 -0.598463E-13 -0.178378E-01  0.315040E-14  0.331078E-04 -0.561009E-13
     75.50   0.151741E+00 -0.701922E-13 -0.400759E-01  0.519643E-14  0.614212E-04 -0.659345E-13
     76.00   0.156532E+00 -0.794121E-13 -0.609575E-01  0.714216E-14  0.874301E-04 -0.745805E-13
     76.50   0.161146E+00 -0.873148E-13 -0.797813E-01  0.894854E-14  0.110428E-03 -0.818762E-13
     77.00   0.165576E+00 -0.938225E-13 -0.959157E-01  0.105756E-13  0.129790E-03 -0.877993E-13
     77.50   0.169816E+00 -0.987120E-13 -0.108820E+00  0.119812E-13  0.144991E-03 -0.923931E-13
     78.00   0.173862E+00 -0.101885E-12 -0.118063E+00  0.131236E-13  0.155618E-03 -0.957285E-13
     78.50   0.177709E+00 -0.103277E-12 -0.123337E+00  0.139625E-13  0.161384E-03 -0.978966E-13
     79.00   0.181356E+00 -0.102664E-12 -0.124469E+00  0.144617E-13  0.162132E-03 -0.990223E-13
     79.50   0.184801E+00 -0.100069E-12 -0.121423E+00  0.145921E-13  0.157843E-03 -0.992703E-13
     80.00   0.188045E+00 -0.956264E-13 -0.114305E+00  0.143347E-13  0.148630E-03 -0.988411E-13
     80.50   0.191090E+00 -0.892248E-13 -0.103358E+00  0.136804E-13  0.134739E-03 -0.979591E-13
     81.00   0.193936E+00 -0.811332E-13 -0.889510E-01  0.126356E-13  0.116539E-03 -0.968445E-13
     81.50   0.196587E+00 -0.716488E-13 -0.715690E-01  0.112211E-13  0.945101E-04 -0.956818E-13
     82.00   0.199045E+00 -0.608454E-13 -0.517958E-01  0.947164E-14  0.692343E-04 -0.945824E-13
     82.50   0.201312E+00 -0.490054E-13 -0.302947E-01  0.743721E-14  0.413762E-04 -0.935457E-13
     83.00   0.203392E+00 -0.364969E-13 -0.778630E-02  0.518059E-14  0.116661E-04 -0.924258E-13
     83.50   0.205288E+00 -0.234399E-13  0.149751E-01  0.277157E-14 -0.191201E-04 -0.909414E-13
     84.00   0.207003E+00 -0.991291E-14  0.372265E-01  0.280541E-15 -0.501856E-04 -0.887438E-13
     84.50   0.208538E+00  0.416171E-14  0.582215E-01 -0.222722E-14 -0.807403E-04 -0.855372E-13
     85.00   0.209899E+00  0.186577E-13  0.772555E-01 -0.469199E-14 -0.110009E-03 -0.811579E-13
     85.50   0.211088E+00  0.332921E-13  0.936903E-01 -0.705687E-14 -0.137246E-03 -0.755815E-13
     86.00   0.212110E+00  0.476949E-13  0.106975E+00 -0.926621E-14 -0.161757E-03 -0.688864E-13
     86.50   0.212968E+00  0.617108E-13  0.116667E+00 -0.112656E-13 -0.182915E-03 -0.612155E-13
     87.00   0.213667E+00  0.746931E-13  0.122441E+00 -0.129993E-13 -0.200175E-03 -0.527566E-13
     87.50   0.214211E+00  0.863812E-13  0.124109E+00 -0.144161E-13 -0.213092E-03 -0.437346E-13
     88.00   0.214604E+00  0.964237E-13  0.121616E+00 -0.154680E-13 -0.221334E-03 -0.344076E-13
     88.50   0.214849E+00  0.104379E-12  0.115051E+00 -0.161150E-13 -0.224690E-03 -0.250567E-13
     89.00   0.214947E+00  0.109934E-12  0.104636E+00 -0.163270E-13 -0.223077E-03 -0.159680E-13
     89.50   0.214903E+00  0.112962E-12  0.907233E-01 -0.160880E-13 -0.216541E-03 -0.740851E-14
     90.00   0.214715E+00  0.113173E-12  0.737807E-01 -0.153964E-13 -0.205264E-03  0.405080E-15
     90.50   0.214385E+00  0.110288E-12  0.543773E-01 -0.142671E-13 -0.189550E-03  0.733600E-14
     91.00   0.213911E+00  0.104589E-12  0.331636E-01 -0.127346E-13 -0.169827E-03  0.133612E-13
     91.50   0.213291E+00  0.958099E-13  0.108503E-01 -0.108453E-13 -0.146628E-03  0.185969E-13
     92.00   0.212524E+00  0.846736E-13 -0.118154E-01 -0.866150E-14 -0.120582E-03  0.232955E-13
     92.50   0.211607E+00  0.716231E-13 -0.340744E-01 -0.624607E-14 -0.923859E-04  0.277878E-13
     93.00   0.210536E+00  0.574882E-13 -0.551804E-01 -0.366149E-14 -0.627805E-04  0.323775E-13
     93.50   0.209309E+00  0.426654E-13 -0.744259E-01 -0.965252E-15 -0.325381E-04  0.372514E-13
     94.00   0.207925E+00  0.279455E-13 -0.911659E-01  0.178355E-14 -0.244480E-05  0.424577E-13
     94.50   0.206381E+00  0.136634E-13 -0.104840E+00  0.452523E-14  0.267203E-04  0.479373E-13
     95.00   0.204677E+00  0.276936E-15 -0.114992E+00  0.719564E-14  0.542056E-04  0.535683E-13
     95.50   0.202813E+00 -0.117535E-13 -0.121283E+00  0.972717E-14  0.793073E-04  0.591931E-13
     96.00   0.200790E+00 -0.224288E-13 -0.123506E+00  0.120524E-13  0.101388E-03  0.646301E-13
     96.50   0.198610E+00 -0.313175E-13 -0.121590E+00  0.141028E-13  0.119892E-03  0.696760E-13
     97.00   0.196273E+00 -0.382797E-13 -0.115603E+00  0.158137E-13  0.134361E-03  0.741114E-13
     97.50   0.193782E+00 -0.431780E-13 -0.105749E+00  0.171264E-13  0.144445E-03  0.777135E-13
     98.00   0.191140E+00 -0.457979E-13 -0.923607E-01  0.179913E-13  0.149907E-03  0.802728E-13
     98.50   0.188349E+00 -0.460495E-13 -0.758895E-01  0.183713E-13  0.150634E-03  0.816192E-13
     99.00   0.185413E+00 -0.437527E-13 -0.568886E-01  0.182438E-13  0.146633E-03  0.816494E-13
     99.50   0.182335E+00 -0.393894E-13 -0.359950E-01  0.176062E-13  0.138036E-03  0.803614E-13
    100.00   0.179117E+00 -0.331749E-13 -0.139087E-01  0.164741E-13  0.125088E-03  0.778845E-13
    100.50   0.175764E+00 -0.252907E-13  0.863091E-02  0.148824E-13  0.108150E-03  0.744978E-13
    101.00   0.172279E+00 -0.158887E-13  0.308690E-01  0.128847E-13  0.876772E-04  0.705855E-13
    101.50   0.168665E+00 -0.519318E-14  0.520601E-01  0.105466E-13  0.642057E-04  0.665144E-13
    102.00   0.164928E+00  0.711227E-14  0.714936E-01  0.793354E-14  0.383459E-04  0.625160E-13
    102.50   0.161072E+00  0.207162E-13  0.885178E-01  0.511221E-14  0.107747E-04  0.586598E-13
    103.00   0.157104E+00  0.353572E-13  0.102562E+00  0.214896E-14 -0.177804E-04  0.549081E-13
    103.50   0.153030E+00  0.505404E-13  0.113158E+00 -0.886569E-15 -0.465607E-04  0.511781E-13
    104.00   0.148859E+00  0.664064E-13  0.119950E+00 -0.392405E-14 -0.747968E-04  0.473721E-13
    104.50   0.144597E+00  0.821886E-13  0.122715E+00 -0.688582E-14 -0.101731E-03  0.433859E-13
    105.00   0.140251E+00  0.976255E-13  0.121362E+00 -0.969353E-14 -0.126635E-03  0.391019E-13
    105.50   0.135831E+00  0.111955E-12  0.115940E+00 -0.122669E-13 -0.148837E-03  0.343869E-13
    106.00   0.131342E+00  0.124891E-12  0.106635E+00 -0.145297E-13 -0.167734E-03  0.290992E-13
    106.50   0.126791E+00  0.135864E-12  0.937595E-01 -0.164102E-13 -0.182808E-03  0.231016E-13
    107.00   0.122184E+00  0.144453E-12  0.777480E-01 -0.178465E-13 -0.193646E-03  0.162795E-13
    107.50   0.117528E+00  0.150314E-12  0.591376E-01 -0.187894E-13 -0.199947E-03  0.856273E-14
    108.00   0.112825E+00  0.153337E-12  0.385519E-01 -0.192086E-13 -0.201530E-03 -0.504987E-16
    108.50   0.108080E+00  0.153218E-12  0.166800E-01 -0.190932E-13 -0.198344E-03 -0.946053E-14
    109.00   0.103295E+00  0.149283E-12 -0.574650E-02 -0.184568E-13 -0.190462E-03 -0.194212E-13
    109.50   0.984720E-01  0.141561E-12 -0.279771E-01 -0.173421E-13 -0.178085E-03 -0.295272E-13
    110.00   0.936114E-01  0.130827E-12 -0.492665E-01 -0.157990E-13 -0.161517E-03 -0.393662E-13
    110.50   0.887142E-01  0.117895E-12 -0.689002E-01 -0.138666E-13 -0.141167E-03 -0.487405E-13
    111.00   0.837812E-01  0.103317E-12 -0.862191E-01 -0.115824E-13 -0.117546E-03 -0.576586E-13
    111.50   0.788132E-01  0.874826E-13 -0.100642E+00 -0.899161E-14 -0.912519E-04 -0.661984E-13
    112.00   0.738107E-01  0.704216E-13 -0.111687E+00 -0.614627E-14 -0.629508E-04 -0.744271E-13
    112.50   0.687745E-01  0.526796E-13 -0.118983E+00 -0.311065E-14 -0.333593E-04 -0.823766E-13
    113.00   0.637048E-01  0.346517E-13 -0.122289E+00  0.434419E-16 -0.322485E-05 -0.900624E-13
    113.50   0.586018E-01  0.167639E-13 -0.121496E+00  0.323625E-14  0.266924E-04 -0.974987E-13
    114.00   0.534654E-01 -0.893506E-15 -0.116634E+00  0.638356E-14  0.556390E-04 -0.104711E-12
    114.50   0.482952E-01 -0.176384E-13 -0.107868E+00  0.939442E-14  0.828878E-04 -0.111733E-12
    115.00   0.430909E-01 -0.332380E-13 -0.954951E-01  0.121802E-13  0.107756E-03 -0.118598E-12
    115.50   0.378522E-01 -0.470883E-13 -0.799306E-01  0.146524E-13  0.129624E-03 -0.125325E-12
    116.00   0.325788E-01 -0.589791E-13 -0.616970E-01  0.167315E-13  0.147949E-03 -0.131911E-12
    116.50   0.272706E-01 -0.685287E-13 -0.414048E-01  0.183471E-13  0.162279E-03 -0.138327E-12
    117.00   0.219278E-01 -0.756194E-13 -0.197326E-01  0.194436E-13  0.172265E-03 -0.144516E-12
    117.50   0.165510E-01 -0.799684E-13  0.259560E-02  0.199809E-13  0.177671E-03 -0.150391E-12
    118.00   0.111409E-01 -0.819309E-13  0.248340E-01  0.199472E-13  0.178373E-03 -0.155787E-12
    118.50   0.569877E-02 -0.810191E-13  0.462371E-01  0.194194E-13  0.174358E-03 -0.160506E-12
    119.00   0.227872E-03 -0.777201E-13  0.660854E-01  0.184172E-13  0.165753E-03 -0.164658E-12
    119.50  -0.526734E-02 -0.717817E-13  0.837115E-01  0.169557E-13  0.152811E-03 -0.168308E-12
    120.00  -0.107810E-01 -0.635781E-13  0.985237E-01  0.150610E-13  0.135895E-03 -0.171421E-12
    120.50  -0.163062E-01 -0.530757E-13  0.110026E+00  0.127670E-13  0.115471E-03 -0.173990E-12
    121.00  -0.218356E-01 -0.409730E-13  0.117833E+00  0.101207E-13  0.921024E-04 -0.175995E-12
    121.50  -0.273615E-01 -0.272857E-13  0.121686E+00  0.717618E-14  0.664254E-04 -0.177410E-12
    122.00  -0.328761E-01 -0.125124E-13  0.121458E+00  0.400101E-14  0.391374E-04 -0.178207E-12
    122.50  -0.383712E-01  0.318122E-14  0.117161E+00  0.670854E-15  0.109763E-04 -0.178353E-12
    123.00  -0.438385E-01  0.191544E-13  0.108940E+00 -0.272756E-14 -0.172988E-04 -0.177802E-12
    123.50  -0.492696E-01  0.349579E-13  0.970748E-01 -0.610209E-14 -0.449278E-04 -0.176492E-12
    124.00  -0.546565E-01  0.499253E-13  0.819643E-01 -0.935535E-14 -0.711693E-04 -0.174348E-12
    124.50  -0.599909E-01  0.635049E-13  0.641159E-01 -0.123901E-13 -0.953200E-04 -0.171284E-12
    125.00  -0.652650E-01  0.752036E-13  0.441279E-01 -0.151126E-13 -0.116731E-03 -0.167224E-12
    125.50  -0.704708E-01  0.847050E-13  0.226696E-01 -0.174369E-13 -0.134824E-03 -0.162132E-12
    126.00  -0.755999E-01  0.919928E-13  0.458828E-03 -0.192889E-13 -0.149105E-03 -0.156084E-12
    126.50  -0.806444E-01  0.974348E-13 -0.217608E-01 -0.206204E-13 -0.159181E-03 -0.149397E-12
    127.00  -0.855965E-01  0.100899E-12 -0.432439E-01 -0.214215E-13 -0.164760E-03 -0.142534E-12
    127.50  -0.904492E-01  0.101709E-12 -0.632687E-01 -0.216902E-13 -0.165660E-03 -0.135739E-12
    128.00  -0.951971E-01  0.999382E-13 -0.811622E-01 -0.214250E-13 -0.161829E-03 -0.129042E-12
    128.50  -0.998359E-01  0.954294E-13 -0.963237E-01 -0.206275E-13 -0.153344E-03 -0.122411E-12
    129.00  -0.104362E+00  0.883838E-13 -0.108245E+00 -0.193094E-13 -0.140410E-03 -0.115811E-12
    129.50  -0.108775E+00  0.787679E-13 -0.116527E+00 -0.174926E-13 -0.123352E-03 -0.109231E-12
    130.00  -0.113071E+00  0.666469E-13 -0.120894E+00 -0.152115E-13 -0.102605E-03 -0.102662E-12
    130.50  -0.117253E+00  0.522626E-13 -0.121203E+00 -0.125149E-13 -0.787008E-04 -0.960793E-13
    131.00  -0.121319E+00  0.357703E-13 -0.117446E+00 -0.946418E-14 -0.522571E-04 -0.894221E-13
    131.50  -0.125271E+00  0.173584E-13 -0.109752E+00 -0.613384E-14 -0.239559E-04 -0.825918E-13
    132.00  -0.129112E+00 -0.194529E-14 -0.983814E-01 -0.261434E-14  0.547349E-05 -0.754566E-13
    132.50  -0.132842E+00 -0.223418E-13 -0.837178E-01  0.100160E-14  0.352742E-04 -0.678769E-13
    133.00  -0.136465E+00 -0.431191E-13 -0.662538E-01  0.461079E-14  0.646831E-04 -0.597318E-13
    133.50  -0.139982E+00 -0.635374E-13 -0.465753E-01  0.810921E-14  0.929515E-04 -0.509605E-13
    134.00  -0.143394E+00 -0.829630E-13 -0.253416E-01  0.113989E-13  0.119366E-03 -0.416095E-13
    134.50  -0.146701E+00 -0.100578E-12 -0.326403E-02  0.143939E-13  0.143265E-03 -0.318828E-13
    135.00  -0.149905E+00 -0.115731E-12  0.189181E-01  0.170284E-13  0.164059E-03 -0.221488E-13
    135.50  -0.153003E+00 -0.127488E-12  0.404610E-01  0.192500E-13  0.181229E-03 -0.128338E-13
    136.00  -0.155995E+00 -0.136239E-12  0.606416E-01  0.210180E-13  0.194340E-03 -0.425573E-14
    136.50  -0.158881E+00 -0.141653E-12  0.787825E-01  0.222898E-13  0.203061E-03  0.344054E-14
    137.00  -0.161659E+00 -0.143811E-12  0.942751E-01  0.230291E-13  0.207179E-03  0.102371E-13
    137.50  -0.164328E+00 -0.142971E-12  0.106600E+00  0.232087E-13  0.206598E-03  0.161784E-13
    138.00  -0.166886E+00 -0.139166E-12  0.115346E+00  0.228101E-13  0.201344E-03  0.213388E-13
    138.50  -0.169332E+00 -0.132146E-12  0.120222E+00  0.218265E-13  0.191565E-03  0.258136E-13
    139.00  -0.171663E+00 -0.122106E-12  0.121066E+00  0.202669E-13  0.177525E-03  0.297279E-13
    139.50  -0.173878E+00 -0.109574E-12  0.117854E+00  0.181577E-13  0.159598E-03  0.332397E-13
    140.00  -0.175972E+00 -0.948632E-13  0.110697E+00  0.155408E-13  0.138254E-03  0.365348E-13
    140.50  -0.177942E+00 -0.779881E-13  0.998363E-01  0.124733E-13  0.114057E-03  0.398107E-13
    141.00  -0.179786E+00 -0.598104E-13  0.856396E-01  0.903314E-14  0.876382E-04  0.432541E-13
    141.50  -0.181497E+00 -0.406457E-13  0.685840E-01  0.531046E-14  0.596903E-04  0.470102E-13
    142.00  -0.183071E+00 -0.211314E-13  0.492419E-01  0.140942E-14  0.309437E-04  0.511535E-13
    142.50  -0.184503E+00 -0.141733E-14  0.282616E-01 -0.255943E-14  0.214990E-05  0.556524E-13
    143.00  -0.185786E+00  0.174636E-13  0.634593E-02 -0.647656E-14 -0.259373E-04  0.603331E-13
    143.50  -0.186916E+00  0.356111E-13 -0.157712E-01 -0.102295E-13 -0.525805E-04  0.648821E-13
    144.00  -0.187886E+00  0.529336E-13 -0.373487E-01 -0.137157E-13 -0.770722E-04  0.689207E-13
    144.50  -0.188691E+00  0.687777E-13 -0.576629E-01 -0.168439E-13 -0.987486E-04  0.721273E-13
    145.00  -0.189328E+00  0.828746E-13 -0.760326E-01 -0.195394E-13 -0.117020E-03  0.743223E-13
    145.50  -0.189792E+00  0.948088E-13 -0.918419E-01 -0.217380E-13 -0.131390E-03  0.754664E-13
    146.00  -0.190082E+00  0.104381E-12 -0.104562E+00 -0.233865E-13 -0.141471E-03  0.756109E-13
    146.50  -0.190197E+00  0.111272E-12 -0.113767E+00 -0.244407E-13 -0.146993E-03  0.748593E-13
    147.00  -0.190138E+00  0.115067E-12 -0.119152E+00 -0.248673E-13 -0.147814E-03  0.733457E-13
    147.50  -0.189906E+00  0.115393E-12 -0.120538E+00 -0.246465E-13 -0.143917E-03  0.712331E-13
    148.00  -0.189502E+00  0.112285E-12 -0.117883E+00 -0.237746E-13 -0.135414E-03  0.687128E-13
    148.50  -0.188931E+00  0.105529E-12 -0.111279E+00 -0.222643E-13 -0.122537E-03  0.660002E-13
    149.00  -0.188196E+00  0.955092E-13 -0.100952E+00 -0.201489E-13 -0.105636E-03  0.633200E-13
    149.50  -0.187301E+00  0.820738E-13 -0.872485E-01 -0.174773E-13 -0.851635E-04  0.608848E-13
    150.00  -0.186251E+00  0.656237E-13 -0.706312E-01 -0.143188E-13 -0.616622E-04  0.588699E-13
    150.50  -0.185049E+00  0.466746E-13 -0.516578E-01 -0.107596E-13 -0.357513E-04  0.573829E-13
    151.00  -0.183700E+00  0.259394E-13 -0.309646E-01 -0.689877E-14 -0.810784E-05  0.564290E-13
    151.50  -0.182208E+00  0.399666E-14 -0.924476E-02 -0.284286E-14  0.205499E-04  0.558797E-13
    152.00  -0.180578E+00 -0.187288E-13  0.127742E-01  0.130290E-14  0.494799E-04  0.554644E-13
    152.50  -0.178812E+00 -0.408660E-13  0.343547E-01  0.543263E-14  0.779300E-04  0.548316E-13
    153.00  -0.176915E+00 -0.621187E-13  0.547728E-01  0.945230E-14  0.105146E-03  0.536681E-13
    153.50  -0.174892E+00 -0.816510E-13  0.733438E-01  0.132668E-13  0.130403E-03  0.518019E-13
    154.00  -0.172745E+00 -0.989562E-13  0.894448E-01  0.167844E-13  0.153025E-03  0.492073E-13
    154.50  -0.170481E+00 -0.113764E-12  0.102537E+00  0.199155E-13  0.172404E-03  0.459561E-13
    155.00  -0.168103E+00 -0.125620E-12  0.112181E+00  0.225748E-13  0.188018E-03  0.421684E-13
    155.50  -0.165616E+00 -0.134294E-12  0.118058E+00  0.246840E-13  0.199441E-03  0.379874E-13
    156.00  -0.163024E+00 -0.139476E-12  0.119971E+00  0.261745E-13  0.206357E-03  0.335743E-13
    156.50  -0.160331E+00 -0.141334E-12  0.117861E+00  0.269940E-13  0.208567E-03  0.291098E-13
    157.00  -0.157542E+00 -0.139506E-12  0.111800E+00  0.271020E-13  0.205995E-03  0.247941E-13
    157.50  -0.154657E+00 -0.133873E-12  0.101996E+00  0.264786E-13  0.198689E-03  0.208341E-13
    158.00  -0.151681E+00 -0.124974E-12  0.887778E-01  0.251279E-13  0.186823E-03  0.174284E-13
    158.50  -0.148613E+00 -0.112675E-12  0.725915E-01  0.230727E-13  0.170688E-03  0.147457E-13
    159.00  -0.145456E+00 -0.974725E-13  0.539798E-01  0.203618E-13  0.150690E-03  0.128981E-13
    159.50  -0.142208E+00 -0.797243E-13  0.335665E-01  0.170653E-13  0.127338E-03  0.119137E-13
    160.00  -0.138870E+00 -0.600613E-13  0.120350E-01  0.132757E-13  0.101225E-03  0.117022E-13
    160.50  -0.135439E+00 -0.391790E-13 -0.989435E-02  0.910564E-14  0.730234E-04  0.120220E-13
    161.00  -0.131914E+00 -0.172355E-13 -0.314872E-01  0.467910E-14  0.434607E-04  0.125102E-13
    161.50  -0.128292E+00  0.528277E-14 -0.520198E-01  0.125209E-15  0.133160E-04  0.128221E-13
    162.00  -0.124573E+00  0.281849E-13 -0.708033E-01 -0.443708E-14 -0.166138E-04  0.127828E-13
    162.50  -0.120755E+00  0.507623E-13 -0.872076E-01 -0.889459E-14 -0.455422E-04  0.123921E-13
    163.00  -0.116838E+00  0.727996E-13 -0.100683E+00 -0.131421E-13 -0.727152E-04  0.117359E-13
    163.50  -0.112821E+00  0.932657E-13 -0.110778E+00 -0.170734E-13 -0.974315E-04  0.109161E-13
    164.00  -0.108706E+00  0.111861E-12 -0.117157E+00 -0.205905E-13 -0.119060E-03  0.100224E-13
    164.50  -0.104495E+00  0.128081E-12 -0.119607E+00 -0.235995E-13 -0.137054E-03  0.913858E-14
    165.00  -0.100188E+00  0.141173E-12 -0.118050E+00 -0.260139E-13 -0.150968E-03  0.835386E-14
    165.50  -0.957888E-01  0.150895E-12 -0.112540E+00 -0.277621E-13 -0.160462E-03  0.777014E-14
    166.00  -0.912999E-01  0.156916E-12 -0.103265E+00 -0.287866E-13 -0.165316E-03  0.749777E-14
    166.50  -0.867244E-01  0.159033E-12 -0.905378E-01 -0.290483E-13 -0.165432E-03  0.764797E-14
    167.00  -0.820661E-01  0.156770E-12 -0.747868E-01 -0.285277E-13 -0.160832E-03  0.831625E-14
    167.50  -0.773289E-01  0.150283E-12 -0.565400E-01 -0.272317E-13 -0.151664E-03  0.957104E-14
    168.00  -0.725170E-01  0.139728E-12 -0.364085E-01 -0.251899E-13 -0.138190E-03  0.114389E-13
    168.50  -0.676348E-01  0.125257E-12 -0.150658E-01 -0.224574E-13 -0.120784E-03  0.138884E-13
    169.00  -0.626870E-01  0.107167E-12  0.677475E-02 -0.191158E-13 -0.999156E-04  0.167845E-13
    169.50  -0.576780E-01  0.858244E-13  0.283827E-01 -0.152745E-13 -0.761400E-04  0.197989E-13
    170.00  -0.526130E-01  0.625854E-13  0.490336E-01 -0.110475E-13 -0.501009E-04  0.225667E-13
    170.50  -0.474978E-01  0.377960E-13  0.680342E-01 -0.653058E-14 -0.225074E-04  0.250329E-13
    171.00  -0.423395E-01  0.123669E-13  0.847465E-01 -0.182992E-14  0.589184E-05  0.273064E-13
    171.50  -0.371455E-01 -0.133964E-13  0.986095E-01  0.294485E-14  0.343237E-04  0.294911E-13
    172.00  -0.319239E-01 -0.386376E-13  0.109159E+00  0.767575E-14  0.620131E-04  0.316417E-13
    172.50  -0.266826E-01 -0.630909E-13  0.116043E+00  0.122448E-13  0.882050E-04  0.337744E-13
    173.00  -0.214292E-01 -0.859867E-13  0.119032E+00  0.165307E-13  0.112185E-03  0.358871E-13
    173.50  -0.161713E-01 -0.106733E-12  0.118029E+00  0.204165E-13  0.133297E-03  0.379807E-13
    174.00  -0.109159E-01 -0.124899E-12  0.113071E+00  0.237916E-13  0.150962E-03  0.400654E-13
    174.50  -0.566974E-02 -0.139917E-12  0.104326E+00  0.265546E-13  0.164693E-03  0.421537E-13
    175.00  -0.438798E-03 -0.151309E-12  0.920905E-01  0.286190E-13  0.174108E-03  0.442500E-13
    175.50   0.477139E-02 -0.158825E-12  0.767756E-01  0.299171E-13  0.178940E-03  0.463409E-13
    176.00   0.995557E-02 -0.162428E-12  0.588955E-01  0.304031E-13  0.179038E-03  0.483762E-13
    176.50   0.151084E-01 -0.161678E-12  0.390491E-01  0.300525E-13  0.174383E-03  0.502925E-13
    177.00   0.202250E-01 -0.156735E-12  0.179004E-01  0.288698E-13  0.165082E-03  0.520208E-13
    177.50   0.253011E-01 -0.147605E-12 -0.384365E-02  0.268849E-13  0.151362E-03  0.534868E-13
    178.00   0.303319E-01 -0.134360E-12 -0.254560E-01  0.241793E-13  0.133553E-03  0.547338E-13
    178.50   0.353127E-01 -0.117754E-12 -0.462113E-01  0.208712E-13  0.112090E-03  0.560806E-13
    179.00   0.402400E-01 -0.981813E-13 -0.654113E-01  0.170326E-13  0.875159E-04  0.576101E-13
    179.50   0.451110E-01 -0.764359E-13 -0.824106E-01  0.127510E-13  0.604575E-04  0.593075E-13
    180.00   0.499237E-01 -0.528233E-13 -0.966382E-01  0.812096E-14  0.316094E-04  0.611325E-13
    180.50   0.546768E-01 -0.282000E-13 -0.107617E+00  0.325061E-14  0.171464E-05  0.630446E-13
    181.00   0.593692E-01 -0.311408E-14 -0.114981E+00 -0.174347E-14 -0.284556E-04  0.650113E-13
    181.50   0.640004E-01  0.216586E-13 -0.118483E+00 -0.673741E-14 -0.581221E-04  0.670046E-13
    182.00   0.685702E-01  0.455799E-13 -0.118010E+00 -0.116032E-13 -0.865190E-04  0.689854E-13
    182.50   0.730784E-01  0.678948E-13 -0.113579E+00 -0.162098E-13 -0.112914E-03  0.708923E-13
    183.00   0.775251E-01  0.878754E-13 -0.105343E+00 -0.204284E-13 -0.136627E-03  0.726350E-13
    183.50   0.819102E-01  0.105001E-12 -0.935791E-01 -0.241372E-13 -0.157050E-03  0.740937E-13
    184.00   0.862335E-01  0.118668E-12 -0.786833E-01 -0.272242E-13 -0.173661E-03  0.751319E-13
    184.50   0.904942E-01  0.128297E-12 -0.611559E-01 -0.295918E-13 -0.186039E-03  0.756152E-13
    185.00   0.946907E-01  0.134064E-12 -0.415843E-01 -0.311655E-13 -0.193876E-03  0.754420E-13
    185.50   0.988207E-01  0.135550E-12 -0.206239E-01 -0.318888E-13 -0.196983E-03  0.745914E-13
    186.00   0.102881E+00  0.132977E-12  0.102381E-02 -0.317370E-13 -0.195292E-03  0.731869E-13
    186.50   0.106867E+00  0.127024E-12  0.226339E-01 -0.307253E-13 -0.188862E-03  0.715437E-13
    187.00   0.110773E+00  0.117892E-12  0.434817E-01 -0.289062E-13 -0.177883E-03  0.700470E-13
    187.50   0.114595E+00  0.105169E-12  0.628673E-01 -0.263455E-13 -0.162678E-03  0.689283E-13
    188.00   0.118327E+00  0.892226E-13  0.801396E-01 -0.231166E-13 -0.143677E-03  0.682277E-13
    188.50   0.121963E+00  0.700252E-13  0.947192E-01 -0.192964E-13 -0.121406E-03  0.678895E-13
    189.00   0.125498E+00  0.482566E-13  0.106117E+00 -0.149758E-13 -0.964746E-04  0.678354E-13
    189.50   0.128925E+00  0.241100E-13  0.113953E+00 -0.102546E-13 -0.695579E-04  0.679914E-13
    190.00   0.132240E+00 -0.167838E-14  0.117966E+00 -0.524708E-14 -0.413803E-04  0.682810E-13
    190.50   0.135437E+00 -0.287614E-13  0.118025E+00 -0.757802E-16 -0.126961E-04  0.686092E-13
    191.00   0.138510E+00 -0.562511E-13  0.114129E+00  0.512619E-14  0.157297E-04  0.688501E-13
    191.50   0.141455E+00 -0.836646E-13  0.106413E+00  0.102226E-13  0.431411E-04  0.688491E-13
    192.00   0.144266E+00 -0.110021E-12  0.951372E-01  0.150738E-13  0.688099E-04  0.684339E-13
    192.50   0.146938E+00 -0.134722E-12  0.806827E-01  0.195453E-13  0.920533E-04  0.674371E-13
    193.00   0.149466E+00 -0.157085E-12  0.635346E-01  0.235112E-13  0.112251E-03  0.657216E-13
    193.50   0.151847E+00 -0.176311E-12  0.442684E-01  0.268592E-13  0.128859E-03  0.632127E-13
    194.00   0.154075E+00 -0.191486E-12  0.235295E-01  0.294961E-13  0.141425E-03  0.599378E-13
    194.50   0.156146E+00 -0.202274E-12  0.201251E-02  0.313579E-13  0.149596E-03  0.560666E-13
    195.00   0.158057E+00 -0.207918E-12 -0.195619E-01  0.324063E-13  0.153132E-03  0.519131E-13
    195.50   0.159805E+00 -0.208506E-12 -0.404706E-01  0.326291E-13  0.151922E-03  0.478500E-13
    196.00   0.161389E+00 -0.204112E-12 -0.600122E-01  0.320257E-13  0.145992E-03  0.441681E-13
    196.50   0.162806E+00 -0.195093E-12 -0.775310E-01  0.306089E-13  0.135494E-03  0.410063E-13
    197.00   0.164060E+00 -0.182004E-12 -0.924397E-01  0.284068E-13  0.120703E-03  0.383829E-13
    197.50   0.165150E+00 -0.165231E-12 -0.104239E+00  0.254634E-13  0.102010E-03  0.362502E-13
    198.00   0.166080E+00 -0.145088E-12 -0.112535E+00  0.218411E-13  0.799086E-04  0.345306E-13
    198.50   0.166855E+00 -0.122048E-12 -0.117052E+00  0.176218E-13  0.549848E-04  0.331247E-13
    199.00   0.167479E+00 -0.970159E-13 -0.117641E+00  0.129077E-13  0.279004E-04  0.319087E-13
    199.50   0.167958E+00 -0.703292E-13 -0.114285E+00  0.781419E-14 -0.625608E-06  0.307295E-13
    200.00   0.168296E+00 -0.427009E-13 -0.107101E+00  0.247346E-14 -0.298358E-04  0.294108E-13
    200.50   0.168501E+00 -0.148813E-13 -0.963320E-01 -0.297106E-14 -0.589556E-04  0.277670E-13
    201.00   0.168577E+00  0.121221E-13 -0.823412E-01 -0.836750E-14 -0.872135E-04  0.256249E-13
    201.50   0.168529E+00  0.379332E-13 -0.655993E-01 -0.135640E-13 -0.113862E-03  0.228468E-13
    202.00   0.168364E+00  0.616667E-13 -0.466683E-01 -0.184085E-13 -0.138197E-03  0.193586E-13
    202.50   0.168084E+00  0.830105E-13 -0.261827E-01 -0.227610E-13 -0.159577E-03  0.151852E-13
    203.00   0.167693E+00  0.101757E-12 -0.482892E-02 -0.264970E-13 -0.177439E-03  0.104798E-13
    203.50   0.167194E+00  0.117453E-12  0.166779E-01 -0.295151E-13 -0.191312E-03  0.552775E-14
    204.00   0.166588E+00  0.130301E-12  0.376172E-01 -0.317475E-13 -0.200839E-03  0.679922E-15
    204.50   0.165876E+00  0.139525E-12  0.572864E-01 -0.331485E-13 -0.205787E-03 -0.376868E-14
    205.00   0.165060E+00  0.144960E-12  0.750257E-01 -0.336961E-13 -0.206042E-03 -0.765817E-14
    205.50   0.164141E+00  0.146250E-12  0.902403E-01 -0.333813E-13 -0.201614E-03 -0.109599E-13
    206.00   0.163119E+00  0.143147E-12  0.102421E+00 -0.322098E-13 -0.192627E-03 -0.137255E-13
    206.50   0.161994E+00  0.135922E-12  0.111159E+00 -0.302063E-13 -0.179321E-03 -0.160460E-13
    207.00   0.160767E+00  0.124256E-12  0.116165E+00 -0.274100E-13 -0.162046E-03 -0.180327E-13
    207.50   0.159439E+00  0.108621E-12  0.117273E+00 -0.238836E-13 -0.141253E-03 -0.198131E-13
    208.00   0.158008E+00  0.894436E-13  0.114449E+00 -0.197093E-13 -0.117479E-03 -0.215343E-13
    208.50   0.156475E+00  0.668614E-13  0.107791E+00 -0.149872E-13 -0.913391E-04 -0.233600E-13
    209.00   0.154838E+00  0.415116E-13  0.975236E-01 -0.983697E-14 -0.635100E-04 -0.254611E-13
    209.50   0.153096E+00  0.144093E-13  0.839940E-01 -0.439523E-14 -0.347107E-04 -0.279952E-13
    210.00   0.151249E+00 -0.137234E-13  0.676567E-01  0.119112E-14 -0.568706E-05 -0.310881E-13
    210.50   0.149293E+00 -0.422905E-13  0.490599E-01  0.676974E-14  0.228072E-04 -0.348114E-13
    211.00   0.147228E+00 -0.704167E-13  0.288268E-01  0.121862E-13  0.500292E-04 -0.391493E-13
    211.50   0.145052E+00 -0.968244E-13  0.763466E-02  0.172916E-13  0.752652E-04 -0.439662E-13
    212.00   0.142761E+00 -0.120678E-12 -0.138071E-01  0.219535E-13  0.978508E-04 -0.489878E-13
    212.50   0.140356E+00 -0.141245E-12 -0.347803E-01  0.260587E-13  0.117193E-03 -0.538495E-13
    213.00   0.137834E+00 -0.157627E-12 -0.545818E-01  0.295095E-13  0.132795E-03 -0.582340E-13
    213.50   0.135195E+00 -0.169787E-12 -0.725474E-01  0.322225E-13  0.144264E-03 -0.619827E-13
    214.00   0.132441E+00 -0.177456E-12 -0.880745E-01  0.341255E-13  0.151315E-03 -0.650808E-13
    214.50   0.129573E+00 -0.180431E-12 -0.100643E+00  0.351629E-13  0.153781E-03 -0.675874E-13
    215.00   0.126594E+00 -0.178596E-12 -0.109833E+00  0.352968E-13  0.151618E-03 -0.695793E-13
    215.50   0.123508E+00 -0.172240E-12 -0.115337E+00  0.345132E-13  0.144903E-03 -0.711352E-13
    216.00   0.120320E+00 -0.161362E-12 -0.116974E+00  0.328182E-13  0.133836E-03 -0.723385E-13
    216.50   0.117035E+00 -0.145932E-12 -0.114693E+00  0.302425E-13  0.118733E-03 -0.732888E-13
    217.00   0.113658E+00 -0.126549E-12 -0.108571E+00  0.268442E-13  0.100013E-03 -0.741031E-13
    217.50   0.110196E+00 -0.103643E-12 -0.988169E-01  0.227044E-13  0.781923E-04 -0.749122E-13
    218.00   0.106654E+00 -0.777517E-13 -0.857601E-01  0.179276E-13  0.538663E-04 -0.758456E-13
    218.50   0.103039E+00 -0.494422E-13 -0.698391E-01  0.126395E-13  0.276937E-04 -0.770159E-13
    219.00   0.993562E-01 -0.194018E-13 -0.515881E-01  0.698352E-14  0.379480E-06 -0.785027E-13
    219.50   0.956122E-01  0.112558E-13 -0.316183E-01  0.111864E-14 -0.273436E-04 -0.803306E-13
    220.00   0.918119E-01  0.419486E-13 -0.105978E-01 -0.479062E-14 -0.547336E-04 -0.824385E-13
    220.50   0.879604E-01  0.721762E-13  0.107701E-01 -0.105782E-13 -0.810580E-04 -0.846269E-13
    221.00   0.840621E-01  0.101477E-12  0.317703E-01 -0.160896E-13 -0.105615E-03 -0.865469E-13
    221.50   0.801209E-01  0.129051E-12  0.516987E-01 -0.211917E-13 -0.127761E-03 -0.878871E-13
    222.00   0.761414E-01  0.154344E-12  0.698864E-01 -0.257663E-13 -0.146915E-03 -0.885631E-13
    222.50   0.721279E-01  0.176252E-12  0.857229E-01 -0.297003E-13 -0.162565E-03 -0.886458E-13
    223.00   0.680849E-01  0.194233E-12  0.986772E-01 -0.328935E-13 -0.174289E-03 -0.882377E-13
    223.50   0.640168E-01  0.207982E-12  0.108316E+00 -0.352597E-13 -0.181764E-03 -0.874202E-13
    224.00   0.599275E-01  0.217190E-12  0.114317E+00 -0.367294E-13 -0.184774E-03 -0.862499E-13
    224.50   0.558204E-01  0.221125E-12  0.116481E+00 -0.372514E-13 -0.183221E-03 -0.847729E-13
    225.00   0.516985E-01  0.219939E-12  0.114739E+00 -0.368005E-13 -0.177126E-03 -0.830423E-13
    225.50   0.475643E-01  0.213749E-12  0.109152E+00 -0.353766E-13 -0.166627E-03 -0.811236E-13
    226.00   0.434197E-01  0.202305E-12  0.999099E-01 -0.330035E-13 -0.151980E-03 -0.790900E-13
    226.50   0.392658E-01  0.185877E-12  0.873242E-01 -0.297343E-13 -0.133547E-03 -0.770106E-13
    227.00   0.351036E-01  0.165155E-12  0.718183E-01 -0.256512E-13 -0.111790E-03 -0.749410E-13
    227.50   0.309332E-01  0.140592E-12  0.539124E-01 -0.208599E-13 -0.872588E-04 -0.729153E-13
    228.00   0.267544E-01  0.112854E-12  0.342061E-01 -0.154894E-13 -0.605757E-04 -0.709448E-13
    228.50   0.225668E-01  0.828192E-13  0.133585E-01 -0.968886E-14 -0.324198E-04 -0.690125E-13
    229.00   0.183694E-01  0.511078E-13 -0.793352E-02 -0.362013E-14 -0.351008E-05 -0.670701E-13
    229.50   0.141608E-01  0.188364E-13 -0.289582E-01  0.254441E-14  0.254098E-04 -0.649325E-13
    230.00   0.993969E-02 -0.129742E-13 -0.490096E-01  0.864862E-14  0.535992E-04 -0.624577E-13
    230.50   0.570596E-02 -0.437189E-13 -0.674134E-01  0.145437E-13  0.803384E-04 -0.597721E-13
    231.00   0.145986E-02 -0.726760E-13 -0.835511E-01  0.200837E-13  0.104946E-03 -0.569857E-13
    231.50  -0.279819E-02 -0.992114E-13 -0.968808E-01  0.251288E-13  0.126798E-03 -0.541554E-13
    232.00  -0.706727E-02 -0.122624E-12 -0.106956E+00  0.295464E-13  0.145337E-03 -0.512808E-13
    232.50  -0.113457E-01 -0.142172E-12 -0.113440E+00  0.332165E-13  0.160095E-03 -0.483587E-13
    233.00  -0.156314E-01 -0.157308E-12 -0.116117E+00  0.360348E-13  0.170702E-03 -0.453884E-13
    233.50  -0.199222E-01 -0.167824E-12 -0.114899E+00  0.379178E-13  0.176900E-03 -0.423678E-13
    234.00  -0.242154E-01 -0.173270E-12 -0.109832E+00  0.388034E-13  0.178545E-03 -0.392920E-13
    234.50  -0.285081E-01 -0.173407E-12 -0.101085E+00  0.386555E-13  0.175612E-03 -0.361455E-13
    235.00  -0.327969E-01 -0.168225E-12 -0.889558E-01  0.374667E-13  0.168198E-03 -0.328973E-13
    235.50  -0.370781E-01 -0.157970E-12 -0.738508E-01  0.352606E-13  0.156514E-03 -0.295008E-13
    236.00  -0.413474E-01 -0.142692E-12 -0.562771E-01  0.320888E-13  0.140883E-03 -0.258984E-13
    236.50  -0.456001E-01 -0.122657E-12 -0.368231E-01  0.280337E-13  0.121730E-03 -0.220361E-13
    237.00  -0.498307E-01 -0.985349E-13 -0.161397E-01  0.232071E-13  0.995751E-04 -0.178838E-13
    237.50  -0.540329E-01 -0.710074E-13  0.508154E-02  0.177488E-13  0.750228E-04 -0.135012E-13
    238.00  -0.581996E-01 -0.405219E-13  0.261304E-01  0.118234E-13  0.487474E-04 -0.917858E-14
    238.50  -0.623230E-01 -0.834535E-14  0.463007E-01  0.559368E-14  0.214616E-04 -0.528025E-14
    239.00  -0.663958E-01  0.242826E-13  0.649146E-01 -0.788437E-15 -0.609824E-05 -0.191271E-14
    239.50  -0.704109E-01  0.569288E-13  0.813468E-01 -0.716990E-14 -0.331882E-04  0.959575E-15
    240.00  -0.743618E-01  0.883358E-13  0.950458E-01 -0.133911E-13 -0.590779E-04  0.339609E-14
    240.50  -0.782422E-01  0.117779E-12  0.105553E+00 -0.192950E-13 -0.830706E-04  0.543920E-14
    241.00  -0.820461E-01  0.144556E-12  0.112517E+00 -0.247292E-13 -0.104523E-03  0.711227E-14
    241.50  -0.857681E-01  0.167989E-12  0.115706E+00 -0.295486E-13 -0.122859E-03  0.843629E-14
    242.00  -0.894032E-01  0.187242E-12  0.115016E+00 -0.336189E-13 -0.137590E-03  0.944659E-14
    242.50  -0.929472E-01  0.201642E-12  0.110473E+00 -0.368223E-13 -0.148321E-03  0.102100E-13
    243.00  -0.963962E-01  0.210961E-12  0.102232E+00 -0.390636E-13 -0.154764E-03  0.108259E-13
    243.50  -0.997470E-01  0.214948E-12  0.905708E-01 -0.402711E-13 -0.156743E-03  0.114189E-13
    244.00  -0.102997E+00  0.213232E-12  0.758828E-01 -0.403998E-13 -0.154201E-03  0.121231E-13
    244.50  -0.106144E+00  0.206073E-12  0.586610E-01 -0.394370E-13 -0.147197E-03  0.130589E-13
    245.00  -0.109185E+00  0.193285E-12  0.394827E-01 -0.373990E-13 -0.135907E-03  0.143002E-13
    245.50  -0.112120E+00  0.175661E-12  0.189902E-01 -0.343388E-13 -0.120620E-03  0.158336E-13
    246.00  -0.114947E+00  0.153711E-12 -0.213039E-02 -0.303404E-13 -0.101728E-03  0.174987E-13
    246.50  -0.117664E+00  0.127979E-12 -0.231717E-01 -0.255217E-13 -0.797187E-04  0.189739E-13
    247.00  -0.120270E+00  0.990450E-13 -0.434282E-01 -0.200245E-13 -0.551484E-04  0.199088E-13
    247.50  -0.122766E+00  0.673003E-13 -0.622197E-01 -0.139991E-13 -0.286375E-04  0.201008E-13
    248.00  -0.125152E+00  0.334794E-13 -0.789157E-01 -0.760073E-14 -0.860547E-06  0.195144E-13
    248.50  -0.127428E+00 -0.178794E-14 -0.929559E-01 -0.988488E-15  0.274704E-04  0.181996E-13
    249.00  -0.129598E+00 -0.374980E-13 -0.103870E+00  0.567039E-14  0.556249E-04  0.162340E-13
    249.50  -0.131663E+00 -0.729908E-13 -0.111294E+00  0.122077E-13  0.828743E-04  0.137015E-13
    250.00  -0.133627E+00 -0.107313E-12 -0.114980E+00  0.184535E-13  0.108512E-03  0.106997E-13
    250.50  -0.135491E+00 -0.139553E-12 -0.114809E+00  0.242418E-13  0.131871E-03  0.735061E-14
    251.00  -0.137260E+00 -0.169027E-12 -0.110787E+00  0.294154E-13  0.152346E-03  0.380528E-14
    251.50  -0.138934E+00 -0.194584E-12 -0.103053E+00  0.338281E-13  0.169405E-03  0.239723E-15
    252.00  -0.140517E+00 -0.215847E-12 -0.918693E-01  0.373552E-13  0.182608E-03 -0.315869E-14
    252.50  -0.142011E+00 -0.231906E-12 -0.776119E-01  0.398923E-13  0.191616E-03 -0.621291E-14
    253.00  -0.143414E+00 -0.242322E-12 -0.607603E-01  0.413646E-13  0.196203E-03 -0.877968E-14
    253.50  -0.144729E+00 -0.246873E-12 -0.418796E-01  0.417297E-13  0.196261E-03 -0.107790E-13
    254.00  -0.145954E+00 -0.244963E-12 -0.216026E-01  0.409794E-13  0.191807E-03 -0.122299E-13
    254.50  -0.147086E+00 -0.236483E-12 -0.608340E-03  0.391444E-13  0.182976E-03 -0.132839E-13
    255.00  -0.148123E+00 -0.221759E-12  0.203998E-01  0.362899E-13  0.170022E-03 -0.142206E-13
    255.50  -0.149061E+00 -0.201456E-12  0.407176E-01  0.325039E-13  0.153298E-03 -0.153556E-13
    256.00  -0.149898E+00 -0.176224E-12  0.596633E-01  0.278854E-13  0.133248E-03 -0.169114E-13
    256.50  -0.150628E+00 -0.147096E-12  0.766009E-01  0.225470E-13  0.110401E-03 -0.189640E-13
    257.00  -0.151248E+00 -0.115054E-12  0.909627E-01  0.166163E-13  0.853601E-04 -0.214843E-13
    257.50  -0.151756E+00 -0.810238E-13  0.102267E+00  0.102352E-13  0.587839E-04 -0.243870E-13
    258.00  -0.152146E+00 -0.459211E-13  0.110137E+00  0.355966E-14  0.313695E-04 -0.275653E-13
    258.50  -0.152417E+00 -0.104507E-13  0.114311E+00 -0.324443E-14  0.383342E-05 -0.308974E-13
    259.00  -0.152566E+00  0.243668E-13  0.114650E+00 -0.100019E-13 -0.231073E-04 -0.342431E-13
    259.50  -0.152589E+00  0.578194E-13  0.111146E+00 -0.165361E-13 -0.487539E-04 -0.374411E-13
    260.00  -0.152484E+00  0.886427E-13  0.103920E+00 -0.226692E-13 -0.724436E-04 -0.403125E-13
    260.50  -0.152250E+00  0.116367E-12  0.932167E-01 -0.282339E-13 -0.935661E-04 -0.426761E-13
    261.00  -0.151884E+00  0.140018E-12  0.793960E-01 -0.330710E-13 -0.111579E-03 -0.443649E-13
    261.50  -0.151385E+00  0.159072E-12  0.629226E-01 -0.370419E-13 -0.126023E-03 -0.452483E-13
    262.00  -0.150751E+00  0.173096E-12  0.443492E-01 -0.400298E-13 -0.136530E-03 -0.452562E-13
    262.50  -0.149982E+00  0.181881E-12  0.242979E-01 -0.419461E-13 -0.142834E-03 -0.444146E-13
    263.00  -0.149076E+00  0.185478E-12  0.344023E-02 -0.427359E-13 -0.144781E-03 -0.428751E-13
    263.50  -0.148034E+00  0.183745E-12 -0.175256E-01 -0.423807E-13 -0.142324E-03 -0.409235E-13
    264.00  -0.146856E+00  0.176734E-12 -0.378972E-01 -0.409014E-13 -0.135528E-03 -0.389021E-13
    264.50  -0.145541E+00  0.164772E-12 -0.569913E-01 -0.383522E-13 -0.124559E-03 -0.370757E-13
    265.00  -0.144094E+00  0.147785E-12 -0.741674E-01 -0.348058E-13 -0.109696E-03 -0.355586E-13
    265.50  -0.142516E+00  0.126088E-12 -0.888499E-01 -0.303540E-13 -0.913245E-04 -0.343456E-13
    266.00  -0.140812E+00  0.100058E-12 -0.100547E+00 -0.251069E-13 -0.699292E-04 -0.333728E-13
    266.50  -0.138987E+00  0.702611E-13 -0.108868E+00 -0.191934E-13 -0.460779E-04 -0.325578E-13
    267.00  -0.137046E+00  0.373533E-13 -0.113535E+00 -0.127592E-13 -0.204068E-04 -0.318111E-13
    267.50  -0.134995E+00  0.234043E-14 -0.114395E+00 -0.596741E-14  0.639759E-05 -0.310292E-13
    268.00  -0.132840E+00 -0.338557E-13 -0.111423E+00  0.100730E-14  0.336174E-04 -0.300904E-13
    268.50  -0.130589E+00 -0.704519E-13 -0.104719E+00  0.798252E-14  0.605237E-04 -0.288539E-13
    269.00  -0.128246E+00 -0.106337E-12 -0.945126E-01  0.147710E-13  0.863962E-04 -0.271722E-13
    269.50  -0.125819E+00 -0.140722E-12 -0.811466E-01  0.211895E-13  0.110543E-03 -0.249052E-13
    270.00  -0.123313E+00 -0.172238E-12 -0.650707E-01  0.270583E-13  0.132319E-03 -0.219391E-13
    270.50  -0.120732E+00 -0.200210E-12 -0.468240E-01  0.322168E-13  0.151145E-03 -0.182095E-13
    271.00  -0.118080E+00 -0.223532E-12 -0.270178E-01  0.365224E-13  0.166522E-03 -0.137287E-13
    271.50  -0.115362E+00 -0.241249E-12 -0.631496E-02  0.398633E-13  0.178044E-03 -0.862425E-14
    272.00  -0.112578E+00 -0.252946E-12  0.145915E-01  0.421665E-13  0.185410E-03 -0.316683E-14
    272.50  -0.109732E+00 -0.257871E-12  0.350014E-01  0.433900E-13  0.188424E-03  0.228282E-14
    273.00  -0.106823E+00 -0.256514E-12  0.542302E-01  0.435166E-13  0.186991E-03  0.744294E-14
    273.50  -0.103853E+00 -0.249057E-12  0.716327E-01  0.425412E-13  0.181133E-03  0.122142E-13
    274.00  -0.100822E+00 -0.235919E-12  0.866250E-01  0.404805E-13  0.170989E-03  0.166276E-13
    274.50  -0.977327E-01 -0.217519E-12  0.987046E-01  0.373755E-13  0.156813E-03  0.207568E-13
    275.00  -0.945844E-01 -0.194179E-12  0.107468E+00  0.332933E-13  0.138962E-03  0.246707E-13
    275.50  -0.913777E-01 -0.166359E-12  0.112622E+00  0.283261E-13  0.117888E-03  0.284265E-13
    276.00  -0.881130E-01 -0.134979E-12  0.113997E+00  0.225937E-13  0.941279E-04  0.320812E-13
    276.50  -0.847901E-01 -0.100411E-12  0.111549E+00  0.162348E-13  0.682869E-04  0.356998E-13
    277.00  -0.814091E-01 -0.639358E-13  0.105363E+00  0.941268E-14  0.410236E-04  0.393621E-13
    277.50  -0.779697E-01 -0.260469E-13  0.956493E-01  0.230243E-14  0.130332E-04  0.431534E-13
    278.00  -0.744714E-01  0.121701E-13  0.827344E-01 -0.490591E-14 -0.149696E-04  0.471547E-13
    278.50  -0.709140E-01  0.494819E-13  0.670526E-01 -0.120149E-13 -0.422696E-04  0.514306E-13
    279.00  -0.672969E-01  0.851494E-13  0.491301E-01 -0.188296E-13 -0.681688E-04  0.560175E-13
    279.50  -0.636197E-01  0.118097E-12  0.295668E-01 -0.251583E-13 -0.920046E-04  0.609145E-13
    280.00  -0.598823E-01  0.147672E-12  0.901729E-02 -0.308223E-13 -0.113168E-03  0.660617E-13
    280.50  -0.560844E-01  0.173114E-12 -0.118313E-01 -0.356619E-13 -0.131118E-03  0.712856E-13
    281.00  -0.522258E-01  0.194342E-12 -0.322810E-01 -0.395617E-13 -0.145392E-03  0.762299E-13
    281.50  -0.483072E-01  0.210758E-12 -0.516457E-01 -0.424501E-13 -0.155615E-03  0.806391E-13
    282.00  -0.443302E-01  0.221381E-12 -0.692750E-01 -0.442624E-13 -0.161522E-03  0.845354E-13
    282.50  -0.402976E-01  0.226276E-12 -0.845766E-01 -0.449543E-13 -0.162969E-03  0.880155E-13
    283.00  -0.362131E-01  0.225142E-12 -0.970372E-01 -0.445021E-13 -0.159938E-03  0.911487E-13
    283.50  -0.320812E-01  0.217903E-12 -0.106240E+00 -0.429083E-13 -0.152529E-03  0.939614E-13
    284.00  -0.279068E-01  0.204900E-12 -0.111876E+00 -0.402045E-13 -0.140958E-03  0.964507E-13
    284.50  -0.236953E-01  0.186456E-12 -0.113761E+00 -0.364494E-13 -0.125554E-03  0.986100E-13
    285.00  -0.194525E-01  0.162752E-12 -0.111831E+00 -0.317283E-13 -0.106744E-03  0.100441E-12
    285.50  -0.151843E-01  0.134425E-12 -0.106156E+00 -0.261557E-13 -0.850441E-04  0.101956E-12
    286.00  -0.108971E-01  0.102422E-12 -0.969269E-01 -0.198723E-13 -0.610473E-04  0.103171E-12
    286.50  -0.659705E-02  0.674243E-13 -0.844553E-01 -0.130394E-13 -0.354041E-04  0.104096E-12
    287.00  -0.229048E-02  0.306163E-13 -0.691603E-01 -0.583934E-14 -0.880688E-05  0.104728E-12
    287.50   0.201638E-02 -0.722649E-14 -0.515546E-01  0.153583E-14  0.180280E-04  0.105049E-12
    288.00   0.631738E-02 -0.447588E-13 -0.322276E-01  0.888269E-14  0.443793E-04  0.105004E-12
    288.50   0.106059E-01 -0.811056E-13 -0.118255E-01  0.159987E-13  0.695400E-04  0.104526E-12
    289.00   0.148754E-01 -0.115137E-12  0.896993E-02  0.226856E-13  0.928349E-04  0.103573E-12
    289.50   0.191189E-01 -0.146170E-12  0.294635E-01  0.287716E-13  0.113631E-03  0.102221E-12
    290.00   0.233292E-01 -0.173626E-12  0.489668E-01  0.341270E-13  0.131353E-03  0.100650E-12
    290.50   0.275000E-01 -0.196576E-12  0.668241E-01  0.386160E-13  0.145512E-03  0.988955E-13
    291.00   0.316257E-01 -0.214438E-12  0.824354E-01  0.421229E-13  0.155714E-03  0.969581E-13
    291.50   0.357011E-01 -0.226810E-12  0.952769E-01  0.445541E-13  0.161672E-03  0.948263E-13
    292.00   0.397220E-01 -0.233351E-12  0.104919E+00  0.458402E-13  0.163213E-03  0.924922E-13
    292.50   0.436845E-01 -0.233754E-12  0.111038E+00  0.459376E-13  0.160281E-03  0.899544E-13
    293.00   0.475856E-01 -0.228042E-12  0.113433E+00  0.448328E-13  0.152940E-03  0.872148E-13
    293.50   0.514227E-01 -0.216203E-12  0.112025E+00  0.425437E-13  0.141372E-03  0.842663E-13
    294.00   0.551941E-01 -0.198584E-12  0.106864E+00  0.391200E-13  0.125870E-03  0.810864E-13
    294.50   0.588986E-01 -0.175507E-12  0.981260E-01  0.346427E-13  0.106832E-03  0.776314E-13
    295.00   0.625354E-01 -0.147252E-12  0.861052E-01  0.292231E-13  0.847489E-04  0.738335E-13
    295.50   0.661043E-01 -0.114979E-12  0.712062E-01  0.230048E-13  0.601908E-04  0.696142E-13
    296.00   0.696052E-01 -0.792459E-13  0.539291E-01  0.161524E-13  0.337917E-04  0.648959E-13
    296.50   0.730380E-01 -0.408497E-13  0.348526E-01  0.885191E-14  0.623143E-05  0.596253E-13
    297.00   0.764026E-01 -0.989195E-15  0.146153E-01  0.130488E-14 -0.217841E-04  0.538135E-13
    297.50   0.796985E-01  0.391585E-13 -0.610551E-02 -0.628285E-14 -0.495431E-04  0.476111E-13
    298.00   0.829247E-01  0.783017E-13 -0.266159E-01 -0.137157E-13 -0.763435E-04  0.413715E-13
    298.50   0.860804E-01  0.115291E-12 -0.462277E-01 -0.208117E-13 -0.101497E-03  0.354613E-13
    299.00   0.891648E-01  0.149227E-12 -0.642822E-01 -0.273967E-13 -0.124355E-03  0.300323E-13
    299.50   0.921776E-01  0.179108E-12 -0.801730E-01 -0.333035E-13 -0.144329E-03  0.250843E-13
    300.00   0.951185E-01  0.204553E-12 -0.933670E-01 -0.383813E-13 -0.160906E-03  0.205702E-13
    300.50   0.979871E-01  0.224705E-12 -0.103422E+00 -0.424931E-13 -0.173664E-03  0.164469E-13
    301.00   0.100783E+00  0.239073E-12 -0.110003E+00 -0.455243E-13 -0.182279E-03  0.126807E-13
    301.50   0.103506E+00  0.247240E-12 -0.112890E+00 -0.473856E-13 -0.186539E-03  0.923339E-14
    302.00   0.106155E+00  0.248966E-12 -0.111990E+00 -0.480147E-13 -0.186340E-03  0.604428E-14
    302.50   0.108729E+00  0.244032E-12 -0.107335E+00 -0.473805E-13 -0.181698E-03  0.302231E-14
    303.00   0.111227E+00  0.232588E-12 -0.990836E-01 -0.454861E-13 -0.172744E-03  0.479412E-16
    303.50   0.113646E+00  0.214815E-12 -0.875149E-01 -0.423683E-13 -0.159722E-03 -0.301531E-14
    304.00   0.115984E+00  0.191296E-12 -0.730183E-01 -0.381005E-13 -0.142981E-03 -0.630157E-14
    304.50   0.118238E+00  0.162730E-12 -0.560804E-01 -0.327898E-13 -0.122969E-03 -0.991947E-14
    305.00   0.120403E+00  0.129985E-12 -0.372693E-01 -0.265752E-13 -0.100216E-03 -0.139234E-13
    305.50   0.122477E+00  0.938099E-13 -0.172151E-01 -0.196233E-13 -0.753275E-04 -0.182738E-13
    306.00   0.124452E+00  0.552608E-13  0.341082E-02 -0.121258E-13 -0.489606E-04 -0.227929E-13
    306.50   0.126325E+00  0.151978E-13  0.239175E-01 -0.429201E-14 -0.218150E-04 -0.271634E-13
    307.00   0.128089E+00 -0.253269E-13  0.436173E-01  0.366211E-14  0.537854E-05 -0.310456E-13
    307.50   0.129739E+00 -0.657740E-13  0.618489E-01  0.115293E-13  0.318823E-04 -0.342277E-13
    308.00   0.131270E+00 -0.105019E-12  0.780005E-01  0.191085E-13  0.569795E-04 -0.366538E-13
    308.50   0.132678E+00 -0.142059E-12  0.915304E-01  0.262073E-13  0.799950E-04 -0.383583E-13
    309.00   0.133960E+00 -0.175881E-12  0.101985E+00  0.326440E-13  0.100314E-03 -0.394088E-13
    309.50   0.135111E+00 -0.205726E-12  0.109016E+00  0.382523E-13  0.117396E-03 -0.398814E-13
    310.00   0.136132E+00 -0.230696E-12  0.112389E+00  0.428819E-13  0.130790E-03 -0.398629E-13
    310.50   0.137019E+00 -0.250045E-12  0.111993E+00  0.464053E-13  0.140147E-03 -0.394609E-13
    311.00   0.137773E+00 -0.263134E-12  0.107845E+00  0.487214E-13  0.145225E-03 -0.388078E-13
    311.50   0.138394E+00 -0.269724E-12  0.100086E+00  0.497609E-13  0.145894E-03 -0.380570E-13
    312.00   0.138881E+00 -0.269251E-12  0.889778E-01  0.494854E-13  0.142142E-03 -0.373692E-13
    312.50   0.139237E+00 -0.261812E-12  0.748953E-01  0.478955E-13  0.134071E-03 -0.368959E-13
    313.00   0.139463E+00 -0.247568E-12  0.583111E-01  0.450285E-13  0.121895E-03 -0.367577E-13
    313.50   0.139560E+00 -0.226606E-12  0.397814E-01  0.409580E-13  0.105931E-03 -0.370178E-13
    314.00   0.139531E+00 -0.199753E-12  0.199268E-01  0.357968E-13  0.865912E-04 -0.376495E-13
    314.50   0.139379E+00 -0.167351E-12 -0.587820E-03  0.296862E-13  0.643710E-04 -0.384986E-13
    315.00   0.139105E+00 -0.130540E-12 -0.210756E-01  0.227948E-13  0.398401E-04 -0.392802E-13
    315.50   0.138713E+00 -0.904365E-13 -0.408500E-01  0.153029E-13  0.136358E-04 -0.396676E-13
    316.00   0.138206E+00 -0.484262E-13 -0.592476E-01  0.739997E-14 -0.135511E-04 -0.394335E-13
    316.50   0.137588E+00 -0.553537E-14 -0.756514E-01 -0.718513E-15 -0.410025E-04 -0.385015E-13
    317.00   0.136864E+00  0.368527E-13 -0.895113E-01 -0.884911E-14 -0.679925E-04 -0.369026E-13
    317.50   0.136039E+00  0.777414E-13 -0.100363E+00 -0.167858E-13 -0.938074E-04 -0.347190E-13
    318.00   0.135119E+00  0.116236E-12 -0.107845E+00 -0.243236E-13 -0.117764E-03 -0.320482E-13
    318.50   0.134108E+00  0.151404E-12 -0.111708E+00 -0.312636E-13 -0.139226E-03 -0.289999E-13
    319.00   0.133013E+00  0.182158E-12 -0.111824E+00 -0.374164E-13 -0.157623E-03 -0.257017E-13
    319.50   0.131837E+00  0.207773E-12 -0.108193E+00 -0.426115E-13 -0.172465E-03 -0.223010E-13
    320.00   0.130585E+00  0.227460E-12 -0.100940E+00 -0.466995E-13 -0.183353E-03 -0.189635E-13
    320.50   0.129262E+00  0.240782E-12 -0.903094E-01 -0.495593E-13 -0.189993E-03 -0.158628E-13
    321.00   0.127869E+00  0.247162E-12 -0.766598E-01 -0.511004E-13 -0.192203E-03 -0.131621E-13
    321.50   0.126410E+00  0.246764E-12 -0.604497E-01 -0.512715E-13 -0.189916E-03 -0.109948E-13
    322.00   0.124885E+00  0.239463E-12 -0.422230E-01 -0.500576E-13 -0.183184E-03 -0.944322E-14
    322.50   0.123295E+00  0.225580E-12 -0.225900E-01 -0.474848E-13 -0.172174E-03 -0.851033E-14
    323.00   0.121639E+00  0.205716E-12 -0.220821E-02 -0.436222E-13 -0.157167E-03 -0.807973E-14
    323.50   0.119915E+00  0.180420E-12  0.182402E-01 -0.385815E-13 -0.138548E-03 -0.789902E-14
    324.00   0.118121E+00  0.150526E-12  0.380700E-01 -0.325146E-13 -0.116803E-03 -0.764522E-14
    324.50   0.116256E+00  0.116369E-12  0.566161E-01 -0.255951E-13 -0.925104E-04 -0.707967E-14
    325.00   0.114315E+00  0.786280E-13  0.732561E-01 -0.180075E-13 -0.663136E-04 -0.613027E-14
    325.50   0.112298E+00  0.382019E-13  0.874319E-01 -0.994559E-14 -0.389018E-04 -0.484109E-14
    326.00   0.110201E+00 -0.385287E-14  0.986685E-01 -0.161248E-14 -0.109906E-04 -0.329854E-14
    326.50   0.108023E+00 -0.465303E-13  0.106590E+00  0.678254E-14  0.166957E-04 -0.159057E-14
    327.00   0.105764E+00 -0.885612E-13  0.110933E+00  0.150249E-13  0.434424E-04  0.200488E-15
    327.50   0.103420E+00 -0.129029E-12  0.111554E+00  0.229013E-13  0.685629E-04  0.198938E-14
    328.00   0.100993E+00 -0.166695E-12  0.108435E+00  0.302028E-13  0.914151E-04  0.367922E-14
    328.50   0.984814E-01 -0.200384E-12  0.101683E+00  0.367314E-13  0.111418E-03  0.515805E-14
    329.00   0.958853E-01 -0.229316E-12  0.915261E-01  0.423087E-13  0.128066E-03  0.630677E-14
    329.50   0.932053E-01 -0.252453E-12  0.783069E-01  0.467764E-13  0.140942E-03  0.701241E-14
    330.00   0.904423E-01 -0.269349E-12  0.624694E-01  0.500087E-13  0.149725E-03  0.717831E-14
    330.50   0.875977E-01 -0.279116E-12  0.445446E-01  0.519096E-13  0.154200E-03  0.674148E-14
    331.00   0.846732E-01 -0.281822E-12  0.251327E-01  0.524264E-13  0.154261E-03  0.568770E-14
    331.50   0.816706E-01 -0.276664E-12  0.488324E-02  0.515439E-13  0.149914E-03  0.408784E-14
    332.00   0.785924E-01 -0.263720E-12 -0.155263E-01  0.492998E-13  0.141274E-03  0.215051E-14
    332.50   0.754411E-01 -0.243398E-12 -0.354124E-01  0.457752E-13  0.128570E-03  0.220834E-15
    333.00   0.722203E-01 -0.216872E-12 -0.541079E-01  0.410700E-13  0.112148E-03 -0.145631E-14
    333.50   0.689344E-01 -0.184802E-12 -0.709850E-01  0.352985E-13  0.924542E-04 -0.285793E-14
    334.00   0.655888E-01 -0.148069E-12 -0.854774E-01  0.285993E-13  0.700201E-04 -0.406017E-14
    334.50   0.621895E-01 -0.107497E-12 -0.970992E-01  0.211362E-13  0.454494E-04 -0.514101E-14
    335.00   0.587429E-01 -0.642089E-13 -0.105461E+00  0.130956E-13  0.194038E-04 -0.615093E-14
    335.50   0.552559E-01 -0.192976E-13 -0.110285E+00  0.468103E-14 -0.741455E-05 -0.711882E-14
    336.00   0.517351E-01  0.262345E-13 -0.111411E+00 -0.389100E-14 -0.342838E-04 -0.807152E-14
    336.50   0.481872E-01  0.712678E-13 -0.108803E+00 -0.123957E-13 -0.604814E-04 -0.904812E-14
    337.00   0.446186E-01  0.114678E-12 -0.102551E+00 -0.206060E-13 -0.853029E-04 -0.100991E-13
    337.50   0.410353E-01  0.155133E-12 -0.928675E-01 -0.282980E-13 -0.108081E-03 -0.112831E-13
    338.00   0.374427E-01  0.191794E-12 -0.800783E-01 -0.352608E-13 -0.128203E-03 -0.126555E-13
    338.50   0.338458E-01  0.223742E-12 -0.646129E-01 -0.412998E-13 -0.145128E-03 -0.142586E-13
    339.00   0.302488E-01  0.249998E-12 -0.469898E-01 -0.462431E-13 -0.158396E-03 -0.161166E-13
    339.50   0.266555E-01  0.269853E-12 -0.277989E-01 -0.499498E-13 -0.167646E-03 -0.182312E-13
    340.00   0.230685E-01  0.282741E-12 -0.768168E-02 -0.523127E-13 -0.172623E-03 -0.205799E-13
    340.50   0.194900E-01  0.288623E-12  0.126894E-01 -0.532640E-13 -0.173181E-03 -0.230934E-13
    341.00   0.159209E-01  0.287727E-12  0.326330E-01 -0.528076E-13 -0.169289E-03 -0.255272E-13
    341.50   0.123619E-01  0.279730E-12  0.514792E-01 -0.509984E-13 -0.161035E-03 -0.277556E-13
    342.00   0.881417E-02  0.264724E-12  0.685946E-01 -0.478804E-13 -0.148617E-03 -0.298680E-13
    342.50   0.527826E-02  0.243169E-12  0.834043E-01 -0.435266E-13 -0.132343E-03 -0.319423E-13
    343.00   0.175438E-02  0.215743E-12  0.954114E-01 -0.380398E-13 -0.112621E-03 -0.340172E-13
    343.50  -0.175778E-02  0.182891E-12  0.104214E+00 -0.315498E-13 -0.899525E-04 -0.360965E-13
    344.00  -0.525886E-02  0.145675E-12  0.109518E+00 -0.242160E-13 -0.649125E-04 -0.381617E-13
    344.50  -0.874940E-02  0.105087E-12  0.111149E+00 -0.162210E-13 -0.381415E-04 -0.401843E-13
    345.00  -0.122300E-01  0.619684E-13  0.109053E+00 -0.776723E-14 -0.103276E-04 -0.421492E-13
    345.50  -0.157013E-01  0.178640E-13  0.103304E+00  0.924288E-15  0.178142E-04 -0.440395E-13
    346.00  -0.191643E-01 -0.263839E-13  0.940961E-01  0.962467E-14  0.455600E-04 -0.458292E-13
    346.50  -0.226195E-01 -0.694694E-13  0.817405E-01  0.180993E-13  0.721967E-04 -0.474783E-13
    347.00  -0.260677E-01 -0.109859E-12  0.666523E-01  0.261147E-13  0.970399E-04 -0.489319E-13
    347.50  -0.295093E-01 -0.146680E-12  0.493374E-01  0.334499E-13  0.119452E-03 -0.501250E-13
    348.00  -0.329440E-01 -0.178785E-12  0.303757E-01  0.398995E-13  0.138859E-03 -0.509914E-13
    348.50  -0.363715E-01 -0.205305E-12  0.104013E-01  0.452815E-13  0.154765E-03 -0.514796E-13
    349.00  -0.397900E-01 -0.225767E-12 -0.991762E-02  0.494432E-13  0.166766E-03 -0.516107E-13
    349.50  -0.431967E-01 -0.239993E-12 -0.299009E-01  0.522873E-13  0.174556E-03 -0.516424E-13
    350.00  -0.465883E-01 -0.247570E-12 -0.488775E-01  0.537771E-13  0.177953E-03 -0.518453E-13
    350.50  -0.499614E-01 -0.248037E-12 -0.662095E-01  0.538823E-13  0.176885E-03 -0.522481E-13
    351.00  -0.533125E-01 -0.241555E-12 -0.813146E-01  0.525990E-13  0.171398E-03 -0.527928E-13
    351.50  -0.566377E-01 -0.228062E-12 -0.936860E-01  0.499530E-13  0.161653E-03 -0.534143E-13
    352.00  -0.599327E-01 -0.207869E-12 -0.102909E+00  0.460038E-13  0.147921E-03 -0.540671E-13
    352.50  -0.631933E-01 -0.181228E-12 -0.108677E+00  0.408431E-13  0.130576E-03 -0.547225E-13
    353.00  -0.664144E-01 -0.149129E-12 -0.110796E+00  0.345978E-13  0.110085E-03 -0.553543E-13
    353.50  -0.695914E-01 -0.112086E-12 -0.109199E+00  0.274216E-13  0.870000E-04 -0.559230E-13
    354.00  -0.727190E-01 -0.709507E-13 -0.103942E+00  0.194970E-13  0.619356E-04 -0.563670E-13
    354.50  -0.757921E-01 -0.268953E-13 -0.952035E-01  0.110301E-13  0.355593E-04 -0.565994E-13
    355.00  -0.788056E-01  0.190281E-13 -0.832776E-01  0.224439E-14  0.857204E-05 -0.565138E-13
    355.50  -0.817543E-01  0.654392E-13 -0.685657E-01 -0.662378E-14 -0.183091E-04 -0.560000E-13
    356.00  -0.846329E-01  0.111347E-12 -0.515614E-01 -0.153350E-13 -0.443690E-04 -0.549590E-13
    356.50  -0.874361E-01  0.155368E-12 -0.328345E-01 -0.236501E-13 -0.689112E-04 -0.533306E-13
    357.00  -0.901584E-01  0.196167E-12 -0.130118E-01 -0.313436E-13 -0.912747E-04 -0.511304E-13
    357.50  -0.927944E-01  0.232593E-12  0.724302E-02 -0.382133E-13 -0.110850E-03 -0.485128E-13
    358.00  -0.953385E-01  0.262997E-12  0.272516E-01 -0.440890E-13 -0.127097E-03 -0.457921E-13
    358.50  -0.977858E-01  0.286995E-12  0.463428E-01 -0.488342E-13 -0.139572E-03 -0.432819E-13
    359.00  -0.100132E+00  0.304161E-12  0.638755E-01 -0.523310E-13 -0.147937E-03 -0.411224E-13
    359.50  -0.102374E+00  0.314108E-12  0.792611E-01 -0.544859E-13 -0.151961E-03 -0.393129E-13
    360.00  -0.104511E+00  0.316545E-12  0.919835E-01 -0.552365E-13 -0.151531E-03 -0.378022E-13
    360.50  -0.106539E+00  0.311422E-12  0.101617E+00 -0.545546E-13 -0.146651E-03 -0.365379E-13
    361.00  -0.108460E+00  0.299023E-12  0.107839E+00 -0.524473E-13 -0.137444E-03 -0.354735E-13
    361.50  -0.110273E+00  0.279497E-12  0.110444E+00 -0.489575E-13 -0.124149E-03 -0.345558E-13
    362.00  -0.111980E+00  0.253296E-12  0.109346E+00 -0.441651E-13 -0.107114E-03 -0.337109E-13
    362.50  -0.113582E+00  0.221059E-12  0.104586E+00 -0.381864E-13 -0.867864E-04 -0.328398E-13
    363.00  -0.115081E+00  0.183627E-12  0.963237E-01 -0.311709E-13 -0.637016E-04 -0.318198E-13
    363.50  -0.116481E+00  0.142156E-12  0.848395E-01 -0.233008E-13 -0.384661E-04 -0.305193E-13
    364.00  -0.117782E+00  0.975305E-13  0.705195E-01 -0.147825E-13 -0.117427E-04 -0.288130E-13
    364.50  -0.118989E+00  0.509721E-13  0.538445E-01 -0.584456E-14  0.157675E-04 -0.266035E-13
    365.00  -0.120103E+00  0.392602E-14  0.353735E-01  0.326857E-14  0.433434E-04 -0.238462E-13
    365.50  -0.121128E+00 -0.428616E-13  0.157249E-01  0.123084E-13  0.702626E-04 -0.205847E-13
    366.00  -0.122064E+00 -0.878040E-13 -0.444323E-02  0.210251E-13  0.958202E-04 -0.169918E-13
    366.50  -0.122913E+00 -0.130299E-12 -0.244556E-01  0.291873E-13  0.119349E-03 -0.133625E-13
    367.00  -0.123676E+00 -0.169567E-12 -0.436412E-01  0.365879E-13  0.140244E-03 -0.100098E-13
    367.50  -0.124356E+00 -0.204488E-12 -0.613564E-01  0.430437E-13  0.157974E-03 -0.712562E-14
    368.00  -0.124952E+00 -0.234204E-12 -0.770067E-01  0.483952E-13  0.172090E-03 -0.476212E-14
    368.50  -0.125467E+00 -0.257556E-12 -0.900673E-01  0.525047E-13  0.182233E-03 -0.288906E-14
    369.00  -0.125901E+00 -0.274203E-12 -0.100101E+00  0.552650E-13  0.188146E-03 -0.144275E-14
    369.50  -0.126256E+00 -0.283566E-12 -0.106773E+00  0.565979E-13  0.189678E-03 -0.348625E-15
    370.00  -0.126532E+00 -0.285351E-12 -0.109862E+00  0.564600E-13  0.186793E-03  0.476395E-15
    370.50  -0.126729E+00 -0.279317E-12 -0.109265E+00  0.548440E-13  0.179567E-03  0.113578E-14
    371.00  -0.126849E+00 -0.265510E-12 -0.105007E+00  0.517815E-13  0.168191E-03  0.175376E-14
    371.50  -0.126889E+00 -0.244452E-12 -0.972326E-01  0.473452E-13  0.152961E-03  0.247021E-14
    372.00  -0.126850E+00 -0.216773E-12 -0.862041E-01  0.416448E-13  0.134276E-03  0.343046E-14
    372.50  -0.126729E+00 -0.182893E-12 -0.722931E-01  0.348253E-13  0.112623E-03  0.476569E-14
    373.00  -0.126524E+00 -0.143650E-12 -0.559669E-01  0.270657E-13  0.885722E-04  0.657684E-14
    373.50  -0.126232E+00 -0.100400E-12 -0.377730E-01  0.185750E-13  0.627548E-04  0.891173E-14
    374.00  -0.125850E+00 -0.542261E-13 -0.183208E-01  0.958239E-14  0.358537E-04  0.117341E-13
    374.50  -0.125374E+00 -0.638710E-14  0.173834E-02  0.330460E-15  0.858303E-05  0.148890E-13
    375.00  -0.124800E+00  0.417520E-13  0.217326E-01 -0.893553E-14 -0.183310E-04  0.180998E-13
    375.50  -0.124122E+00  0.884859E-13  0.409918E-01 -0.179760E-13 -0.441792E-04  0.210585E-13
    376.00  -0.123339E+00  0.132576E-12  0.588697E-01 -0.265640E-13 -0.682871E-04  0.235615E-13
    376.50  -0.122446E+00  0.172758E-12  0.747664E-01 -0.344820E-13 -0.900269E-04  0.255490E-13
    377.00  -0.121441E+00  0.208174E-12  0.881489E-01 -0.415282E-13 -0.108834E-03  0.270547E-13
    377.50  -0.120322E+00  0.237669E-12  0.985689E-01 -0.475170E-13 -0.124223E-03  0.281453E-13
    378.00  -0.119090E+00  0.260711E-12  0.105678E+00 -0.522888E-13 -0.135799E-03  0.288920E-13
    378.50  -0.117743E+00  0.276757E-12  0.109240E+00 -0.557118E-13 -0.143269E-03  0.293689E-13
    379.00  -0.116282E+00  0.285095E-12  0.109138E+00 -0.576853E-13 -0.146453E-03  0.296613E-13
    379.50  -0.114710E+00  0.285500E-12  0.105378E+00 -0.581468E-13 -0.145280E-03  0.298729E-13
    380.00  -0.113029E+00  0.278118E-12  0.980875E-01 -0.570735E-13 -0.139799E-03  0.301214E-13
    380.50  -0.111241E+00  0.262967E-12  0.875137E-01 -0.544833E-13 -0.130170E-03  0.305331E-13
    381.00  -0.109349E+00  0.240568E-12  0.740125E-01 -0.504366E-13 -0.116662E-03  0.312255E-13
    381.50  -0.107357E+00  0.211156E-12  0.580373E-01 -0.450332E-13 -0.996442E-04  0.322942E-13
    382.00  -0.105270E+00  0.176009E-12  0.401236E-01 -0.384163E-13 -0.795763E-04  0.337919E-13
    382.50  -0.103092E+00  0.135698E-12  0.208713E-01 -0.307604E-13 -0.569975E-04  0.357042E-13
    383.00  -0.100827E+00  0.912825E-13  0.924701E-03 -0.222739E-13 -0.325117E-04  0.379121E-13
    383.50  -0.984787E-01  0.440600E-13 -0.190487E-01 -0.131901E-13 -0.677141E-05  0.401588E-13
    384.00  -0.960525E-01 -0.478269E-14 -0.383796E-01 -0.375658E-14  0.195460E-04  0.421222E-13
    384.50  -0.935527E-01 -0.543351E-13 -0.564195E-01  0.578125E-14  0.457543E-04  0.435987E-13
    385.00  -0.909846E-01 -0.103489E-12 -0.725630E-01  0.151805E-13  0.711661E-04  0.445555E-13
    385.50  -0.883537E-01 -0.150963E-12 -0.862686E-01  0.242022E-13  0.951102E-04  0.450514E-13
    386.00  -0.856658E-01 -0.195554E-12 -0.970771E-01  0.326161E-13  0.116950E-03  0.451624E-13
    386.50  -0.829265E-01 -0.235789E-12 -0.104627E+00  0.402019E-13  0.136100E-03  0.449540E-13
    387.00  -0.801414E-01 -0.271007E-12 -0.108667E+00  0.467613E-13  0.152045E-03  0.444843E-13
    387.50  -0.773154E-01 -0.299726E-12 -0.109064E+00  0.521140E-13  0.164352E-03  0.438158E-13
    388.00  -0.744531E-01 -0.321538E-12 -0.105806E+00  0.561139E-13  0.172684E-03  0.430249E-13
    388.50  -0.715586E-01 -0.335679E-12 -0.990065E-01  0.586447E-13  0.176808E-03  0.422027E-13
    389.00  -0.686350E-01 -0.341802E-12 -0.888939E-01  0.596303E-13  0.176601E-03  0.414458E-13
    389.50  -0.656849E-01 -0.339422E-12 -0.758093E-01  0.590338E-13  0.172053E-03  0.408464E-13
    390.00  -0.627101E-01 -0.329063E-12 -0.601920E-01  0.568656E-13  0.163270E-03  0.404810E-13
    390.50  -0.597115E-01 -0.310479E-12 -0.425654E-01  0.531757E-13  0.150469E-03  0.404000E-13
    391.00  -0.566892E-01 -0.284372E-12 -0.235196E-01  0.480613E-13  0.133974E-03  0.406175E-13
    391.50  -0.536425E-01 -0.251207E-12 -0.369142E-02  0.416613E-13  0.114207E-03  0.410847E-13
    392.00  -0.505701E-01 -0.211687E-12  0.162559E-01  0.341587E-13  0.916803E-04  0.416271E-13
    392.50  -0.474697E-01 -0.167044E-12  0.356545E-01  0.257694E-13  0.669771E-04  0.419290E-13
    393.00  -0.443393E-01 -0.119132E-12  0.538531E-01  0.167105E-13  0.407296E-04  0.418452E-13
    393.50  -0.411770E-01 -0.689587E-13  0.702406E-01  0.720537E-14  0.136139E-04  0.414403E-13
    394.00  -0.379815E-01 -0.178578E-13  0.842669E-01 -0.250765E-14 -0.136707E-04  0.408170E-13
    394.50  -0.347518E-01  0.327268E-13  0.954616E-01 -0.121822E-13 -0.404226E-04  0.400484E-13
    395.00  -0.314870E-01  0.818157E-13  0.103450E+00 -0.215716E-13 -0.659545E-04  0.391696E-13
    395.50  -0.281865E-01  0.128098E-12  0.107966E+00 -0.304309E-13 -0.896120E-04  0.381949E-13
    396.00  -0.248498E-01  0.170440E-12  0.108860E+00 -0.385263E-13 -0.110791E-03  0.371361E-13
    396.50  -0.214772E-01  0.207614E-12  0.106105E+00 -0.456391E-13 -0.128951E-03  0.360123E-13
    397.00  -0.180689E-01  0.238634E-12  0.997954E-01 -0.515735E-13 -0.143635E-03  0.348498E-13
    397.50  -0.146262E-01  0.262900E-12  0.901446E-01 -0.561650E-13 -0.154473E-03  0.336747E-13
    398.00  -0.111503E-01  0.279527E-12  0.774780E-01 -0.592807E-13 -0.161198E-03  0.325061E-13
    398.50  -0.764347E-02  0.287977E-12  0.622210E-01 -0.608275E-13 -0.163649E-03  0.313497E-13
    399.00  -0.410823E-02  0.288143E-12  0.448851E-01 -0.607562E-13 -0.161779E-03  0.301964E-13
    399.50  -0.547746E-03  0.279921E-12  0.260507E-01 -0.590619E-13 -0.155650E-03  0.290246E-13
    400.00   0.303423E-02  0.263582E-12  0.634769E-02 -0.557859E-13 -0.145435E-03  0.277997E-13
    400.50   0.663310E-02  0.239602E-12 -0.135656E-01 -0.510154E-13 -0.131412E-03  0.264775E-13
    401.00   0.102430E-01  0.208572E-12 -0.330227E-01 -0.449253E-13 -0.113955E-03  0.251418E-13
    401.50   0.138573E-01  0.171523E-12 -0.513694E-01 -0.376795E-13 -0.935388E-04  0.238847E-13
    402.00   0.174692E-01  0.129418E-12 -0.679888E-01 -0.294573E-13 -0.707189E-04  0.227312E-13
    402.50   0.210715E-01  0.832929E-13 -0.823228E-01 -0.204618E-13 -0.461146E-04  0.216800E-13
    403.00   0.246571E-01  0.345366E-13 -0.938902E-01 -0.109187E-13 -0.203915E-04  0.207195E-13
    403.50   0.282192E-01 -0.159100E-13 -0.102304E+00 -0.106666E-14  0.575587E-05  0.198384E-13
    404.00   0.317505E-01 -0.663426E-13 -0.107283E+00  0.884130E-14  0.316234E-04  0.190279E-13
    404.50   0.352446E-01 -0.115625E-12 -0.108662E+00  0.185497E-13  0.565157E-04  0.182802E-13
    405.00   0.386951E-01 -0.162494E-12 -0.106398E+00  0.278035E-13  0.797647E-04  0.175822E-13
    405.50   0.420960E-01 -0.205668E-12 -0.100568E+00  0.363561E-13  0.100747E-03  0.169061E-13
    406.00   0.454420E-01 -0.243807E-12 -0.913708E-01  0.439746E-13  0.118901E-03  0.162073E-13
    406.50   0.487284E-01 -0.275734E-12 -0.791151E-01  0.504497E-13  0.133739E-03  0.154231E-13
    407.00   0.519509E-01 -0.300581E-12 -0.642132E-01  0.556007E-13  0.144864E-03  0.144817E-13
    407.50   0.551062E-01 -0.317770E-12 -0.471646E-01  0.592828E-13  0.151973E-03  0.133116E-13
    408.00   0.581909E-01 -0.326790E-12 -0.285403E-01  0.613897E-13  0.154870E-03  0.118589E-13
    408.50   0.612021E-01 -0.327447E-12 -0.896342E-02  0.618574E-13  0.153468E-03  0.101212E-13
    409.00   0.641371E-01 -0.319991E-12  0.109110E-01  0.606733E-13  0.147791E-03  0.822744E-14
    409.50   0.669935E-01 -0.304870E-12  0.304173E-01  0.578877E-13  0.137974E-03  0.650084E-14
    410.00   0.697692E-01 -0.282003E-12  0.489008E-01  0.535969E-13  0.124251E-03  0.519441E-14
    410.50   0.724635E-01 -0.252120E-12  0.657405E-01  0.479187E-13  0.106962E-03  0.435100E-14
    411.00   0.750763E-01 -0.215547E-12  0.803710E-01  0.409938E-13  0.865455E-04  0.392186E-14
    411.50   0.776082E-01 -0.173431E-12  0.923017E-01  0.329958E-13  0.635279E-04  0.384995E-14
    412.00   0.800605E-01 -0.126534E-12  0.101133E+00  0.241231E-13  0.385048E-04  0.409186E-14
    412.50   0.824349E-01 -0.762469E-13  0.106570E+00  0.146007E-13  0.121266E-04  0.461551E-14
    413.00   0.847333E-01 -0.234936E-13  0.108433E+00  0.467056E-14 -0.149194E-04  0.538003E-14
    413.50   0.869579E-01  0.300259E-13  0.106661E+00 -0.540736E-14 -0.419280E-04  0.632321E-14
    414.00   0.891111E-01  0.833572E-13  0.101317E+00 -0.153699E-13 -0.681946E-04  0.735551E-14
    414.50   0.911952E-01  0.135000E-12  0.925809E-01 -0.249503E-13 -0.930348E-04  0.836380E-14
    415.00   0.932121E-01  0.183473E-12  0.807482E-01 -0.338885E-13 -0.115802E-03  0.922200E-14
    415.50   0.951636E-01  0.227566E-12  0.662166E-01 -0.419418E-13 -0.135906E-03  0.980740E-14
    416.00   0.970509E-01  0.265652E-12  0.494737E-01 -0.488866E-13 -0.152828E-03  0.100213E-13
    416.50   0.988745E-01  0.297302E-12  0.310804E-01 -0.545376E-13 -0.166136E-03  0.981466E-14
    417.00   0.100634E+00  0.321015E-12  0.116527E-01 -0.587432E-13 -0.175497E-03  0.923015E-14
    417.50   0.102329E+00  0.336147E-12 -0.815910E-02 -0.614059E-13 -0.180686E-03  0.844749E-14
    418.00   0.103957E+00  0.342122E-12 -0.276914E-01 -0.624757E-13 -0.181587E-03  0.776881E-14
    418.50   0.105516E+00  0.338870E-12 -0.462889E-01 -0.619383E-13 -0.178185E-03  0.746487E-14
    419.00   0.107003E+00  0.327059E-12 -0.633275E-01 -0.598096E-13 -0.170579E-03  0.765033E-14
    419.50   0.108417E+00  0.307105E-12 -0.782352E-01 -0.561369E-13 -0.158976E-03  0.831276E-14
    420.00   0.109754E+00  0.279457E-12 -0.905123E-01 -0.510044E-13 -0.143691E-03  0.938687E-14
    420.50   0.111013E+00  0.245131E-12 -0.997479E-01 -0.445349E-13 -0.125133E-03  0.107973E-13
    421.00   0.112190E+00  0.204788E-12 -0.105634E+00 -0.368850E-13 -0.103796E-03  0.124689E-13
    421.50   0.113284E+00  0.159636E-12 -0.107974E+00 -0.282449E-13 -0.802450E-04  0.143166E-13
    422.00   0.114290E+00  0.110773E-12 -0.106693E+00 -0.188334E-13 -0.550998E-04  0.162386E-13
    422.50   0.115206E+00  0.594514E-13 -0.101837E+00 -0.889189E-14 -0.290207E-04  0.181100E-13
    423.00   0.116030E+00  0.688664E-14 -0.935693E-01  0.132048E-14 -0.269042E-05  0.197910E-13
    423.50   0.116759E+00 -0.452783E-13 -0.821707E-01  0.115317E-13  0.232032E-04  0.211394E-13
    424.00   0.117389E+00 -0.958335E-13 -0.680240E-01  0.214688E-13  0.479846E-04  0.220256E-13
    424.50   0.117919E+00 -0.143256E-12 -0.516045E-01  0.308606E-13  0.710080E-04  0.223509E-13
    425.00   0.118344E+00 -0.186130E-12 -0.334624E-01  0.394490E-13  0.916738E-04  0.220714E-13
    425.50   0.118662E+00 -0.223883E-12 -0.142054E-01  0.469996E-13  0.109444E-03  0.212320E-13
    426.00   0.118870E+00 -0.255558E-12  0.552163E-02  0.533068E-13  0.123856E-03  0.200036E-13
    426.50   0.118966E+00 -0.280352E-12  0.250580E-01  0.582060E-13  0.134533E-03  0.186756E-13
    427.00   0.118948E+00 -0.297886E-12  0.437486E-01  0.615811E-13  0.141181E-03  0.175372E-13
    427.50   0.118813E+00 -0.307592E-12  0.609662E-01  0.633551E-13  0.143615E-03  0.167475E-13
    428.00   0.118563E+00 -0.308809E-12  0.761331E-01  0.634860E-13  0.141760E-03  0.163287E-13
    428.50   0.118197E+00 -0.301443E-12  0.887406E-01  0.619692E-13  0.135661E-03  0.162338E-13
    429.00   0.117717E+00 -0.285992E-12  0.983667E-01  0.588414E-13  0.125478E-03  0.163946E-13
    429.50   0.117125E+00 -0.262392E-12  0.104690E+00  0.541741E-13  0.111481E-03  0.167406E-13
    430.00   0.116426E+00 -0.231259E-12  0.107500E+00  0.480816E-13  0.940447E-04  0.171947E-13
    430.50   0.115622E+00 -0.193088E-12  0.106705E+00  0.407136E-13  0.736352E-04  0.176663E-13
    431.00   0.114718E+00 -0.148980E-12  0.102334E+00  0.322580E-13  0.507972E-04  0.180431E-13
    431.50   0.113718E+00 -0.100169E-12  0.945358E-01  0.229337E-13  0.261394E-04  0.181979E-13
    432.00   0.112629E+00 -0.479318E-13  0.835738E-01  0.129854E-13  0.317464E-06  0.179996E-13
    432.50   0.111454E+00  0.646283E-14  0.698168E-01  0.267672E-14 -0.259842E-04  0.173278E-13
    433.00   0.110199E+00  0.613745E-13  0.537267E-01 -0.771467E-14 -0.520710E-04  0.160904E-13
    433.50   0.108869E+00  0.115573E-12  0.358426E-01 -0.179104E-13 -0.772570E-04  0.142423E-13
    434.00   0.107468E+00  0.167336E-12  0.167635E-01 -0.276359E-13 -0.100884E-03  0.118195E-13
    434.50   0.105999E+00  0.214979E-12 -0.287216E-02 -0.366352E-13 -0.122337E-03  0.897716E-14
    435.00   0.104468E+00  0.257124E-12 -0.224070E-01 -0.446825E-13 -0.141062E-03  0.599722E-14
    435.50   0.102875E+00  0.292673E-12 -0.411862E-01 -0.515824E-13 -0.156566E-03  0.318718E-14
    436.00   0.101226E+00  0.320821E-12 -0.585797E-01 -0.571636E-13 -0.168434E-03  0.722844E-15
    436.50   0.995211E-01  0.340865E-12 -0.740039E-01 -0.612794E-13 -0.176347E-03 -0.137282E-14
    437.00   0.977648E-01  0.352476E-12 -0.869416E-01 -0.638183E-13 -0.180093E-03 -0.315280E-14
    437.50   0.959592E-01  0.355419E-12 -0.969595E-01 -0.647057E-13 -0.179566E-03 -0.468642E-14
    438.00   0.941064E-01  0.349650E-12 -0.103723E+00 -0.639079E-13 -0.174773E-03 -0.603740E-14
    438.50   0.922082E-01  0.335436E-12 -0.107007E+00 -0.614350E-13 -0.165831E-03 -0.726653E-14
    439.00   0.902658E-01  0.312783E-12 -0.106703E+00 -0.573376E-13 -0.152964E-03 -0.844452E-14
    439.50   0.882799E-01  0.282357E-12 -0.102825E+00 -0.517131E-13 -0.136499E-03 -0.965384E-14
    440.00   0.862509E-01  0.244967E-12 -0.955040E-01 -0.447007E-13 -0.116855E-03 -0.109932E-13
    440.50   0.841782E-01  0.201640E-12 -0.849881E-01 -0.364784E-13 -0.945334E-04 -0.125637E-13
    441.00   0.820610E-01  0.153293E-12 -0.716309E-01 -0.272594E-13 -0.701050E-04 -0.144589E-13
    441.50   0.798978E-01  0.101362E-12 -0.558809E-01 -0.172878E-13 -0.441962E-04 -0.167524E-13
    442.00   0.776868E-01  0.470061E-13 -0.382660E-01 -0.683060E-14 -0.174724E-04 -0.194850E-13
    442.50   0.754257E-01 -0.820687E-14 -0.193758E-01  0.382895E-14  0.937983E-05 -0.226471E-13
    443.00   0.731118E-01 -0.627914E-13  0.157608E-03  0.143994E-13  0.356704E-04 -0.261382E-13
    443.50   0.707421E-01 -0.115444E-12  0.196807E-01  0.245931E-13  0.607230E-04 -0.297137E-13
    444.00   0.683138E-01 -0.164999E-12  0.385394E-01  0.341432E-13  0.838841E-04 -0.330453E-13
    444.50   0.658244E-01 -0.210254E-12  0.561006E-01  0.428100E-13  0.104544E-03 -0.359724E-13
    445.00   0.632722E-01 -0.249807E-12  0.717749E-01  0.503744E-13  0.122163E-03 -0.385179E-13
    445.50   0.606564E-01 -0.282855E-12  0.850362E-01  0.566437E-13  0.136287E-03 -0.407577E-13
    446.00   0.579771E-01 -0.308451E-12  0.954402E-01  0.614530E-13  0.146558E-03 -0.427511E-13
    446.50   0.552349E-01 -0.325735E-12  0.102639E+00  0.646713E-13  0.152720E-03 -0.445300E-13
    447.00   0.524314E-01 -0.334200E-12  0.106393E+00  0.662070E-13  0.154629E-03 -0.461117E-13
    447.50   0.495687E-01 -0.333651E-12  0.106578E+00  0.660102E-13  0.152251E-03 -0.475148E-13
    448.00   0.466496E-01 -0.323905E-12  0.103190E+00  0.640749E-13  0.145667E-03 -0.487713E-13
    448.50   0.436775E-01 -0.305428E-12  0.963456E-01  0.604430E-13  0.135068E-03 -0.499252E-13
    449.00   0.406564E-01 -0.278284E-12  0.862757E-01  0.551993E-13  0.120747E-03 -0.510268E-13
    449.50   0.375907E-01 -0.243420E-12  0.733195E-01  0.484771E-13  0.103097E-03 -0.521212E-13
    450.00   0.344853E-01 -0.201608E-12  0.579118E-01  0.404495E-13  0.825954E-04 -0.532423E-13
    450.50   0.313454E-01 -0.153990E-12  0.405692E-01  0.313288E-13  0.597923E-04 -0.544099E-13
    451.00   0.281764E-01 -0.101959E-12  0.218720E-01  0.213593E-13  0.352973E-04 -0.556247E-13
    451.50   0.249840E-01 -0.469031E-13  0.244551E-02  0.108107E-13  0.976211E-05 -0.568654E-13
    452.00   0.217734E-01  0.964825E-14 -0.170609E-01 -0.294614E-16 -0.161384E-04 -0.580436E-13
    452.50   0.185498E-01  0.660563E-13 -0.359939E-01 -0.108750E-13 -0.417193E-04 -0.588957E-13
    453.00   0.153188E-01  0.121214E-12 -0.537172E-01 -0.214530E-13 -0.662955E-04 -0.593905E-13
    453.50   0.120866E-01  0.173351E-12 -0.696353E-01 -0.314916E-13 -0.892070E-04 -0.596110E-13
    454.00   0.885926E-02  0.221460E-12 -0.832134E-01 -0.407338E-13 -0.109837E-03 -0.596229E-13
    454.50   0.564231E-02  0.264048E-12 -0.939962E-01 -0.489380E-13 -0.127631E-03 -0.594584E-13
    455.00   0.244082E-02  0.300038E-12 -0.101623E+00 -0.558868E-13 -0.142107E-03 -0.591259E-13
    455.50  -0.740746E-03  0.328579E-12 -0.105839E+00 -0.613926E-13 -0.152872E-03 -0.586263E-13
    456.00  -0.389856E-02  0.348775E-12 -0.106505E+00 -0.653026E-13 -0.159630E-03 -0.579579E-13
    456.50  -0.702931E-02  0.360157E-12 -0.103601E+00 -0.675039E-13 -0.162191E-03 -0.571165E-13
    457.00  -0.101302E-01  0.362508E-12 -0.972269E-01 -0.679282E-13 -0.160474E-03 -0.561066E-13
    457.50  -0.131991E-01  0.355597E-12 -0.875975E-01 -0.665534E-13 -0.154515E-03 -0.549294E-13
    458.00  -0.162348E-01  0.339491E-12 -0.750374E-01 -0.634067E-13 -0.144459E-03 -0.535762E-13
    458.50  -0.192367E-01  0.314645E-12 -0.599683E-01 -0.585646E-13 -0.130558E-03 -0.520225E-13
    459.00  -0.222047E-01  0.281447E-12 -0.428952E-01 -0.521512E-13 -0.113166E-03 -0.502333E-13
    459.50  -0.251395E-01  0.241188E-12 -0.243896E-01 -0.443372E-13 -0.927254E-04 -0.481710E-13
    460.00  -0.280417E-01  0.194544E-12 -0.507024E-02 -0.353313E-13 -0.697581E-04 -0.458031E-13
    460.50  -0.309122E-01  0.142988E-12  0.144169E-01 -0.253834E-13 -0.448458E-04 -0.431572E-13
    461.00  -0.337511E-01  0.876438E-13  0.334193E-01 -0.147725E-13 -0.186159E-04 -0.405072E-13
    461.50  -0.365592E-01  0.303032E-13  0.512984E-01 -0.377185E-14  0.825935E-05 -0.380229E-13
    462.00  -0.393378E-01 -0.274403E-13  0.674535E-01  0.734126E-14  0.350892E-04 -0.357040E-13
    462.50  -0.420882E-01 -0.839851E-13  0.813420E-01  0.182845E-13  0.611825E-04 -0.335172E-13
    463.00  -0.448121E-01 -0.138055E-12  0.924983E-01  0.287778E-13  0.858661E-04 -0.314333E-13
    463.50  -0.475106E-01 -0.188235E-12  0.100549E+00  0.385493E-13  0.108504E-03 -0.294362E-13
    464.00  -0.501848E-01 -0.233066E-12  0.105225E+00  0.473418E-13  0.128512E-03 -0.275180E-13
    464.50  -0.528356E-01 -0.271681E-12  0.106372E+00  0.549208E-13  0.145376E-03 -0.256670E-13
    465.00  -0.554632E-01 -0.302613E-12  0.103954E+00  0.610778E-13  0.158663E-03 -0.238576E-13
    465.50  -0.580675E-01 -0.325133E-12  0.980539E-01  0.656417E-13  0.168034E-03 -0.220425E-13
    466.00  -0.606479E-01 -0.338708E-12  0.888716E-01  0.684809E-13  0.173252E-03 -0.201536E-13
    466.50  -0.632033E-01 -0.342710E-12  0.767167E-01  0.695083E-13  0.174188E-03 -0.181080E-13
    467.00  -0.657319E-01 -0.337234E-12  0.619973E-01  0.686873E-13  0.170825E-03 -0.158193E-13
    467.50  -0.682311E-01 -0.322234E-12  0.452072E-01  0.660298E-13  0.163260E-03 -0.132116E-13
    468.00  -0.706977E-01 -0.298283E-12  0.269088E-01  0.616010E-13  0.151700E-03 -0.102439E-13
    468.50  -0.731273E-01 -0.265876E-12  0.771457E-02  0.555145E-13  0.136455E-03 -0.694688E-14
    469.00  -0.755149E-01 -0.226162E-12 -0.117331E-01  0.479366E-13  0.117932E-03 -0.348894E-14
    469.50  -0.778548E-01 -0.180630E-12 -0.307828E-01  0.390875E-13  0.966253E-04 -0.190708E-15
    470.00  -0.801411E-01 -0.129996E-12 -0.487951E-01  0.292157E-13  0.731141E-04  0.268349E-14
    470.50  -0.823678E-01 -0.753143E-13 -0.651650E-01  0.185826E-13  0.480352E-04  0.505895E-14
    471.00  -0.845294E-01 -0.178982E-13 -0.793432E-01  0.746173E-14  0.220634E-04  0.697021E-14
    471.50  -0.866205E-01  0.408055E-13 -0.908540E-01 -0.386385E-14 -0.410626E-05  0.847447E-14
    472.00  -0.886362E-01  0.990361E-13 -0.993123E-01 -0.151021E-13 -0.297767E-04  0.961824E-14
    472.50  -0.905717E-01  0.155593E-12 -0.104436E+00 -0.259641E-13 -0.542665E-04  0.104397E-13
    473.00  -0.924229E-01  0.209010E-12 -0.106054E+00 -0.361664E-13 -0.769277E-04  0.109843E-13
    473.50  -0.941859E-01  0.257575E-12 -0.104116E+00 -0.454371E-13 -0.971624E-04  0.113148E-13
    474.00  -0.958575E-01  0.300193E-12 -0.986891E-01 -0.535286E-13 -0.114438E-03  0.115194E-13
    474.50  -0.974350E-01  0.335761E-12 -0.899565E-01 -0.602215E-13 -0.128300E-03  0.117058E-13
    475.00  -0.989161E-01  0.363098E-12 -0.782132E-01 -0.653307E-13 -0.138384E-03  0.119906E-13
    475.50  -0.100299E+00  0.381349E-12 -0.638539E-01 -0.687128E-13 -0.144424E-03  0.124840E-13
    476.00  -0.101582E+00  0.390144E-12 -0.473606E-01 -0.702738E-13 -0.146257E-03  0.132738E-13
    476.50  -0.102765E+00  0.389116E-12 -0.292859E-01 -0.699692E-13 -0.143828E-03  0.144022E-13
    477.00  -0.103846E+00  0.378107E-12 -0.102350E-01 -0.678097E-13 -0.137188E-03  0.158272E-13
    477.50  -0.104825E+00  0.357228E-12  0.915410E-02 -0.638630E-13 -0.126494E-03  0.173786E-13
    478.00  -0.105702E+00  0.327112E-12  0.282320E-01 -0.582476E-13 -0.112010E-03  0.187661E-13
    478.50  -0.106478E+00  0.288500E-12  0.463587E-01 -0.511158E-13 -0.941068E-04  0.197169E-13
    479.00  -0.107152E+00  0.243032E-12  0.629258E-01 -0.426507E-13 -0.732522E-04  0.201062E-13
    479.50  -0.107729E+00  0.191887E-12  0.773773E-01 -0.330630E-13 -0.499915E-04  0.199357E-13
    480.00  -0.108209E+00  0.136378E-12  0.892287E-01 -0.225927E-13 -0.249346E-04  0.192607E-13
    480.50  -0.108597E+00  0.781814E-13  0.980832E-01 -0.115062E-13  0.126075E-05  0.181469E-13
    481.00  -0.108896E+00  0.183206E-13  0.103645E+00 -0.848822E-16  0.279052E-04  0.166634E-13
    481.50  -0.109111E+00 -0.413600E-13  0.105730E+00  0.113741E-13  0.542965E-04  0.148876E-13
    482.00  -0.109245E+00 -0.995177E-13  0.104271E+00  0.225712E-13  0.797379E-04  0.129152E-13
    482.50  -0.109301E+00 -0.154427E-12  0.993173E-01  0.332075E-13  0.103557E-03  0.108654E-13
    483.00  -0.109285E+00 -0.204585E-12  0.910387E-01  0.429964E-13  0.125124E-03  0.887198E-14
    483.50  -0.109199E+00 -0.248840E-12  0.797140E-01  0.516718E-13  0.143867E-03  0.707348E-14
    484.00  -0.109047E+00 -0.285983E-12  0.657242E-01  0.589939E-13  0.159291E-03  0.559632E-14
    484.50  -0.108831E+00 -0.315104E-12  0.495387E-01  0.647582E-13  0.170988E-03  0.454071E-14
    485.00  -0.108552E+00 -0.335256E-12  0.316998E-01  0.688006E-13  0.178646E-03  0.395623E-14
    485.50  -0.108211E+00 -0.346229E-12  0.128049E-01  0.710076E-13  0.182062E-03  0.381123E-14
    486.00  -0.107809E+00 -0.347994E-12 -0.651350E-02  0.713198E-13  0.181142E-03  0.395731E-14
    486.50  -0.107344E+00 -0.340864E-12 -0.256085E-01  0.697408E-13  0.175908E-03  0.413046E-14
    487.00  -0.106816E+00 -0.324832E-12 -0.438401E-01  0.663307E-13  0.166506E-03  0.406094E-14
    487.50  -0.106224E+00 -0.300234E-12 -0.605963E-01  0.611942E-13  0.153194E-03  0.360461E-14
    488.00  -0.105564E+00 -0.267421E-12 -0.753151E-01  0.544689E-13  0.136331E-03  0.275175E-14
    488.50  -0.104837E+00 -0.226975E-12 -0.875029E-01  0.463262E-13  0.116364E-03  0.156160E-14
    489.00  -0.104039E+00 -0.180206E-12 -0.967519E-01  0.369731E-13  0.938209E-04  0.111035E-15
    489.50  -0.103171E+00 -0.127879E-12 -0.102753E+00  0.266432E-13  0.692907E-04 -0.152330E-14
    490.00  -0.102229E+00 -0.716267E-13 -0.105307E+00  0.156008E-13  0.434138E-04 -0.326502E-14
    490.50  -0.101211E+00 -0.130494E-13 -0.104331E+00  0.413006E-14  0.168627E-04 -0.502637E-14
    491.00  -0.100117E+00  0.463395E-13 -0.998591E-01 -0.747097E-14 -0.967389E-05 -0.670390E-14
    491.50  -0.989440E-01  0.105218E-12 -0.920442E-01 -0.188984E-13 -0.355095E-04 -0.818267E-14
    492.00  -0.976902E-01  0.161882E-12 -0.811499E-01 -0.298482E-13 -0.599764E-04 -0.934431E-14
    492.50  -0.963540E-01  0.214518E-12 -0.675427E-01 -0.400255E-13 -0.824431E-04 -0.100795E-13
    493.00  -0.949336E-01  0.261815E-12 -0.516795E-01 -0.491564E-13 -0.102329E-03 -0.103016E-13
    493.50  -0.934274E-01  0.302623E-12 -0.340918E-01 -0.569948E-13 -0.119120E-03 -0.996321E-14
    494.00  -0.918341E-01  0.335468E-12 -0.153684E-01 -0.633293E-13 -0.132379E-03 -0.907951E-14
    494.50  -0.901522E-01  0.359122E-12  0.386387E-02 -0.679952E-13 -0.141756E-03 -0.777068E-14
    495.00  -0.883808E-01  0.372800E-12  0.229613E-01 -0.708851E-13 -0.147002E-03 -0.628886E-14
    495.50  -0.865193E-01  0.376526E-12  0.412838E-01 -0.719410E-13 -0.147981E-03 -0.492421E-14
    496.00  -0.845681E-01  0.370277E-12  0.582163E-01 -0.711383E-13 -0.144678E-03 -0.382420E-14
    496.50  -0.825287E-01  0.354352E-12  0.731907E-01 -0.684932E-13 -0.137188E-03 -0.298477E-14
    497.00  -0.804034E-01  0.329320E-12  0.857047E-01 -0.640667E-13 -0.125719E-03 -0.234243E-14
    497.50  -0.781955E-01  0.295729E-12  0.953391E-01 -0.579642E-13 -0.110584E-03 -0.183443E-14
    498.00  -0.759091E-01  0.254234E-12  0.101772E+00 -0.503339E-13 -0.921936E-04 -0.141391E-14
    498.50  -0.735488E-01  0.206092E-12  0.104789E+00 -0.413669E-13 -0.710451E-04 -0.104161E-14
    499.00  -0.711198E-01  0.152364E-12  0.104292E+00 -0.312901E-13 -0.477101E-04 -0.671111E-15
    499.50  -0.686277E-01  0.943603E-13  0.100300E+00 -0.203622E-13 -0.228177E-04 -0.241608E-15
