  0.000000000000000E+000  0.000000000000000E+000
  0.500000000000000       0.000000000000000E+000
   1.00000000000000       0.000000000000000E+000
   1.50000000000000       0.000000000000000E+000
   2.00000000000000       0.000000000000000E+000
   2.50000000000000       0.000000000000000E+000
   3.00000000000000       0.000000000000000E+000
   3.50000000000000       0.000000000000000E+000
   4.00000000000000       0.000000000000000E+000
   4.50000000000000       0.000000000000000E+000
   5.00000000000000       0.000000000000000E+000
   5.50000000000000       0.000000000000000E+000
   6.00000000000000       0.000000000000000E+000
   6.50000000000000       0.000000000000000E+000
   7.00000000000000       0.000000000000000E+000
   7.50000000000000       0.000000000000000E+000
   8.00000000000000       0.000000000000000E+000
   8.50000000000000       0.000000000000000E+000
   9.00000000000000       0.000000000000000E+000
   9.50000000000000       0.000000000000000E+000
   10.0000000000000       0.000000000000000E+000
   10.5000000000000       0.000000000000000E+000
   11.0000000000000       0.000000000000000E+000
   11.5000000000000       0.000000000000000E+000
   12.0000000000000       0.000000000000000E+000
   12.5000000000000       0.000000000000000E+000
   13.0000000000000       0.000000000000000E+000
   13.5000000000000       0.000000000000000E+000
   14.0000000000000       0.000000000000000E+000
   14.5000000000000       0.000000000000000E+000
   15.0000000000000       0.000000000000000E+000
   15.5000000000000       0.000000000000000E+000
   16.0000000000000       0.000000000000000E+000
   16.5000000000000       0.000000000000000E+000
   17.0000000000000       0.000000000000000E+000
   17.5000000000000       0.000000000000000E+000
   18.0000000000000       0.000000000000000E+000
   18.5000000000000       0.000000000000000E+000
   19.0000000000000       0.000000000000000E+000
   19.5000000000000       0.000000000000000E+000
   20.0000000000000       0.000000000000000E+000
   20.5000000000000       0.000000000000000E+000
   21.0000000000000       0.000000000000000E+000
   21.5000000000000       0.000000000000000E+000
   22.0000000000000       0.000000000000000E+000
   22.5000000000000       0.000000000000000E+000
   23.0000000000000       0.000000000000000E+000
   23.5000000000000       0.000000000000000E+000
   24.0000000000000       0.000000000000000E+000
   24.5000000000000       0.000000000000000E+000
   25.0000000000000       0.000000000000000E+000
   25.5000000000000       0.000000000000000E+000
   26.0000000000000       0.000000000000000E+000
   26.5000000000000       0.000000000000000E+000
   27.0000000000000       0.000000000000000E+000
   27.5000000000000       0.000000000000000E+000
   28.0000000000000       0.000000000000000E+000
   28.5000000000000       0.000000000000000E+000
   29.0000000000000       0.000000000000000E+000
   29.5000000000000       0.000000000000000E+000
   30.0000000000000       0.000000000000000E+000
   30.5000000000000       0.000000000000000E+000
   31.0000000000000       0.000000000000000E+000
   31.5000000000000       0.000000000000000E+000
   32.0000000000000       0.000000000000000E+000
   32.5000000000000       0.000000000000000E+000
   33.0000000000000       0.000000000000000E+000
   33.5000000000000       0.000000000000000E+000
   34.0000000000000       0.000000000000000E+000
   34.5000000000000       0.000000000000000E+000
   35.0000000000000       0.000000000000000E+000
   35.5000000000000       0.000000000000000E+000
   36.0000000000000       0.000000000000000E+000
   36.5000000000000       0.000000000000000E+000
   37.0000000000000       0.000000000000000E+000
   37.5000000000000       0.000000000000000E+000
   38.0000000000000       0.000000000000000E+000
   38.5000000000000       0.000000000000000E+000
   39.0000000000000       0.000000000000000E+000
   39.5000000000000       0.000000000000000E+000
   40.0000000000000       0.000000000000000E+000
   40.5000000000000       0.000000000000000E+000
   41.0000000000000       0.000000000000000E+000
   41.5000000000000       0.000000000000000E+000
   42.0000000000000       0.000000000000000E+000
   42.5000000000000       0.000000000000000E+000
   43.0000000000000       0.000000000000000E+000
   43.5000000000000       0.000000000000000E+000
   44.0000000000000       0.000000000000000E+000
   44.5000000000000       0.000000000000000E+000
   45.0000000000000       0.000000000000000E+000
   45.5000000000000       0.000000000000000E+000
   46.0000000000000       0.000000000000000E+000
   46.5000000000000       0.000000000000000E+000
   47.0000000000000       0.000000000000000E+000
   47.5000000000000       0.000000000000000E+000
   48.0000000000000       0.000000000000000E+000
   48.5000000000000       0.000000000000000E+000
   49.0000000000000       0.000000000000000E+000
   49.5000000000000       0.000000000000000E+000
   50.0000000000000       0.000000000000000E+000
   50.5000000000000       0.000000000000000E+000
   51.0000000000000       0.000000000000000E+000
   51.5000000000000       0.000000000000000E+000
   52.0000000000000       0.000000000000000E+000
   52.5000000000000       0.000000000000000E+000
   53.0000000000000       0.000000000000000E+000
   53.5000000000000       0.000000000000000E+000
   54.0000000000000       0.000000000000000E+000
   54.5000000000000       0.000000000000000E+000
   55.0000000000000       0.000000000000000E+000
   55.5000000000000       0.000000000000000E+000
   56.0000000000000       0.000000000000000E+000
   56.5000000000000       0.000000000000000E+000
   57.0000000000000       0.000000000000000E+000
   57.5000000000000       0.000000000000000E+000
   58.0000000000000       0.000000000000000E+000
   58.5000000000000       0.000000000000000E+000
   59.0000000000000       0.000000000000000E+000
   59.5000000000000       0.000000000000000E+000
   60.0000000000000       0.000000000000000E+000
   60.5000000000000       0.000000000000000E+000
   61.0000000000000       0.000000000000000E+000
   61.5000000000000       0.000000000000000E+000
   62.0000000000000       0.000000000000000E+000
   62.5000000000000       0.000000000000000E+000
   63.0000000000000       0.000000000000000E+000
   63.5000000000000       0.000000000000000E+000
   64.0000000000000       0.000000000000000E+000
   64.5000000000000       0.000000000000000E+000
   65.0000000000000       0.000000000000000E+000
   65.5000000000000       0.000000000000000E+000
   66.0000000000000       0.000000000000000E+000
   66.5000000000000       0.000000000000000E+000
   67.0000000000000       0.000000000000000E+000
   67.5000000000000       0.000000000000000E+000
   68.0000000000000       0.000000000000000E+000
   68.5000000000000       0.000000000000000E+000
   69.0000000000000       0.000000000000000E+000
   69.5000000000000       0.000000000000000E+000
   70.0000000000000       0.000000000000000E+000
   70.5000000000000       0.000000000000000E+000
   71.0000000000000       0.000000000000000E+000
   71.5000000000000       0.000000000000000E+000
   72.0000000000000       0.000000000000000E+000
   72.5000000000000       0.000000000000000E+000
   73.0000000000000       0.000000000000000E+000
   73.5000000000000       0.000000000000000E+000
   74.0000000000000       0.000000000000000E+000
   74.5000000000000       0.000000000000000E+000
   75.0000000000000       0.000000000000000E+000
   75.5000000000000       0.000000000000000E+000
   76.0000000000000       0.000000000000000E+000
   76.5000000000000       0.000000000000000E+000
   77.0000000000000       0.000000000000000E+000
   77.5000000000000       0.000000000000000E+000
   78.0000000000000       0.000000000000000E+000
   78.5000000000000       0.000000000000000E+000
   79.0000000000000       0.000000000000000E+000
   79.5000000000000       0.000000000000000E+000
   80.0000000000000       0.000000000000000E+000
   80.5000000000000       0.000000000000000E+000
   81.0000000000000       0.000000000000000E+000
   81.5000000000000       0.000000000000000E+000
   82.0000000000000       0.000000000000000E+000
   82.5000000000000       0.000000000000000E+000
   83.0000000000000       0.000000000000000E+000
   83.5000000000000       0.000000000000000E+000
   84.0000000000000       0.000000000000000E+000
   84.5000000000000       0.000000000000000E+000
   85.0000000000000       0.000000000000000E+000
   85.5000000000000       0.000000000000000E+000
   86.0000000000000       0.000000000000000E+000
   86.5000000000000       0.000000000000000E+000
   87.0000000000000       0.000000000000000E+000
   87.5000000000000       0.000000000000000E+000
   88.0000000000000       0.000000000000000E+000
   88.5000000000000       0.000000000000000E+000
   89.0000000000000       0.000000000000000E+000
   89.5000000000000       0.000000000000000E+000
   90.0000000000000       0.000000000000000E+000
   90.5000000000000       0.000000000000000E+000
   91.0000000000000       0.000000000000000E+000
   91.5000000000000       0.000000000000000E+000
   92.0000000000000       0.000000000000000E+000
   92.5000000000000       0.000000000000000E+000
   93.0000000000000       0.000000000000000E+000
   93.5000000000000       0.000000000000000E+000
   94.0000000000000       0.000000000000000E+000
   94.5000000000000       0.000000000000000E+000
   95.0000000000000       0.000000000000000E+000
   95.5000000000000       0.000000000000000E+000
   96.0000000000000       0.000000000000000E+000
   96.5000000000000       0.000000000000000E+000
   97.0000000000000       0.000000000000000E+000
   97.5000000000000       0.000000000000000E+000
   98.0000000000000       0.000000000000000E+000
   98.5000000000000       0.000000000000000E+000
   99.0000000000000       0.000000000000000E+000
   99.5000000000000       0.000000000000000E+000
   100.000000000000       0.000000000000000E+000
   100.500000000000       0.000000000000000E+000
   101.000000000000       0.000000000000000E+000
   101.500000000000       0.000000000000000E+000
   102.000000000000       0.000000000000000E+000
   102.500000000000       0.000000000000000E+000
   103.000000000000       0.000000000000000E+000
   103.500000000000       0.000000000000000E+000
   104.000000000000       0.000000000000000E+000
   104.500000000000       0.000000000000000E+000
   105.000000000000       0.000000000000000E+000
   105.500000000000       0.000000000000000E+000
   106.000000000000       0.000000000000000E+000
   106.500000000000       0.000000000000000E+000
   107.000000000000       0.000000000000000E+000
   107.500000000000       0.000000000000000E+000
   108.000000000000       0.000000000000000E+000
   108.500000000000       0.000000000000000E+000
   109.000000000000       0.000000000000000E+000
   109.500000000000       0.000000000000000E+000
   110.000000000000       0.000000000000000E+000
   110.500000000000       0.000000000000000E+000
   111.000000000000       0.000000000000000E+000
   111.500000000000       0.000000000000000E+000
   112.000000000000       0.000000000000000E+000
   112.500000000000       0.000000000000000E+000
   113.000000000000       0.000000000000000E+000
   113.500000000000       0.000000000000000E+000
   114.000000000000       0.000000000000000E+000
   114.500000000000       0.000000000000000E+000
   115.000000000000       0.000000000000000E+000
   115.500000000000       0.000000000000000E+000
   116.000000000000       0.000000000000000E+000
   116.500000000000       0.000000000000000E+000
   117.000000000000       0.000000000000000E+000
   117.500000000000       0.000000000000000E+000
   118.000000000000       0.000000000000000E+000
   118.500000000000       0.000000000000000E+000
   119.000000000000       0.000000000000000E+000
   119.500000000000       0.000000000000000E+000
   120.000000000000       0.000000000000000E+000
   120.500000000000       0.000000000000000E+000
   121.000000000000       0.000000000000000E+000
   121.500000000000       0.000000000000000E+000
   122.000000000000       0.000000000000000E+000
   122.500000000000       0.000000000000000E+000
   123.000000000000       0.000000000000000E+000
   123.500000000000       0.000000000000000E+000
   124.000000000000       0.000000000000000E+000
   124.500000000000       0.000000000000000E+000
   125.000000000000       0.000000000000000E+000
   125.500000000000       0.000000000000000E+000
   126.000000000000       0.000000000000000E+000
   126.500000000000       0.000000000000000E+000
   127.000000000000       0.000000000000000E+000
   127.500000000000       0.000000000000000E+000
   128.000000000000       0.000000000000000E+000
   128.500000000000       0.000000000000000E+000
   129.000000000000       0.000000000000000E+000
   129.500000000000       0.000000000000000E+000
   130.000000000000       0.000000000000000E+000
   130.500000000000       0.000000000000000E+000
   131.000000000000       0.000000000000000E+000
   131.500000000000       0.000000000000000E+000
   132.000000000000       0.000000000000000E+000
   132.500000000000       0.000000000000000E+000
   133.000000000000       0.000000000000000E+000
   133.500000000000       0.000000000000000E+000
   134.000000000000       0.000000000000000E+000
   134.500000000000       0.000000000000000E+000
   135.000000000000       0.000000000000000E+000
   135.500000000000       0.000000000000000E+000
   136.000000000000       0.000000000000000E+000
   136.500000000000       0.000000000000000E+000
   137.000000000000       0.000000000000000E+000
   137.500000000000       0.000000000000000E+000
   138.000000000000       0.000000000000000E+000
   138.500000000000       0.000000000000000E+000
   139.000000000000       0.000000000000000E+000
   139.500000000000       0.000000000000000E+000
   140.000000000000       0.000000000000000E+000
   140.500000000000       0.000000000000000E+000
   141.000000000000       0.000000000000000E+000
   141.500000000000       0.000000000000000E+000
   142.000000000000       0.000000000000000E+000
   142.500000000000       0.000000000000000E+000
   143.000000000000       0.000000000000000E+000
   143.500000000000       0.000000000000000E+000
   144.000000000000       0.000000000000000E+000
   144.500000000000       0.000000000000000E+000
   145.000000000000       0.000000000000000E+000
   145.500000000000       0.000000000000000E+000
   146.000000000000       0.000000000000000E+000
   146.500000000000       0.000000000000000E+000
   147.000000000000       0.000000000000000E+000
   147.500000000000       0.000000000000000E+000
   148.000000000000       0.000000000000000E+000
   148.500000000000       0.000000000000000E+000
   149.000000000000       0.000000000000000E+000
   149.500000000000       0.000000000000000E+000
   150.000000000000       0.000000000000000E+000
   150.500000000000       0.000000000000000E+000
   151.000000000000       0.000000000000000E+000
   151.500000000000       0.000000000000000E+000
   152.000000000000       0.000000000000000E+000
   152.500000000000       0.000000000000000E+000
   153.000000000000       0.000000000000000E+000
   153.500000000000       0.000000000000000E+000
   154.000000000000       0.000000000000000E+000
   154.500000000000       0.000000000000000E+000
   155.000000000000       0.000000000000000E+000
   155.500000000000       0.000000000000000E+000
   156.000000000000       0.000000000000000E+000
   156.500000000000       0.000000000000000E+000
   157.000000000000       0.000000000000000E+000
   157.500000000000       0.000000000000000E+000
   158.000000000000       0.000000000000000E+000
   158.500000000000       0.000000000000000E+000
   159.000000000000       0.000000000000000E+000
   159.500000000000       0.000000000000000E+000
   160.000000000000       0.000000000000000E+000
   160.500000000000       0.000000000000000E+000
   161.000000000000       0.000000000000000E+000
   161.500000000000       0.000000000000000E+000
   162.000000000000       0.000000000000000E+000
   162.500000000000       0.000000000000000E+000
   163.000000000000       0.000000000000000E+000
   163.500000000000       0.000000000000000E+000
   164.000000000000       0.000000000000000E+000
   164.500000000000       0.000000000000000E+000
   165.000000000000       0.000000000000000E+000
   165.500000000000       0.000000000000000E+000
   166.000000000000       0.000000000000000E+000
   166.500000000000       0.000000000000000E+000
   167.000000000000       0.000000000000000E+000
   167.500000000000       0.000000000000000E+000
   168.000000000000       0.000000000000000E+000
   168.500000000000       0.000000000000000E+000
   169.000000000000       0.000000000000000E+000
   169.500000000000       0.000000000000000E+000
   170.000000000000       0.000000000000000E+000
   170.500000000000       0.000000000000000E+000
   171.000000000000       0.000000000000000E+000
   171.500000000000       0.000000000000000E+000
   172.000000000000       0.000000000000000E+000
   172.500000000000       0.000000000000000E+000
   173.000000000000       0.000000000000000E+000
   173.500000000000       0.000000000000000E+000
   174.000000000000       0.000000000000000E+000
   174.500000000000       0.000000000000000E+000
   175.000000000000       0.000000000000000E+000
   175.500000000000       0.000000000000000E+000
   176.000000000000       0.000000000000000E+000
   176.500000000000       0.000000000000000E+000
   177.000000000000       0.000000000000000E+000
   177.500000000000       0.000000000000000E+000
   178.000000000000       0.000000000000000E+000
   178.500000000000       0.000000000000000E+000
   179.000000000000       0.000000000000000E+000
   179.500000000000       0.000000000000000E+000
   180.000000000000       0.000000000000000E+000
   180.500000000000       0.000000000000000E+000
   181.000000000000       0.000000000000000E+000
   181.500000000000       0.000000000000000E+000
   182.000000000000       0.000000000000000E+000
   182.500000000000       0.000000000000000E+000
   183.000000000000       0.000000000000000E+000
   183.500000000000       0.000000000000000E+000
   184.000000000000       0.000000000000000E+000
   184.500000000000       0.000000000000000E+000
   185.000000000000       0.000000000000000E+000
   185.500000000000       0.000000000000000E+000
   186.000000000000       0.000000000000000E+000
   186.500000000000       0.000000000000000E+000
   187.000000000000       0.000000000000000E+000
   187.500000000000       0.000000000000000E+000
   188.000000000000       0.000000000000000E+000
   188.500000000000       0.000000000000000E+000
   189.000000000000       0.000000000000000E+000
   189.500000000000       0.000000000000000E+000
   190.000000000000       0.000000000000000E+000
   190.500000000000       0.000000000000000E+000
   191.000000000000       0.000000000000000E+000
   191.500000000000       0.000000000000000E+000
   192.000000000000       0.000000000000000E+000
   192.500000000000       0.000000000000000E+000
   193.000000000000       0.000000000000000E+000
   193.500000000000       0.000000000000000E+000
   194.000000000000       0.000000000000000E+000
   194.500000000000       0.000000000000000E+000
   195.000000000000       0.000000000000000E+000
   195.500000000000       0.000000000000000E+000
   196.000000000000       0.000000000000000E+000
   196.500000000000       0.000000000000000E+000
   197.000000000000       0.000000000000000E+000
   197.500000000000       0.000000000000000E+000
   198.000000000000       0.000000000000000E+000
   198.500000000000       0.000000000000000E+000
   199.000000000000       0.000000000000000E+000
   199.500000000000       0.000000000000000E+000
   200.000000000000       0.000000000000000E+000
   200.500000000000       0.000000000000000E+000
   201.000000000000       0.000000000000000E+000
   201.500000000000       0.000000000000000E+000
   202.000000000000       0.000000000000000E+000
   202.500000000000       0.000000000000000E+000
   203.000000000000       0.000000000000000E+000
   203.500000000000       0.000000000000000E+000
   204.000000000000       0.000000000000000E+000
   204.500000000000       0.000000000000000E+000
   205.000000000000       0.000000000000000E+000
   205.500000000000       0.000000000000000E+000
   206.000000000000       0.000000000000000E+000
   206.500000000000       0.000000000000000E+000
   207.000000000000       0.000000000000000E+000
   207.500000000000       0.000000000000000E+000
   208.000000000000       0.000000000000000E+000
   208.500000000000       0.000000000000000E+000
   209.000000000000       0.000000000000000E+000
   209.500000000000       0.000000000000000E+000
   210.000000000000       0.000000000000000E+000
   210.500000000000       0.000000000000000E+000
   211.000000000000       0.000000000000000E+000
   211.500000000000       0.000000000000000E+000
   212.000000000000       0.000000000000000E+000
   212.500000000000       0.000000000000000E+000
   213.000000000000       0.000000000000000E+000
   213.500000000000       0.000000000000000E+000
   214.000000000000       0.000000000000000E+000
   214.500000000000       0.000000000000000E+000
   215.000000000000       0.000000000000000E+000
   215.500000000000       0.000000000000000E+000
   216.000000000000       0.000000000000000E+000
   216.500000000000       0.000000000000000E+000
   217.000000000000       0.000000000000000E+000
   217.500000000000       0.000000000000000E+000
   218.000000000000       0.000000000000000E+000
   218.500000000000       0.000000000000000E+000
   219.000000000000       0.000000000000000E+000
   219.500000000000       0.000000000000000E+000
   220.000000000000       0.000000000000000E+000
   220.500000000000       0.000000000000000E+000
   221.000000000000       0.000000000000000E+000
   221.500000000000       0.000000000000000E+000
   222.000000000000       0.000000000000000E+000
   222.500000000000       0.000000000000000E+000
   223.000000000000       0.000000000000000E+000
   223.500000000000       0.000000000000000E+000
   224.000000000000       0.000000000000000E+000
   224.500000000000       0.000000000000000E+000
   225.000000000000       0.000000000000000E+000
   225.500000000000       0.000000000000000E+000
   226.000000000000       0.000000000000000E+000
   226.500000000000       0.000000000000000E+000
   227.000000000000       0.000000000000000E+000
   227.500000000000       0.000000000000000E+000
   228.000000000000       0.000000000000000E+000
   228.500000000000       0.000000000000000E+000
   229.000000000000       0.000000000000000E+000
   229.500000000000       0.000000000000000E+000
   230.000000000000       0.000000000000000E+000
   230.500000000000       0.000000000000000E+000
   231.000000000000       0.000000000000000E+000
   231.500000000000       0.000000000000000E+000
   232.000000000000       0.000000000000000E+000
   232.500000000000       0.000000000000000E+000
   233.000000000000       0.000000000000000E+000
   233.500000000000       0.000000000000000E+000
   234.000000000000       0.000000000000000E+000
   234.500000000000       0.000000000000000E+000
   235.000000000000       0.000000000000000E+000
   235.500000000000       0.000000000000000E+000
   236.000000000000       0.000000000000000E+000
   236.500000000000       0.000000000000000E+000
   237.000000000000       0.000000000000000E+000
   237.500000000000       0.000000000000000E+000
   238.000000000000       0.000000000000000E+000
   238.500000000000       0.000000000000000E+000
   239.000000000000       0.000000000000000E+000
   239.500000000000       0.000000000000000E+000
   240.000000000000       0.000000000000000E+000
   240.500000000000       0.000000000000000E+000
   241.000000000000       0.000000000000000E+000
   241.500000000000       0.000000000000000E+000
   242.000000000000       0.000000000000000E+000
   242.500000000000       0.000000000000000E+000
   243.000000000000       0.000000000000000E+000
   243.500000000000       0.000000000000000E+000
   244.000000000000       0.000000000000000E+000
   244.500000000000       0.000000000000000E+000
   245.000000000000       0.000000000000000E+000
   245.500000000000       0.000000000000000E+000
   246.000000000000       0.000000000000000E+000
   246.500000000000       0.000000000000000E+000
   247.000000000000       0.000000000000000E+000
   247.500000000000       0.000000000000000E+000
   248.000000000000       0.000000000000000E+000
   248.500000000000       0.000000000000000E+000
   249.000000000000       0.000000000000000E+000
   249.500000000000       0.000000000000000E+000
   250.000000000000       0.000000000000000E+000
   250.500000000000       0.000000000000000E+000
   251.000000000000       0.000000000000000E+000
   251.500000000000       0.000000000000000E+000
   252.000000000000       0.000000000000000E+000
   252.500000000000       0.000000000000000E+000
   253.000000000000       0.000000000000000E+000
   253.500000000000       0.000000000000000E+000
   254.000000000000       0.000000000000000E+000
   254.500000000000       0.000000000000000E+000
   255.000000000000       0.000000000000000E+000
   255.500000000000       0.000000000000000E+000
   256.000000000000       0.000000000000000E+000
   256.500000000000       0.000000000000000E+000
   257.000000000000       0.000000000000000E+000
   257.500000000000       0.000000000000000E+000
   258.000000000000       0.000000000000000E+000
   258.500000000000       0.000000000000000E+000
   259.000000000000       0.000000000000000E+000
   259.500000000000       0.000000000000000E+000
   260.000000000000       0.000000000000000E+000
   260.500000000000       0.000000000000000E+000
   261.000000000000       0.000000000000000E+000
   261.500000000000       0.000000000000000E+000
   262.000000000000       0.000000000000000E+000
   262.500000000000       0.000000000000000E+000
   263.000000000000       0.000000000000000E+000
   263.500000000000       0.000000000000000E+000
   264.000000000000       0.000000000000000E+000
   264.500000000000       0.000000000000000E+000
   265.000000000000       0.000000000000000E+000
   265.500000000000       0.000000000000000E+000
   266.000000000000       0.000000000000000E+000
   266.500000000000       0.000000000000000E+000
   267.000000000000       0.000000000000000E+000
   267.500000000000       0.000000000000000E+000
   268.000000000000       0.000000000000000E+000
   268.500000000000       0.000000000000000E+000
   269.000000000000       0.000000000000000E+000
   269.500000000000       0.000000000000000E+000
   270.000000000000       0.000000000000000E+000
   270.500000000000       0.000000000000000E+000
   271.000000000000       0.000000000000000E+000
   271.500000000000       0.000000000000000E+000
   272.000000000000       0.000000000000000E+000
   272.500000000000       0.000000000000000E+000
   273.000000000000       0.000000000000000E+000
   273.500000000000       0.000000000000000E+000
   274.000000000000       0.000000000000000E+000
   274.500000000000       0.000000000000000E+000
   275.000000000000       0.000000000000000E+000
   275.500000000000       0.000000000000000E+000
   276.000000000000       0.000000000000000E+000
   276.500000000000       0.000000000000000E+000
   277.000000000000       0.000000000000000E+000
   277.500000000000       0.000000000000000E+000
   278.000000000000       0.000000000000000E+000
   278.500000000000       0.000000000000000E+000
   279.000000000000       0.000000000000000E+000
   279.500000000000       0.000000000000000E+000
   280.000000000000       0.000000000000000E+000
   280.500000000000       0.000000000000000E+000
   281.000000000000       0.000000000000000E+000
   281.500000000000       0.000000000000000E+000
   282.000000000000       0.000000000000000E+000
   282.500000000000       0.000000000000000E+000
   283.000000000000       0.000000000000000E+000
   283.500000000000       0.000000000000000E+000
   284.000000000000       0.000000000000000E+000
   284.500000000000       0.000000000000000E+000
   285.000000000000       0.000000000000000E+000
   285.500000000000       0.000000000000000E+000
   286.000000000000       0.000000000000000E+000
   286.500000000000       0.000000000000000E+000
   287.000000000000       0.000000000000000E+000
   287.500000000000       0.000000000000000E+000
   288.000000000000       0.000000000000000E+000
   288.500000000000       0.000000000000000E+000
   289.000000000000       0.000000000000000E+000
   289.500000000000       0.000000000000000E+000
   290.000000000000       0.000000000000000E+000
   290.500000000000       0.000000000000000E+000
   291.000000000000       0.000000000000000E+000
   291.500000000000       0.000000000000000E+000
   292.000000000000       0.000000000000000E+000
   292.500000000000       0.000000000000000E+000
   293.000000000000       0.000000000000000E+000
   293.500000000000       0.000000000000000E+000
   294.000000000000       0.000000000000000E+000
   294.500000000000       0.000000000000000E+000
   295.000000000000       0.000000000000000E+000
   295.500000000000       0.000000000000000E+000
   296.000000000000       0.000000000000000E+000
   296.500000000000       0.000000000000000E+000
   297.000000000000       0.000000000000000E+000
   297.500000000000       0.000000000000000E+000
   298.000000000000       0.000000000000000E+000
   298.500000000000       0.000000000000000E+000
   299.000000000000       0.000000000000000E+000
   299.500000000000       0.000000000000000E+000
   300.000000000000       0.000000000000000E+000
   300.500000000000       0.000000000000000E+000
   301.000000000000       0.000000000000000E+000
   301.500000000000       0.000000000000000E+000
   302.000000000000       0.000000000000000E+000
   302.500000000000       0.000000000000000E+000
   303.000000000000       0.000000000000000E+000
   303.500000000000       0.000000000000000E+000
   304.000000000000       0.000000000000000E+000
   304.500000000000       0.000000000000000E+000
   305.000000000000       0.000000000000000E+000
   305.500000000000       0.000000000000000E+000
   306.000000000000       0.000000000000000E+000
   306.500000000000       0.000000000000000E+000
   307.000000000000       0.000000000000000E+000
   307.500000000000       0.000000000000000E+000
   308.000000000000       0.000000000000000E+000
   308.500000000000       0.000000000000000E+000
   309.000000000000       0.000000000000000E+000
   309.500000000000       0.000000000000000E+000
   310.000000000000       0.000000000000000E+000
   310.500000000000       0.000000000000000E+000
   311.000000000000       0.000000000000000E+000
   311.500000000000       0.000000000000000E+000
   312.000000000000       0.000000000000000E+000
   312.500000000000       0.000000000000000E+000
   313.000000000000       0.000000000000000E+000
   313.500000000000       0.000000000000000E+000
   314.000000000000       0.000000000000000E+000
   314.500000000000       0.000000000000000E+000
   315.000000000000       0.000000000000000E+000
   315.500000000000       0.000000000000000E+000
   316.000000000000       0.000000000000000E+000
   316.500000000000       0.000000000000000E+000
   317.000000000000       0.000000000000000E+000
   317.500000000000       0.000000000000000E+000
   318.000000000000       0.000000000000000E+000
   318.500000000000       0.000000000000000E+000
   319.000000000000       0.000000000000000E+000
   319.500000000000       0.000000000000000E+000
   320.000000000000       0.000000000000000E+000
   320.500000000000       0.000000000000000E+000
   321.000000000000       0.000000000000000E+000
   321.500000000000       0.000000000000000E+000
   322.000000000000       0.000000000000000E+000
   322.500000000000       0.000000000000000E+000
   323.000000000000       0.000000000000000E+000
   323.500000000000       0.000000000000000E+000
   324.000000000000       0.000000000000000E+000
   324.500000000000       0.000000000000000E+000
   325.000000000000       0.000000000000000E+000
   325.500000000000       0.000000000000000E+000
   326.000000000000       0.000000000000000E+000
   326.500000000000       0.000000000000000E+000
   327.000000000000       0.000000000000000E+000
   327.500000000000       0.000000000000000E+000
   328.000000000000       0.000000000000000E+000
   328.500000000000       0.000000000000000E+000
   329.000000000000       0.000000000000000E+000
   329.500000000000       0.000000000000000E+000
   330.000000000000       0.000000000000000E+000
   330.500000000000       0.000000000000000E+000
   331.000000000000       0.000000000000000E+000
   331.500000000000       0.000000000000000E+000
   332.000000000000       0.000000000000000E+000
   332.500000000000       0.000000000000000E+000
   333.000000000000       0.000000000000000E+000
   333.500000000000       0.000000000000000E+000
   334.000000000000       0.000000000000000E+000
   334.500000000000       0.000000000000000E+000
   335.000000000000       0.000000000000000E+000
   335.500000000000       0.000000000000000E+000
   336.000000000000       0.000000000000000E+000
   336.500000000000       0.000000000000000E+000
   337.000000000000       0.000000000000000E+000
   337.500000000000       0.000000000000000E+000
   338.000000000000       0.000000000000000E+000
   338.500000000000       0.000000000000000E+000
   339.000000000000       0.000000000000000E+000
   339.500000000000       0.000000000000000E+000
   340.000000000000       0.000000000000000E+000
   340.500000000000       0.000000000000000E+000
   341.000000000000       0.000000000000000E+000
   341.500000000000       0.000000000000000E+000
   342.000000000000       0.000000000000000E+000
   342.500000000000       0.000000000000000E+000
   343.000000000000       0.000000000000000E+000
   343.500000000000       0.000000000000000E+000
   344.000000000000       0.000000000000000E+000
   344.500000000000       0.000000000000000E+000
   345.000000000000       0.000000000000000E+000
   345.500000000000       0.000000000000000E+000
   346.000000000000       0.000000000000000E+000
   346.500000000000       0.000000000000000E+000
   347.000000000000       0.000000000000000E+000
   347.500000000000       0.000000000000000E+000
   348.000000000000       0.000000000000000E+000
   348.500000000000       0.000000000000000E+000
   349.000000000000       0.000000000000000E+000
   349.500000000000       0.000000000000000E+000
   350.000000000000       0.000000000000000E+000
   350.500000000000       0.000000000000000E+000
   351.000000000000       0.000000000000000E+000
   351.500000000000       0.000000000000000E+000
   352.000000000000       0.000000000000000E+000
   352.500000000000       0.000000000000000E+000
   353.000000000000       0.000000000000000E+000
   353.500000000000       0.000000000000000E+000
   354.000000000000       0.000000000000000E+000
   354.500000000000       0.000000000000000E+000
   355.000000000000       0.000000000000000E+000
   355.500000000000       0.000000000000000E+000
   356.000000000000       0.000000000000000E+000
   356.500000000000       0.000000000000000E+000
   357.000000000000       0.000000000000000E+000
   357.500000000000       0.000000000000000E+000
   358.000000000000       0.000000000000000E+000
   358.500000000000       0.000000000000000E+000
   359.000000000000       0.000000000000000E+000
   359.500000000000       0.000000000000000E+000
   360.000000000000       0.000000000000000E+000
   360.500000000000       0.000000000000000E+000
   361.000000000000       0.000000000000000E+000
   361.500000000000       0.000000000000000E+000
   362.000000000000       0.000000000000000E+000
   362.500000000000       0.000000000000000E+000
   363.000000000000       0.000000000000000E+000
   363.500000000000       0.000000000000000E+000
   364.000000000000       0.000000000000000E+000
   364.500000000000       0.000000000000000E+000
   365.000000000000       0.000000000000000E+000
   365.500000000000       0.000000000000000E+000
   366.000000000000       0.000000000000000E+000
   366.500000000000       0.000000000000000E+000
   367.000000000000       0.000000000000000E+000
   367.500000000000       0.000000000000000E+000
   368.000000000000       0.000000000000000E+000
   368.500000000000       0.000000000000000E+000
   369.000000000000       0.000000000000000E+000
   369.500000000000       0.000000000000000E+000
   370.000000000000       0.000000000000000E+000
   370.500000000000       0.000000000000000E+000
   371.000000000000       0.000000000000000E+000
   371.500000000000       0.000000000000000E+000
   372.000000000000       0.000000000000000E+000
   372.500000000000       0.000000000000000E+000
   373.000000000000       0.000000000000000E+000
   373.500000000000       0.000000000000000E+000
   374.000000000000       0.000000000000000E+000
   374.500000000000       0.000000000000000E+000
   375.000000000000       0.000000000000000E+000
   375.500000000000       0.000000000000000E+000
   376.000000000000       0.000000000000000E+000
   376.500000000000       0.000000000000000E+000
   377.000000000000       0.000000000000000E+000
   377.500000000000       0.000000000000000E+000
   378.000000000000       0.000000000000000E+000
   378.500000000000       0.000000000000000E+000
   379.000000000000       0.000000000000000E+000
   379.500000000000       0.000000000000000E+000
   380.000000000000       0.000000000000000E+000
   380.500000000000       0.000000000000000E+000
   381.000000000000       0.000000000000000E+000
   381.500000000000       0.000000000000000E+000
   382.000000000000       0.000000000000000E+000
   382.500000000000       0.000000000000000E+000
   383.000000000000       0.000000000000000E+000
   383.500000000000       0.000000000000000E+000
   384.000000000000       0.000000000000000E+000
   384.500000000000       0.000000000000000E+000
   385.000000000000       0.000000000000000E+000
   385.500000000000       0.000000000000000E+000
   386.000000000000       0.000000000000000E+000
   386.500000000000       0.000000000000000E+000
   387.000000000000       0.000000000000000E+000
   387.500000000000       0.000000000000000E+000
   388.000000000000       0.000000000000000E+000
   388.500000000000       0.000000000000000E+000
   389.000000000000       0.000000000000000E+000
   389.500000000000       0.000000000000000E+000
   390.000000000000       0.000000000000000E+000
   390.500000000000       0.000000000000000E+000
   391.000000000000       0.000000000000000E+000
   391.500000000000       0.000000000000000E+000
   392.000000000000       0.000000000000000E+000
   392.500000000000       0.000000000000000E+000
   393.000000000000       0.000000000000000E+000
   393.500000000000       0.000000000000000E+000
   394.000000000000       0.000000000000000E+000
   394.500000000000       0.000000000000000E+000
   395.000000000000       0.000000000000000E+000
   395.500000000000       0.000000000000000E+000
   396.000000000000       0.000000000000000E+000
   396.500000000000       0.000000000000000E+000
   397.000000000000       0.000000000000000E+000
   397.500000000000       0.000000000000000E+000
   398.000000000000       0.000000000000000E+000
   398.500000000000       0.000000000000000E+000
   399.000000000000       0.000000000000000E+000
   399.500000000000       0.000000000000000E+000
   400.000000000000       0.000000000000000E+000
   400.500000000000       0.000000000000000E+000
   401.000000000000       0.000000000000000E+000
   401.500000000000       0.000000000000000E+000
   402.000000000000       0.000000000000000E+000
   402.500000000000       0.000000000000000E+000
   403.000000000000       0.000000000000000E+000
   403.500000000000       0.000000000000000E+000
   404.000000000000       0.000000000000000E+000
   404.500000000000       0.000000000000000E+000
   405.000000000000       0.000000000000000E+000
   405.500000000000       0.000000000000000E+000
   406.000000000000       0.000000000000000E+000
   406.500000000000       0.000000000000000E+000
   407.000000000000       0.000000000000000E+000
   407.500000000000       0.000000000000000E+000
   408.000000000000       0.000000000000000E+000
   408.500000000000       0.000000000000000E+000
   409.000000000000       0.000000000000000E+000
   409.500000000000       0.000000000000000E+000
   410.000000000000       0.000000000000000E+000
   410.500000000000       0.000000000000000E+000
   411.000000000000       0.000000000000000E+000
   411.500000000000       0.000000000000000E+000
   412.000000000000       0.000000000000000E+000
   412.500000000000       0.000000000000000E+000
   413.000000000000       0.000000000000000E+000
   413.500000000000       0.000000000000000E+000
   414.000000000000       0.000000000000000E+000
   414.500000000000       0.000000000000000E+000
   415.000000000000       0.000000000000000E+000
   415.500000000000       0.000000000000000E+000
   416.000000000000       0.000000000000000E+000
   416.500000000000       0.000000000000000E+000
   417.000000000000       0.000000000000000E+000
   417.500000000000       0.000000000000000E+000
   418.000000000000       0.000000000000000E+000
   418.500000000000       0.000000000000000E+000
   419.000000000000       0.000000000000000E+000
   419.500000000000       0.000000000000000E+000
   420.000000000000       0.000000000000000E+000
   420.500000000000       0.000000000000000E+000
   421.000000000000       0.000000000000000E+000
   421.500000000000       0.000000000000000E+000
   422.000000000000       0.000000000000000E+000
   422.500000000000       0.000000000000000E+000
   423.000000000000       0.000000000000000E+000
   423.500000000000       0.000000000000000E+000
   424.000000000000       0.000000000000000E+000
   424.500000000000       0.000000000000000E+000
   425.000000000000       0.000000000000000E+000
   425.500000000000       0.000000000000000E+000
   426.000000000000       0.000000000000000E+000
   426.500000000000       0.000000000000000E+000
   427.000000000000       0.000000000000000E+000
   427.500000000000       0.000000000000000E+000
   428.000000000000       0.000000000000000E+000
   428.500000000000       0.000000000000000E+000
   429.000000000000       0.000000000000000E+000
   429.500000000000       0.000000000000000E+000
   430.000000000000       0.000000000000000E+000
   430.500000000000       0.000000000000000E+000
   431.000000000000       0.000000000000000E+000
   431.500000000000       0.000000000000000E+000
   432.000000000000       0.000000000000000E+000
   432.500000000000       0.000000000000000E+000
   433.000000000000       0.000000000000000E+000
   433.500000000000       0.000000000000000E+000
   434.000000000000       0.000000000000000E+000
   434.500000000000       0.000000000000000E+000
   435.000000000000       0.000000000000000E+000
   435.500000000000       0.000000000000000E+000
   436.000000000000       0.000000000000000E+000
   436.500000000000       0.000000000000000E+000
   437.000000000000       0.000000000000000E+000
   437.500000000000       0.000000000000000E+000
   438.000000000000       0.000000000000000E+000
   438.500000000000       0.000000000000000E+000
   439.000000000000       0.000000000000000E+000
   439.500000000000       0.000000000000000E+000
   440.000000000000       0.000000000000000E+000
   440.500000000000       0.000000000000000E+000
   441.000000000000       0.000000000000000E+000
   441.500000000000       0.000000000000000E+000
   442.000000000000       0.000000000000000E+000
   442.500000000000       0.000000000000000E+000
   443.000000000000       0.000000000000000E+000
   443.500000000000       0.000000000000000E+000
   444.000000000000       0.000000000000000E+000
   444.500000000000       0.000000000000000E+000
   445.000000000000       0.000000000000000E+000
   445.500000000000       0.000000000000000E+000
   446.000000000000       0.000000000000000E+000
   446.500000000000       0.000000000000000E+000
   447.000000000000       0.000000000000000E+000
   447.500000000000       0.000000000000000E+000
   448.000000000000       0.000000000000000E+000
   448.500000000000       0.000000000000000E+000
   449.000000000000       0.000000000000000E+000
   449.500000000000       0.000000000000000E+000
   450.000000000000       0.000000000000000E+000
   450.500000000000       0.000000000000000E+000
   451.000000000000       0.000000000000000E+000
   451.500000000000       0.000000000000000E+000
   452.000000000000       0.000000000000000E+000
   452.500000000000       0.000000000000000E+000
   453.000000000000       0.000000000000000E+000
   453.500000000000       0.000000000000000E+000
   454.000000000000       0.000000000000000E+000
   454.500000000000       0.000000000000000E+000
   455.000000000000       0.000000000000000E+000
   455.500000000000       0.000000000000000E+000
   456.000000000000       0.000000000000000E+000
   456.500000000000       0.000000000000000E+000
   457.000000000000       0.000000000000000E+000
   457.500000000000       0.000000000000000E+000
   458.000000000000       0.000000000000000E+000
   458.500000000000       0.000000000000000E+000
   459.000000000000       0.000000000000000E+000
   459.500000000000       0.000000000000000E+000
   460.000000000000       0.000000000000000E+000
   460.500000000000       0.000000000000000E+000
   461.000000000000       0.000000000000000E+000
   461.500000000000       0.000000000000000E+000
   462.000000000000       0.000000000000000E+000
   462.500000000000       0.000000000000000E+000
   463.000000000000       0.000000000000000E+000
   463.500000000000       0.000000000000000E+000
   464.000000000000       0.000000000000000E+000
   464.500000000000       0.000000000000000E+000
   465.000000000000       0.000000000000000E+000
   465.500000000000       0.000000000000000E+000
   466.000000000000       0.000000000000000E+000
   466.500000000000       0.000000000000000E+000
   467.000000000000       0.000000000000000E+000
   467.500000000000       0.000000000000000E+000
   468.000000000000       0.000000000000000E+000
   468.500000000000       0.000000000000000E+000
   469.000000000000       0.000000000000000E+000
   469.500000000000       0.000000000000000E+000
   470.000000000000       0.000000000000000E+000
   470.500000000000       0.000000000000000E+000
   471.000000000000       0.000000000000000E+000
   471.500000000000       0.000000000000000E+000
   472.000000000000       0.000000000000000E+000
   472.500000000000       0.000000000000000E+000
   473.000000000000       0.000000000000000E+000
   473.500000000000       0.000000000000000E+000
   474.000000000000       0.000000000000000E+000
   474.500000000000       0.000000000000000E+000
   475.000000000000       0.000000000000000E+000
   475.500000000000       0.000000000000000E+000
   476.000000000000       0.000000000000000E+000
   476.500000000000       0.000000000000000E+000
   477.000000000000       0.000000000000000E+000
   477.500000000000       0.000000000000000E+000
   478.000000000000       0.000000000000000E+000
   478.500000000000       0.000000000000000E+000
   479.000000000000       0.000000000000000E+000
   479.500000000000       0.000000000000000E+000
   480.000000000000       0.000000000000000E+000
   480.500000000000       0.000000000000000E+000
   481.000000000000       0.000000000000000E+000
   481.500000000000       0.000000000000000E+000
   482.000000000000       0.000000000000000E+000
   482.500000000000       0.000000000000000E+000
   483.000000000000       0.000000000000000E+000
   483.500000000000       0.000000000000000E+000
   484.000000000000       0.000000000000000E+000
   484.500000000000       0.000000000000000E+000
   485.000000000000       0.000000000000000E+000
   485.500000000000       0.000000000000000E+000
   486.000000000000       0.000000000000000E+000
   486.500000000000       0.000000000000000E+000
   487.000000000000       0.000000000000000E+000
   487.500000000000       0.000000000000000E+000
   488.000000000000       0.000000000000000E+000
   488.500000000000       0.000000000000000E+000
   489.000000000000       0.000000000000000E+000
   489.500000000000       0.000000000000000E+000
   490.000000000000       0.000000000000000E+000
   490.500000000000       0.000000000000000E+000
   491.000000000000       0.000000000000000E+000
   491.500000000000       0.000000000000000E+000
   492.000000000000       0.000000000000000E+000
   492.500000000000       0.000000000000000E+000
   493.000000000000       0.000000000000000E+000
   493.500000000000       0.000000000000000E+000
   494.000000000000       0.000000000000000E+000
   494.500000000000       0.000000000000000E+000
   495.000000000000       0.000000000000000E+000
   495.500000000000       0.000000000000000E+000
   496.000000000000       0.000000000000000E+000
   496.500000000000       0.000000000000000E+000
   497.000000000000       0.000000000000000E+000
   497.500000000000       0.000000000000000E+000
   498.000000000000       0.000000000000000E+000
   498.500000000000       0.000000000000000E+000
   499.000000000000       0.000000000000000E+000
   499.500000000000       0.000000000000000E+000
   500.000000000000       0.000000000000000E+000
