      0.00   0.000000E+00
      0.50   0.000000E+00
      1.00   0.000000E+00
      1.50   0.000000E+00
      2.00   0.000000E+00
      2.50   0.000000E+00
      3.00   0.000000E+00
      3.50   0.000000E+00
      4.00   0.000000E+00
      4.50   0.000000E+00
      5.00   0.000000E+00
      5.50   0.000000E+00
      6.00   0.000000E+00
      6.50   0.000000E+00
      7.00   0.000000E+00
      7.50   0.000000E+00
      8.00   0.000000E+00
      8.50   0.000000E+00
      9.00   0.461293E+00
      9.50   0.667210E+00
     10.00   0.961815E+00
     10.50   0.127261E+01
     11.00   0.161640E+01
     11.50   0.209398E+01
     12.00   0.259690E+01
     12.50   0.303651E+01
     13.00   0.356818E+01
     13.50   0.416657E+01
     14.00   0.465738E+01
     14.50   0.513798E+01
     15.00   0.568374E+01
     15.50   0.617928E+01
     16.00   0.666354E+01
     16.50   0.716127E+01
     17.00   0.761970E+01
     17.50   0.818103E+01
     18.00   0.882176E+01
     18.50   0.933070E+01
     19.00   0.997939E+01
     19.50   0.109485E+02
     20.00   0.117953E+02
     20.50   0.126042E+02
     21.00   0.139307E+02
     21.50   0.154230E+02
     22.00   0.166628E+02
     22.50   0.183230E+02
     23.00   0.205136E+02
     23.50   0.225197E+02
     24.00   0.246164E+02
     24.50   0.272939E+02
     25.00   0.300523E+02
     25.50   0.327218E+02
     26.00   0.356653E+02
     26.50   0.386666E+02
     27.00   0.416467E+02
     27.50   0.446892E+02
     28.00   0.473634E+02
     28.50   0.498408E+02
     29.00   0.525248E+02
     29.50   0.545777E+02
     30.00   0.558367E+02
     30.50   0.573262E+02
     31.00   0.584996E+02
     31.50   0.585021E+02
     32.00   0.582987E+02
     32.50   0.581972E+02
     33.00   0.572435E+02
     33.50   0.557646E+02
     34.00   0.544532E+02
     34.50   0.525579E+02
     35.00   0.506292E+02
     35.50   0.486711E+02
     36.00   0.463704E+02
     36.50   0.445707E+02
     37.00   0.421469E+02
     37.50   0.406459E+02
     38.00   0.383148E+02
     38.50   0.371713E+02
     39.00   0.350931E+02
     39.50   0.343001E+02
     40.00   0.325727E+02
     40.50   0.320782E+02
     41.00   0.307404E+02
     41.50   0.304662E+02
     42.00   0.295030E+02
     42.50   0.293566E+02
     43.00   0.287072E+02
     43.50   0.285935E+02
     44.00   0.281584E+02
     44.50   0.279845E+02
     45.00   0.276325E+02
     45.50   0.273116E+02
     46.00   0.268933E+02
     46.50   0.263517E+02
     47.00   0.257228E+02
     47.50   0.249089E+02
     48.00   0.239616E+02
     48.50   0.228573E+02
     49.00   0.215508E+02
     49.50   0.201809E+02
     50.00   0.185606E+02
     50.50   0.169977E+02
     51.00   0.151917E+02
     51.50   0.135483E+02
     52.00   0.117331E+02
     52.50   0.101392E+02
     53.00   0.848972E+01
     53.50   0.706577E+01
     54.00   0.571002E+01
     54.50   0.454211E+01
     55.00   0.353583E+01
     55.50   0.266143E+01
     56.00   0.198990E+01
     56.50   0.139782E+01
     57.00   0.998185E+00
     57.50   0.641034E+00
     58.00   0.432054E+00
     58.50   0.000000E+00
     59.00   0.000000E+00
     59.50   0.000000E+00
     60.00   0.000000E+00
     60.50   0.000000E+00
     61.00   0.000000E+00
     61.50   0.000000E+00
     62.00   0.000000E+00
     62.50   0.000000E+00
     63.00   0.000000E+00
     63.50   0.000000E+00
     64.00   0.000000E+00
     64.50   0.000000E+00
     65.00   0.000000E+00
     65.50   0.000000E+00
     66.00   0.000000E+00
     66.50   0.000000E+00
     67.00   0.000000E+00
     67.50   0.000000E+00
     68.00   0.000000E+00
     68.50  -0.505385E+00
     69.00  -0.701925E+00
     69.50  -0.921971E+00
     70.00  -0.124310E+01
     70.50  -0.161615E+01
     71.00  -0.211530E+01
     71.50  -0.270844E+01
     72.00  -0.344321E+01
     72.50  -0.431886E+01
     73.00  -0.533915E+01
     73.50  -0.653151E+01
     74.00  -0.786284E+01
     74.50  -0.935216E+01
     75.00  -0.109772E+02
     75.50  -0.126734E+02
     76.00  -0.145198E+02
     76.50  -0.162696E+02
     77.00  -0.182118E+02
     77.50  -0.198292E+02
     78.00  -0.217032E+02
     78.50  -0.230154E+02
     79.00  -0.246483E+02
     79.50  -0.255411E+02
     80.00  -0.267861E+02
     80.50  -0.272313E+02
     81.00  -0.279983E+02
     81.50  -0.280545E+02
     82.00  -0.283265E+02
     82.50  -0.281145E+02
     83.00  -0.279455E+02
     83.50  -0.276112E+02
     84.00  -0.271084E+02
     84.50  -0.267877E+02
     85.00  -0.260851E+02
     85.50  -0.258817E+02
     86.00  -0.251179E+02
     86.50  -0.250968E+02
     87.00  -0.243973E+02
     87.50  -0.245865E+02
     88.00  -0.240517E+02
     88.50  -0.244477E+02
     89.00  -0.241468E+02
     89.50  -0.247216E+02
     90.00  -0.246882E+02
     90.50  -0.253935E+02
     91.00  -0.256209E+02
     91.50  -0.263898E+02
     92.00  -0.268256E+02
     92.50  -0.275749E+02
     93.00  -0.281196E+02
     93.50  -0.287562E+02
     94.00  -0.292717E+02
     94.50  -0.296999E+02
     95.00  -0.300256E+02
     95.50  -0.301579E+02
     96.00  -0.301408E+02
     96.50  -0.299108E+02
     97.00  -0.294410E+02
     97.50  -0.288167E+02
     98.00  -0.278583E+02
     98.50  -0.268515E+02
     99.00  -0.254564E+02
     99.50  -0.241243E+02
    100.00  -0.224219E+02
    100.50  -0.208608E+02
    101.00  -0.190258E+02
    101.50  -0.173552E+02
    102.00  -0.155650E+02
    102.50  -0.139077E+02
    103.00  -0.123064E+02
    103.50  -0.107704E+02
    104.00  -0.944535E+01
    104.50  -0.810691E+01
    105.00  -0.708428E+01
    105.50  -0.598090E+01
    106.00  -0.523789E+01
    106.50  -0.437158E+01
    107.00  -0.385729E+01
    107.50  -0.320483E+01
    108.00  -0.285994E+01
    108.50  -0.238497E+01
    109.00  -0.215498E+01
    109.50  -0.181796E+01
    110.00  -0.165937E+01
    110.50  -0.142414E+01
    111.00  -0.130546E+01
    111.50  -0.114148E+01
    112.00  -0.104134E+01
    112.50  -0.923627E+00
    113.00  -0.828849E+00
    113.50  -0.737765E+00
    114.00  -0.642232E+00
    114.50  -0.563783E+00
    115.00  -0.467916E+00
    115.50   0.000000E+00
    116.00   0.000000E+00
    116.50   0.000000E+00
    117.00   0.000000E+00
    117.50   0.000000E+00
    118.00   0.000000E+00
    118.50   0.000000E+00
    119.00   0.000000E+00
    119.50   0.000000E+00
    120.00   0.000000E+00
    120.50   0.000000E+00
    121.00   0.000000E+00
    121.50   0.000000E+00
    122.00   0.000000E+00
    122.50   0.000000E+00
    123.00   0.000000E+00
    123.50   0.491718E+00
    124.00   0.743063E+00
    124.50   0.103974E+01
    125.00   0.142123E+01
    125.50   0.181104E+01
    126.00   0.230859E+01
    126.50   0.274826E+01
    127.00   0.332060E+01
    127.50   0.375510E+01
    128.00   0.434221E+01
    128.50   0.472431E+01
    129.00   0.526363E+01
    129.50   0.556972E+01
    130.00   0.601244E+01
    130.50   0.624796E+01
    131.00   0.657034E+01
    131.50   0.676501E+01
    132.00   0.697176E+01
    132.50   0.716890E+01
    133.00   0.728919E+01
    133.50   0.753451E+01
    134.00   0.761369E+01
    134.50   0.794736E+01
    135.00   0.803852E+01
    135.50   0.849198E+01
    136.00   0.865095E+01
    136.50   0.924801E+01
    137.00   0.953025E+01
    137.50   0.102867E+02
    138.00   0.107425E+02
    138.50   0.116641E+02
    139.00   0.123322E+02
    139.50   0.134115E+02
    140.00   0.143083E+02
    140.50   0.155193E+02
    141.00   0.166263E+02
    141.50   0.179202E+02
    142.00   0.191721E+02
    142.50   0.204752E+02
    143.00   0.217567E+02
    143.50   0.229728E+02
    144.00   0.241284E+02
    144.50   0.251473E+02
    145.00   0.260073E+02
    145.50   0.267204E+02
    146.00   0.271427E+02
    146.50   0.274656E+02
    147.00   0.273747E+02
    147.50   0.272644E+02
    148.00   0.266734E+02
    148.50   0.261384E+02
    149.00   0.251442E+02
    149.50   0.242431E+02
    150.00   0.229992E+02
    150.50   0.218287E+02
    151.00   0.205044E+02
    151.50   0.191796E+02
    152.00   0.179226E+02
    152.50   0.165575E+02
    153.00   0.154710E+02
    153.50   0.141634E+02
    154.00   0.133001E+02
    154.50   0.121219E+02
    155.00   0.114888E+02
    155.50   0.104819E+02
    156.00   0.100542E+02
    156.50   0.923479E+01
    157.00   0.896966E+01
    157.50   0.833428E+01
    158.00   0.818215E+01
    158.50   0.771321E+01
    159.00   0.762365E+01
    159.50   0.729273E+01
    160.00   0.721745E+01
    160.50   0.698648E+01
    161.00   0.688127E+01
    161.50   0.670327E+01
    162.00   0.653061E+01
    162.50   0.635349E+01
    163.00   0.608846E+01
    163.50   0.586450E+01
    164.00   0.550035E+01
    164.50   0.519747E+01
    165.00   0.474826E+01
    165.50   0.436036E+01
    166.00   0.385973E+01
    166.50   0.341102E+01
    167.00   0.290591E+01
    167.50   0.244503E+01
    168.00   0.198533E+01
    168.50   0.156965E+01
    169.00   0.119625E+01
    169.50   0.872223E+00
    170.00   0.607406E+00
    170.50   0.000000E+00
    171.00   0.000000E+00
    171.50   0.000000E+00
    172.00   0.000000E+00
    172.50   0.000000E+00
    173.00   0.000000E+00
    173.50   0.000000E+00
    174.00   0.000000E+00
    174.50   0.000000E+00
    175.00   0.000000E+00
    175.50   0.000000E+00
    176.00   0.000000E+00
    176.50   0.000000E+00
    177.00   0.000000E+00
    177.50   0.000000E+00
    178.00   0.000000E+00
    178.50   0.000000E+00
    179.00   0.000000E+00
    179.50  -0.417522E+00
    180.00  -0.484078E+00
    180.50  -0.542031E+00
    181.00  -0.602157E+00
    181.50  -0.676851E+00
    182.00  -0.735056E+00
    182.50  -0.838474E+00
    183.00  -0.905579E+00
    183.50  -0.105291E+01
    184.00  -0.114620E+01
    184.50  -0.135634E+01
    185.00  -0.150030E+01
    185.50  -0.179611E+01
    186.00  -0.202301E+01
    186.50  -0.243016E+01
    187.00  -0.277841E+01
    187.50  -0.332131E+01
    188.00  -0.382908E+01
    188.50  -0.452435E+01
    189.00  -0.521853E+01
    189.50  -0.606725E+01
    190.00  -0.694862E+01
    190.50  -0.792898E+01
    191.00  -0.895882E+01
    191.50  -0.100223E+02
    192.00  -0.111178E+02
    192.50  -0.121911E+02
    193.00  -0.132345E+02
    193.50  -0.142274E+02
    194.00  -0.150893E+02
    194.50  -0.159077E+02
    195.00  -0.164784E+02
    195.50  -0.170407E+02
    196.00  -0.172610E+02
    196.50  -0.175171E+02
    197.00  -0.173956E+02
    197.50  -0.173369E+02
    198.00  -0.169445E+02
    198.50  -0.166041E+02
    199.00  -0.160512E+02
    199.50  -0.154957E+02
    200.00  -0.149017E+02
    200.50  -0.142150E+02
    201.00  -0.136819E+02
    201.50  -0.129495E+02
    202.00  -0.125463E+02
    202.50  -0.118424E+02
    203.00  -0.116024E+02
    203.50  -0.109832E+02
    204.00  -0.109097E+02
    204.50  -0.104124E+02
    205.00  -0.104865E+02
    205.50  -0.101314E+02
    206.00  -0.103209E+02
    206.50  -0.101145E+02
    207.00  -0.103783E+02
    207.50  -0.103128E+02
    208.00  -0.106026E+02
    208.50  -0.106532E+02
    209.00  -0.109147E+02
    209.50  -0.110369E+02
    210.00  -0.112138E+02
    210.50  -0.113440E+02
    211.00  -0.113835E+02
    211.50  -0.114453E+02
    212.00  -0.113069E+02
    212.50  -0.112259E+02
    213.00  -0.108907E+02
    213.50  -0.106151E+02
    214.00  -0.100936E+02
    214.50  -0.961177E+01
    215.00  -0.894312E+01
    215.50  -0.828967E+01
    216.00  -0.753438E+01
    216.50  -0.678201E+01
    217.00  -0.601004E+01
    217.50  -0.524864E+01
    218.00  -0.452528E+01
    218.50  -0.383672E+01
    219.00  -0.321081E+01
    219.50  -0.264932E+01
    220.00  -0.214696E+01
    220.50  -0.173169E+01
    221.00  -0.135636E+01
    221.50  -0.107641E+01
    222.00  -0.814301E+00
    222.50  -0.641308E+00
    223.00  -0.469502E+00
    223.50   0.000000E+00
    224.00   0.000000E+00
    224.50   0.000000E+00
    225.00   0.000000E+00
    225.50   0.000000E+00
    226.00   0.000000E+00
    226.50   0.000000E+00
    227.00   0.000000E+00
    227.50   0.000000E+00
    228.00   0.000000E+00
    228.50   0.000000E+00
    229.00   0.000000E+00
    229.50   0.000000E+00
    230.00   0.000000E+00
    230.50   0.000000E+00
    231.00   0.000000E+00
    231.50   0.000000E+00
    232.00   0.000000E+00
    232.50   0.000000E+00
    233.00   0.000000E+00
    233.50   0.000000E+00
    234.00   0.000000E+00
    234.50   0.000000E+00
    235.00   0.000000E+00
    235.50   0.000000E+00
    236.00   0.000000E+00
    236.50   0.000000E+00
    237.00   0.000000E+00
    237.50   0.000000E+00
    238.00   0.510401E+00
    238.50   0.722299E+00
    239.00   0.980923E+00
    239.50   0.128920E+01
    240.00   0.164936E+01
    240.50   0.204812E+01
    241.00   0.248598E+01
    241.50   0.294991E+01
    242.00   0.341717E+01
    242.50   0.390517E+01
    243.00   0.434174E+01
    243.50   0.480516E+01
    244.00   0.515740E+01
    244.50   0.555042E+01
    245.00   0.578716E+01
    245.50   0.607611E+01
    246.00   0.619624E+01
    246.50   0.636546E+01
    247.00   0.639505E+01
    247.50   0.644804E+01
    248.00   0.643027E+01
    248.50   0.638786E+01
    249.00   0.637172E+01
    249.50   0.626714E+01
    250.00   0.629705E+01
    250.50   0.616930E+01
    251.00   0.627913E+01
    251.50   0.616773E+01
    252.00   0.637946E+01
    252.50   0.632135E+01
    253.00   0.664607E+01
    253.50   0.667406E+01
    254.00   0.711260E+01
    254.50   0.725349E+01
    255.00   0.779535E+01
    255.50   0.806650E+01
    256.00   0.868815E+01
    256.50   0.909255E+01
    257.00   0.975556E+01
    257.50   0.102741E+02
    258.00   0.109248E+02
    258.50   0.115101E+02
    259.00   0.120839E+02
    259.50   0.126612E+02
    260.00   0.130913E+02
    260.50   0.135675E+02
    261.00   0.137966E+02
    261.50   0.140789E+02
    262.00   0.140703E+02
    262.50   0.140896E+02
    263.00   0.138347E+02
    263.50   0.135646E+02
    264.00   0.130846E+02
    264.50   0.125504E+02
    265.00   0.118920E+02
    265.50   0.111651E+02
    266.00   0.103938E+02
    266.50   0.957409E+01
    267.00   0.876169E+01
    267.50   0.795067E+01
    268.00   0.716230E+01
    268.50   0.643981E+01
    269.00   0.572430E+01
    269.50   0.513639E+01
    270.00   0.452226E+01
    270.50   0.408133E+01
    271.00   0.357809E+01
    271.50   0.327167E+01
    272.00   0.287473E+01
    272.50   0.267694E+01
    273.00   0.237394E+01
    273.50   0.225536E+01
    274.00   0.203130E+01
    274.50   0.196394E+01
    275.00   0.181617E+01
    275.50   0.172352E+01
    276.00   0.167897E+01
    276.50   0.161068E+01
    277.00   0.153839E+01
    277.50   0.148611E+01
    278.00   0.142525E+01
    278.50   0.136207E+01
    279.00   0.130077E+01
    279.50   0.120682E+01
    280.00   0.110052E+01
    280.50   0.101879E+01
    281.00   0.914461E+00
    281.50   0.769525E+00
    282.00   0.645604E+00
    282.50   0.544674E+00
    283.00   0.421713E+00
    283.50   0.000000E+00
    284.00   0.000000E+00
    284.50   0.000000E+00
    285.00   0.000000E+00
    285.50   0.000000E+00
    286.00   0.000000E+00
    286.50   0.000000E+00
    287.00   0.000000E+00
    287.50   0.000000E+00
    288.00   0.000000E+00
    288.50   0.000000E+00
    289.00   0.000000E+00
    289.50   0.000000E+00
    290.00   0.000000E+00
    290.50   0.000000E+00
    291.00   0.000000E+00
    291.50  -0.409671E+00
    292.00  -0.529943E+00
    292.50  -0.623813E+00
    293.00  -0.729821E+00
    293.50  -0.861301E+00
    294.00  -0.959715E+00
    294.50  -0.102768E+01
    295.00  -0.111415E+01
    295.50  -0.119613E+01
    296.00  -0.124883E+01
    296.50  -0.130028E+01
    297.00  -0.134968E+01
    297.50  -0.139005E+01
    298.00  -0.145165E+01
    298.50  -0.151666E+01
    299.00  -0.155258E+01
    299.50  -0.162422E+01
    300.00  -0.175943E+01
    300.50  -0.186622E+01
    301.00  -0.195568E+01
    301.50  -0.214879E+01
    302.00  -0.240479E+01
    302.50  -0.260352E+01
    303.00  -0.284755E+01
    303.50  -0.323755E+01
    304.00  -0.364914E+01
    304.50  -0.402600E+01
    305.00  -0.451129E+01
    305.50  -0.510097E+01
    306.00  -0.567951E+01
    306.50  -0.628686E+01
    307.00  -0.695074E+01
    307.50  -0.760248E+01
    308.00  -0.828110E+01
    308.50  -0.896948E+01
    309.00  -0.951670E+01
    309.50  -0.100028E+02
    310.00  -0.105686E+02
    310.50  -0.109733E+02
    311.00  -0.111025E+02
    311.50  -0.112548E+02
    312.00  -0.114261E+02
    312.50  -0.113045E+02
    313.00  -0.110051E+02
    313.50  -0.107825E+02
    314.00  -0.104731E+02
    314.50  -0.997613E+01
    315.00  -0.946469E+01
    315.50  -0.896210E+01
    316.00  -0.840802E+01
    316.50  -0.788014E+01
    317.00  -0.735724E+01
    317.50  -0.679082E+01
    318.00  -0.632386E+01
    318.50  -0.596987E+01
    319.00  -0.554238E+01
    319.50  -0.512230E+01
    320.00  -0.489660E+01
    320.50  -0.472145E+01
    321.00  -0.443958E+01
    321.50  -0.425032E+01
    322.00  -0.423136E+01
    322.50  -0.417259E+01
    323.00  -0.405428E+01
    323.50  -0.405782E+01
    324.00  -0.413389E+01
    324.50  -0.414333E+01
    325.00  -0.415639E+01
    325.50  -0.422460E+01
    326.00  -0.427336E+01
    326.50  -0.430273E+01
    327.00  -0.432752E+01
    327.50  -0.428837E+01
    328.00  -0.422432E+01
    328.50  -0.418662E+01
    329.00  -0.405917E+01
    329.50  -0.382199E+01
    330.00  -0.362540E+01
    330.50  -0.343320E+01
    331.00  -0.311247E+01
    331.50  -0.275661E+01
    332.00  -0.247228E+01
    332.50  -0.216364E+01
    333.00  -0.180309E+01
    333.50  -0.148491E+01
    334.00  -0.121519E+01
    334.50  -0.953188E+00
    335.00  -0.721445E+00
    335.50  -0.533052E+00
    336.00   0.000000E+00
    336.50   0.000000E+00
    337.00   0.000000E+00
    337.50   0.000000E+00
    338.00   0.000000E+00
    338.50   0.000000E+00
    339.00   0.000000E+00
    339.50   0.000000E+00
    340.00   0.000000E+00
    340.50   0.000000E+00
    341.00   0.000000E+00
    341.50   0.000000E+00
    342.00   0.000000E+00
    342.50   0.000000E+00
    343.00   0.000000E+00
    343.50   0.000000E+00
    344.00   0.000000E+00
    344.50   0.000000E+00
    345.00   0.000000E+00
    345.50   0.000000E+00
    346.00   0.000000E+00
    346.50   0.000000E+00
    347.00   0.000000E+00
    347.50   0.000000E+00
    348.00   0.000000E+00
    348.50   0.000000E+00
    349.00   0.000000E+00
    349.50   0.000000E+00
    350.00   0.000000E+00
    350.50   0.000000E+00
    351.00   0.000000E+00
    351.50   0.000000E+00
    352.00   0.000000E+00
    352.50   0.443282E+00
    353.00   0.590496E+00
    353.50   0.784056E+00
    354.00   0.995721E+00
    354.50   0.124771E+01
    355.00   0.155343E+01
    355.50   0.189006E+01
    356.00   0.227196E+01
    356.50   0.268913E+01
    357.00   0.308477E+01
    357.50   0.350341E+01
    358.00   0.398506E+01
    358.50   0.439199E+01
    359.00   0.469333E+01
    359.50   0.505336E+01
    360.00   0.541012E+01
    360.50   0.557775E+01
    361.00   0.567066E+01
    361.50   0.582690E+01
    362.00   0.588794E+01
    362.50   0.580258E+01
    363.00   0.571900E+01
    363.50   0.563433E+01
    364.00   0.548086E+01
    364.50   0.531717E+01
    365.00   0.514401E+01
    365.50   0.493697E+01
    366.00   0.478752E+01
    366.50   0.468450E+01
    367.00   0.450547E+01
    367.50   0.435146E+01
    368.00   0.434631E+01
    368.50   0.433578E+01
    369.00   0.423314E+01
    369.50   0.424850E+01
    370.00   0.440604E+01
    370.50   0.448703E+01
    371.00   0.453704E+01
    371.50   0.474713E+01
    372.00   0.501790E+01
    372.50   0.520372E+01
    373.00   0.543063E+01
    373.50   0.575173E+01
    374.00   0.605010E+01
    374.50   0.632533E+01
    375.00   0.661377E+01
    375.50   0.684909E+01
    376.00   0.706445E+01
    376.50   0.729172E+01
    377.00   0.738352E+01
    377.50   0.734570E+01
    378.00   0.736223E+01
    378.50   0.731988E+01
    379.00   0.704446E+01
    379.50   0.671969E+01
    380.00   0.646903E+01
    380.50   0.608957E+01
    381.00   0.556819E+01
    381.50   0.509705E+01
    382.00   0.465190E+01
    382.50   0.414048E+01
    383.00   0.363621E+01
    383.50   0.317990E+01
    384.00   0.274014E+01
    384.50   0.234695E+01
    385.00   0.200228E+01
    385.50   0.166654E+01
    386.00   0.138271E+01
    386.50   0.117741E+01
    387.00   0.985145E+00
    387.50   0.795827E+00
    388.00   0.669207E+00
    388.50   0.586382E+00
    389.00   0.491054E+00
    389.50   0.000000E+00
    390.00   0.000000E+00
    390.50   0.000000E+00
    391.00   0.000000E+00
    391.50   0.000000E+00
    392.00   0.000000E+00
    392.50   0.000000E+00
    393.00   0.000000E+00
    393.50   0.000000E+00
    394.00   0.000000E+00
    394.50   0.000000E+00
    395.00   0.000000E+00
    395.50   0.000000E+00
    396.00   0.000000E+00
    396.50   0.000000E+00
    397.00   0.000000E+00
    397.50   0.000000E+00
    398.00   0.000000E+00
    398.50   0.000000E+00
    399.00   0.000000E+00
    399.50   0.000000E+00
    400.00   0.000000E+00
    400.50   0.000000E+00
    401.00   0.000000E+00
    401.50   0.000000E+00
    402.00   0.000000E+00
    402.50   0.000000E+00
    403.00   0.000000E+00
    403.50   0.000000E+00
    404.00   0.000000E+00
    404.50   0.000000E+00
    405.00   0.000000E+00
    405.50  -0.429408E+00
    406.00  -0.581768E+00
    406.50  -0.729447E+00
    407.00  -0.870533E+00
    407.50  -0.105198E+01
    408.00  -0.123597E+01
    408.50  -0.135995E+01
    409.00  -0.147996E+01
    409.50  -0.163366E+01
    410.00  -0.173694E+01
    410.50  -0.177946E+01
    411.00  -0.183654E+01
    411.50  -0.189020E+01
    412.00  -0.189832E+01
    412.50  -0.189591E+01
    413.00  -0.189238E+01
    413.50  -0.187336E+01
    414.00  -0.187262E+01
    414.50  -0.188145E+01
    415.00  -0.185608E+01
    415.50  -0.185602E+01
    416.00  -0.192507E+01
    416.50  -0.197399E+01
    417.00  -0.198872E+01
    417.50  -0.208993E+01
    418.00  -0.226059E+01
    418.50  -0.237484E+01
    419.00  -0.250145E+01
    419.50  -0.275044E+01
    420.00  -0.302675E+01
    420.50  -0.325227E+01
    421.00  -0.354480E+01
    421.50  -0.392620E+01
    422.00  -0.429286E+01
    422.50  -0.466011E+01
    423.00  -0.507036E+01
    423.50  -0.546977E+01
    424.00  -0.587266E+01
    424.50  -0.628913E+01
    425.00  -0.660812E+01
    425.50  -0.685721E+01
    426.00  -0.716484E+01
    426.50  -0.738399E+01
    427.00  -0.738680E+01
    427.50  -0.737695E+01
    428.00  -0.740997E+01
    428.50  -0.724920E+01
    429.00  -0.693075E+01
    429.50  -0.666837E+01
    430.00  -0.637826E+01
    430.50  -0.595299E+01
    431.00  -0.551162E+01
    431.50  -0.510307E+01
    432.00  -0.467041E+01
    432.50  -0.425288E+01
    433.00  -0.386207E+01
    433.50  -0.345903E+01
    434.00  -0.311123E+01
    434.50  -0.284662E+01
    435.00  -0.256310E+01
    435.50  -0.227716E+01
    436.00  -0.209807E+01
    436.50  -0.196981E+01
    437.00  -0.179113E+01
    437.50  -0.164811E+01
    438.00  -0.159992E+01
    438.50  -0.154894E+01
    439.00  -0.146184E+01
    439.50  -0.142859E+01
    440.00  -0.144270E+01
    440.50  -0.143090E+01
    441.00  -0.141501E+01
    441.50  -0.143049E+01
    442.00  -0.144461E+01
    442.50  -0.144875E+01
    443.00  -0.145578E+01
    443.50  -0.143962E+01
    444.00  -0.140810E+01
    444.50  -0.139217E+01
    445.00  -0.134525E+01
    445.50  -0.124378E+01
    446.00  -0.115522E+01
    446.50  -0.108002E+01
    447.00  -0.952205E+00
    447.50  -0.802278E+00
    448.00  -0.687673E+00
    448.50  -0.573858E+00
    449.00  -0.440611E+00
    449.50   0.000000E+00
    450.00   0.000000E+00
    450.50   0.000000E+00
    451.00   0.000000E+00
    451.50   0.000000E+00
    452.00   0.000000E+00
    452.50   0.000000E+00
    453.00   0.000000E+00
    453.50   0.000000E+00
    454.00   0.000000E+00
    454.50   0.000000E+00
    455.00   0.000000E+00
    455.50   0.000000E+00
    456.00   0.000000E+00
    456.50   0.000000E+00
    457.00   0.000000E+00
    457.50   0.000000E+00
    458.00   0.000000E+00
    458.50   0.000000E+00
    459.00   0.000000E+00
    459.50   0.000000E+00
    460.00   0.000000E+00
    460.50   0.000000E+00
    461.00   0.000000E+00
    461.50   0.000000E+00
    462.00   0.000000E+00
    462.50   0.000000E+00
    463.00   0.000000E+00
    463.50   0.000000E+00
    464.00   0.000000E+00
    464.50   0.000000E+00
    465.00   0.000000E+00
    465.50   0.000000E+00
    466.00   0.000000E+00
    466.50   0.000000E+00
    467.00   0.412982E+00
    467.50   0.514720E+00
    468.00   0.627522E+00
    468.50   0.736296E+00
    469.00   0.892462E+00
    469.50   0.109965E+01
    470.00   0.131285E+01
    470.50   0.155052E+01
    471.00   0.183886E+01
    471.50   0.214891E+01
    472.00   0.248342E+01
    472.50   0.284651E+01
    473.00   0.318435E+01
    473.50   0.351991E+01
    474.00   0.390791E+01
    474.50   0.423782E+01
    475.00   0.445145E+01
    475.50   0.469531E+01
    476.00   0.495601E+01
    476.50   0.505069E+01
    477.00   0.504666E+01
    477.50   0.509945E+01
    478.00   0.508939E+01
    478.50   0.493449E+01
    479.00   0.476616E+01
    479.50   0.461385E+01
    480.00   0.440141E+01
    480.50   0.416825E+01
    481.00   0.394104E+01
    481.50   0.369137E+01
    482.00   0.347569E+01
    482.50   0.330902E+01
    483.00   0.310109E+01
    483.50   0.289847E+01
    484.00   0.280510E+01
    484.50   0.273348E+01
    485.00   0.259450E+01
    485.50   0.252041E+01
    486.00   0.255727E+01
    486.50   0.255968E+01
    487.00   0.252329E+01
    487.50   0.258479E+01
    488.00   0.270395E+01
    488.50   0.276792E+01
    489.00   0.284246E+01
    489.50   0.298403E+01
    490.00   0.312050E+01
    490.50   0.323475E+01
    491.00   0.336203E+01
    491.50   0.346640E+01
    492.00   0.355250E+01
    492.50   0.365334E+01
    493.00   0.368902E+01
    493.50   0.363755E+01
    494.00   0.361363E+01
    494.50   0.357900E+01
    495.00   0.340779E+01
    495.50   0.318791E+01
    496.00   0.302398E+01
    496.50   0.280375E+01
    497.00   0.249087E+01
    497.50   0.220424E+01
    498.00   0.195236E+01
    498.50   0.166948E+01
    499.00   0.138982E+01
    499.50   0.115002E+01
