      0.00  -0.627744E+67
      0.50  -0.627744E+67
      1.00  -0.627744E+67
      1.50  -0.627744E+67
      2.00  -0.627744E+67
      2.50  -0.627744E+67
      3.00  -0.627744E+67
      3.50  -0.627744E+67
      4.00  -0.627744E+67
      4.50  -0.627744E+67
      5.00  -0.627744E+67
      5.50  -0.627744E+67
      6.00  -0.627744E+67
      6.50  -0.627744E+67
      7.00  -0.627744E+67
      7.50  -0.627744E+67
      8.00  -0.627744E+67
      8.50  -0.627744E+67
      9.00  -0.627744E+67
      9.50  -0.627744E+67
     10.00  -0.627744E+67
     10.50  -0.627744E+67
     11.00  -0.627744E+67
     11.50  -0.627744E+67
     12.00  -0.627744E+67
     12.50  -0.627744E+67
     13.00  -0.627744E+67
     13.50  -0.627744E+67
     14.00  -0.627744E+67
     14.50  -0.627744E+67
     15.00  -0.627744E+67
     15.50  -0.627744E+67
     16.00  -0.627744E+67
     16.50  -0.627744E+67
     17.00  -0.627744E+67
     17.50  -0.627744E+67
     18.00  -0.627744E+67
     18.50  -0.627744E+67
     19.00  -0.627744E+67
     19.50  -0.627744E+67
     20.00  -0.627744E+67
     20.50  -0.627744E+67
     21.00  -0.627744E+67
     21.50  -0.627744E+67
     22.00  -0.627744E+67
     22.50  -0.627744E+67
     23.00  -0.627744E+67
     23.50  -0.627744E+67
     24.00  -0.627744E+67
     24.50  -0.627744E+67
     25.00  -0.627744E+67
     25.50  -0.627744E+67
     26.00  -0.627744E+67
     26.50  -0.627744E+67
     27.00  -0.627744E+67
     27.50  -0.627744E+67
     28.00  -0.627744E+67
     28.50  -0.627744E+67
     29.00  -0.627744E+67
     29.50  -0.627744E+67
     30.00  -0.627744E+67
     30.50  -0.627744E+67
     31.00  -0.627744E+67
     31.50  -0.627744E+67
     32.00  -0.627744E+67
     32.50  -0.627744E+67
     33.00  -0.627744E+67
     33.50  -0.627744E+67
     34.00  -0.627744E+67
     34.50  -0.627744E+67
     35.00  -0.627744E+67
     35.50  -0.627744E+67
     36.00  -0.627744E+67
     36.50  -0.627744E+67
     37.00  -0.627744E+67
     37.50  -0.627744E+67
     38.00  -0.627744E+67
     38.50  -0.627744E+67
     39.00  -0.627744E+67
     39.50  -0.627744E+67
     40.00  -0.627744E+67
     40.50  -0.627744E+67
     41.00  -0.627744E+67
     41.50  -0.627744E+67
     42.00  -0.627744E+67
     42.50  -0.627744E+67
     43.00  -0.627744E+67
     43.50  -0.627744E+67
     44.00  -0.627744E+67
     44.50  -0.627744E+67
     45.00  -0.627744E+67
     45.50  -0.627744E+67
     46.00  -0.627744E+67
     46.50  -0.627744E+67
     47.00  -0.627744E+67
     47.50  -0.627744E+67
     48.00  -0.627744E+67
     48.50  -0.627744E+67
     49.00  -0.627744E+67
     49.50  -0.627744E+67
     50.00  -0.627744E+67
     50.50  -0.627744E+67
     51.00  -0.627744E+67
     51.50  -0.627744E+67
     52.00  -0.627744E+67
     52.50  -0.627744E+67
     53.00  -0.627744E+67
     53.50  -0.627744E+67
     54.00  -0.627744E+67
     54.50  -0.627744E+67
     55.00  -0.627744E+67
     55.50  -0.627744E+67
     56.00  -0.627744E+67
     56.50  -0.627744E+67
     57.00  -0.627744E+67
     57.50  -0.627744E+67
     58.00  -0.627744E+67
     58.50  -0.627744E+67
     59.00  -0.627744E+67
     59.50  -0.627744E+67
     60.00  -0.627744E+67
     60.50  -0.627744E+67
     61.00  -0.627744E+67
     61.50  -0.627744E+67
     62.00  -0.627744E+67
     62.50  -0.627744E+67
     63.00  -0.627744E+67
     63.50  -0.627744E+67
     64.00  -0.627744E+67
     64.50  -0.627744E+67
     65.00  -0.627744E+67
     65.50  -0.627744E+67
     66.00  -0.627744E+67
     66.50  -0.627744E+67
     67.00  -0.627744E+67
     67.50  -0.627744E+67
     68.00  -0.627744E+67
     68.50  -0.627744E+67
     69.00  -0.627744E+67
     69.50  -0.627744E+67
     70.00  -0.627744E+67
     70.50  -0.627744E+67
     71.00  -0.627744E+67
     71.50  -0.627744E+67
     72.00  -0.627744E+67
     72.50  -0.627744E+67
     73.00  -0.627744E+67
     73.50  -0.627744E+67
     74.00  -0.627744E+67
     74.50  -0.627744E+67
     75.00  -0.627744E+67
     75.50  -0.627744E+67
     76.00  -0.627744E+67
     76.50  -0.627744E+67
     77.00  -0.627744E+67
     77.50  -0.627744E+67
     78.00  -0.627744E+67
     78.50  -0.627744E+67
     79.00  -0.627744E+67
     79.50  -0.627744E+67
     80.00  -0.627744E+67
     80.50  -0.627744E+67
     81.00  -0.627744E+67
     81.50  -0.627744E+67
     82.00  -0.627744E+67
     82.50  -0.627744E+67
     83.00  -0.627744E+67
     83.50  -0.627744E+67
     84.00  -0.627744E+67
     84.50  -0.627744E+67
     85.00  -0.627744E+67
     85.50  -0.627744E+67
     86.00  -0.627744E+67
     86.50  -0.627744E+67
     87.00  -0.627744E+67
     87.50  -0.627744E+67
     88.00  -0.627744E+67
     88.50  -0.627744E+67
     89.00  -0.627744E+67
     89.50  -0.627744E+67
     90.00  -0.627744E+67
     90.50  -0.627744E+67
     91.00  -0.627744E+67
     91.50  -0.627744E+67
     92.00  -0.627744E+67
     92.50  -0.627744E+67
     93.00  -0.627744E+67
     93.50  -0.627744E+67
     94.00  -0.627744E+67
     94.50  -0.627744E+67
     95.00  -0.627744E+67
     95.50  -0.627744E+67
     96.00  -0.627744E+67
     96.50  -0.627744E+67
     97.00  -0.627744E+67
     97.50  -0.627744E+67
     98.00  -0.627744E+67
     98.50  -0.627744E+67
     99.00  -0.627744E+67
     99.50  -0.627744E+67
    100.00  -0.627744E+67
    100.50  -0.627744E+67
    101.00  -0.627744E+67
    101.50  -0.627744E+67
    102.00  -0.627744E+67
    102.50  -0.627744E+67
    103.00  -0.627744E+67
    103.50  -0.627744E+67
    104.00  -0.627744E+67
    104.50  -0.627744E+67
    105.00  -0.627744E+67
    105.50  -0.627744E+67
    106.00  -0.627744E+67
    106.50  -0.627744E+67
    107.00  -0.627744E+67
    107.50  -0.627744E+67
    108.00  -0.627744E+67
    108.50  -0.627744E+67
    109.00  -0.627744E+67
    109.50  -0.627744E+67
    110.00  -0.627744E+67
    110.50  -0.627744E+67
    111.00  -0.627744E+67
    111.50  -0.627744E+67
    112.00  -0.627744E+67
    112.50  -0.627744E+67
    113.00  -0.627744E+67
    113.50  -0.627744E+67
    114.00  -0.627744E+67
    114.50  -0.627744E+67
    115.00  -0.627744E+67
    115.50  -0.627744E+67
    116.00  -0.627744E+67
    116.50  -0.627744E+67
    117.00  -0.627744E+67
    117.50  -0.627744E+67
    118.00  -0.627744E+67
    118.50  -0.627744E+67
    119.00  -0.627744E+67
    119.50  -0.627744E+67
    120.00  -0.627744E+67
    120.50  -0.627744E+67
    121.00  -0.627744E+67
    121.50  -0.627744E+67
    122.00  -0.627744E+67
    122.50  -0.627744E+67
    123.00  -0.627744E+67
    123.50  -0.627744E+67
    124.00  -0.627744E+67
    124.50  -0.627744E+67
    125.00  -0.627744E+67
    125.50  -0.627744E+67
    126.00  -0.627744E+67
    126.50  -0.627744E+67
    127.00  -0.627744E+67
    127.50  -0.627744E+67
    128.00  -0.627744E+67
    128.50  -0.627744E+67
    129.00  -0.627744E+67
    129.50  -0.627744E+67
    130.00  -0.627744E+67
    130.50  -0.627744E+67
    131.00  -0.627744E+67
    131.50  -0.627744E+67
    132.00  -0.627744E+67
    132.50  -0.627744E+67
    133.00  -0.627744E+67
    133.50  -0.627744E+67
    134.00  -0.627744E+67
    134.50  -0.627744E+67
    135.00  -0.627744E+67
    135.50  -0.627744E+67
    136.00  -0.627744E+67
    136.50  -0.627744E+67
    137.00  -0.627744E+67
    137.50  -0.627744E+67
    138.00  -0.627744E+67
    138.50  -0.627744E+67
    139.00  -0.627744E+67
    139.50  -0.627744E+67
    140.00  -0.627744E+67
    140.50  -0.627744E+67
    141.00  -0.627744E+67
    141.50  -0.627744E+67
    142.00  -0.627744E+67
    142.50  -0.627744E+67
    143.00  -0.627744E+67
    143.50  -0.627744E+67
    144.00  -0.627744E+67
    144.50  -0.627744E+67
    145.00  -0.627744E+67
    145.50  -0.627744E+67
    146.00  -0.627744E+67
    146.50  -0.627744E+67
    147.00  -0.627744E+67
    147.50  -0.627744E+67
    148.00  -0.627744E+67
    148.50  -0.627744E+67
    149.00  -0.627744E+67
    149.50  -0.627744E+67
    150.00  -0.627744E+67
    150.50  -0.627744E+67
    151.00  -0.627744E+67
    151.50  -0.627744E+67
    152.00  -0.627744E+67
    152.50  -0.627744E+67
    153.00  -0.627744E+67
    153.50  -0.627744E+67
    154.00  -0.627744E+67
    154.50  -0.627744E+67
    155.00  -0.627744E+67
    155.50  -0.627744E+67
    156.00  -0.627744E+67
    156.50  -0.627744E+67
    157.00  -0.627744E+67
    157.50  -0.627744E+67
    158.00  -0.627744E+67
    158.50  -0.627744E+67
    159.00  -0.627744E+67
    159.50  -0.627744E+67
    160.00  -0.627744E+67
    160.50  -0.627744E+67
    161.00  -0.627744E+67
    161.50  -0.627744E+67
    162.00  -0.627744E+67
    162.50  -0.627744E+67
    163.00  -0.627744E+67
    163.50  -0.627744E+67
    164.00  -0.627744E+67
    164.50  -0.627744E+67
    165.00  -0.627744E+67
    165.50  -0.627744E+67
    166.00  -0.627744E+67
    166.50  -0.627744E+67
    167.00  -0.627744E+67
    167.50  -0.627744E+67
    168.00  -0.627744E+67
    168.50  -0.627744E+67
    169.00  -0.627744E+67
    169.50  -0.627744E+67
    170.00  -0.627744E+67
    170.50  -0.627744E+67
    171.00  -0.627744E+67
    171.50  -0.627744E+67
    172.00  -0.627744E+67
    172.50  -0.627744E+67
    173.00  -0.627744E+67
    173.50  -0.627744E+67
    174.00  -0.627744E+67
    174.50  -0.627744E+67
    175.00  -0.627744E+67
    175.50  -0.627744E+67
    176.00  -0.627744E+67
    176.50  -0.627744E+67
    177.00  -0.627744E+67
    177.50  -0.627744E+67
    178.00  -0.627744E+67
    178.50  -0.627744E+67
    179.00  -0.627744E+67
    179.50  -0.627744E+67
    180.00  -0.627744E+67
    180.50  -0.627744E+67
    181.00  -0.627744E+67
    181.50  -0.627744E+67
    182.00  -0.627744E+67
    182.50  -0.627744E+67
    183.00  -0.627744E+67
    183.50  -0.627744E+67
    184.00  -0.627744E+67
    184.50  -0.627744E+67
    185.00  -0.627744E+67
    185.50  -0.627744E+67
    186.00  -0.627744E+67
    186.50  -0.627744E+67
    187.00  -0.627744E+67
    187.50  -0.627744E+67
    188.00  -0.627744E+67
    188.50  -0.627744E+67
    189.00  -0.627744E+67
    189.50  -0.627744E+67
    190.00  -0.627744E+67
    190.50  -0.627744E+67
    191.00  -0.627744E+67
    191.50  -0.627744E+67
    192.00  -0.627744E+67
    192.50  -0.627744E+67
    193.00  -0.627744E+67
    193.50  -0.627744E+67
    194.00  -0.627744E+67
    194.50  -0.627744E+67
    195.00  -0.627744E+67
    195.50  -0.627744E+67
    196.00  -0.627744E+67
    196.50  -0.627744E+67
    197.00  -0.627744E+67
    197.50  -0.627744E+67
    198.00  -0.627744E+67
    198.50  -0.627744E+67
    199.00  -0.627744E+67
    199.50  -0.627744E+67
    200.00  -0.627744E+67
    200.50  -0.627744E+67
    201.00  -0.627744E+67
    201.50  -0.627744E+67
    202.00  -0.627744E+67
    202.50  -0.627744E+67
    203.00  -0.627744E+67
    203.50  -0.627744E+67
    204.00  -0.627744E+67
    204.50  -0.627744E+67
    205.00  -0.627744E+67
    205.50  -0.627744E+67
    206.00  -0.627744E+67
    206.50  -0.627744E+67
    207.00  -0.627744E+67
    207.50  -0.627744E+67
    208.00  -0.627744E+67
    208.50  -0.627744E+67
    209.00  -0.627744E+67
    209.50  -0.627744E+67
    210.00  -0.627744E+67
    210.50  -0.627744E+67
    211.00  -0.627744E+67
    211.50  -0.627744E+67
    212.00  -0.627744E+67
    212.50  -0.627744E+67
    213.00  -0.627744E+67
    213.50  -0.627744E+67
    214.00  -0.627744E+67
    214.50  -0.627744E+67
    215.00  -0.627744E+67
    215.50  -0.627744E+67
    216.00  -0.627744E+67
    216.50  -0.627744E+67
    217.00  -0.627744E+67
    217.50  -0.627744E+67
    218.00  -0.627744E+67
    218.50  -0.627744E+67
    219.00  -0.627744E+67
    219.50  -0.627744E+67
    220.00  -0.627744E+67
    220.50  -0.627744E+67
    221.00  -0.627744E+67
    221.50  -0.627744E+67
    222.00  -0.627744E+67
    222.50  -0.627744E+67
    223.00  -0.627744E+67
    223.50  -0.627744E+67
    224.00  -0.627744E+67
    224.50  -0.627744E+67
    225.00  -0.627744E+67
    225.50  -0.627744E+67
    226.00  -0.627744E+67
    226.50  -0.627744E+67
    227.00  -0.627744E+67
    227.50  -0.627744E+67
    228.00  -0.627744E+67
    228.50  -0.627744E+67
    229.00  -0.627744E+67
    229.50  -0.627744E+67
    230.00  -0.627744E+67
    230.50  -0.627744E+67
    231.00  -0.627744E+67
    231.50  -0.627744E+67
    232.00  -0.627744E+67
    232.50  -0.627744E+67
    233.00  -0.627744E+67
    233.50  -0.627744E+67
    234.00  -0.627744E+67
    234.50  -0.627744E+67
    235.00  -0.627744E+67
    235.50  -0.627744E+67
    236.00  -0.627744E+67
    236.50  -0.627744E+67
    237.00  -0.627744E+67
    237.50  -0.627744E+67
    238.00  -0.627744E+67
    238.50  -0.627744E+67
    239.00  -0.627744E+67
    239.50  -0.627744E+67
    240.00  -0.627744E+67
    240.50  -0.627744E+67
    241.00  -0.627744E+67
    241.50  -0.627744E+67
    242.00  -0.627744E+67
    242.50  -0.627744E+67
    243.00  -0.627744E+67
    243.50  -0.627744E+67
    244.00  -0.627744E+67
    244.50  -0.627744E+67
    245.00  -0.627744E+67
    245.50  -0.627744E+67
    246.00  -0.627744E+67
    246.50  -0.627744E+67
    247.00  -0.627744E+67
    247.50  -0.627744E+67
    248.00  -0.627744E+67
    248.50  -0.627744E+67
    249.00  -0.627744E+67
    249.50  -0.627744E+67
    250.00  -0.627744E+67
    250.50  -0.627744E+67
    251.00  -0.627744E+67
    251.50  -0.627744E+67
    252.00  -0.627744E+67
    252.50  -0.627744E+67
    253.00  -0.627744E+67
    253.50  -0.627744E+67
    254.00  -0.627744E+67
    254.50  -0.627744E+67
    255.00  -0.627744E+67
    255.50  -0.627744E+67
    256.00  -0.627744E+67
    256.50  -0.627744E+67
    257.00  -0.627744E+67
    257.50  -0.627744E+67
    258.00  -0.627744E+67
    258.50  -0.627744E+67
    259.00  -0.627744E+67
    259.50  -0.627744E+67
    260.00  -0.627744E+67
    260.50  -0.627744E+67
    261.00  -0.627744E+67
    261.50  -0.627744E+67
    262.00  -0.627744E+67
    262.50  -0.627744E+67
    263.00  -0.627744E+67
    263.50  -0.627744E+67
    264.00  -0.627744E+67
    264.50  -0.627744E+67
    265.00  -0.627744E+67
    265.50  -0.627744E+67
    266.00  -0.627744E+67
    266.50  -0.627744E+67
    267.00  -0.627744E+67
    267.50  -0.627744E+67
    268.00  -0.627744E+67
    268.50  -0.627744E+67
    269.00  -0.627744E+67
    269.50  -0.627744E+67
    270.00  -0.627744E+67
    270.50  -0.627744E+67
    271.00  -0.627744E+67
    271.50  -0.627744E+67
    272.00  -0.627744E+67
    272.50  -0.627744E+67
    273.00  -0.627744E+67
    273.50  -0.627744E+67
    274.00  -0.627744E+67
    274.50  -0.627744E+67
    275.00  -0.627744E+67
    275.50  -0.627744E+67
    276.00  -0.627744E+67
    276.50  -0.627744E+67
    277.00  -0.627744E+67
    277.50  -0.627744E+67
    278.00  -0.627744E+67
    278.50  -0.627744E+67
    279.00  -0.627744E+67
    279.50  -0.627744E+67
    280.00  -0.627744E+67
    280.50  -0.627744E+67
    281.00  -0.627744E+67
    281.50  -0.627744E+67
    282.00  -0.627744E+67
    282.50  -0.627744E+67
    283.00  -0.627744E+67
    283.50  -0.627744E+67
    284.00  -0.627744E+67
    284.50  -0.627744E+67
    285.00  -0.627744E+67
    285.50  -0.627744E+67
    286.00  -0.627744E+67
    286.50  -0.627744E+67
    287.00  -0.627744E+67
    287.50  -0.627744E+67
    288.00  -0.627744E+67
    288.50  -0.627744E+67
    289.00  -0.627744E+67
    289.50  -0.627744E+67
    290.00  -0.627744E+67
    290.50  -0.627744E+67
    291.00  -0.627744E+67
    291.50  -0.627744E+67
    292.00  -0.627744E+67
    292.50  -0.627744E+67
    293.00  -0.627744E+67
    293.50  -0.627744E+67
    294.00  -0.627744E+67
    294.50  -0.627744E+67
    295.00  -0.627744E+67
    295.50  -0.627744E+67
    296.00  -0.627744E+67
    296.50  -0.627744E+67
    297.00  -0.627744E+67
    297.50  -0.627744E+67
    298.00  -0.627744E+67
    298.50  -0.627744E+67
    299.00  -0.627744E+67
    299.50  -0.627744E+67
    300.00  -0.627744E+67
    300.50  -0.627744E+67
    301.00  -0.627744E+67
    301.50  -0.627744E+67
    302.00  -0.627744E+67
    302.50  -0.627744E+67
    303.00  -0.627744E+67
    303.50  -0.627744E+67
    304.00  -0.627744E+67
    304.50  -0.627744E+67
    305.00  -0.627744E+67
    305.50  -0.627744E+67
    306.00  -0.627744E+67
    306.50  -0.627744E+67
    307.00  -0.627744E+67
    307.50  -0.627744E+67
    308.00  -0.627744E+67
    308.50  -0.627744E+67
    309.00  -0.627744E+67
    309.50  -0.627744E+67
    310.00  -0.627744E+67
    310.50  -0.627744E+67
    311.00  -0.627744E+67
    311.50  -0.627744E+67
    312.00  -0.627744E+67
    312.50  -0.627744E+67
    313.00  -0.627744E+67
    313.50  -0.627744E+67
    314.00  -0.627744E+67
    314.50  -0.627744E+67
    315.00  -0.627744E+67
    315.50  -0.627744E+67
    316.00  -0.627744E+67
    316.50  -0.627744E+67
    317.00  -0.627744E+67
    317.50  -0.627744E+67
    318.00  -0.627744E+67
    318.50  -0.627744E+67
    319.00  -0.627744E+67
    319.50  -0.627744E+67
    320.00  -0.627744E+67
    320.50  -0.627744E+67
    321.00  -0.627744E+67
    321.50  -0.627744E+67
    322.00  -0.627744E+67
    322.50  -0.627744E+67
    323.00  -0.627744E+67
    323.50  -0.627744E+67
    324.00  -0.627744E+67
    324.50  -0.627744E+67
    325.00  -0.627744E+67
    325.50  -0.627744E+67
    326.00  -0.627744E+67
    326.50  -0.627744E+67
    327.00  -0.627744E+67
    327.50  -0.627744E+67
    328.00  -0.627744E+67
    328.50  -0.627744E+67
    329.00  -0.627744E+67
    329.50  -0.627744E+67
    330.00  -0.627744E+67
    330.50  -0.627744E+67
    331.00  -0.627744E+67
    331.50  -0.627744E+67
    332.00  -0.627744E+67
    332.50  -0.627744E+67
    333.00  -0.627744E+67
    333.50  -0.627744E+67
    334.00  -0.627744E+67
    334.50  -0.627744E+67
    335.00  -0.627744E+67
    335.50  -0.627744E+67
    336.00  -0.627744E+67
    336.50  -0.627744E+67
    337.00  -0.627744E+67
    337.50  -0.627744E+67
    338.00  -0.627744E+67
    338.50  -0.627744E+67
    339.00  -0.627744E+67
    339.50  -0.627744E+67
    340.00  -0.627744E+67
    340.50  -0.627744E+67
    341.00  -0.627744E+67
    341.50  -0.627744E+67
    342.00  -0.627744E+67
    342.50  -0.627744E+67
    343.00  -0.627744E+67
    343.50  -0.627744E+67
    344.00  -0.627744E+67
    344.50  -0.627744E+67
    345.00  -0.627744E+67
    345.50  -0.627744E+67
    346.00  -0.627744E+67
    346.50  -0.627744E+67
    347.00  -0.627744E+67
    347.50  -0.627744E+67
    348.00  -0.627744E+67
    348.50  -0.627744E+67
    349.00  -0.627744E+67
    349.50  -0.627744E+67
    350.00  -0.627744E+67
    350.50  -0.627744E+67
    351.00  -0.627744E+67
    351.50  -0.627744E+67
    352.00  -0.627744E+67
    352.50  -0.627744E+67
    353.00  -0.627744E+67
    353.50  -0.627744E+67
    354.00  -0.627744E+67
    354.50  -0.627744E+67
    355.00  -0.627744E+67
    355.50  -0.627744E+67
    356.00  -0.627744E+67
    356.50  -0.627744E+67
    357.00  -0.627744E+67
    357.50  -0.627744E+67
    358.00  -0.627744E+67
    358.50  -0.627744E+67
    359.00  -0.627744E+67
    359.50  -0.627744E+67
    360.00  -0.627744E+67
    360.50  -0.627744E+67
    361.00  -0.627744E+67
    361.50  -0.627744E+67
    362.00  -0.627744E+67
    362.50  -0.627744E+67
    363.00  -0.627744E+67
    363.50  -0.627744E+67
    364.00  -0.627744E+67
    364.50  -0.627744E+67
    365.00  -0.627744E+67
    365.50  -0.627744E+67
    366.00  -0.627744E+67
    366.50  -0.627744E+67
    367.00  -0.627744E+67
    367.50  -0.627744E+67
    368.00  -0.627744E+67
    368.50  -0.627744E+67
    369.00  -0.627744E+67
    369.50  -0.627744E+67
    370.00  -0.627744E+67
    370.50  -0.627744E+67
    371.00  -0.627744E+67
    371.50  -0.627744E+67
    372.00  -0.627744E+67
    372.50  -0.627744E+67
    373.00  -0.627744E+67
    373.50  -0.627744E+67
    374.00  -0.627744E+67
    374.50  -0.627744E+67
    375.00  -0.627744E+67
    375.50  -0.627744E+67
    376.00  -0.627744E+67
    376.50  -0.627744E+67
    377.00  -0.627744E+67
    377.50  -0.627744E+67
    378.00  -0.627744E+67
    378.50  -0.627744E+67
    379.00  -0.627744E+67
    379.50  -0.627744E+67
    380.00  -0.627744E+67
    380.50  -0.627744E+67
    381.00  -0.627744E+67
    381.50  -0.627744E+67
    382.00  -0.627744E+67
    382.50  -0.627744E+67
    383.00  -0.627744E+67
    383.50  -0.627744E+67
    384.00  -0.627744E+67
    384.50  -0.627744E+67
    385.00  -0.627744E+67
    385.50  -0.627744E+67
    386.00  -0.627744E+67
    386.50  -0.627744E+67
    387.00  -0.627744E+67
    387.50  -0.627744E+67
    388.00  -0.627744E+67
    388.50  -0.627744E+67
    389.00  -0.627744E+67
    389.50  -0.627744E+67
    390.00  -0.627744E+67
    390.50  -0.627744E+67
    391.00  -0.627744E+67
    391.50  -0.627744E+67
    392.00  -0.627744E+67
    392.50  -0.627744E+67
    393.00  -0.627744E+67
    393.50  -0.627744E+67
    394.00  -0.627744E+67
    394.50  -0.627744E+67
    395.00  -0.627744E+67
    395.50  -0.627744E+67
    396.00  -0.627744E+67
    396.50  -0.627744E+67
    397.00  -0.627744E+67
    397.50  -0.627744E+67
    398.00  -0.627744E+67
    398.50  -0.627744E+67
    399.00  -0.627744E+67
    399.50  -0.627744E+67
    400.00  -0.627744E+67
    400.50  -0.627744E+67
    401.00  -0.627744E+67
    401.50  -0.627744E+67
    402.00  -0.627744E+67
    402.50  -0.627744E+67
    403.00  -0.627744E+67
    403.50  -0.627744E+67
    404.00  -0.627744E+67
    404.50  -0.627744E+67
    405.00  -0.627744E+67
    405.50  -0.627744E+67
    406.00  -0.627744E+67
    406.50  -0.627744E+67
    407.00  -0.627744E+67
    407.50  -0.627744E+67
    408.00  -0.627744E+67
    408.50  -0.627744E+67
    409.00  -0.627744E+67
    409.50  -0.627744E+67
    410.00  -0.627744E+67
    410.50  -0.627744E+67
    411.00  -0.627744E+67
    411.50  -0.627744E+67
    412.00  -0.627744E+67
    412.50  -0.627744E+67
    413.00  -0.627744E+67
    413.50  -0.627744E+67
    414.00  -0.627744E+67
    414.50  -0.627744E+67
    415.00  -0.627744E+67
    415.50  -0.627744E+67
    416.00  -0.627744E+67
    416.50  -0.627744E+67
    417.00  -0.627744E+67
    417.50  -0.627744E+67
    418.00  -0.627744E+67
    418.50  -0.627744E+67
    419.00  -0.627744E+67
    419.50  -0.627744E+67
    420.00  -0.627744E+67
    420.50  -0.627744E+67
    421.00  -0.627744E+67
    421.50  -0.627744E+67
    422.00  -0.627744E+67
    422.50  -0.627744E+67
    423.00  -0.627744E+67
    423.50  -0.627744E+67
    424.00  -0.627744E+67
    424.50  -0.627744E+67
    425.00  -0.627744E+67
    425.50  -0.627744E+67
    426.00  -0.627744E+67
    426.50  -0.627744E+67
    427.00  -0.627744E+67
    427.50  -0.627744E+67
    428.00  -0.627744E+67
    428.50  -0.627744E+67
    429.00  -0.627744E+67
    429.50  -0.627744E+67
    430.00  -0.627744E+67
    430.50  -0.627744E+67
    431.00  -0.627744E+67
    431.50  -0.627744E+67
    432.00  -0.627744E+67
    432.50  -0.627744E+67
    433.00  -0.627744E+67
    433.50  -0.627744E+67
    434.00  -0.627744E+67
    434.50  -0.627744E+67
    435.00  -0.627744E+67
    435.50  -0.627744E+67
    436.00  -0.627744E+67
    436.50  -0.627744E+67
    437.00  -0.627744E+67
    437.50  -0.627744E+67
    438.00  -0.627744E+67
    438.50  -0.627744E+67
    439.00  -0.627744E+67
    439.50  -0.627744E+67
    440.00  -0.627744E+67
    440.50  -0.627744E+67
    441.00  -0.627744E+67
    441.50  -0.627744E+67
    442.00  -0.627744E+67
    442.50  -0.627744E+67
    443.00  -0.627744E+67
    443.50  -0.627744E+67
    444.00  -0.627744E+67
    444.50  -0.627744E+67
    445.00  -0.627744E+67
    445.50  -0.627744E+67
    446.00  -0.627744E+67
    446.50  -0.627744E+67
    447.00  -0.627744E+67
    447.50  -0.627744E+67
    448.00  -0.627744E+67
    448.50  -0.627744E+67
    449.00  -0.627744E+67
    449.50  -0.627744E+67
    450.00  -0.627744E+67
    450.50  -0.627744E+67
    451.00  -0.627744E+67
    451.50  -0.627744E+67
    452.00  -0.627744E+67
    452.50  -0.627744E+67
    453.00  -0.627744E+67
    453.50  -0.627744E+67
    454.00  -0.627744E+67
    454.50  -0.627744E+67
    455.00  -0.627744E+67
    455.50  -0.627744E+67
    456.00  -0.627744E+67
    456.50  -0.627744E+67
    457.00  -0.627744E+67
    457.50  -0.627744E+67
    458.00  -0.627744E+67
    458.50  -0.627744E+67
    459.00  -0.627744E+67
    459.50  -0.627744E+67
    460.00  -0.627744E+67
    460.50  -0.627744E+67
    461.00  -0.627744E+67
    461.50  -0.627744E+67
    462.00  -0.627744E+67
    462.50  -0.627744E+67
    463.00  -0.627744E+67
    463.50  -0.627744E+67
    464.00  -0.627744E+67
    464.50  -0.627744E+67
    465.00  -0.627744E+67
    465.50  -0.627744E+67
    466.00  -0.627744E+67
    466.50  -0.627744E+67
    467.00  -0.627744E+67
    467.50  -0.627744E+67
    468.00  -0.627744E+67
    468.50  -0.627744E+67
    469.00  -0.627744E+67
    469.50  -0.627744E+67
    470.00  -0.627744E+67
    470.50  -0.627744E+67
    471.00  -0.627744E+67
    471.50  -0.627744E+67
    472.00  -0.627744E+67
    472.50  -0.627744E+67
    473.00  -0.627744E+67
    473.50  -0.627744E+67
    474.00  -0.627744E+67
    474.50  -0.627744E+67
    475.00  -0.627744E+67
    475.50  -0.627744E+67
    476.00  -0.627744E+67
    476.50  -0.627744E+67
    477.00  -0.627744E+67
    477.50  -0.627744E+67
    478.00  -0.627744E+67
    478.50  -0.627744E+67
    479.00  -0.627744E+67
    479.50  -0.627744E+67
    480.00  -0.627744E+67
    480.50  -0.627744E+67
    481.00  -0.627744E+67
    481.50  -0.627744E+67
    482.00  -0.627744E+67
    482.50  -0.627744E+67
    483.00  -0.627744E+67
    483.50  -0.627744E+67
    484.00  -0.627744E+67
    484.50  -0.627744E+67
    485.00  -0.627744E+67
    485.50  -0.627744E+67
    486.00  -0.627744E+67
    486.50  -0.627744E+67
    487.00  -0.627744E+67
    487.50  -0.627744E+67
    488.00  -0.627744E+67
    488.50  -0.627744E+67
    489.00  -0.627744E+67
    489.50  -0.627744E+67
    490.00  -0.627744E+67
    490.50  -0.627744E+67
    491.00  -0.627744E+67
    491.50  -0.627744E+67
    492.00  -0.627744E+67
    492.50  -0.627744E+67
    493.00  -0.627744E+67
    493.50  -0.627744E+67
    494.00  -0.627744E+67
    494.50  -0.627744E+67
    495.00  -0.627744E+67
    495.50  -0.627744E+67
    496.00  -0.627744E+67
    496.50  -0.627744E+67
    497.00  -0.627744E+67
    497.50  -0.627744E+67
    498.00  -0.627744E+67
    498.50  -0.627744E+67
    499.00  -0.627744E+67
    499.50  -0.627744E+67
