      0.00   0.000000E+00
      0.50   0.000000E+00
      1.00   0.000000E+00
      1.50   0.000000E+00
      2.00   0.000000E+00
      2.50   0.000000E+00
      3.00   0.000000E+00
      3.50   0.000000E+00
      4.00   0.000000E+00
      4.50   0.000000E+00
      5.00   0.000000E+00
      5.50   0.000000E+00
      6.00   0.000000E+00
      6.50   0.000000E+00
      7.00   0.000000E+00
      7.50   0.000000E+00
      8.00   0.000000E+00
      8.50   0.000000E+00
      9.00   0.121100E+02
      9.50   0.121100E+02
     10.00   0.121100E+02
     10.50   0.121100E+02
     11.00   0.121100E+02
     11.50   0.121100E+02
     12.00   0.121100E+02
     12.50   0.121100E+02
     13.00   0.121100E+02
     13.50   0.121100E+02
     14.00   0.121100E+02
     14.50   0.121100E+02
     15.00   0.121100E+02
     15.50   0.121100E+02
     16.00   0.121100E+02
     16.50   0.121100E+02
     17.00   0.121100E+02
     17.50   0.121100E+02
     18.00   0.121100E+02
     18.50   0.121100E+02
     19.00   0.121100E+02
     19.50   0.121100E+02
     20.00   0.121100E+02
     20.50   0.121100E+02
     21.00   0.121100E+02
     21.50   0.121100E+02
     22.00   0.121100E+02
     22.50   0.121100E+02
     23.00   0.121100E+02
     23.50   0.121100E+02
     24.00   0.121100E+02
     24.50   0.121100E+02
     25.00   0.121100E+02
     25.50   0.121100E+02
     26.00   0.121100E+02
     26.50   0.121100E+02
     27.00   0.121100E+02
     27.50   0.121100E+02
     28.00   0.121100E+02
     28.50   0.121100E+02
     29.00   0.121100E+02
     29.50   0.121100E+02
     30.00   0.121100E+02
     30.50   0.121100E+02
     31.00   0.121100E+02
     31.50   0.121100E+02
     32.00   0.121100E+02
     32.50   0.121100E+02
     33.00   0.121100E+02
     33.50   0.121100E+02
     34.00   0.121100E+02
     34.50   0.121100E+02
     35.00   0.121100E+02
     35.50   0.121100E+02
     36.00   0.121100E+02
     36.50   0.121100E+02
     37.00   0.121100E+02
     37.50   0.121100E+02
     38.00   0.121100E+02
     38.50   0.121100E+02
     39.00   0.121100E+02
     39.50   0.121100E+02
     40.00   0.121100E+02
     40.50   0.121100E+02
     41.00   0.121100E+02
     41.50   0.121100E+02
     42.00   0.121100E+02
     42.50   0.121100E+02
     43.00   0.121100E+02
     43.50   0.121100E+02
     44.00   0.121100E+02
     44.50   0.121100E+02
     45.00   0.121100E+02
     45.50   0.121100E+02
     46.00   0.121100E+02
     46.50   0.121100E+02
     47.00   0.121100E+02
     47.50   0.121100E+02
     48.00   0.121100E+02
     48.50   0.121100E+02
     49.00   0.121100E+02
     49.50   0.121100E+02
     50.00   0.121100E+02
     50.50   0.121100E+02
     51.00   0.121100E+02
     51.50   0.121100E+02
     52.00   0.121100E+02
     52.50   0.121100E+02
     53.00   0.121100E+02
     53.50   0.121100E+02
     54.00   0.121100E+02
     54.50   0.121100E+02
     55.00   0.121100E+02
     55.50   0.121100E+02
     56.00   0.121100E+02
     56.50   0.121100E+02
     57.00   0.121100E+02
     57.50   0.121100E+02
     58.00   0.121100E+02
     58.50   0.000000E+00
     59.00   0.000000E+00
     59.50   0.000000E+00
     60.00   0.000000E+00
     60.50   0.000000E+00
     61.00   0.000000E+00
     61.50   0.000000E+00
     62.00   0.000000E+00
     62.50   0.000000E+00
     63.00   0.000000E+00
     63.50   0.000000E+00
     64.00   0.000000E+00
     64.50   0.000000E+00
     65.00   0.000000E+00
     65.50   0.000000E+00
     66.00   0.000000E+00
     66.50   0.000000E+00
     67.00   0.000000E+00
     67.50   0.000000E+00
     68.00   0.000000E+00
     68.50   0.121100E+02
     69.00   0.121100E+02
     69.50   0.121100E+02
     70.00   0.121100E+02
     70.50   0.121100E+02
     71.00   0.121100E+02
     71.50   0.121100E+02
     72.00   0.121100E+02
     72.50   0.121100E+02
     73.00   0.121100E+02
     73.50   0.121100E+02
     74.00   0.121100E+02
     74.50   0.121100E+02
     75.00   0.121100E+02
     75.50   0.121100E+02
     76.00   0.121100E+02
     76.50   0.121100E+02
     77.00   0.121100E+02
     77.50   0.121100E+02
     78.00   0.121100E+02
     78.50   0.121100E+02
     79.00   0.121100E+02
     79.50   0.121100E+02
     80.00   0.121100E+02
     80.50   0.121100E+02
     81.00   0.121100E+02
     81.50   0.121100E+02
     82.00   0.121100E+02
     82.50   0.121100E+02
     83.00   0.121100E+02
     83.50   0.121100E+02
     84.00   0.121100E+02
     84.50   0.121100E+02
     85.00   0.121100E+02
     85.50   0.121100E+02
     86.00   0.121100E+02
     86.50   0.121100E+02
     87.00   0.121100E+02
     87.50   0.121100E+02
     88.00   0.121100E+02
     88.50   0.121100E+02
     89.00   0.121100E+02
     89.50   0.121100E+02
     90.00   0.121100E+02
     90.50   0.121100E+02
     91.00   0.121100E+02
     91.50   0.121100E+02
     92.00   0.121100E+02
     92.50   0.121100E+02
     93.00   0.121100E+02
     93.50   0.121100E+02
     94.00   0.121100E+02
     94.50   0.121100E+02
     95.00   0.121100E+02
     95.50   0.121100E+02
     96.00   0.121100E+02
     96.50   0.121100E+02
     97.00   0.121100E+02
     97.50   0.121100E+02
     98.00   0.121100E+02
     98.50   0.121100E+02
     99.00   0.121100E+02
     99.50   0.121100E+02
    100.00   0.121100E+02
    100.50   0.121100E+02
    101.00   0.121100E+02
    101.50   0.121100E+02
    102.00   0.121100E+02
    102.50   0.121100E+02
    103.00   0.121100E+02
    103.50   0.121100E+02
    104.00   0.121100E+02
    104.50   0.121100E+02
    105.00   0.121100E+02
    105.50   0.121100E+02
    106.00   0.121100E+02
    106.50   0.121100E+02
    107.00   0.121100E+02
    107.50   0.121100E+02
    108.00   0.121100E+02
    108.50   0.121100E+02
    109.00   0.121100E+02
    109.50   0.121100E+02
    110.00   0.121100E+02
    110.50   0.121100E+02
    111.00   0.121100E+02
    111.50   0.121100E+02
    112.00   0.121100E+02
    112.50   0.121100E+02
    113.00   0.121100E+02
    113.50   0.121100E+02
    114.00   0.121100E+02
    114.50   0.121100E+02
    115.00   0.121100E+02
    115.50   0.000000E+00
    116.00   0.000000E+00
    116.50   0.000000E+00
    117.00   0.000000E+00
    117.50   0.000000E+00
    118.00   0.000000E+00
    118.50   0.000000E+00
    119.00   0.000000E+00
    119.50   0.000000E+00
    120.00   0.000000E+00
    120.50   0.000000E+00
    121.00   0.000000E+00
    121.50   0.000000E+00
    122.00   0.000000E+00
    122.50   0.000000E+00
    123.00   0.000000E+00
    123.50   0.121100E+02
    124.00   0.121100E+02
    124.50   0.121100E+02
    125.00   0.121100E+02
    125.50   0.121100E+02
    126.00   0.121100E+02
    126.50   0.121100E+02
    127.00   0.121100E+02
    127.50   0.121100E+02
    128.00   0.121100E+02
    128.50   0.121100E+02
    129.00   0.121100E+02
    129.50   0.121100E+02
    130.00   0.121100E+02
    130.50   0.121100E+02
    131.00   0.121100E+02
    131.50   0.121100E+02
    132.00   0.121100E+02
    132.50   0.121100E+02
    133.00   0.121100E+02
    133.50   0.121100E+02
    134.00   0.121100E+02
    134.50   0.121100E+02
    135.00   0.121100E+02
    135.50   0.121100E+02
    136.00   0.121100E+02
    136.50   0.121100E+02
    137.00   0.121100E+02
    137.50   0.121100E+02
    138.00   0.121100E+02
    138.50   0.121100E+02
    139.00   0.121100E+02
    139.50   0.121100E+02
    140.00   0.121100E+02
    140.50   0.121100E+02
    141.00   0.121100E+02
    141.50   0.121100E+02
    142.00   0.121100E+02
    142.50   0.121100E+02
    143.00   0.121100E+02
    143.50   0.121100E+02
    144.00   0.121100E+02
    144.50   0.121100E+02
    145.00   0.121100E+02
    145.50   0.121100E+02
    146.00   0.121100E+02
    146.50   0.121100E+02
    147.00   0.121100E+02
    147.50   0.121100E+02
    148.00   0.121100E+02
    148.50   0.121100E+02
    149.00   0.121100E+02
    149.50   0.121100E+02
    150.00   0.121100E+02
    150.50   0.121100E+02
    151.00   0.121100E+02
    151.50   0.121100E+02
    152.00   0.121100E+02
    152.50   0.121100E+02
    153.00   0.121100E+02
    153.50   0.121100E+02
    154.00   0.121100E+02
    154.50   0.121100E+02
    155.00   0.121100E+02
    155.50   0.121100E+02
    156.00   0.121100E+02
    156.50   0.121100E+02
    157.00   0.121100E+02
    157.50   0.121100E+02
    158.00   0.121100E+02
    158.50   0.121100E+02
    159.00   0.121100E+02
    159.50   0.121100E+02
    160.00   0.121100E+02
    160.50   0.121100E+02
    161.00   0.121100E+02
    161.50   0.121100E+02
    162.00   0.121100E+02
    162.50   0.121100E+02
    163.00   0.121100E+02
    163.50   0.121100E+02
    164.00   0.121100E+02
    164.50   0.121100E+02
    165.00   0.121100E+02
    165.50   0.121100E+02
    166.00   0.121100E+02
    166.50   0.121100E+02
    167.00   0.121100E+02
    167.50   0.121100E+02
    168.00   0.121100E+02
    168.50   0.121100E+02
    169.00   0.121100E+02
    169.50   0.121100E+02
    170.00   0.121100E+02
    170.50   0.000000E+00
    171.00   0.000000E+00
    171.50   0.000000E+00
    172.00   0.000000E+00
    172.50   0.000000E+00
    173.00   0.000000E+00
    173.50   0.000000E+00
    174.00   0.000000E+00
    174.50   0.000000E+00
    175.00   0.000000E+00
    175.50   0.000000E+00
    176.00   0.000000E+00
    176.50   0.000000E+00
    177.00   0.000000E+00
    177.50   0.000000E+00
    178.00   0.000000E+00
    178.50   0.000000E+00
    179.00   0.000000E+00
    179.50   0.121100E+02
    180.00   0.121100E+02
    180.50   0.121100E+02
    181.00   0.121100E+02
    181.50   0.121100E+02
    182.00   0.121100E+02
    182.50   0.121100E+02
    183.00   0.121100E+02
    183.50   0.121100E+02
    184.00   0.121100E+02
    184.50   0.121100E+02
    185.00   0.121100E+02
    185.50   0.121100E+02
    186.00   0.121100E+02
    186.50   0.121100E+02
    187.00   0.121100E+02
    187.50   0.121100E+02
    188.00   0.121100E+02
    188.50   0.121100E+02
    189.00   0.121100E+02
    189.50   0.121100E+02
    190.00   0.121100E+02
    190.50   0.121100E+02
    191.00   0.121100E+02
    191.50   0.121100E+02
    192.00   0.121100E+02
    192.50   0.121100E+02
    193.00   0.121100E+02
    193.50   0.121100E+02
    194.00   0.121100E+02
    194.50   0.121100E+02
    195.00   0.121100E+02
    195.50   0.121100E+02
    196.00   0.121100E+02
    196.50   0.121100E+02
    197.00   0.121100E+02
    197.50   0.121100E+02
    198.00   0.121100E+02
    198.50   0.121100E+02
    199.00   0.121100E+02
    199.50   0.121100E+02
    200.00   0.121100E+02
    200.50   0.121100E+02
    201.00   0.121100E+02
    201.50   0.121100E+02
    202.00   0.121100E+02
    202.50   0.121100E+02
    203.00   0.121100E+02
    203.50   0.121100E+02
    204.00   0.121100E+02
    204.50   0.121100E+02
    205.00   0.121100E+02
    205.50   0.121100E+02
    206.00   0.121100E+02
    206.50   0.121100E+02
    207.00   0.121100E+02
    207.50   0.121100E+02
    208.00   0.121100E+02
    208.50   0.121100E+02
    209.00   0.121100E+02
    209.50   0.121100E+02
    210.00   0.121100E+02
    210.50   0.121100E+02
    211.00   0.121100E+02
    211.50   0.121100E+02
    212.00   0.121100E+02
    212.50   0.121100E+02
    213.00   0.121100E+02
    213.50   0.121100E+02
    214.00   0.121100E+02
    214.50   0.121100E+02
    215.00   0.121100E+02
    215.50   0.121100E+02
    216.00   0.121100E+02
    216.50   0.121100E+02
    217.00   0.121100E+02
    217.50   0.121100E+02
    218.00   0.121100E+02
    218.50   0.121100E+02
    219.00   0.121100E+02
    219.50   0.121100E+02
    220.00   0.121100E+02
    220.50   0.121100E+02
    221.00   0.121100E+02
    221.50   0.121100E+02
    222.00   0.121100E+02
    222.50   0.121100E+02
    223.00   0.121100E+02
    223.50   0.000000E+00
    224.00   0.000000E+00
    224.50   0.000000E+00
    225.00   0.000000E+00
    225.50   0.000000E+00
    226.00   0.000000E+00
    226.50   0.000000E+00
    227.00   0.000000E+00
    227.50   0.000000E+00
    228.00   0.000000E+00
    228.50   0.000000E+00
    229.00   0.000000E+00
    229.50   0.000000E+00
    230.00   0.000000E+00
    230.50   0.000000E+00
    231.00   0.000000E+00
    231.50   0.000000E+00
    232.00   0.000000E+00
    232.50   0.000000E+00
    233.00   0.000000E+00
    233.50   0.000000E+00
    234.00   0.000000E+00
    234.50   0.000000E+00
    235.00   0.000000E+00
    235.50   0.000000E+00
    236.00   0.000000E+00
    236.50   0.000000E+00
    237.00   0.000000E+00
    237.50   0.000000E+00
    238.00   0.121100E+02
    238.50   0.121100E+02
    239.00   0.121100E+02
    239.50   0.121100E+02
    240.00   0.121100E+02
    240.50   0.121100E+02
    241.00   0.121100E+02
    241.50   0.121100E+02
    242.00   0.121100E+02
    242.50   0.121100E+02
    243.00   0.121100E+02
    243.50   0.121100E+02
    244.00   0.121100E+02
    244.50   0.121100E+02
    245.00   0.121100E+02
    245.50   0.121100E+02
    246.00   0.121100E+02
    246.50   0.121100E+02
    247.00   0.121100E+02
    247.50   0.121100E+02
    248.00   0.121100E+02
    248.50   0.121100E+02
    249.00   0.121100E+02
    249.50   0.121100E+02
    250.00   0.121100E+02
    250.50   0.121100E+02
    251.00   0.121100E+02
    251.50   0.121100E+02
    252.00   0.121100E+02
    252.50   0.121100E+02
    253.00   0.121100E+02
    253.50   0.121100E+02
    254.00   0.121100E+02
    254.50   0.121100E+02
    255.00   0.121100E+02
    255.50   0.121100E+02
    256.00   0.121100E+02
    256.50   0.121100E+02
    257.00   0.121100E+02
    257.50   0.121100E+02
    258.00   0.121100E+02
    258.50   0.121100E+02
    259.00   0.121100E+02
    259.50   0.121100E+02
    260.00   0.121100E+02
    260.50   0.121100E+02
    261.00   0.121100E+02
    261.50   0.121100E+02
    262.00   0.121100E+02
    262.50   0.121100E+02
    263.00   0.121100E+02
    263.50   0.121100E+02
    264.00   0.121100E+02
    264.50   0.121100E+02
    265.00   0.121100E+02
    265.50   0.121100E+02
    266.00   0.121100E+02
    266.50   0.121100E+02
    267.00   0.121100E+02
    267.50   0.121100E+02
    268.00   0.121100E+02
    268.50   0.121100E+02
    269.00   0.121100E+02
    269.50   0.121100E+02
    270.00   0.121100E+02
    270.50   0.121100E+02
    271.00   0.121100E+02
    271.50   0.121100E+02
    272.00   0.121100E+02
    272.50   0.121100E+02
    273.00   0.121100E+02
    273.50   0.121100E+02
    274.00   0.121100E+02
    274.50   0.121100E+02
    275.00   0.121100E+02
    275.50   0.121100E+02
    276.00   0.121100E+02
    276.50   0.121100E+02
    277.00   0.121100E+02
    277.50   0.121100E+02
    278.00   0.121100E+02
    278.50   0.121100E+02
    279.00   0.121100E+02
    279.50   0.121100E+02
    280.00   0.121100E+02
    280.50   0.121100E+02
    281.00   0.121100E+02
    281.50   0.121100E+02
    282.00   0.121100E+02
    282.50   0.121100E+02
    283.00   0.121100E+02
    283.50   0.000000E+00
    284.00   0.000000E+00
    284.50   0.000000E+00
    285.00   0.000000E+00
    285.50   0.000000E+00
    286.00   0.000000E+00
    286.50   0.000000E+00
    287.00   0.000000E+00
    287.50   0.000000E+00
    288.00   0.000000E+00
    288.50   0.000000E+00
    289.00   0.000000E+00
    289.50   0.000000E+00
    290.00   0.000000E+00
    290.50   0.000000E+00
    291.00   0.000000E+00
    291.50   0.121100E+02
    292.00   0.121100E+02
    292.50   0.121100E+02
    293.00   0.121100E+02
    293.50   0.121100E+02
    294.00   0.121100E+02
    294.50   0.121100E+02
    295.00   0.121100E+02
    295.50   0.121100E+02
    296.00   0.121100E+02
    296.50   0.121100E+02
    297.00   0.121100E+02
    297.50   0.121100E+02
    298.00   0.121100E+02
    298.50   0.121100E+02
    299.00   0.121100E+02
    299.50   0.121100E+02
    300.00   0.121100E+02
    300.50   0.121100E+02
    301.00   0.121100E+02
    301.50   0.121100E+02
    302.00   0.121100E+02
    302.50   0.121100E+02
    303.00   0.121100E+02
    303.50   0.121100E+02
    304.00   0.121100E+02
    304.50   0.121100E+02
    305.00   0.121100E+02
    305.50   0.121100E+02
    306.00   0.121100E+02
    306.50   0.121100E+02
    307.00   0.121100E+02
    307.50   0.121100E+02
    308.00   0.121100E+02
    308.50   0.121100E+02
    309.00   0.121100E+02
    309.50   0.121100E+02
    310.00   0.121100E+02
    310.50   0.121100E+02
    311.00   0.121100E+02
    311.50   0.121100E+02
    312.00   0.121100E+02
    312.50   0.121100E+02
    313.00   0.121100E+02
    313.50   0.121100E+02
    314.00   0.121100E+02
    314.50   0.121100E+02
    315.00   0.121100E+02
    315.50   0.121100E+02
    316.00   0.121100E+02
    316.50   0.121100E+02
    317.00   0.121100E+02
    317.50   0.121100E+02
    318.00   0.121100E+02
    318.50   0.121100E+02
    319.00   0.121100E+02
    319.50   0.121100E+02
    320.00   0.121100E+02
    320.50   0.121100E+02
    321.00   0.121100E+02
    321.50   0.121100E+02
    322.00   0.121100E+02
    322.50   0.121100E+02
    323.00   0.121100E+02
    323.50   0.121100E+02
    324.00   0.121100E+02
    324.50   0.121100E+02
    325.00   0.121100E+02
    325.50   0.121100E+02
    326.00   0.121100E+02
    326.50   0.121100E+02
    327.00   0.121100E+02
    327.50   0.121100E+02
    328.00   0.121100E+02
    328.50   0.121100E+02
    329.00   0.121100E+02
    329.50   0.121100E+02
    330.00   0.121100E+02
    330.50   0.121100E+02
    331.00   0.121100E+02
    331.50   0.121100E+02
    332.00   0.121100E+02
    332.50   0.121100E+02
    333.00   0.121100E+02
    333.50   0.121100E+02
    334.00   0.121100E+02
    334.50   0.121100E+02
    335.00   0.121100E+02
    335.50   0.121100E+02
    336.00   0.000000E+00
    336.50   0.000000E+00
    337.00   0.000000E+00
    337.50   0.000000E+00
    338.00   0.000000E+00
    338.50   0.000000E+00
    339.00   0.000000E+00
    339.50   0.000000E+00
    340.00   0.000000E+00
    340.50   0.000000E+00
    341.00   0.000000E+00
    341.50   0.000000E+00
    342.00   0.000000E+00
    342.50   0.000000E+00
    343.00   0.000000E+00
    343.50   0.000000E+00
    344.00   0.000000E+00
    344.50   0.000000E+00
    345.00   0.000000E+00
    345.50   0.000000E+00
    346.00   0.000000E+00
    346.50   0.000000E+00
    347.00   0.000000E+00
    347.50   0.000000E+00
    348.00   0.000000E+00
    348.50   0.000000E+00
    349.00   0.000000E+00
    349.50   0.000000E+00
    350.00   0.000000E+00
    350.50   0.000000E+00
    351.00   0.000000E+00
    351.50   0.000000E+00
    352.00   0.000000E+00
    352.50   0.121100E+02
    353.00   0.121100E+02
    353.50   0.121100E+02
    354.00   0.121100E+02
    354.50   0.121100E+02
    355.00   0.121100E+02
    355.50   0.121100E+02
    356.00   0.121100E+02
    356.50   0.121100E+02
    357.00   0.121100E+02
    357.50   0.121100E+02
    358.00   0.121100E+02
    358.50   0.121100E+02
    359.00   0.121100E+02
    359.50   0.121100E+02
    360.00   0.121100E+02
    360.50   0.121100E+02
    361.00   0.121100E+02
    361.50   0.121100E+02
    362.00   0.121100E+02
    362.50   0.121100E+02
    363.00   0.121100E+02
    363.50   0.121100E+02
    364.00   0.121100E+02
    364.50   0.121100E+02
    365.00   0.121100E+02
    365.50   0.121100E+02
    366.00   0.121100E+02
    366.50   0.121100E+02
    367.00   0.121100E+02
    367.50   0.121100E+02
    368.00   0.121100E+02
    368.50   0.121100E+02
    369.00   0.121100E+02
    369.50   0.121100E+02
    370.00   0.121100E+02
    370.50   0.121100E+02
    371.00   0.121100E+02
    371.50   0.121100E+02
    372.00   0.121100E+02
    372.50   0.121100E+02
    373.00   0.121100E+02
    373.50   0.121100E+02
    374.00   0.121100E+02
    374.50   0.121100E+02
    375.00   0.121100E+02
    375.50   0.121100E+02
    376.00   0.121100E+02
    376.50   0.121100E+02
    377.00   0.121100E+02
    377.50   0.121100E+02
    378.00   0.121100E+02
    378.50   0.121100E+02
    379.00   0.121100E+02
    379.50   0.121100E+02
    380.00   0.121100E+02
    380.50   0.121100E+02
    381.00   0.121100E+02
    381.50   0.121100E+02
    382.00   0.121100E+02
    382.50   0.121100E+02
    383.00   0.121100E+02
    383.50   0.121100E+02
    384.00   0.121100E+02
    384.50   0.121100E+02
    385.00   0.121100E+02
    385.50   0.121100E+02
    386.00   0.121100E+02
    386.50   0.121100E+02
    387.00   0.121100E+02
    387.50   0.121100E+02
    388.00   0.121100E+02
    388.50   0.121100E+02
    389.00   0.121100E+02
    389.50   0.000000E+00
    390.00   0.000000E+00
    390.50   0.000000E+00
    391.00   0.000000E+00
    391.50   0.000000E+00
    392.00   0.000000E+00
    392.50   0.000000E+00
    393.00   0.000000E+00
    393.50   0.000000E+00
    394.00   0.000000E+00
    394.50   0.000000E+00
    395.00   0.000000E+00
    395.50   0.000000E+00
    396.00   0.000000E+00
    396.50   0.000000E+00
    397.00   0.000000E+00
    397.50   0.000000E+00
    398.00   0.000000E+00
    398.50   0.000000E+00
    399.00   0.000000E+00
    399.50   0.000000E+00
    400.00   0.000000E+00
    400.50   0.000000E+00
    401.00   0.000000E+00
    401.50   0.000000E+00
    402.00   0.000000E+00
    402.50   0.000000E+00
    403.00   0.000000E+00
    403.50   0.000000E+00
    404.00   0.000000E+00
    404.50   0.000000E+00
    405.00   0.000000E+00
    405.50   0.121100E+02
    406.00   0.121100E+02
    406.50   0.121100E+02
    407.00   0.121100E+02
    407.50   0.121100E+02
    408.00   0.121100E+02
    408.50   0.121100E+02
    409.00   0.121100E+02
    409.50   0.121100E+02
    410.00   0.121100E+02
    410.50   0.121100E+02
    411.00   0.121100E+02
    411.50   0.121100E+02
    412.00   0.121100E+02
    412.50   0.121100E+02
    413.00   0.121100E+02
    413.50   0.121100E+02
    414.00   0.121100E+02
    414.50   0.121100E+02
    415.00   0.121100E+02
    415.50   0.121100E+02
    416.00   0.121100E+02
    416.50   0.121100E+02
    417.00   0.121100E+02
    417.50   0.121100E+02
    418.00   0.121100E+02
    418.50   0.121100E+02
    419.00   0.121100E+02
    419.50   0.121100E+02
    420.00   0.121100E+02
    420.50   0.121100E+02
    421.00   0.121100E+02
    421.50   0.121100E+02
    422.00   0.121100E+02
    422.50   0.121100E+02
    423.00   0.121100E+02
    423.50   0.121100E+02
    424.00   0.121100E+02
    424.50   0.121100E+02
    425.00   0.121100E+02
    425.50   0.121100E+02
    426.00   0.121100E+02
    426.50   0.121100E+02
    427.00   0.121100E+02
    427.50   0.121100E+02
    428.00   0.121100E+02
    428.50   0.121100E+02
    429.00   0.121100E+02
    429.50   0.121100E+02
    430.00   0.121100E+02
    430.50   0.121100E+02
    431.00   0.121100E+02
    431.50   0.121100E+02
    432.00   0.121100E+02
    432.50   0.121100E+02
    433.00   0.121100E+02
    433.50   0.121100E+02
    434.00   0.121100E+02
    434.50   0.121100E+02
    435.00   0.121100E+02
    435.50   0.121100E+02
    436.00   0.121100E+02
    436.50   0.121100E+02
    437.00   0.121100E+02
    437.50   0.121100E+02
    438.00   0.121100E+02
    438.50   0.121100E+02
    439.00   0.121100E+02
    439.50   0.121100E+02
    440.00   0.121100E+02
    440.50   0.121100E+02
    441.00   0.121100E+02
    441.50   0.121100E+02
    442.00   0.121100E+02
    442.50   0.121100E+02
    443.00   0.121100E+02
    443.50   0.121100E+02
    444.00   0.121100E+02
    444.50   0.121100E+02
    445.00   0.121100E+02
    445.50   0.121100E+02
    446.00   0.121100E+02
    446.50   0.121100E+02
    447.00   0.121100E+02
    447.50   0.121100E+02
    448.00   0.121100E+02
    448.50   0.121100E+02
    449.00   0.121100E+02
    449.50   0.000000E+00
    450.00   0.000000E+00
    450.50   0.000000E+00
    451.00   0.000000E+00
    451.50   0.000000E+00
    452.00   0.000000E+00
    452.50   0.000000E+00
    453.00   0.000000E+00
    453.50   0.000000E+00
    454.00   0.000000E+00
    454.50   0.000000E+00
    455.00   0.000000E+00
    455.50   0.000000E+00
    456.00   0.000000E+00
    456.50   0.000000E+00
    457.00   0.000000E+00
    457.50   0.000000E+00
    458.00   0.000000E+00
    458.50   0.000000E+00
    459.00   0.000000E+00
    459.50   0.000000E+00
    460.00   0.000000E+00
    460.50   0.000000E+00
    461.00   0.000000E+00
    461.50   0.000000E+00
    462.00   0.000000E+00
    462.50   0.000000E+00
    463.00   0.000000E+00
    463.50   0.000000E+00
    464.00   0.000000E+00
    464.50   0.000000E+00
    465.00   0.000000E+00
    465.50   0.000000E+00
    466.00   0.000000E+00
    466.50   0.000000E+00
    467.00   0.121100E+02
    467.50   0.121100E+02
    468.00   0.121100E+02
    468.50   0.121100E+02
    469.00   0.121100E+02
    469.50   0.121100E+02
    470.00   0.121100E+02
    470.50   0.121100E+02
    471.00   0.121100E+02
    471.50   0.121100E+02
    472.00   0.121100E+02
    472.50   0.121100E+02
    473.00   0.121100E+02
    473.50   0.121100E+02
    474.00   0.121100E+02
    474.50   0.121100E+02
    475.00   0.121100E+02
    475.50   0.121100E+02
    476.00   0.121100E+02
    476.50   0.121100E+02
    477.00   0.121100E+02
    477.50   0.121100E+02
    478.00   0.121100E+02
    478.50   0.121100E+02
    479.00   0.121100E+02
    479.50   0.121100E+02
    480.00   0.121100E+02
    480.50   0.121100E+02
    481.00   0.121100E+02
    481.50   0.121100E+02
    482.00   0.121100E+02
    482.50   0.121100E+02
    483.00   0.121100E+02
    483.50   0.121100E+02
    484.00   0.121100E+02
    484.50   0.121100E+02
    485.00   0.121100E+02
    485.50   0.121100E+02
    486.00   0.121100E+02
    486.50   0.121100E+02
    487.00   0.121100E+02
    487.50   0.121100E+02
    488.00   0.121100E+02
    488.50   0.121100E+02
    489.00   0.121100E+02
    489.50   0.121100E+02
    490.00   0.121100E+02
    490.50   0.121100E+02
    491.00   0.121100E+02
    491.50   0.121100E+02
    492.00   0.121100E+02
    492.50   0.121100E+02
    493.00   0.121100E+02
    493.50   0.121100E+02
    494.00   0.121100E+02
    494.50   0.121100E+02
    495.00   0.121100E+02
    495.50   0.121100E+02
    496.00   0.121100E+02
    496.50   0.121100E+02
    497.00   0.121100E+02
    497.50   0.121100E+02
    498.00   0.121100E+02
    498.50   0.121100E+02
    499.00   0.121100E+02
    499.50   0.121100E+02


Time of operation was     614.062seconds
