      0.00   0.000000E+00
      0.50   0.000000E+00
      1.00   0.000000E+00
      1.50   0.000000E+00
      2.00   0.000000E+00
      2.50   0.000000E+00
      3.00   0.000000E+00
      3.50   0.000000E+00
      4.00   0.000000E+00
      4.50   0.000000E+00
      5.00   0.000000E+00
      5.50   0.000000E+00
      6.00   0.000000E+00
      6.50   0.000000E+00
      7.00   0.000000E+00
      7.50   0.000000E+00
      8.00   0.000000E+00
      8.50   0.000000E+00
      9.00   0.737100E+06
      9.50   0.737100E+06
     10.00   0.737100E+06
     10.50   0.737100E+06
     11.00   0.737100E+06
     11.50   0.737100E+06
     12.00   0.737100E+06
     12.50   0.737100E+06
     13.00   0.737100E+06
     13.50   0.737100E+06
     14.00   0.737100E+06
     14.50   0.737100E+06
     15.00   0.737100E+06
     15.50   0.737100E+06
     16.00   0.737100E+06
     16.50   0.737100E+06
     17.00   0.737100E+06
     17.50   0.737100E+06
     18.00   0.737100E+06
     18.50   0.737100E+06
     19.00   0.737100E+06
     19.50   0.737100E+06
     20.00   0.737100E+06
     20.50   0.737100E+06
     21.00   0.737100E+06
     21.50   0.737100E+06
     22.00   0.737100E+06
     22.50   0.737100E+06
     23.00   0.737100E+06
     23.50   0.737100E+06
     24.00   0.737100E+06
     24.50   0.737100E+06
     25.00   0.737100E+06
     25.50   0.737100E+06
     26.00   0.737100E+06
     26.50   0.737100E+06
     27.00   0.737100E+06
     27.50   0.737100E+06
     28.00   0.737100E+06
     28.50   0.737100E+06
     29.00   0.737100E+06
     29.50   0.737100E+06
     30.00   0.737100E+06
     30.50   0.737100E+06
     31.00   0.737100E+06
     31.50   0.737100E+06
     32.00   0.737100E+06
     32.50   0.737100E+06
     33.00   0.737100E+06
     33.50   0.737100E+06
     34.00   0.737100E+06
     34.50   0.737100E+06
     35.00   0.737100E+06
     35.50   0.737100E+06
     36.00   0.737100E+06
     36.50   0.737100E+06
     37.00   0.737100E+06
     37.50   0.737100E+06
     38.00   0.737100E+06
     38.50   0.737100E+06
     39.00   0.737100E+06
     39.50   0.737100E+06
     40.00   0.737100E+06
     40.50   0.737100E+06
     41.00   0.737100E+06
     41.50   0.737100E+06
     42.00   0.737100E+06
     42.50   0.737100E+06
     43.00   0.737100E+06
     43.50   0.737100E+06
     44.00   0.737100E+06
     44.50   0.737100E+06
     45.00   0.737100E+06
     45.50   0.737100E+06
     46.00   0.737100E+06
     46.50   0.737100E+06
     47.00   0.737100E+06
     47.50   0.737100E+06
     48.00   0.737100E+06
     48.50   0.737100E+06
     49.00   0.737100E+06
     49.50   0.737100E+06
     50.00   0.737100E+06
     50.50   0.737100E+06
     51.00   0.737100E+06
     51.50   0.737100E+06
     52.00   0.737100E+06
     52.50   0.737100E+06
     53.00   0.737100E+06
     53.50   0.737100E+06
     54.00   0.737100E+06
     54.50   0.737100E+06
     55.00   0.737100E+06
     55.50   0.737100E+06
     56.00   0.737100E+06
     56.50   0.737100E+06
     57.00   0.737100E+06
     57.50   0.737100E+06
     58.00   0.737100E+06
     58.50   0.000000E+00
     59.00   0.000000E+00
     59.50   0.000000E+00
     60.00   0.000000E+00
     60.50   0.000000E+00
     61.00   0.000000E+00
     61.50   0.000000E+00
     62.00   0.000000E+00
     62.50   0.000000E+00
     63.00   0.000000E+00
     63.50   0.000000E+00
     64.00   0.000000E+00
     64.50   0.000000E+00
     65.00   0.000000E+00
     65.50   0.000000E+00
     66.00   0.000000E+00
     66.50   0.000000E+00
     67.00   0.000000E+00
     67.50   0.000000E+00
     68.00   0.000000E+00
     68.50   0.737100E+06
     69.00   0.737100E+06
     69.50   0.737100E+06
     70.00   0.737100E+06
     70.50   0.737100E+06
     71.00   0.737100E+06
     71.50   0.737100E+06
     72.00   0.737100E+06
     72.50   0.737100E+06
     73.00   0.737100E+06
     73.50   0.737100E+06
     74.00   0.737100E+06
     74.50   0.737100E+06
     75.00   0.737100E+06
     75.50   0.737100E+06
     76.00   0.737100E+06
     76.50   0.737100E+06
     77.00   0.737100E+06
     77.50   0.737100E+06
     78.00   0.737100E+06
     78.50   0.737100E+06
     79.00   0.737100E+06
     79.50   0.737100E+06
     80.00   0.737100E+06
     80.50   0.737100E+06
     81.00   0.737100E+06
     81.50   0.737100E+06
     82.00   0.737100E+06
     82.50   0.737100E+06
     83.00   0.737100E+06
     83.50   0.737100E+06
     84.00   0.737100E+06
     84.50   0.737100E+06
     85.00   0.737100E+06
     85.50   0.737100E+06
     86.00   0.737100E+06
     86.50   0.737100E+06
     87.00   0.737100E+06
     87.50   0.737100E+06
     88.00   0.737100E+06
     88.50   0.737100E+06
     89.00   0.737100E+06
     89.50   0.737100E+06
     90.00   0.737100E+06
     90.50   0.737100E+06
     91.00   0.737100E+06
     91.50   0.737100E+06
     92.00   0.737100E+06
     92.50   0.737100E+06
     93.00   0.737100E+06
     93.50   0.737100E+06
     94.00   0.737100E+06
     94.50   0.737100E+06
     95.00   0.737100E+06
     95.50   0.737100E+06
     96.00   0.737100E+06
     96.50   0.737100E+06
     97.00   0.737100E+06
     97.50   0.737100E+06
     98.00   0.737100E+06
     98.50   0.737100E+06
     99.00   0.737100E+06
     99.50   0.737100E+06
    100.00   0.737100E+06
    100.50   0.737100E+06
    101.00   0.737100E+06
    101.50   0.737100E+06
    102.00   0.737100E+06
    102.50   0.737100E+06
    103.00   0.737100E+06
    103.50   0.737100E+06
    104.00   0.737100E+06
    104.50   0.737100E+06
    105.00   0.737100E+06
    105.50   0.737100E+06
    106.00   0.737100E+06
    106.50   0.737100E+06
    107.00   0.737100E+06
    107.50   0.737100E+06
    108.00   0.737100E+06
    108.50   0.737100E+06
    109.00   0.737100E+06
    109.50   0.737100E+06
    110.00   0.737100E+06
    110.50   0.737100E+06
    111.00   0.737100E+06
    111.50   0.737100E+06
    112.00   0.737100E+06
    112.50   0.737100E+06
    113.00   0.737100E+06
    113.50   0.737100E+06
    114.00   0.737100E+06
    114.50   0.737100E+06
    115.00   0.737100E+06
    115.50   0.000000E+00
    116.00   0.000000E+00
    116.50   0.000000E+00
    117.00   0.000000E+00
    117.50   0.000000E+00
    118.00   0.000000E+00
    118.50   0.000000E+00
    119.00   0.000000E+00
    119.50   0.000000E+00
    120.00   0.000000E+00
    120.50   0.000000E+00
    121.00   0.000000E+00
    121.50   0.000000E+00
    122.00   0.000000E+00
    122.50   0.000000E+00
    123.00   0.000000E+00
    123.50   0.737100E+06
    124.00   0.737100E+06
    124.50   0.737100E+06
    125.00   0.737100E+06
    125.50   0.737100E+06
    126.00   0.737100E+06
    126.50   0.737100E+06
    127.00   0.737100E+06
    127.50   0.737100E+06
    128.00   0.737100E+06
    128.50   0.737100E+06
    129.00   0.737100E+06
    129.50   0.737100E+06
    130.00   0.737100E+06
    130.50   0.737100E+06
    131.00   0.737100E+06
    131.50   0.737100E+06
    132.00   0.737100E+06
    132.50   0.737100E+06
    133.00   0.737100E+06
    133.50   0.737100E+06
    134.00   0.737100E+06
    134.50   0.737100E+06
    135.00   0.737100E+06
    135.50   0.737100E+06
    136.00   0.737100E+06
    136.50   0.737100E+06
    137.00   0.737100E+06
    137.50   0.737100E+06
    138.00   0.737100E+06
    138.50   0.737100E+06
    139.00   0.737100E+06
    139.50   0.737100E+06
    140.00   0.737100E+06
    140.50   0.737100E+06
    141.00   0.737100E+06
    141.50   0.737100E+06
    142.00   0.737100E+06
    142.50   0.737100E+06
    143.00   0.737100E+06
    143.50   0.737100E+06
    144.00   0.737100E+06
    144.50   0.737100E+06
    145.00   0.737100E+06
    145.50   0.737100E+06
    146.00   0.737100E+06
    146.50   0.737100E+06
    147.00   0.737100E+06
    147.50   0.737100E+06
    148.00   0.737100E+06
    148.50   0.737100E+06
    149.00   0.737100E+06
    149.50   0.737100E+06
    150.00   0.737100E+06
    150.50   0.737100E+06
    151.00   0.737100E+06
    151.50   0.737100E+06
    152.00   0.737100E+06
    152.50   0.737100E+06
    153.00   0.737100E+06
    153.50   0.737100E+06
    154.00   0.737100E+06
    154.50   0.737100E+06
    155.00   0.737100E+06
    155.50   0.737100E+06
    156.00   0.737100E+06
    156.50   0.737100E+06
    157.00   0.737100E+06
    157.50   0.737100E+06
    158.00   0.737100E+06
    158.50   0.737100E+06
    159.00   0.737100E+06
    159.50   0.737100E+06
    160.00   0.737100E+06
    160.50   0.737100E+06
    161.00   0.737100E+06
    161.50   0.737100E+06
    162.00   0.737100E+06
    162.50   0.737100E+06
    163.00   0.737100E+06
    163.50   0.737100E+06
    164.00   0.737100E+06
    164.50   0.737100E+06
    165.00   0.737100E+06
    165.50   0.737100E+06
    166.00   0.737100E+06
    166.50   0.737100E+06
    167.00   0.737100E+06
    167.50   0.737100E+06
    168.00   0.737100E+06
    168.50   0.737100E+06
    169.00   0.737100E+06
    169.50   0.737100E+06
    170.00   0.737100E+06
    170.50   0.000000E+00
    171.00   0.000000E+00
    171.50   0.000000E+00
    172.00   0.000000E+00
    172.50   0.000000E+00
    173.00   0.000000E+00
    173.50   0.000000E+00
    174.00   0.000000E+00
    174.50   0.000000E+00
    175.00   0.000000E+00
    175.50   0.000000E+00
    176.00   0.000000E+00
    176.50   0.000000E+00
    177.00   0.000000E+00
    177.50   0.000000E+00
    178.00   0.000000E+00
    178.50   0.000000E+00
    179.00   0.000000E+00
    179.50   0.737100E+06
    180.00   0.737100E+06
    180.50   0.737100E+06
    181.00   0.737100E+06
    181.50   0.737100E+06
    182.00   0.737100E+06
    182.50   0.737100E+06
    183.00   0.737100E+06
    183.50   0.737100E+06
    184.00   0.737100E+06
    184.50   0.737100E+06
    185.00   0.737100E+06
    185.50   0.737100E+06
    186.00   0.737100E+06
    186.50   0.737100E+06
    187.00   0.737100E+06
    187.50   0.737100E+06
    188.00   0.737100E+06
    188.50   0.737100E+06
    189.00   0.737100E+06
    189.50   0.737100E+06
    190.00   0.737100E+06
    190.50   0.737100E+06
    191.00   0.737100E+06
    191.50   0.737100E+06
    192.00   0.737100E+06
    192.50   0.737100E+06
    193.00   0.737100E+06
    193.50   0.737100E+06
    194.00   0.737100E+06
    194.50   0.737100E+06
    195.00   0.737100E+06
    195.50   0.737100E+06
    196.00   0.737100E+06
    196.50   0.737100E+06
    197.00   0.737100E+06
    197.50   0.737100E+06
    198.00   0.737100E+06
    198.50   0.737100E+06
    199.00   0.737100E+06
    199.50   0.737100E+06
    200.00   0.737100E+06
    200.50   0.737100E+06
    201.00   0.737100E+06
    201.50   0.737100E+06
    202.00   0.737100E+06
    202.50   0.737100E+06
    203.00   0.737100E+06
    203.50   0.737100E+06
    204.00   0.737100E+06
    204.50   0.737100E+06
    205.00   0.737100E+06
    205.50   0.737100E+06
    206.00   0.737100E+06
    206.50   0.737100E+06
    207.00   0.737100E+06
    207.50   0.737100E+06
    208.00   0.737100E+06
    208.50   0.737100E+06
    209.00   0.737100E+06
    209.50   0.737100E+06
    210.00   0.737100E+06
    210.50   0.737100E+06
    211.00   0.737100E+06
    211.50   0.737100E+06
    212.00   0.737100E+06
    212.50   0.737100E+06
    213.00   0.737100E+06
    213.50   0.737100E+06
    214.00   0.737100E+06
    214.50   0.737100E+06
    215.00   0.737100E+06
    215.50   0.737100E+06
    216.00   0.737100E+06
    216.50   0.737100E+06
    217.00   0.737100E+06
    217.50   0.737100E+06
    218.00   0.737100E+06
    218.50   0.737100E+06
    219.00   0.737100E+06
    219.50   0.737100E+06
    220.00   0.737100E+06
    220.50   0.737100E+06
    221.00   0.737100E+06
    221.50   0.737100E+06
    222.00   0.737100E+06
    222.50   0.737100E+06
    223.00   0.737100E+06
    223.50   0.000000E+00
    224.00   0.000000E+00
    224.50   0.000000E+00
    225.00   0.000000E+00
    225.50   0.000000E+00
    226.00   0.000000E+00
    226.50   0.000000E+00
    227.00   0.000000E+00
    227.50   0.000000E+00
    228.00   0.000000E+00
    228.50   0.000000E+00
    229.00   0.000000E+00
    229.50   0.000000E+00
    230.00   0.000000E+00
    230.50   0.000000E+00
    231.00   0.000000E+00
    231.50   0.000000E+00
    232.00   0.000000E+00
    232.50   0.000000E+00
    233.00   0.000000E+00
    233.50   0.000000E+00
    234.00   0.000000E+00
    234.50   0.000000E+00
    235.00   0.000000E+00
    235.50   0.000000E+00
    236.00   0.000000E+00
    236.50   0.000000E+00
    237.00   0.000000E+00
    237.50   0.000000E+00
    238.00   0.737100E+06
    238.50   0.737100E+06
    239.00   0.737100E+06
    239.50   0.737100E+06
    240.00   0.737100E+06
    240.50   0.737100E+06
    241.00   0.737100E+06
    241.50   0.737100E+06
    242.00   0.737100E+06
    242.50   0.737100E+06
    243.00   0.737100E+06
    243.50   0.737100E+06
    244.00   0.737100E+06
    244.50   0.737100E+06
    245.00   0.737100E+06
    245.50   0.737100E+06
    246.00   0.737100E+06
    246.50   0.737100E+06
    247.00   0.737100E+06
    247.50   0.737100E+06
    248.00   0.737100E+06
    248.50   0.737100E+06
    249.00   0.737100E+06
    249.50   0.737100E+06
    250.00   0.737100E+06
    250.50   0.737100E+06
    251.00   0.737100E+06
    251.50   0.737100E+06
    252.00   0.737100E+06
    252.50   0.737100E+06
    253.00   0.737100E+06
    253.50   0.737100E+06
    254.00   0.737100E+06
    254.50   0.737100E+06
    255.00   0.737100E+06
    255.50   0.737100E+06
    256.00   0.737100E+06
    256.50   0.737100E+06
    257.00   0.737100E+06
    257.50   0.737100E+06
    258.00   0.737100E+06
    258.50   0.737100E+06
    259.00   0.737100E+06
    259.50   0.737100E+06
    260.00   0.737100E+06
    260.50   0.737100E+06
    261.00   0.737100E+06
    261.50   0.737100E+06
    262.00   0.737100E+06
    262.50   0.737100E+06
    263.00   0.737100E+06
    263.50   0.737100E+06
    264.00   0.737100E+06
    264.50   0.737100E+06
    265.00   0.737100E+06
    265.50   0.737100E+06
    266.00   0.737100E+06
    266.50   0.737100E+06
    267.00   0.737100E+06
    267.50   0.737100E+06
    268.00   0.737100E+06
    268.50   0.737100E+06
    269.00   0.737100E+06
    269.50   0.737100E+06
    270.00   0.737100E+06
    270.50   0.737100E+06
    271.00   0.737100E+06
    271.50   0.737100E+06
    272.00   0.737100E+06
    272.50   0.737100E+06
    273.00   0.737100E+06
    273.50   0.737100E+06
    274.00   0.737100E+06
    274.50   0.737100E+06
    275.00   0.737100E+06
    275.50   0.737100E+06
    276.00   0.737100E+06
    276.50   0.737100E+06
    277.00   0.737100E+06
    277.50   0.737100E+06
    278.00   0.737100E+06
    278.50   0.737100E+06
    279.00   0.737100E+06
    279.50   0.737100E+06
    280.00   0.737100E+06
    280.50   0.737100E+06
    281.00   0.737100E+06
    281.50   0.737100E+06
    282.00   0.737100E+06
    282.50   0.737100E+06
    283.00   0.737100E+06
    283.50   0.000000E+00
    284.00   0.000000E+00
    284.50   0.000000E+00
    285.00   0.000000E+00
    285.50   0.000000E+00
    286.00   0.000000E+00
    286.50   0.000000E+00
    287.00   0.000000E+00
    287.50   0.000000E+00
    288.00   0.000000E+00
    288.50   0.000000E+00
    289.00   0.000000E+00
    289.50   0.000000E+00
    290.00   0.000000E+00
    290.50   0.000000E+00
    291.00   0.000000E+00
    291.50   0.737100E+06
    292.00   0.737100E+06
    292.50   0.737100E+06
    293.00   0.737100E+06
    293.50   0.737100E+06
    294.00   0.737100E+06
    294.50   0.737100E+06
    295.00   0.737100E+06
    295.50   0.737100E+06
    296.00   0.737100E+06
    296.50   0.737100E+06
    297.00   0.737100E+06
    297.50   0.737100E+06
    298.00   0.737100E+06
    298.50   0.737100E+06
    299.00   0.737100E+06
    299.50   0.737100E+06
    300.00   0.737100E+06
    300.50   0.737100E+06
    301.00   0.737100E+06
    301.50   0.737100E+06
    302.00   0.737100E+06
    302.50   0.737100E+06
    303.00   0.737100E+06
    303.50   0.737100E+06
    304.00   0.737100E+06
    304.50   0.737100E+06
    305.00   0.737100E+06
    305.50   0.737100E+06
    306.00   0.737100E+06
    306.50   0.737100E+06
    307.00   0.737100E+06
    307.50   0.737100E+06
    308.00   0.737100E+06
    308.50   0.737100E+06
    309.00   0.737100E+06
    309.50   0.737100E+06
    310.00   0.737100E+06
    310.50   0.737100E+06
    311.00   0.737100E+06
    311.50   0.737100E+06
    312.00   0.737100E+06
    312.50   0.737100E+06
    313.00   0.737100E+06
    313.50   0.737100E+06
    314.00   0.737100E+06
    314.50   0.737100E+06
    315.00   0.737100E+06
    315.50   0.737100E+06
    316.00   0.737100E+06
    316.50   0.737100E+06
    317.00   0.737100E+06
    317.50   0.737100E+06
    318.00   0.737100E+06
    318.50   0.737100E+06
    319.00   0.737100E+06
    319.50   0.737100E+06
    320.00   0.737100E+06
    320.50   0.737100E+06
    321.00   0.737100E+06
    321.50   0.737100E+06
    322.00   0.737100E+06
    322.50   0.737100E+06
    323.00   0.737100E+06
    323.50   0.737100E+06
    324.00   0.737100E+06
    324.50   0.737100E+06
    325.00   0.737100E+06
    325.50   0.737100E+06
    326.00   0.737100E+06
    326.50   0.737100E+06
    327.00   0.737100E+06
    327.50   0.737100E+06
    328.00   0.737100E+06
    328.50   0.737100E+06
    329.00   0.737100E+06
    329.50   0.737100E+06
    330.00   0.737100E+06
    330.50   0.737100E+06
    331.00   0.737100E+06
    331.50   0.737100E+06
    332.00   0.737100E+06
    332.50   0.737100E+06
    333.00   0.737100E+06
    333.50   0.737100E+06
    334.00   0.737100E+06
    334.50   0.737100E+06
    335.00   0.737100E+06
    335.50   0.737100E+06
    336.00   0.000000E+00
    336.50   0.000000E+00
    337.00   0.000000E+00
    337.50   0.000000E+00
    338.00   0.000000E+00
    338.50   0.000000E+00
    339.00   0.000000E+00
    339.50   0.000000E+00
    340.00   0.000000E+00
    340.50   0.000000E+00
    341.00   0.000000E+00
    341.50   0.000000E+00
    342.00   0.000000E+00
    342.50   0.000000E+00
    343.00   0.000000E+00
    343.50   0.000000E+00
    344.00   0.000000E+00
    344.50   0.000000E+00
    345.00   0.000000E+00
    345.50   0.000000E+00
    346.00   0.000000E+00
    346.50   0.000000E+00
    347.00   0.000000E+00
    347.50   0.000000E+00
    348.00   0.000000E+00
    348.50   0.000000E+00
    349.00   0.000000E+00
    349.50   0.000000E+00
    350.00   0.000000E+00
    350.50   0.000000E+00
    351.00   0.000000E+00
    351.50   0.000000E+00
    352.00   0.000000E+00
    352.50   0.737100E+06
    353.00   0.737100E+06
    353.50   0.737100E+06
    354.00   0.737100E+06
    354.50   0.737100E+06
    355.00   0.737100E+06
    355.50   0.737100E+06
    356.00   0.737100E+06
    356.50   0.737100E+06
    357.00   0.737100E+06
    357.50   0.737100E+06
    358.00   0.737100E+06
    358.50   0.737100E+06
    359.00   0.737100E+06
    359.50   0.737100E+06
    360.00   0.737100E+06
    360.50   0.737100E+06
    361.00   0.737100E+06
    361.50   0.737100E+06
    362.00   0.737100E+06
    362.50   0.737100E+06
    363.00   0.737100E+06
    363.50   0.737100E+06
    364.00   0.737100E+06
    364.50   0.737100E+06
    365.00   0.737100E+06
    365.50   0.737100E+06
    366.00   0.737100E+06
    366.50   0.737100E+06
    367.00   0.737100E+06
    367.50   0.737100E+06
    368.00   0.737100E+06
    368.50   0.737100E+06
    369.00   0.737100E+06
    369.50   0.737100E+06
    370.00   0.737100E+06
    370.50   0.737100E+06
    371.00   0.737100E+06
    371.50   0.737100E+06
    372.00   0.737100E+06
    372.50   0.737100E+06
    373.00   0.737100E+06
    373.50   0.737100E+06
    374.00   0.737100E+06
    374.50   0.737100E+06
    375.00   0.737100E+06
    375.50   0.737100E+06
    376.00   0.737100E+06
    376.50   0.737100E+06
    377.00   0.737100E+06
    377.50   0.737100E+06
    378.00   0.737100E+06
    378.50   0.737100E+06
    379.00   0.737100E+06
    379.50   0.737100E+06
    380.00   0.737100E+06
    380.50   0.737100E+06
    381.00   0.737100E+06
    381.50   0.737100E+06
    382.00   0.737100E+06
    382.50   0.737100E+06
    383.00   0.737100E+06
    383.50   0.737100E+06
    384.00   0.737100E+06
    384.50   0.737100E+06
    385.00   0.737100E+06
    385.50   0.737100E+06
    386.00   0.737100E+06
    386.50   0.737100E+06
    387.00   0.737100E+06
    387.50   0.737100E+06
    388.00   0.737100E+06
    388.50   0.737100E+06
    389.00   0.737100E+06
    389.50   0.000000E+00
    390.00   0.000000E+00
    390.50   0.000000E+00
    391.00   0.000000E+00
    391.50   0.000000E+00
    392.00   0.000000E+00
    392.50   0.000000E+00
    393.00   0.000000E+00
    393.50   0.000000E+00
    394.00   0.000000E+00
    394.50   0.000000E+00
    395.00   0.000000E+00
    395.50   0.000000E+00
    396.00   0.000000E+00
    396.50   0.000000E+00
    397.00   0.000000E+00
    397.50   0.000000E+00
    398.00   0.000000E+00
    398.50   0.000000E+00
    399.00   0.000000E+00
    399.50   0.000000E+00
    400.00   0.000000E+00
    400.50   0.000000E+00
    401.00   0.000000E+00
    401.50   0.000000E+00
    402.00   0.000000E+00
    402.50   0.000000E+00
    403.00   0.000000E+00
    403.50   0.000000E+00
    404.00   0.000000E+00
    404.50   0.000000E+00
    405.00   0.000000E+00
    405.50   0.737100E+06
    406.00   0.737100E+06
    406.50   0.737100E+06
    407.00   0.737100E+06
    407.50   0.737100E+06
    408.00   0.737100E+06
    408.50   0.737100E+06
    409.00   0.737100E+06
    409.50   0.737100E+06
    410.00   0.737100E+06
    410.50   0.737100E+06
    411.00   0.737100E+06
    411.50   0.737100E+06
    412.00   0.737100E+06
    412.50   0.737100E+06
    413.00   0.737100E+06
    413.50   0.737100E+06
    414.00   0.737100E+06
    414.50   0.737100E+06
    415.00   0.737100E+06
    415.50   0.737100E+06
    416.00   0.737100E+06
    416.50   0.737100E+06
    417.00   0.737100E+06
    417.50   0.737100E+06
    418.00   0.737100E+06
    418.50   0.737100E+06
    419.00   0.737100E+06
    419.50   0.737100E+06
    420.00   0.737100E+06
    420.50   0.737100E+06
    421.00   0.737100E+06
    421.50   0.737100E+06
    422.00   0.737100E+06
    422.50   0.737100E+06
    423.00   0.737100E+06
    423.50   0.737100E+06
    424.00   0.737100E+06
    424.50   0.737100E+06
    425.00   0.737100E+06
    425.50   0.737100E+06
    426.00   0.737100E+06
    426.50   0.737100E+06
    427.00   0.737100E+06
    427.50   0.737100E+06
    428.00   0.737100E+06
    428.50   0.737100E+06
    429.00   0.737100E+06
    429.50   0.737100E+06
    430.00   0.737100E+06
    430.50   0.737100E+06
    431.00   0.737100E+06
    431.50   0.737100E+06
    432.00   0.737100E+06
    432.50   0.737100E+06
    433.00   0.737100E+06
    433.50   0.737100E+06
    434.00   0.737100E+06
    434.50   0.737100E+06
    435.00   0.737100E+06
    435.50   0.737100E+06
    436.00   0.737100E+06
    436.50   0.737100E+06
    437.00   0.737100E+06
    437.50   0.737100E+06
    438.00   0.737100E+06
    438.50   0.737100E+06
    439.00   0.737100E+06
    439.50   0.737100E+06
    440.00   0.737100E+06
    440.50   0.737100E+06
    441.00   0.737100E+06
    441.50   0.737100E+06
    442.00   0.737100E+06
    442.50   0.737100E+06
    443.00   0.737100E+06
    443.50   0.737100E+06
    444.00   0.737100E+06
    444.50   0.737100E+06
    445.00   0.737100E+06
    445.50   0.737100E+06
    446.00   0.737100E+06
    446.50   0.737100E+06
    447.00   0.737100E+06
    447.50   0.737100E+06
    448.00   0.737100E+06
    448.50   0.737100E+06
    449.00   0.737100E+06
    449.50   0.000000E+00
    450.00   0.000000E+00
    450.50   0.000000E+00
    451.00   0.000000E+00
    451.50   0.000000E+00
    452.00   0.000000E+00
    452.50   0.000000E+00
    453.00   0.000000E+00
    453.50   0.000000E+00
    454.00   0.000000E+00
    454.50   0.000000E+00
    455.00   0.000000E+00
    455.50   0.000000E+00
    456.00   0.000000E+00
    456.50   0.000000E+00
    457.00   0.000000E+00
    457.50   0.000000E+00
    458.00   0.000000E+00
    458.50   0.000000E+00
    459.00   0.000000E+00
    459.50   0.000000E+00
    460.00   0.000000E+00
    460.50   0.000000E+00
    461.00   0.000000E+00
    461.50   0.000000E+00
    462.00   0.000000E+00
    462.50   0.000000E+00
    463.00   0.000000E+00
    463.50   0.000000E+00
    464.00   0.000000E+00
    464.50   0.000000E+00
    465.00   0.000000E+00
    465.50   0.000000E+00
    466.00   0.000000E+00
    466.50   0.000000E+00
    467.00   0.737100E+06
    467.50   0.737100E+06
    468.00   0.737100E+06
    468.50   0.737100E+06
    469.00   0.737100E+06
    469.50   0.737100E+06
    470.00   0.737100E+06
    470.50   0.737100E+06
    471.00   0.737100E+06
    471.50   0.737100E+06
    472.00   0.737100E+06
    472.50   0.737100E+06
    473.00   0.737100E+06
    473.50   0.737100E+06
    474.00   0.737100E+06
    474.50   0.737100E+06
    475.00   0.737100E+06
    475.50   0.737100E+06
    476.00   0.737100E+06
    476.50   0.737100E+06
    477.00   0.737100E+06
    477.50   0.737100E+06
    478.00   0.737100E+06
    478.50   0.737100E+06
    479.00   0.737100E+06
    479.50   0.737100E+06
    480.00   0.737100E+06
    480.50   0.737100E+06
    481.00   0.737100E+06
    481.50   0.737100E+06
    482.00   0.737100E+06
    482.50   0.737100E+06
    483.00   0.737100E+06
    483.50   0.737100E+06
    484.00   0.737100E+06
    484.50   0.737100E+06
    485.00   0.737100E+06
    485.50   0.737100E+06
    486.00   0.737100E+06
    486.50   0.737100E+06
    487.00   0.737100E+06
    487.50   0.737100E+06
    488.00   0.737100E+06
    488.50   0.737100E+06
    489.00   0.737100E+06
    489.50   0.737100E+06
    490.00   0.737100E+06
    490.50   0.737100E+06
    491.00   0.737100E+06
    491.50   0.737100E+06
    492.00   0.737100E+06
    492.50   0.737100E+06
    493.00   0.737100E+06
    493.50   0.737100E+06
    494.00   0.737100E+06
    494.50   0.737100E+06
    495.00   0.737100E+06
    495.50   0.737100E+06
    496.00   0.737100E+06
    496.50   0.737100E+06
    497.00   0.737100E+06
    497.50   0.737100E+06
    498.00   0.737100E+06
    498.50   0.737100E+06
    499.00   0.737100E+06
    499.50   0.737100E+06
