      0.00   0.000000E+00
      0.50   0.000000E+00
      1.00   0.000000E+00
      1.50   0.000000E+00
      2.00   0.000000E+00
      2.50   0.000000E+00
      3.00   0.000000E+00
      3.50   0.000000E+00
      4.00   0.000000E+00
      4.50   0.000000E+00
      5.00   0.000000E+00
      5.50   0.000000E+00
      6.00   0.000000E+00
      6.50   0.000000E+00
      7.00   0.000000E+00
      7.50   0.000000E+00
      8.00   0.000000E+00
      8.50   0.000000E+00
      9.00   0.422500E+07
      9.50   0.422500E+07
     10.00   0.422500E+07
     10.50   0.422500E+07
     11.00   0.422500E+07
     11.50   0.422500E+07
     12.00   0.422500E+07
     12.50   0.422500E+07
     13.00   0.422500E+07
     13.50   0.422500E+07
     14.00   0.422500E+07
     14.50   0.422500E+07
     15.00   0.422500E+07
     15.50   0.422500E+07
     16.00   0.422500E+07
     16.50   0.422500E+07
     17.00   0.422500E+07
     17.50   0.422500E+07
     18.00   0.422500E+07
     18.50   0.422500E+07
     19.00   0.422500E+07
     19.50   0.422500E+07
     20.00   0.422500E+07
     20.50   0.422500E+07
     21.00   0.422500E+07
     21.50   0.422500E+07
     22.00   0.422500E+07
     22.50   0.422500E+07
     23.00   0.422500E+07
     23.50   0.422500E+07
     24.00   0.422500E+07
     24.50   0.422500E+07
     25.00   0.422500E+07
     25.50   0.422500E+07
     26.00   0.422500E+07
     26.50   0.422500E+07
     27.00   0.422500E+07
     27.50   0.422500E+07
     28.00   0.422500E+07
     28.50   0.422500E+07
     29.00   0.422500E+07
     29.50   0.422500E+07
     30.00   0.422500E+07
     30.50   0.422500E+07
     31.00   0.422500E+07
     31.50   0.422500E+07
     32.00   0.422500E+07
     32.50   0.422500E+07
     33.00   0.422500E+07
     33.50   0.422500E+07
     34.00   0.422500E+07
     34.50   0.422500E+07
     35.00   0.422500E+07
     35.50   0.422500E+07
     36.00   0.422500E+07
     36.50   0.422500E+07
     37.00   0.422500E+07
     37.50   0.422500E+07
     38.00   0.422500E+07
     38.50   0.422500E+07
     39.00   0.422500E+07
     39.50   0.422500E+07
     40.00   0.422500E+07
     40.50   0.422500E+07
     41.00   0.422500E+07
     41.50   0.422500E+07
     42.00   0.422500E+07
     42.50   0.422500E+07
     43.00   0.422500E+07
     43.50   0.422500E+07
     44.00   0.422500E+07
     44.50   0.422500E+07
     45.00   0.422500E+07
     45.50   0.422500E+07
     46.00   0.422500E+07
     46.50   0.422500E+07
     47.00   0.422500E+07
     47.50   0.422500E+07
     48.00   0.422500E+07
     48.50   0.422500E+07
     49.00   0.422500E+07
     49.50   0.422500E+07
     50.00   0.422500E+07
     50.50   0.422500E+07
     51.00   0.422500E+07
     51.50   0.422500E+07
     52.00   0.422500E+07
     52.50   0.422500E+07
     53.00   0.422500E+07
     53.50   0.422500E+07
     54.00   0.422500E+07
     54.50   0.422500E+07
     55.00   0.422500E+07
     55.50   0.422500E+07
     56.00   0.422500E+07
     56.50   0.422500E+07
     57.00   0.422500E+07
     57.50   0.422500E+07
     58.00   0.422500E+07
     58.50   0.000000E+00
     59.00   0.000000E+00
     59.50   0.000000E+00
     60.00   0.000000E+00
     60.50   0.000000E+00
     61.00   0.000000E+00
     61.50   0.000000E+00
     62.00   0.000000E+00
     62.50   0.000000E+00
     63.00   0.000000E+00
     63.50   0.000000E+00
     64.00   0.000000E+00
     64.50   0.000000E+00
     65.00   0.000000E+00
     65.50   0.000000E+00
     66.00   0.000000E+00
     66.50   0.000000E+00
     67.00   0.000000E+00
     67.50   0.000000E+00
     68.00   0.000000E+00
     68.50   0.422500E+07
     69.00   0.422500E+07
     69.50   0.422500E+07
     70.00   0.422500E+07
     70.50   0.422500E+07
     71.00   0.422500E+07
     71.50   0.422500E+07
     72.00   0.422500E+07
     72.50   0.422500E+07
     73.00   0.422500E+07
     73.50   0.422500E+07
     74.00   0.422500E+07
     74.50   0.422500E+07
     75.00   0.422500E+07
     75.50   0.422500E+07
     76.00   0.422500E+07
     76.50   0.422500E+07
     77.00   0.422500E+07
     77.50   0.422500E+07
     78.00   0.422500E+07
     78.50   0.422500E+07
     79.00   0.422500E+07
     79.50   0.422500E+07
     80.00   0.422500E+07
     80.50   0.422500E+07
     81.00   0.422500E+07
     81.50   0.422500E+07
     82.00   0.422500E+07
     82.50   0.422500E+07
     83.00   0.422500E+07
     83.50   0.422500E+07
     84.00   0.422500E+07
     84.50   0.422500E+07
     85.00   0.422500E+07
     85.50   0.422500E+07
     86.00   0.422500E+07
     86.50   0.422500E+07
     87.00   0.422500E+07
     87.50   0.422500E+07
     88.00   0.422500E+07
     88.50   0.422500E+07
     89.00   0.422500E+07
     89.50   0.422500E+07
     90.00   0.422500E+07
     90.50   0.422500E+07
     91.00   0.422500E+07
     91.50   0.422500E+07
     92.00   0.422500E+07
     92.50   0.422500E+07
     93.00   0.422500E+07
     93.50   0.422500E+07
     94.00   0.422500E+07
     94.50   0.422500E+07
     95.00   0.422500E+07
     95.50   0.422500E+07
     96.00   0.422500E+07
     96.50   0.422500E+07
     97.00   0.422500E+07
     97.50   0.422500E+07
     98.00   0.422500E+07
     98.50   0.422500E+07
     99.00   0.422500E+07
     99.50   0.422500E+07
    100.00   0.422500E+07
    100.50   0.422500E+07
    101.00   0.422500E+07
    101.50   0.422500E+07
    102.00   0.422500E+07
    102.50   0.422500E+07
    103.00   0.422500E+07
    103.50   0.422500E+07
    104.00   0.422500E+07
    104.50   0.422500E+07
    105.00   0.422500E+07
    105.50   0.422500E+07
    106.00   0.422500E+07
    106.50   0.422500E+07
    107.00   0.422500E+07
    107.50   0.422500E+07
    108.00   0.422500E+07
    108.50   0.422500E+07
    109.00   0.422500E+07
    109.50   0.422500E+07
    110.00   0.422500E+07
    110.50   0.422500E+07
    111.00   0.422500E+07
    111.50   0.422500E+07
    112.00   0.422500E+07
    112.50   0.422500E+07
    113.00   0.422500E+07
    113.50   0.422500E+07
    114.00   0.422500E+07
    114.50   0.422500E+07
    115.00   0.422500E+07
    115.50   0.000000E+00
    116.00   0.000000E+00
    116.50   0.000000E+00
    117.00   0.000000E+00
    117.50   0.000000E+00
    118.00   0.000000E+00
    118.50   0.000000E+00
    119.00   0.000000E+00
    119.50   0.000000E+00
    120.00   0.000000E+00
    120.50   0.000000E+00
    121.00   0.000000E+00
    121.50   0.000000E+00
    122.00   0.000000E+00
    122.50   0.000000E+00
    123.00   0.000000E+00
    123.50   0.422500E+07
    124.00   0.422500E+07
    124.50   0.422500E+07
    125.00   0.422500E+07
    125.50   0.422500E+07
    126.00   0.422500E+07
    126.50   0.422500E+07
    127.00   0.422500E+07
    127.50   0.422500E+07
    128.00   0.422500E+07
    128.50   0.422500E+07
    129.00   0.422500E+07
    129.50   0.422500E+07
    130.00   0.422500E+07
    130.50   0.422500E+07
    131.00   0.422500E+07
    131.50   0.422500E+07
    132.00   0.422500E+07
    132.50   0.422500E+07
    133.00   0.422500E+07
    133.50   0.422500E+07
    134.00   0.422500E+07
    134.50   0.422500E+07
    135.00   0.422500E+07
    135.50   0.422500E+07
    136.00   0.422500E+07
    136.50   0.422500E+07
    137.00   0.422500E+07
    137.50   0.422500E+07
    138.00   0.422500E+07
    138.50   0.422500E+07
    139.00   0.422500E+07
    139.50   0.422500E+07
    140.00   0.422500E+07
    140.50   0.422500E+07
    141.00   0.422500E+07
    141.50   0.422500E+07
    142.00   0.422500E+07
    142.50   0.422500E+07
    143.00   0.422500E+07
    143.50   0.422500E+07
    144.00   0.422500E+07
    144.50   0.422500E+07
    145.00   0.422500E+07
    145.50   0.422500E+07
    146.00   0.422500E+07
    146.50   0.422500E+07
    147.00   0.422500E+07
    147.50   0.422500E+07
    148.00   0.422500E+07
    148.50   0.422500E+07
    149.00   0.422500E+07
    149.50   0.422500E+07
    150.00   0.422500E+07
    150.50   0.422500E+07
    151.00   0.422500E+07
    151.50   0.422500E+07
    152.00   0.422500E+07
    152.50   0.422500E+07
    153.00   0.422500E+07
    153.50   0.422500E+07
    154.00   0.422500E+07
    154.50   0.422500E+07
    155.00   0.422500E+07
    155.50   0.422500E+07
    156.00   0.422500E+07
    156.50   0.422500E+07
    157.00   0.422500E+07
    157.50   0.422500E+07
    158.00   0.422500E+07
    158.50   0.422500E+07
    159.00   0.422500E+07
    159.50   0.422500E+07
    160.00   0.422500E+07
    160.50   0.422500E+07
    161.00   0.422500E+07
    161.50   0.422500E+07
    162.00   0.422500E+07
    162.50   0.422500E+07
    163.00   0.422500E+07
    163.50   0.422500E+07
    164.00   0.422500E+07
    164.50   0.422500E+07
    165.00   0.422500E+07
    165.50   0.422500E+07
    166.00   0.422500E+07
    166.50   0.422500E+07
    167.00   0.422500E+07
    167.50   0.422500E+07
    168.00   0.422500E+07
    168.50   0.422500E+07
    169.00   0.422500E+07
    169.50   0.422500E+07
    170.00   0.422500E+07
    170.50   0.000000E+00
    171.00   0.000000E+00
    171.50   0.000000E+00
    172.00   0.000000E+00
    172.50   0.000000E+00
    173.00   0.000000E+00
    173.50   0.000000E+00
    174.00   0.000000E+00
    174.50   0.000000E+00
    175.00   0.000000E+00
    175.50   0.000000E+00
    176.00   0.000000E+00
    176.50   0.000000E+00
    177.00   0.000000E+00
    177.50   0.000000E+00
    178.00   0.000000E+00
    178.50   0.000000E+00
    179.00   0.000000E+00
    179.50   0.422500E+07
    180.00   0.422500E+07
    180.50   0.422500E+07
    181.00   0.422500E+07
    181.50   0.422500E+07
    182.00   0.422500E+07
    182.50   0.422500E+07
    183.00   0.422500E+07
    183.50   0.422500E+07
    184.00   0.422500E+07
    184.50   0.422500E+07
    185.00   0.422500E+07
    185.50   0.422500E+07
    186.00   0.422500E+07
    186.50   0.422500E+07
    187.00   0.422500E+07
    187.50   0.422500E+07
    188.00   0.422500E+07
    188.50   0.422500E+07
    189.00   0.422500E+07
    189.50   0.422500E+07
    190.00   0.422500E+07
    190.50   0.422500E+07
    191.00   0.422500E+07
    191.50   0.422500E+07
    192.00   0.422500E+07
    192.50   0.422500E+07
    193.00   0.422500E+07
    193.50   0.422500E+07
    194.00   0.422500E+07
    194.50   0.422500E+07
    195.00   0.422500E+07
    195.50   0.422500E+07
    196.00   0.422500E+07
    196.50   0.422500E+07
    197.00   0.422500E+07
    197.50   0.422500E+07
    198.00   0.422500E+07
    198.50   0.422500E+07
    199.00   0.422500E+07
    199.50   0.422500E+07
    200.00   0.422500E+07
    200.50   0.422500E+07
    201.00   0.422500E+07
    201.50   0.422500E+07
    202.00   0.422500E+07
    202.50   0.422500E+07
    203.00   0.422500E+07
    203.50   0.422500E+07
    204.00   0.422500E+07
    204.50   0.422500E+07
    205.00   0.422500E+07
    205.50   0.422500E+07
    206.00   0.422500E+07
    206.50   0.422500E+07
    207.00   0.422500E+07
    207.50   0.422500E+07
    208.00   0.422500E+07
    208.50   0.422500E+07
    209.00   0.422500E+07
    209.50   0.422500E+07
    210.00   0.422500E+07
    210.50   0.422500E+07
    211.00   0.422500E+07
    211.50   0.422500E+07
    212.00   0.422500E+07
    212.50   0.422500E+07
    213.00   0.422500E+07
    213.50   0.422500E+07
    214.00   0.422500E+07
    214.50   0.422500E+07
    215.00   0.422500E+07
    215.50   0.422500E+07
    216.00   0.422500E+07
    216.50   0.422500E+07
    217.00   0.422500E+07
    217.50   0.422500E+07
    218.00   0.422500E+07
    218.50   0.422500E+07
    219.00   0.422500E+07
    219.50   0.422500E+07
    220.00   0.422500E+07
    220.50   0.422500E+07
    221.00   0.422500E+07
    221.50   0.422500E+07
    222.00   0.422500E+07
    222.50   0.422500E+07
    223.00   0.422500E+07
    223.50   0.000000E+00
    224.00   0.000000E+00
    224.50   0.000000E+00
    225.00   0.000000E+00
    225.50   0.000000E+00
    226.00   0.000000E+00
    226.50   0.000000E+00
    227.00   0.000000E+00
    227.50   0.000000E+00
    228.00   0.000000E+00
    228.50   0.000000E+00
    229.00   0.000000E+00
    229.50   0.000000E+00
    230.00   0.000000E+00
    230.50   0.000000E+00
    231.00   0.000000E+00
    231.50   0.000000E+00
    232.00   0.000000E+00
    232.50   0.000000E+00
    233.00   0.000000E+00
    233.50   0.000000E+00
    234.00   0.000000E+00
    234.50   0.000000E+00
    235.00   0.000000E+00
    235.50   0.000000E+00
    236.00   0.000000E+00
    236.50   0.000000E+00
    237.00   0.000000E+00
    237.50   0.000000E+00
    238.00   0.422500E+07
    238.50   0.422500E+07
    239.00   0.422500E+07
    239.50   0.422500E+07
    240.00   0.422500E+07
    240.50   0.422500E+07
    241.00   0.422500E+07
    241.50   0.422500E+07
    242.00   0.422500E+07
    242.50   0.422500E+07
    243.00   0.422500E+07
    243.50   0.422500E+07
    244.00   0.422500E+07
    244.50   0.422500E+07
    245.00   0.422500E+07
    245.50   0.422500E+07
    246.00   0.422500E+07
    246.50   0.422500E+07
    247.00   0.422500E+07
    247.50   0.422500E+07
    248.00   0.422500E+07
    248.50   0.422500E+07
    249.00   0.422500E+07
    249.50   0.422500E+07
    250.00   0.422500E+07
    250.50   0.422500E+07
    251.00   0.422500E+07
    251.50   0.422500E+07
    252.00   0.422500E+07
    252.50   0.422500E+07
    253.00   0.422500E+07
    253.50   0.422500E+07
    254.00   0.422500E+07
    254.50   0.422500E+07
    255.00   0.422500E+07
    255.50   0.422500E+07
    256.00   0.422500E+07
    256.50   0.422500E+07
    257.00   0.422500E+07
    257.50   0.422500E+07
    258.00   0.422500E+07
    258.50   0.422500E+07
    259.00   0.422500E+07
    259.50   0.422500E+07
    260.00   0.422500E+07
    260.50   0.422500E+07
    261.00   0.422500E+07
    261.50   0.422500E+07
    262.00   0.422500E+07
    262.50   0.422500E+07
    263.00   0.422500E+07
    263.50   0.422500E+07
    264.00   0.422500E+07
    264.50   0.422500E+07
    265.00   0.422500E+07
    265.50   0.422500E+07
    266.00   0.422500E+07
    266.50   0.422500E+07
    267.00   0.422500E+07
    267.50   0.422500E+07
    268.00   0.422500E+07
    268.50   0.422500E+07
    269.00   0.422500E+07
    269.50   0.422500E+07
    270.00   0.422500E+07
    270.50   0.422500E+07
    271.00   0.422500E+07
    271.50   0.422500E+07
    272.00   0.422500E+07
    272.50   0.422500E+07
    273.00   0.422500E+07
    273.50   0.422500E+07
    274.00   0.422500E+07
    274.50   0.422500E+07
    275.00   0.422500E+07
    275.50   0.422500E+07
    276.00   0.422500E+07
    276.50   0.422500E+07
    277.00   0.422500E+07
    277.50   0.422500E+07
    278.00   0.422500E+07
    278.50   0.422500E+07
    279.00   0.422500E+07
    279.50   0.422500E+07
    280.00   0.422500E+07
    280.50   0.422500E+07
    281.00   0.422500E+07
    281.50   0.422500E+07
    282.00   0.422500E+07
    282.50   0.422500E+07
    283.00   0.422500E+07
    283.50   0.000000E+00
    284.00   0.000000E+00
    284.50   0.000000E+00
    285.00   0.000000E+00
    285.50   0.000000E+00
    286.00   0.000000E+00
    286.50   0.000000E+00
    287.00   0.000000E+00
    287.50   0.000000E+00
    288.00   0.000000E+00
    288.50   0.000000E+00
    289.00   0.000000E+00
    289.50   0.000000E+00
    290.00   0.000000E+00
    290.50   0.000000E+00
    291.00   0.000000E+00
    291.50   0.422500E+07
    292.00   0.422500E+07
    292.50   0.422500E+07
    293.00   0.422500E+07
    293.50   0.422500E+07
    294.00   0.422500E+07
    294.50   0.422500E+07
    295.00   0.422500E+07
    295.50   0.422500E+07
    296.00   0.422500E+07
    296.50   0.422500E+07
    297.00   0.422500E+07
    297.50   0.422500E+07
    298.00   0.422500E+07
    298.50   0.422500E+07
    299.00   0.422500E+07
    299.50   0.422500E+07
    300.00   0.422500E+07
    300.50   0.422500E+07
    301.00   0.422500E+07
    301.50   0.422500E+07
    302.00   0.422500E+07
    302.50   0.422500E+07
    303.00   0.422500E+07
    303.50   0.422500E+07
    304.00   0.422500E+07
    304.50   0.422500E+07
    305.00   0.422500E+07
    305.50   0.422500E+07
    306.00   0.422500E+07
    306.50   0.422500E+07
    307.00   0.422500E+07
    307.50   0.422500E+07
    308.00   0.422500E+07
    308.50   0.422500E+07
    309.00   0.422500E+07
    309.50   0.422500E+07
    310.00   0.422500E+07
    310.50   0.422500E+07
    311.00   0.422500E+07
    311.50   0.422500E+07
    312.00   0.422500E+07
    312.50   0.422500E+07
    313.00   0.422500E+07
    313.50   0.422500E+07
    314.00   0.422500E+07
    314.50   0.422500E+07
    315.00   0.422500E+07
    315.50   0.422500E+07
    316.00   0.422500E+07
    316.50   0.422500E+07
    317.00   0.422500E+07
    317.50   0.422500E+07
    318.00   0.422500E+07
    318.50   0.422500E+07
    319.00   0.422500E+07
    319.50   0.422500E+07
    320.00   0.422500E+07
    320.50   0.422500E+07
    321.00   0.422500E+07
    321.50   0.422500E+07
    322.00   0.422500E+07
    322.50   0.422500E+07
    323.00   0.422500E+07
    323.50   0.422500E+07
    324.00   0.422500E+07
    324.50   0.422500E+07
    325.00   0.422500E+07
    325.50   0.422500E+07
    326.00   0.422500E+07
    326.50   0.422500E+07
    327.00   0.422500E+07
    327.50   0.422500E+07
    328.00   0.422500E+07
    328.50   0.422500E+07
    329.00   0.422500E+07
    329.50   0.422500E+07
    330.00   0.422500E+07
    330.50   0.422500E+07
    331.00   0.422500E+07
    331.50   0.422500E+07
    332.00   0.422500E+07
    332.50   0.422500E+07
    333.00   0.422500E+07
    333.50   0.422500E+07
    334.00   0.422500E+07
    334.50   0.422500E+07
    335.00   0.422500E+07
    335.50   0.422500E+07
    336.00   0.000000E+00
    336.50   0.000000E+00
    337.00   0.000000E+00
    337.50   0.000000E+00
    338.00   0.000000E+00
    338.50   0.000000E+00
    339.00   0.000000E+00
    339.50   0.000000E+00
    340.00   0.000000E+00
    340.50   0.000000E+00
    341.00   0.000000E+00
    341.50   0.000000E+00
    342.00   0.000000E+00
    342.50   0.000000E+00
    343.00   0.000000E+00
    343.50   0.000000E+00
    344.00   0.000000E+00
    344.50   0.000000E+00
    345.00   0.000000E+00
    345.50   0.000000E+00
    346.00   0.000000E+00
    346.50   0.000000E+00
    347.00   0.000000E+00
    347.50   0.000000E+00
    348.00   0.000000E+00
    348.50   0.000000E+00
    349.00   0.000000E+00
    349.50   0.000000E+00
    350.00   0.000000E+00
    350.50   0.000000E+00
    351.00   0.000000E+00
    351.50   0.000000E+00
    352.00   0.000000E+00
    352.50   0.422500E+07
    353.00   0.422500E+07
    353.50   0.422500E+07
    354.00   0.422500E+07
    354.50   0.422500E+07
    355.00   0.422500E+07
    355.50   0.422500E+07
    356.00   0.422500E+07
    356.50   0.422500E+07
    357.00   0.422500E+07
    357.50   0.422500E+07
    358.00   0.422500E+07
    358.50   0.422500E+07
    359.00   0.422500E+07
    359.50   0.422500E+07
    360.00   0.422500E+07
    360.50   0.422500E+07
    361.00   0.422500E+07
    361.50   0.422500E+07
    362.00   0.422500E+07
    362.50   0.422500E+07
    363.00   0.422500E+07
    363.50   0.422500E+07
    364.00   0.422500E+07
    364.50   0.422500E+07
    365.00   0.422500E+07
    365.50   0.422500E+07
    366.00   0.422500E+07
    366.50   0.422500E+07
    367.00   0.422500E+07
    367.50   0.422500E+07
    368.00   0.422500E+07
    368.50   0.422500E+07
    369.00   0.422500E+07
    369.50   0.422500E+07
    370.00   0.422500E+07
    370.50   0.422500E+07
    371.00   0.422500E+07
    371.50   0.422500E+07
    372.00   0.422500E+07
    372.50   0.422500E+07
    373.00   0.422500E+07
    373.50   0.422500E+07
    374.00   0.422500E+07
    374.50   0.422500E+07
    375.00   0.422500E+07
    375.50   0.422500E+07
    376.00   0.422500E+07
    376.50   0.422500E+07
    377.00   0.422500E+07
    377.50   0.422500E+07
    378.00   0.422500E+07
    378.50   0.422500E+07
    379.00   0.422500E+07
    379.50   0.422500E+07
    380.00   0.422500E+07
    380.50   0.422500E+07
    381.00   0.422500E+07
    381.50   0.422500E+07
    382.00   0.422500E+07
    382.50   0.422500E+07
    383.00   0.422500E+07
    383.50   0.422500E+07
    384.00   0.422500E+07
    384.50   0.422500E+07
    385.00   0.422500E+07
    385.50   0.422500E+07
    386.00   0.422500E+07
    386.50   0.422500E+07
    387.00   0.422500E+07
    387.50   0.422500E+07
    388.00   0.422500E+07
    388.50   0.422500E+07
    389.00   0.422500E+07
    389.50   0.000000E+00
    390.00   0.000000E+00
    390.50   0.000000E+00
    391.00   0.000000E+00
    391.50   0.000000E+00
    392.00   0.000000E+00
    392.50   0.000000E+00
    393.00   0.000000E+00
    393.50   0.000000E+00
    394.00   0.000000E+00
    394.50   0.000000E+00
    395.00   0.000000E+00
    395.50   0.000000E+00
    396.00   0.000000E+00
    396.50   0.000000E+00
    397.00   0.000000E+00
    397.50   0.000000E+00
    398.00   0.000000E+00
    398.50   0.000000E+00
    399.00   0.000000E+00
    399.50   0.000000E+00
    400.00   0.000000E+00
    400.50   0.000000E+00
    401.00   0.000000E+00
    401.50   0.000000E+00
    402.00   0.000000E+00
    402.50   0.000000E+00
    403.00   0.000000E+00
    403.50   0.000000E+00
    404.00   0.000000E+00
    404.50   0.000000E+00
    405.00   0.000000E+00
    405.50   0.422500E+07
    406.00   0.422500E+07
    406.50   0.422500E+07
    407.00   0.422500E+07
    407.50   0.422500E+07
    408.00   0.422500E+07
    408.50   0.422500E+07
    409.00   0.422500E+07
    409.50   0.422500E+07
    410.00   0.422500E+07
    410.50   0.422500E+07
    411.00   0.422500E+07
    411.50   0.422500E+07
    412.00   0.422500E+07
    412.50   0.422500E+07
    413.00   0.422500E+07
    413.50   0.422500E+07
    414.00   0.422500E+07
    414.50   0.422500E+07
    415.00   0.422500E+07
    415.50   0.422500E+07
    416.00   0.422500E+07
    416.50   0.422500E+07
    417.00   0.422500E+07
    417.50   0.422500E+07
    418.00   0.422500E+07
    418.50   0.422500E+07
    419.00   0.422500E+07
    419.50   0.422500E+07
    420.00   0.422500E+07
    420.50   0.422500E+07
    421.00   0.422500E+07
    421.50   0.422500E+07
    422.00   0.422500E+07
    422.50   0.422500E+07
    423.00   0.422500E+07
    423.50   0.422500E+07
    424.00   0.422500E+07
    424.50   0.422500E+07
    425.00   0.422500E+07
    425.50   0.422500E+07
    426.00   0.422500E+07
    426.50   0.422500E+07
    427.00   0.422500E+07
    427.50   0.422500E+07
    428.00   0.422500E+07
    428.50   0.422500E+07
    429.00   0.422500E+07
    429.50   0.422500E+07
    430.00   0.422500E+07
    430.50   0.422500E+07
    431.00   0.422500E+07
    431.50   0.422500E+07
    432.00   0.422500E+07
    432.50   0.422500E+07
    433.00   0.422500E+07
    433.50   0.422500E+07
    434.00   0.422500E+07
    434.50   0.422500E+07
    435.00   0.422500E+07
    435.50   0.422500E+07
    436.00   0.422500E+07
    436.50   0.422500E+07
    437.00   0.422500E+07
    437.50   0.422500E+07
    438.00   0.422500E+07
    438.50   0.422500E+07
    439.00   0.422500E+07
    439.50   0.422500E+07
    440.00   0.422500E+07
    440.50   0.422500E+07
    441.00   0.422500E+07
    441.50   0.422500E+07
    442.00   0.422500E+07
    442.50   0.422500E+07
    443.00   0.422500E+07
    443.50   0.422500E+07
    444.00   0.422500E+07
    444.50   0.422500E+07
    445.00   0.422500E+07
    445.50   0.422500E+07
    446.00   0.422500E+07
    446.50   0.422500E+07
    447.00   0.422500E+07
    447.50   0.422500E+07
    448.00   0.422500E+07
    448.50   0.422500E+07
    449.00   0.422500E+07
    449.50   0.000000E+00
    450.00   0.000000E+00
    450.50   0.000000E+00
    451.00   0.000000E+00
    451.50   0.000000E+00
    452.00   0.000000E+00
    452.50   0.000000E+00
    453.00   0.000000E+00
    453.50   0.000000E+00
    454.00   0.000000E+00
    454.50   0.000000E+00
    455.00   0.000000E+00
    455.50   0.000000E+00
    456.00   0.000000E+00
    456.50   0.000000E+00
    457.00   0.000000E+00
    457.50   0.000000E+00
    458.00   0.000000E+00
    458.50   0.000000E+00
    459.00   0.000000E+00
    459.50   0.000000E+00
    460.00   0.000000E+00
    460.50   0.000000E+00
    461.00   0.000000E+00
    461.50   0.000000E+00
    462.00   0.000000E+00
    462.50   0.000000E+00
    463.00   0.000000E+00
    463.50   0.000000E+00
    464.00   0.000000E+00
    464.50   0.000000E+00
    465.00   0.000000E+00
    465.50   0.000000E+00
    466.00   0.000000E+00
    466.50   0.000000E+00
    467.00   0.422500E+07
    467.50   0.422500E+07
    468.00   0.422500E+07
    468.50   0.422500E+07
    469.00   0.422500E+07
    469.50   0.422500E+07
    470.00   0.422500E+07
    470.50   0.422500E+07
    471.00   0.422500E+07
    471.50   0.422500E+07
    472.00   0.422500E+07
    472.50   0.422500E+07
    473.00   0.422500E+07
    473.50   0.422500E+07
    474.00   0.422500E+07
    474.50   0.422500E+07
    475.00   0.422500E+07
    475.50   0.422500E+07
    476.00   0.422500E+07
    476.50   0.422500E+07
    477.00   0.422500E+07
    477.50   0.422500E+07
    478.00   0.422500E+07
    478.50   0.422500E+07
    479.00   0.422500E+07
    479.50   0.422500E+07
    480.00   0.422500E+07
    480.50   0.422500E+07
    481.00   0.422500E+07
    481.50   0.422500E+07
    482.00   0.422500E+07
    482.50   0.422500E+07
    483.00   0.422500E+07
    483.50   0.422500E+07
    484.00   0.422500E+07
    484.50   0.422500E+07
    485.00   0.422500E+07
    485.50   0.422500E+07
    486.00   0.422500E+07
    486.50   0.422500E+07
    487.00   0.422500E+07
    487.50   0.422500E+07
    488.00   0.422500E+07
    488.50   0.422500E+07
    489.00   0.422500E+07
    489.50   0.422500E+07
    490.00   0.422500E+07
    490.50   0.422500E+07
    491.00   0.422500E+07
    491.50   0.422500E+07
    492.00   0.422500E+07
    492.50   0.422500E+07
    493.00   0.422500E+07
    493.50   0.422500E+07
    494.00   0.422500E+07
    494.50   0.422500E+07
    495.00   0.422500E+07
    495.50   0.422500E+07
    496.00   0.422500E+07
    496.50   0.422500E+07
    497.00   0.422500E+07
    497.50   0.422500E+07
    498.00   0.422500E+07
    498.50   0.422500E+07
    499.00   0.422500E+07
    499.50   0.422500E+07
