  0.000   0.010    0.87753E+07   0.00000E+00   0.40171E+03   0.00000E+00  -0.10843E+09   0.00000E+00
  0.000   0.020    0.87762E+07   0.00000E+00   0.40350E+03   0.00000E+00  -0.10844E+09   0.00000E+00
  0.000   0.030    0.87778E+07   0.00000E+00   0.40572E+03   0.00000E+00  -0.10846E+09   0.00000E+00
  0.000   0.040    0.87801E+07   0.00000E+00   0.40810E+03   0.00000E+00  -0.10849E+09   0.00000E+00
  0.000   0.050    0.87830E+07   0.00000E+00   0.41044E+03   0.00000E+00  -0.10853E+09   0.00000E+00
  0.000   0.060    0.87866E+07   0.00000E+00   0.41258E+03   0.00000E+00  -0.10858E+09   0.00000E+00
  0.000   0.070    0.87909E+07   0.00000E+00   0.41436E+03   0.00000E+00  -0.10864E+09   0.00000E+00
  0.001   0.080    0.87959E+07   0.00000E+00   0.41567E+03   0.00000E+00  -0.10871E+09   0.00000E+00
  0.001   0.090    0.88016E+07   0.00000E+00   0.41640E+03   0.00000E+00  -0.10879E+09   0.00000E+00
  0.001   0.100    0.88081E+07   0.00000E+00   0.41645E+03   0.00000E+00  -0.10887E+09   0.00000E+00
  0.001   0.110    0.88155E+07   0.00000E+00   0.41574E+03   0.00000E+00  -0.10897E+09   0.00000E+00
  0.001   0.120    0.88236E+07   0.00000E+00   0.41419E+03   0.00000E+00  -0.10908E+09   0.00000E+00
  0.002   0.130    0.88327E+07   0.00000E+00   0.41174E+03   0.00000E+00  -0.10920E+09   0.00000E+00
  0.002   0.140    0.88426E+07   0.00000E+00   0.40835E+03   0.00000E+00  -0.10934E+09   0.00000E+00
  0.002   0.150    0.88536E+07   0.00000E+00   0.40398E+03   0.00000E+00  -0.10948E+09   0.00000E+00
  0.003   0.160    0.88657E+07   0.00000E+00   0.39861E+03   0.00000E+00  -0.10965E+09   0.00000E+00
  0.003   0.170    0.88788E+07   0.00000E+00   0.39223E+03   0.00000E+00  -0.10982E+09   0.00000E+00
  0.003   0.180    0.88931E+07   0.00000E+00   0.38483E+03   0.00000E+00  -0.11002E+09   0.00000E+00
  0.004   0.190    0.89085E+07   0.00000E+00   0.37642E+03   0.00000E+00  -0.11022E+09   0.00000E+00
  0.004   0.200    0.89253E+07   0.00000E+00   0.36701E+03   0.00000E+00  -0.11045E+09   0.00000E+00
  0.004   0.210    0.89432E+07   0.00000E+00   0.35663E+03   0.00000E+00  -0.11070E+09   0.00000E+00
  0.005   0.220    0.89625E+07   0.00000E+00   0.34533E+03   0.00000E+00  -0.11096E+09   0.00000E+00
  0.005   0.230    0.89831E+07   0.00000E+00   0.33314E+03   0.00000E+00  -0.11124E+09   0.00000E+00
  0.006   0.240    0.90050E+07   0.00000E+00   0.32013E+03   0.00000E+00  -0.11155E+09   0.00000E+00
  0.006   0.250    0.90284E+07   0.00000E+00   0.30636E+03   0.00000E+00  -0.11188E+09   0.00000E+00
  0.007   0.260    0.90532E+07   0.00000E+00   0.29193E+03   0.00000E+00  -0.11224E+09   0.00000E+00
  0.007   0.270    0.90796E+07   0.00000E+00   0.27690E+03   0.00000E+00  -0.11262E+09   0.00000E+00
  0.008   0.280    0.91073E+07   0.00000E+00   0.26140E+03   0.00000E+00  -0.11303E+09   0.00000E+00
  0.009   0.290    0.91365E+07   0.00000E+00   0.24550E+03   0.00000E+00  -0.11346E+09   0.00000E+00
  0.009   0.300    0.91671E+07   0.00000E+00   0.22933E+03   0.00000E+00  -0.11392E+09   0.00000E+00
  0.010   0.310    0.91989E+07   0.00000E+00   0.21300E+03   0.00000E+00  -0.11441E+09   0.00000E+00
  0.010   0.320    0.92317E+07   0.00000E+00   0.19662E+03   0.00000E+00  -0.11492E+09   0.00000E+00
  0.011   0.330    0.92656E+07   0.00000E+00   0.18031E+03   0.00000E+00  -0.11546E+09   0.00000E+00
  0.012   0.340    0.93001E+07   0.00000E+00   0.16421E+03   0.00000E+00  -0.11602E+09   0.00000E+00
  0.012   0.350    0.93352E+07   0.00000E+00   0.14844E+03   0.00000E+00  -0.11661E+09   0.00000E+00
  0.013   0.360    0.93707E+07   0.00000E+00   0.13315E+03   0.00000E+00  -0.11721E+09   0.00000E+00
  0.014   0.370    0.94062E+07   0.00000E+00   0.11848E+03   0.00000E+00  -0.11783E+09   0.00000E+00
  0.015   0.380    0.94416E+07   0.00000E+00   0.10459E+03   0.00000E+00  -0.11847E+09   0.00000E+00
  0.016   0.390    0.94765E+07   0.00000E+00   0.91637E+02   0.00000E+00  -0.11912E+09   0.00000E+00
  0.016   0.400    0.95106E+07   0.00000E+00   0.79768E+02   0.00000E+00  -0.11977E+09   0.00000E+00
  0.017   0.410    0.95435E+07   0.00000E+00   0.69141E+02   0.00000E+00  -0.12042E+09   0.00000E+00
  0.018   0.420    0.95749E+07   0.00000E+00   0.59911E+02   0.00000E+00  -0.12107E+09   0.00000E+00
  0.019   0.430    0.96042E+07   0.00000E+00   0.52226E+02   0.00000E+00  -0.12170E+09   0.00000E+00
  0.020   0.440    0.96309E+07   0.00000E+00   0.46227E+02   0.00000E+00  -0.12230E+09   0.00000E+00
  0.021   0.450    0.96547E+07   0.00000E+00   0.42049E+02   0.00000E+00  -0.12287E+09   0.00000E+00
  0.022   0.460    0.96749E+07   0.00000E+00   0.39817E+02   0.00000E+00  -0.12339E+09   0.00000E+00
  0.023   0.470    0.96910E+07   0.00000E+00   0.39645E+02   0.00000E+00  -0.12385E+09   0.00000E+00
  0.023   0.480    0.97025E+07   0.00000E+00   0.41636E+02   0.00000E+00  -0.12424E+09   0.00000E+00
  0.024   0.490    0.97090E+07   0.00000E+00   0.45877E+02   0.00000E+00  -0.12456E+09   0.00000E+00
  0.025   0.500    0.97101E+07   0.00000E+00   0.52442E+02   0.00000E+00  -0.12478E+09   0.00000E+00
  0.027   0.510    0.97054E+07   0.00000E+00   0.61386E+02   0.00000E+00  -0.12489E+09   0.00000E+00
  0.028   0.520    0.96946E+07   0.00000E+00   0.72748E+02   0.00000E+00  -0.12488E+09   0.00000E+00
  0.029   0.530    0.96774E+07   0.00000E+00   0.86545E+02   0.00000E+00  -0.12474E+09   0.00000E+00
  0.030   0.540    0.96538E+07   0.00000E+00   0.10278E+03   0.00000E+00  -0.12447E+09   0.00000E+00
  0.031   0.550    0.96237E+07   0.00000E+00   0.12141E+03   0.00000E+00  -0.12405E+09   0.00000E+00
  0.032   0.560    0.95872E+07   0.00000E+00   0.14241E+03   0.00000E+00  -0.12347E+09   0.00000E+00
  0.033   0.570    0.95444E+07   0.00000E+00   0.16570E+03   0.00000E+00  -0.12273E+09   0.00000E+00
  0.034   0.580    0.94956E+07   0.00000E+00   0.19117E+03   0.00000E+00  -0.12183E+09   0.00000E+00
  0.035   0.590    0.94413E+07   0.00000E+00   0.21869E+03   0.00000E+00  -0.12076E+09   0.00000E+00
  0.037   0.600    0.93819E+07   0.00000E+00   0.24812E+03   0.00000E+00  -0.11953E+09   0.00000E+00
  0.038   0.610    0.93181E+07   0.00000E+00   0.27926E+03   0.00000E+00  -0.11814E+09   0.00000E+00
  0.039   0.620    0.92505E+07   0.00000E+00   0.31188E+03   0.00000E+00  -0.11660E+09   0.00000E+00
  0.040   0.630    0.91800E+07   0.00000E+00   0.34574E+03   0.00000E+00  -0.11492E+09   0.00000E+00
  0.042   0.640    0.91074E+07   0.00000E+00   0.38052E+03   0.00000E+00  -0.11311E+09   0.00000E+00
  0.043   0.650    0.90336E+07   0.00000E+00   0.41590E+03   0.00000E+00  -0.11119E+09   0.00000E+00
  0.044   0.660    0.89596E+07   0.00000E+00   0.45149E+03   0.00000E+00  -0.10916E+09   0.00000E+00
  0.046   0.670    0.88864E+07   0.00000E+00   0.48687E+03   0.00000E+00  -0.10706E+09   0.00000E+00
  0.047   0.680    0.88150E+07   0.00000E+00   0.52160E+03   0.00000E+00  -0.10489E+09   0.00000E+00
  0.049   0.690    0.87465E+07   0.00000E+00   0.55519E+03   0.00000E+00  -0.10269E+09   0.00000E+00
  0.050   0.700    0.86819E+07   0.00000E+00   0.58712E+03   0.00000E+00  -0.10046E+09   0.00000E+00
  0.051   0.710    0.86222E+07   0.00000E+00   0.61690E+03   0.00000E+00  -0.98248E+08   0.00000E+00
  0.053   0.720    0.85684E+07   0.00000E+00   0.64401E+03   0.00000E+00  -0.96060E+08   0.00000E+00
  0.054   0.730    0.85216E+07   0.00000E+00   0.66801E+03   0.00000E+00  -0.93925E+08   0.00000E+00
  0.056   0.740    0.84828E+07   0.00000E+00   0.68848E+03   0.00000E+00  -0.91867E+08   0.00000E+00
  0.057   0.750    0.84531E+07   0.00000E+00   0.70511E+03   0.00000E+00  -0.89910E+08   0.00000E+00
  0.059   0.760    0.84335E+07   0.00000E+00   0.71770E+03   0.00000E+00  -0.88076E+08   0.00000E+00
  0.060   0.770    0.84250E+07   0.00000E+00   0.72617E+03   0.00000E+00  -0.86390E+08   0.00000E+00
  0.062   0.780    0.84287E+07   0.00000E+00   0.73057E+03   0.00000E+00  -0.84874E+08   0.00000E+00
  0.064   0.790    0.84458E+07   0.00000E+00   0.73110E+03   0.00000E+00  -0.83550E+08   0.00000E+00
  0.065   0.800    0.84773E+07   0.00000E+00   0.72807E+03   0.00000E+00  -0.82440E+08   0.00000E+00
  0.067   0.810    0.85244E+07   0.00000E+00   0.72192E+03   0.00000E+00  -0.81566E+08   0.00000E+00
  0.069   0.820    0.85882E+07   0.00000E+00   0.71312E+03   0.00000E+00  -0.80947E+08   0.00000E+00
  0.070   0.830    0.86699E+07   0.00000E+00   0.70222E+03   0.00000E+00  -0.80606E+08   0.00000E+00
  0.072   0.840    0.87706E+07   0.00000E+00   0.68977E+03   0.00000E+00  -0.80562E+08   0.00000E+00
  0.074   0.850    0.88912E+07   0.00000E+00   0.67628E+03   0.00000E+00  -0.80834E+08   0.00000E+00
  0.075   0.860    0.90326E+07   0.00000E+00   0.66225E+03   0.00000E+00  -0.81441E+08   0.00000E+00
  0.077   0.870    0.91954E+07   0.00000E+00   0.64810E+03   0.00000E+00  -0.82402E+08   0.00000E+00
  0.079   0.880    0.93800E+07   0.00000E+00   0.63419E+03   0.00000E+00  -0.83733E+08   0.00000E+00
  0.081   0.890    0.95860E+07   0.00000E+00   0.62080E+03   0.00000E+00  -0.85447E+08   0.00000E+00
  0.083   0.900    0.98125E+07   0.00000E+00   0.60813E+03   0.00000E+00  -0.87553E+08   0.00000E+00
  0.084   0.910    0.10057E+08   0.00000E+00   0.59633E+03   0.00000E+00  -0.90054E+08   0.00000E+00
  0.086   0.920    0.10317E+08   0.00000E+00   0.58547E+03   0.00000E+00  -0.92942E+08   0.00000E+00
  0.088   0.930    0.10587E+08   0.00000E+00   0.57554E+03   0.00000E+00  -0.96190E+08   0.00000E+00
  0.090   0.940    0.10858E+08   0.00000E+00   0.56652E+03   0.00000E+00  -0.99753E+08   0.00000E+00
  0.092   0.950    0.11120E+08   0.00000E+00   0.55829E+03   0.00000E+00  -0.10355E+09   0.00000E+00
  0.094   0.960    0.11359E+08   0.00000E+00   0.55071E+03   0.00000E+00  -0.10748E+09   0.00000E+00
  0.096   0.970    0.11558E+08   0.00000E+00   0.54359E+03   0.00000E+00  -0.11136E+09   0.00000E+00
  0.098   0.980    0.11696E+08   0.00000E+00   0.53668E+03   0.00000E+00  -0.11501E+09   0.00000E+00
  0.100   0.990    0.11752E+08   0.00000E+00   0.52975E+03   0.00000E+00  -0.11816E+09   0.00000E+00
  0.102   1.000    0.11706E+08   0.00000E+00   0.52255E+03   0.00000E+00  -0.12057E+09   0.00000E+00
  0.104   1.010    0.11545E+08   0.00000E+00   0.51488E+03   0.00000E+00  -0.12198E+09   0.00000E+00
  0.106   1.020    0.11264E+08   0.00000E+00   0.50659E+03   0.00000E+00  -0.12221E+09   0.00000E+00
  0.108   1.030    0.10872E+08   0.00000E+00   0.49768E+03   0.00000E+00  -0.12119E+09   0.00000E+00
  0.110   1.040    0.10388E+08   0.00000E+00   0.48823E+03   0.00000E+00  -0.11897E+09   0.00000E+00
  0.112   1.050    0.98407E+07   0.00000E+00   0.47844E+03   0.00000E+00  -0.11572E+09   0.00000E+00
  0.115   1.060    0.92631E+07   0.00000E+00   0.46855E+03   0.00000E+00  -0.11170E+09   0.00000E+00
  0.117   1.070    0.86858E+07   0.00000E+00   0.45882E+03   0.00000E+00  -0.10721E+09   0.00000E+00
  0.119   1.080    0.81342E+07   0.00000E+00   0.44948E+03   0.00000E+00  -0.10253E+09   0.00000E+00
  0.121   1.090    0.76261E+07   0.00000E+00   0.44070E+03   0.00000E+00  -0.97890E+08   0.00000E+00
  0.123   1.100    0.71720E+07   0.00000E+00   0.43259E+03   0.00000E+00  -0.93463E+08   0.00000E+00
  0.126   1.110    0.67761E+07   0.00000E+00   0.42520E+03   0.00000E+00  -0.89363E+08   0.00000E+00
  0.128   1.120    0.64385E+07   0.00000E+00   0.41855E+03   0.00000E+00  -0.85653E+08   0.00000E+00
  0.130   1.130    0.61560E+07   0.00000E+00   0.41262E+03   0.00000E+00  -0.82355E+08   0.00000E+00
  0.133   1.140    0.59241E+07   0.00000E+00   0.40739E+03   0.00000E+00  -0.79466E+08   0.00000E+00
  0.135   1.150    0.57373E+07   0.00000E+00   0.40282E+03   0.00000E+00  -0.76965E+08   0.00000E+00
  0.137   1.160    0.55902E+07   0.00000E+00   0.39889E+03   0.00000E+00  -0.74820E+08   0.00000E+00
  0.140   1.170    0.54773E+07   0.00000E+00   0.39557E+03   0.00000E+00  -0.72996E+08   0.00000E+00
  0.142   1.180    0.53939E+07   0.00000E+00   0.39286E+03   0.00000E+00  -0.71454E+08   0.00000E+00
  0.144   1.190    0.53353E+07   0.00000E+00   0.39074E+03   0.00000E+00  -0.70160E+08   0.00000E+00
  0.147   1.200    0.52977E+07   0.00000E+00   0.38925E+03   0.00000E+00  -0.69080E+08   0.00000E+00
  0.149   1.210    0.52776E+07   0.00000E+00   0.38843E+03   0.00000E+00  -0.68184E+08   0.00000E+00
  0.152   1.220    0.52720E+07   0.00000E+00   0.38836E+03   0.00000E+00  -0.67446E+08   0.00000E+00
  0.154   1.230    0.52784E+07   0.00000E+00   0.38916E+03   0.00000E+00  -0.66846E+08   0.00000E+00
  0.157   1.240    0.52949E+07   0.00000E+00   0.39103E+03   0.00000E+00  -0.66367E+08   0.00000E+00
  0.159   1.250    0.53199E+07   0.00000E+00   0.39419E+03   0.00000E+00  -0.65997E+08   0.00000E+00
  0.162   1.260    0.53522E+07   0.00000E+00   0.39891E+03   0.00000E+00  -0.65726E+08   0.00000E+00
  0.164   1.270    0.53911E+07   0.00000E+00   0.40541E+03   0.00000E+00  -0.65548E+08   0.00000E+00
  0.167   1.280    0.54360E+07   0.00000E+00   0.41369E+03   0.00000E+00  -0.65460E+08   0.00000E+00
  0.170   1.290    0.54867E+07   0.00000E+00   0.42319E+03   0.00000E+00  -0.65458E+08   0.00000E+00
  0.172   1.300    0.55432E+07   0.00000E+00   0.43255E+03   0.00000E+00  -0.65541E+08   0.00000E+00
  0.175   1.310    0.56051E+07   0.00000E+00   0.43970E+03   0.00000E+00  -0.65705E+08   0.00000E+00
  0.178   1.320    0.56726E+07   0.00000E+00   0.44274E+03   0.00000E+00  -0.65950E+08   0.00000E+00
  0.180   1.330    0.57453E+07   0.00000E+00   0.44113E+03   0.00000E+00  -0.66271E+08   0.00000E+00
  0.183   1.340    0.58228E+07   0.00000E+00   0.43579E+03   0.00000E+00  -0.66666E+08   0.00000E+00
  0.186   1.350    0.59044E+07   0.00000E+00   0.42828E+03   0.00000E+00  -0.67129E+08   0.00000E+00
  0.189   1.360    0.59891E+07   0.00000E+00   0.41992E+03   0.00000E+00  -0.67654E+08   0.00000E+00
  0.191   1.370    0.60753E+07   0.00000E+00   0.41157E+03   0.00000E+00  -0.68233E+08   0.00000E+00
  0.194   1.380    0.61609E+07   0.00000E+00   0.40370E+03   0.00000E+00  -0.68854E+08   0.00000E+00
  0.197   1.390    0.62429E+07   0.00000E+00   0.39653E+03   0.00000E+00  -0.69502E+08   0.00000E+00
  0.200   1.400    0.63177E+07   0.00000E+00   0.39021E+03   0.00000E+00  -0.70159E+08   0.00000E+00
  0.203   1.410    0.63813E+07   0.00000E+00   0.38486E+03   0.00000E+00  -0.70802E+08   0.00000E+00
  0.206   1.420    0.64288E+07   0.00000E+00   0.38058E+03   0.00000E+00  -0.71404E+08   0.00000E+00
  0.209   1.430    0.64557E+07   0.00000E+00   0.37749E+03   0.00000E+00  -0.71938E+08   0.00000E+00
  0.211   1.440    0.64579E+07   0.00000E+00   0.37569E+03   0.00000E+00  -0.72375E+08   0.00000E+00
  0.214   1.450    0.64329E+07   0.00000E+00   0.37527E+03   0.00000E+00  -0.72695E+08   0.00000E+00
  0.217   1.460    0.63796E+07   0.00000E+00   0.37622E+03   0.00000E+00  -0.72884E+08   0.00000E+00
  0.220   1.470    0.62993E+07   0.00000E+00   0.37849E+03   0.00000E+00  -0.72938E+08   0.00000E+00
  0.223   1.480    0.61948E+07   0.00000E+00   0.38192E+03   0.00000E+00  -0.72865E+08   0.00000E+00
  0.226   1.490    0.60702E+07   0.00000E+00   0.38629E+03   0.00000E+00  -0.72681E+08   0.00000E+00
  0.229   1.500    0.59299E+07   0.00000E+00   0.39138E+03   0.00000E+00  -0.72408E+08   0.00000E+00
  0.233   1.510    0.57782E+07   0.00000E+00   0.39694E+03   0.00000E+00  -0.72069E+08   0.00000E+00
  0.236   1.520    0.56184E+07   0.00000E+00   0.40273E+03   0.00000E+00  -0.71686E+08   0.00000E+00
  0.239   1.530    0.54531E+07   0.00000E+00   0.40859E+03   0.00000E+00  -0.71277E+08   0.00000E+00
  0.242   1.540    0.52844E+07   0.00000E+00   0.41435E+03   0.00000E+00  -0.70858E+08   0.00000E+00
  0.245   1.550    0.51144E+07   0.00000E+00   0.41990E+03   0.00000E+00  -0.70440E+08   0.00000E+00
  0.248   1.560    0.49458E+07   0.00000E+00   0.42510E+03   0.00000E+00  -0.70037E+08   0.00000E+00
  0.251   1.570    0.47826E+07   0.00000E+00   0.42985E+03   0.00000E+00  -0.69662E+08   0.00000E+00
  0.255   1.580    0.46301E+07   0.00000E+00   0.43401E+03   0.00000E+00  -0.69332E+08   0.00000E+00
  0.258   1.590    0.44949E+07   0.00000E+00   0.43746E+03   0.00000E+00  -0.69065E+08   0.00000E+00
  0.261   1.600    0.43836E+07   0.00000E+00   0.44009E+03   0.00000E+00  -0.68878E+08   0.00000E+00
  0.264   1.610    0.43018E+07   0.00000E+00   0.44185E+03   0.00000E+00  -0.68784E+08   0.00000E+00
  0.268   1.620    0.42523E+07   0.00000E+00   0.44272E+03   0.00000E+00  -0.68788E+08   0.00000E+00
  0.271   1.630    0.42353E+07   0.00000E+00   0.44278E+03   0.00000E+00  -0.68888E+08   0.00000E+00
  0.274   1.640    0.42477E+07   0.00000E+00   0.44213E+03   0.00000E+00  -0.69075E+08   0.00000E+00
  0.278   1.650    0.42848E+07   0.00000E+00   0.44091E+03   0.00000E+00  -0.69333E+08   0.00000E+00
  0.281   1.660    0.43409E+07   0.00000E+00   0.43928E+03   0.00000E+00  -0.69646E+08   0.00000E+00
  0.284   1.670    0.44104E+07   0.00000E+00   0.43737E+03   0.00000E+00  -0.69996E+08   0.00000E+00
  0.288   1.680    0.44885E+07   0.00000E+00   0.43529E+03   0.00000E+00  -0.70371E+08   0.00000E+00
  0.291   1.690    0.45710E+07   0.00000E+00   0.43312E+03   0.00000E+00  -0.70756E+08   0.00000E+00
  0.295   1.700    0.46547E+07   0.00000E+00   0.43093E+03   0.00000E+00  -0.71144E+08   0.00000E+00
  0.298   1.710    0.47374E+07   0.00000E+00   0.42876E+03   0.00000E+00  -0.71528E+08   0.00000E+00
  0.302   1.720    0.48172E+07   0.00000E+00   0.42661E+03   0.00000E+00  -0.71901E+08   0.00000E+00
  0.305   1.730    0.48930E+07   0.00000E+00   0.42451E+03   0.00000E+00  -0.72261E+08   0.00000E+00
  0.309   1.740    0.49640E+07   0.00000E+00   0.42244E+03   0.00000E+00  -0.72605E+08   0.00000E+00
  0.312   1.750    0.50297E+07   0.00000E+00   0.42040E+03   0.00000E+00  -0.72931E+08   0.00000E+00
  0.316   1.760    0.50898E+07   0.00000E+00   0.41835E+03   0.00000E+00  -0.73239E+08   0.00000E+00
  0.319   1.770    0.51443E+07   0.00000E+00   0.41630E+03   0.00000E+00  -0.73529E+08   0.00000E+00
  0.323   1.780    0.51936E+07   0.00000E+00   0.41430E+03   0.00000E+00  -0.73803E+08   0.00000E+00
  0.327   1.790    0.52381E+07   0.00000E+00   0.41265E+03   0.00000E+00  -0.74062E+08   0.00000E+00
  0.330   1.800    0.52787E+07   0.00000E+00   0.41231E+03   0.00000E+00  -0.74310E+08   0.00000E+00
  0.334   1.810    0.53165E+07   0.00000E+00   0.41445E+03   0.00000E+00  -0.74550E+08   0.00000E+00
  0.338   1.820    0.53526E+07   0.00000E+00   0.41792E+03   0.00000E+00  -0.74786E+08   0.00000E+00
  0.341   1.830    0.53880E+07   0.00000E+00   0.42050E+03   0.00000E+00  -0.75022E+08   0.00000E+00
  0.345   1.840    0.54237E+07   0.00000E+00   0.42178E+03   0.00000E+00  -0.75259E+08   0.00000E+00
  0.349   1.850    0.54602E+07   0.00000E+00   0.42220E+03   0.00000E+00  -0.75498E+08   0.00000E+00
  0.353   1.860    0.54979E+07   0.00000E+00   0.42213E+03   0.00000E+00  -0.75739E+08   0.00000E+00
  0.357   1.870    0.55368E+07   0.00000E+00   0.42179E+03   0.00000E+00  -0.75982E+08   0.00000E+00
  0.360   1.880    0.55767E+07   0.00000E+00   0.42126E+03   0.00000E+00  -0.76226E+08   0.00000E+00
  0.364   1.890    0.56176E+07   0.00000E+00   0.42060E+03   0.00000E+00  -0.76469E+08   0.00000E+00
  0.368   1.900    0.56592E+07   0.00000E+00   0.41984E+03   0.00000E+00  -0.76710E+08   0.00000E+00
  0.372   1.910    0.57011E+07   0.00000E+00   0.41899E+03   0.00000E+00  -0.76948E+08   0.00000E+00
  0.376   1.920    0.57427E+07   0.00000E+00   0.41805E+03   0.00000E+00  -0.77181E+08   0.00000E+00
  0.380   1.930    0.57833E+07   0.00000E+00   0.41705E+03   0.00000E+00  -0.77408E+08   0.00000E+00
  0.384   1.940    0.58218E+07   0.00000E+00   0.41601E+03   0.00000E+00  -0.77625E+08   0.00000E+00
  0.388   1.950    0.58567E+07   0.00000E+00   0.41496E+03   0.00000E+00  -0.77828E+08   0.00000E+00
  0.392   1.960    0.58861E+07   0.00000E+00   0.41397E+03   0.00000E+00  -0.78011E+08   0.00000E+00
  0.396   1.970    0.59075E+07   0.00000E+00   0.41314E+03   0.00000E+00  -0.78169E+08   0.00000E+00
  0.400   1.980    0.59180E+07   0.00000E+00   0.41257E+03   0.00000E+00  -0.78294E+08   0.00000E+00
  0.404   1.990    0.59145E+07   0.00000E+00   0.41243E+03   0.00000E+00  -0.78378E+08   0.00000E+00
  0.408   2.000    0.58943E+07   0.00000E+00   0.41285E+03   0.00000E+00  -0.78414E+08   0.00000E+00
  0.412   2.010    0.58562E+07   0.00000E+00   0.41395E+03   0.00000E+00  -0.78400E+08   0.00000E+00
  0.416   2.020    0.58018E+07   0.00000E+00   0.41571E+03   0.00000E+00  -0.78341E+08   0.00000E+00
  0.420   2.030    0.57372E+07   0.00000E+00   0.41794E+03   0.00000E+00  -0.78255E+08   0.00000E+00
  0.424   2.040    0.56717E+07   0.00000E+00   0.42030E+03   0.00000E+00  -0.78168E+08   0.00000E+00
  0.429   2.050    0.56152E+07   0.00000E+00   0.42239E+03   0.00000E+00  -0.78106E+08   0.00000E+00
  0.433   2.060    0.55737E+07   0.00000E+00   0.42395E+03   0.00000E+00  -0.78085E+08   0.00000E+00
  0.437   2.070    0.55484E+07   0.00000E+00   0.42491E+03   0.00000E+00  -0.78108E+08   0.00000E+00
  0.441   2.080    0.55368E+07   0.00000E+00   0.42533E+03   0.00000E+00  -0.78168E+08   0.00000E+00
  0.445   2.090    0.55352E+07   0.00000E+00   0.42534E+03   0.00000E+00  -0.78252E+08   0.00000E+00
  0.450   2.100    0.55402E+07   0.00000E+00   0.42505E+03   0.00000E+00  -0.78353E+08   0.00000E+00
  0.454   2.110    0.55490E+07   0.00000E+00   0.42456E+03   0.00000E+00  -0.78463E+08   0.00000E+00
  0.458   2.120    0.55599E+07   0.00000E+00   0.42394E+03   0.00000E+00  -0.78577E+08   0.00000E+00
  0.463   2.130    0.55716E+07   0.00000E+00   0.42321E+03   0.00000E+00  -0.78691E+08   0.00000E+00
  0.467   2.140    0.55836E+07   0.00000E+00   0.42237E+03   0.00000E+00  -0.78805E+08   0.00000E+00
  0.471   2.150    0.55955E+07   0.00000E+00   0.42139E+03   0.00000E+00  -0.78918E+08   0.00000E+00
  0.476   2.160    0.56072E+07   0.00000E+00   0.42016E+03   0.00000E+00  -0.79028E+08   0.00000E+00
  0.480   2.170    0.56188E+07   0.00000E+00   0.41853E+03   0.00000E+00  -0.79138E+08   0.00000E+00
  0.485   2.180    0.56305E+07   0.00000E+00   0.41622E+03   0.00000E+00  -0.79246E+08   0.00000E+00
  0.489   2.190    0.56424E+07   0.00000E+00   0.41275E+03   0.00000E+00  -0.79354E+08   0.00000E+00
  0.494   2.200    0.56549E+07   0.00000E+00   0.40799E+03   0.00000E+00  -0.79462E+08   0.00000E+00
  0.498   2.210    0.56680E+07   0.00000E+00   0.40448E+03   0.00000E+00  -0.79570E+08   0.00000E+00
  0.503   2.220    0.56816E+07   0.00000E+00   0.40520E+03   0.00000E+00  -0.79678E+08   0.00000E+00
  0.507   2.230    0.56950E+07   0.00000E+00   0.40765E+03   0.00000E+00  -0.79786E+08   0.00000E+00
  0.512   2.240    0.57069E+07   0.00000E+00   0.40974E+03   0.00000E+00  -0.79890E+08   0.00000E+00
  0.516   2.250    0.57156E+07   0.00000E+00   0.41108E+03   0.00000E+00  -0.79987E+08   0.00000E+00
  0.521   2.260    0.57196E+07   0.00000E+00   0.41172E+03   0.00000E+00  -0.80076E+08   0.00000E+00
  0.525   2.270    0.57191E+07   0.00000E+00   0.41178E+03   0.00000E+00  -0.80156E+08   0.00000E+00
  0.530   2.280    0.57150E+07   0.00000E+00   0.41144E+03   0.00000E+00  -0.80230E+08   0.00000E+00
  0.535   2.290    0.57088E+07   0.00000E+00   0.41088E+03   0.00000E+00  -0.80298E+08   0.00000E+00
  0.539   2.300    0.57012E+07   0.00000E+00   0.41024E+03   0.00000E+00  -0.80363E+08   0.00000E+00
  0.544   2.310    0.56916E+07   0.00000E+00   0.40961E+03   0.00000E+00  -0.80422E+08   0.00000E+00
  0.549   2.320    0.56789E+07   0.00000E+00   0.40903E+03   0.00000E+00  -0.80475E+08   0.00000E+00
  0.554   2.330    0.56618E+07   0.00000E+00   0.40851E+03   0.00000E+00  -0.80519E+08   0.00000E+00
  0.558   2.340    0.56393E+07   0.00000E+00   0.40806E+03   0.00000E+00  -0.80554E+08   0.00000E+00
  0.563   2.350    0.56123E+07   0.00000E+00   0.40774E+03   0.00000E+00  -0.80581E+08   0.00000E+00
  0.568   2.360    0.55837E+07   0.00000E+00   0.40761E+03   0.00000E+00  -0.80605E+08   0.00000E+00
  0.573   2.370    0.55585E+07   0.00000E+00   0.40780E+03   0.00000E+00  -0.80632E+08   0.00000E+00
  0.578   2.380    0.55415E+07   0.00000E+00   0.40845E+03   0.00000E+00  -0.80667E+08   0.00000E+00
  0.582   2.390    0.55354E+07   0.00000E+00   0.40960E+03   0.00000E+00  -0.80713E+08   0.00000E+00
  0.587   2.400    0.55405E+07   0.00000E+00   0.41121E+03   0.00000E+00  -0.80771E+08   0.00000E+00
  0.592   2.410    0.55555E+07   0.00000E+00   0.41311E+03   0.00000E+00  -0.80839E+08   0.00000E+00
  0.597   2.420    0.55782E+07   0.00000E+00   0.41507E+03   0.00000E+00  -0.80916E+08   0.00000E+00
  0.602   2.430    0.56063E+07   0.00000E+00   0.41694E+03   0.00000E+00  -0.80999E+08   0.00000E+00
  0.607   2.440    0.56373E+07   0.00000E+00   0.41889E+03   0.00000E+00  -0.81085E+08   0.00000E+00
  0.612   2.450    0.56685E+07   0.00000E+00   0.42178E+03   0.00000E+00  -0.81170E+08   0.00000E+00
  0.617   2.460    0.56984E+07   0.00000E+00   0.42828E+03   0.00000E+00  -0.81252E+08   0.00000E+00
  0.622   2.470    0.57259E+07   0.00000E+00   0.44480E+03   0.00000E+00  -0.81330E+08   0.00000E+00
  0.627   2.480    0.57508E+07   0.00000E+00   0.41659E+03   0.00000E+00  -0.81403E+08   0.00000E+00
  0.632   2.490    0.57732E+07   0.00000E+00   0.39649E+03   0.00000E+00  -0.81470E+08   0.00000E+00
  0.637   2.500    0.57937E+07   0.00000E+00   0.39633E+03   0.00000E+00  -0.81531E+08   0.00000E+00
  0.642   2.510    0.58128E+07   0.00000E+00   0.39727E+03   0.00000E+00  -0.81588E+08   0.00000E+00
  0.648   2.520    0.58312E+07   0.00000E+00   0.39810E+03   0.00000E+00  -0.81640E+08   0.00000E+00
  0.653   2.530    0.58500E+07   0.00000E+00   0.39886E+03   0.00000E+00  -0.81688E+08   0.00000E+00
  0.658   2.540    0.58703E+07   0.00000E+00   0.39956E+03   0.00000E+00  -0.81732E+08   0.00000E+00
  0.663   2.550    0.58942E+07   0.00000E+00   0.40021E+03   0.00000E+00  -0.81774E+08   0.00000E+00
  0.668   2.560    0.59226E+07   0.00000E+00   0.40074E+03   0.00000E+00  -0.81824E+08   0.00000E+00
  0.674   2.570    0.59529E+07   0.00000E+00   0.40116E+03   0.00000E+00  -0.81893E+08   0.00000E+00
  0.679   2.580    0.59772E+07   0.00000E+00   0.40155E+03   0.00000E+00  -0.81985E+08   0.00000E+00
  0.684   2.590    0.59914E+07   0.00000E+00   0.40186E+03   0.00000E+00  -0.82083E+08   0.00000E+00
  0.689   2.600    0.59980E+07   0.00000E+00   0.40201E+03   0.00000E+00  -0.82172E+08   0.00000E+00
  0.695   2.610    0.60008E+07   0.00000E+00   0.40198E+03   0.00000E+00  -0.82250E+08   0.00000E+00
  0.700   2.620    0.60019E+07   0.00000E+00   0.40181E+03   0.00000E+00  -0.82318E+08   0.00000E+00
  0.705   2.630    0.60017E+07   0.00000E+00   0.40155E+03   0.00000E+00  -0.82380E+08   0.00000E+00
  0.711   2.640    0.60000E+07   0.00000E+00   0.40125E+03   0.00000E+00  -0.82439E+08   0.00000E+00
  0.716   2.650    0.59960E+07   0.00000E+00   0.40093E+03   0.00000E+00  -0.82494E+08   0.00000E+00
  0.722   2.660    0.59890E+07   0.00000E+00   0.40064E+03   0.00000E+00  -0.82545E+08   0.00000E+00
  0.727   2.670    0.59784E+07   0.00000E+00   0.40041E+03   0.00000E+00  -0.82590E+08   0.00000E+00
  0.732   2.680    0.59639E+07   0.00000E+00   0.40031E+03   0.00000E+00  -0.82628E+08   0.00000E+00
  0.738   2.690    0.59463E+07   0.00000E+00   0.40037E+03   0.00000E+00  -0.82657E+08   0.00000E+00
  0.743   2.700    0.59270E+07   0.00000E+00   0.40057E+03   0.00000E+00  -0.82674E+08   0.00000E+00
  0.749   2.710    0.59079E+07   0.00000E+00   0.40091E+03   0.00000E+00  -0.82683E+08   0.00000E+00
  0.754   2.720    0.58907E+07   0.00000E+00   0.40132E+03   0.00000E+00  -0.82684E+08   0.00000E+00
  0.760   2.730    0.58770E+07   0.00000E+00   0.40178E+03   0.00000E+00  -0.82681E+08   0.00000E+00
  0.766   2.740    0.58679E+07   0.00000E+00   0.40226E+03   0.00000E+00  -0.82678E+08   0.00000E+00
  0.771   2.750    0.58643E+07   0.00000E+00   0.40279E+03   0.00000E+00  -0.82679E+08   0.00000E+00
  0.777   2.760    0.58662E+07   0.00000E+00   0.40341E+03   0.00000E+00  -0.82687E+08   0.00000E+00
  0.782   2.770    0.58732E+07   0.00000E+00   0.40453E+03   0.00000E+00  -0.82702E+08   0.00000E+00
  0.788   2.780    0.58843E+07   0.00000E+00   0.40800E+03   0.00000E+00  -0.82725E+08   0.00000E+00
  0.794   2.790    0.58981E+07   0.00000E+00   0.40845E+03   0.00000E+00  -0.82755E+08   0.00000E+00
  0.799   2.800    0.59135E+07   0.00000E+00   0.40591E+03   0.00000E+00  -0.82790E+08   0.00000E+00
  0.805   2.810    0.59295E+07   0.00000E+00   0.40492E+03   0.00000E+00  -0.82828E+08   0.00000E+00
  0.811   2.820    0.59453E+07   0.00000E+00   0.40457E+03   0.00000E+00  -0.82868E+08   0.00000E+00
  0.817   2.830    0.59602E+07   0.00000E+00   0.40456E+03   0.00000E+00  -0.82908E+08   0.00000E+00
  0.822   2.840    0.59738E+07   0.00000E+00   0.40478E+03   0.00000E+00  -0.82949E+08   0.00000E+00
  0.828   2.850    0.59858E+07   0.00000E+00   0.40521E+03   0.00000E+00  -0.82989E+08   0.00000E+00
  0.834   2.860    0.59958E+07   0.00000E+00   0.40577E+03   0.00000E+00  -0.83027E+08   0.00000E+00
  0.840   2.870    0.60044E+07   0.00000E+00   0.40639E+03   0.00000E+00  -0.83064E+08   0.00000E+00
  0.846   2.880    0.60118E+07   0.00000E+00   0.40698E+03   0.00000E+00  -0.83100E+08   0.00000E+00
  0.852   2.890    0.60183E+07   0.00000E+00   0.40742E+03   0.00000E+00  -0.83134E+08   0.00000E+00
  0.858   2.900    0.60239E+07   0.00000E+00   0.40757E+03   0.00000E+00  -0.83167E+08   0.00000E+00
  0.864   2.910    0.60283E+07   0.00000E+00   0.40734E+03   0.00000E+00  -0.83199E+08   0.00000E+00
  0.869   2.920    0.60313E+07   0.00000E+00   0.40673E+03   0.00000E+00  -0.83230E+08   0.00000E+00
  0.875   2.930    0.60321E+07   0.00000E+00   0.40584E+03   0.00000E+00  -0.83261E+08   0.00000E+00
  0.881   2.940    0.60295E+07   0.00000E+00   0.40473E+03   0.00000E+00  -0.83292E+08   0.00000E+00
  0.887   2.950    0.60221E+07   0.00000E+00   0.40338E+03   0.00000E+00  -0.83325E+08   0.00000E+00
  0.893   2.960    0.60095E+07   0.00000E+00   0.40166E+03   0.00000E+00  -0.83361E+08   0.00000E+00
  0.899   2.970    0.59949E+07   0.00000E+00   0.39966E+03   0.00000E+00  -0.83402E+08   0.00000E+00
  0.906   2.980    0.59841E+07   0.00000E+00   0.39795E+03   0.00000E+00  -0.83442E+08   0.00000E+00
  0.912   2.990    0.59803E+07   0.00000E+00   0.39718E+03   0.00000E+00  -0.83476E+08   0.00000E+00
  0.918   3.000    0.59832E+07   0.00000E+00   0.39735E+03   0.00000E+00  -0.83501E+08   0.00000E+00
  0.924   3.010    0.59906E+07   0.00000E+00   0.39806E+03   0.00000E+00  -0.83522E+08   0.00000E+00
  0.930   3.020    0.60006E+07   0.00000E+00   0.39892E+03   0.00000E+00  -0.83541E+08   0.00000E+00
  0.936   3.030    0.60119E+07   0.00000E+00   0.39979E+03   0.00000E+00  -0.83559E+08   0.00000E+00
  0.942   3.040    0.60239E+07   0.00000E+00   0.40062E+03   0.00000E+00  -0.83575E+08   0.00000E+00
  0.949   3.050    0.60359E+07   0.00000E+00   0.40136E+03   0.00000E+00  -0.83589E+08   0.00000E+00
  0.955   3.060    0.60475E+07   0.00000E+00   0.40188E+03   0.00000E+00  -0.83605E+08   0.00000E+00
  0.961   3.070    0.60580E+07   0.00000E+00   0.40204E+03   0.00000E+00  -0.83626E+08   0.00000E+00
  0.967   3.080    0.60671E+07   0.00000E+00   0.40181E+03   0.00000E+00  -0.83651E+08   0.00000E+00
  0.974   3.090    0.60749E+07   0.00000E+00   0.40124E+03   0.00000E+00  -0.83681E+08   0.00000E+00
  0.980   3.100    0.60818E+07   0.00000E+00   0.40047E+03   0.00000E+00  -0.83712E+08   0.00000E+00
  0.986   3.110    0.60884E+07   0.00000E+00   0.40006E+03   0.00000E+00  -0.83744E+08   0.00000E+00
  0.993   3.120    0.60953E+07   0.00000E+00   0.40046E+03   0.00000E+00  -0.83776E+08   0.00000E+00
  0.999   3.130    0.61032E+07   0.00000E+00   0.40121E+03   0.00000E+00  -0.83808E+08   0.00000E+00
  1.005   3.140    0.61121E+07   0.00000E+00   0.40211E+03   0.00000E+00  -0.83838E+08   0.00000E+00
  1.012   3.150    0.61211E+07   0.00000E+00   0.40305E+03   0.00000E+00  -0.83868E+08   0.00000E+00
  1.018   3.160    0.61300E+07   0.00000E+00   0.40386E+03   0.00000E+00  -0.83897E+08   0.00000E+00
  1.025   3.170    0.61386E+07   0.00000E+00   0.40441E+03   0.00000E+00  -0.83926E+08   0.00000E+00
  1.031   3.180    0.61472E+07   0.00000E+00   0.40460E+03   0.00000E+00  -0.83954E+08   0.00000E+00
  1.038   3.190    0.61556E+07   0.00000E+00   0.40430E+03   0.00000E+00  -0.83979E+08   0.00000E+00
  1.044   3.200    0.61634E+07   0.00000E+00   0.40330E+03   0.00000E+00  -0.84001E+08   0.00000E+00
  1.051   3.210    0.61696E+07   0.00000E+00   0.40121E+03   0.00000E+00  -0.84017E+08   0.00000E+00
  1.057   3.220    0.61717E+07   0.00000E+00   0.39767E+03   0.00000E+00  -0.84022E+08   0.00000E+00
  1.064   3.230    0.61645E+07   0.00000E+00   0.39285E+03   0.00000E+00  -0.84010E+08   0.00000E+00
  1.070   3.240    0.61404E+07   0.00000E+00   0.38854E+03   0.00000E+00  -0.83974E+08   0.00000E+00
  1.077   3.250    0.61020E+07   0.00000E+00   0.38760E+03   0.00000E+00  -0.83928E+08   0.00000E+00
  1.084   3.260    0.60720E+07   0.00000E+00   0.38942E+03   0.00000E+00  -0.83915E+08   0.00000E+00
  1.090   3.270    0.60620E+07   0.00000E+00   0.39115E+03   0.00000E+00  -0.83940E+08   0.00000E+00
  1.097   3.280    0.60644E+07   0.00000E+00   0.39223E+03   0.00000E+00  -0.83980E+08   0.00000E+00
  1.104   3.290    0.60712E+07   0.00000E+00   0.39315E+03   0.00000E+00  -0.84020E+08   0.00000E+00
  1.110   3.300    0.60783E+07   0.00000E+00   0.39431E+03   0.00000E+00  -0.84053E+08   0.00000E+00
  1.117   3.310    0.60835E+07   0.00000E+00   0.39597E+03   0.00000E+00  -0.84070E+08   0.00000E+00
  1.124   3.320    0.60854E+07   0.00000E+00   0.39799E+03   0.00000E+00  -0.84048E+08   0.00000E+00
  1.131   3.330    0.60875E+07   0.00000E+00   0.39874E+03   0.00000E+00  -0.83975E+08   0.00000E+00
  1.138   3.340    0.60983E+07   0.00000E+00   0.39675E+03   0.00000E+00  -0.83930E+08   0.00000E+00
  1.144   3.350    0.61138E+07   0.00000E+00   0.39494E+03   0.00000E+00  -0.83965E+08   0.00000E+00
  1.151   3.360    0.61268E+07   0.00000E+00   0.39494E+03   0.00000E+00  -0.84023E+08   0.00000E+00
  1.158   3.370    0.61368E+07   0.00000E+00   0.39600E+03   0.00000E+00  -0.84073E+08   0.00000E+00
  1.165   3.380    0.61451E+07   0.00000E+00   0.39716E+03   0.00000E+00  -0.84109E+08   0.00000E+00
  1.172   3.390    0.61532E+07   0.00000E+00   0.39797E+03   0.00000E+00  -0.84134E+08   0.00000E+00
  1.179   3.400    0.61615E+07   0.00000E+00   0.39849E+03   0.00000E+00  -0.84156E+08   0.00000E+00
  1.186   3.410    0.61695E+07   0.00000E+00   0.39882E+03   0.00000E+00  -0.84182E+08   0.00000E+00
  1.193   3.420    0.61761E+07   0.00000E+00   0.39896E+03   0.00000E+00  -0.84210E+08   0.00000E+00
  1.200   3.430    0.61818E+07   0.00000E+00   0.39898E+03   0.00000E+00  -0.84236E+08   0.00000E+00
  1.207   3.440    0.61871E+07   0.00000E+00   0.39892E+03   0.00000E+00  -0.84258E+08   0.00000E+00
  1.214   3.450    0.61921E+07   0.00000E+00   0.39881E+03   0.00000E+00  -0.84275E+08   0.00000E+00
  1.221   3.460    0.61964E+07   0.00000E+00   0.39864E+03   0.00000E+00  -0.84288E+08   0.00000E+00
  1.228   3.470    0.61992E+07   0.00000E+00   0.39840E+03   0.00000E+00  -0.84294E+08   0.00000E+00
  1.235   3.480    0.61987E+07   0.00000E+00   0.39809E+03   0.00000E+00  -0.84295E+08   0.00000E+00
  1.242   3.490    0.61931E+07   0.00000E+00   0.39778E+03   0.00000E+00  -0.84295E+08   0.00000E+00
  1.249   3.500    0.61847E+07   0.00000E+00   0.39763E+03   0.00000E+00  -0.84307E+08   0.00000E+00
  1.256   3.510    0.61791E+07   0.00000E+00   0.39768E+03   0.00000E+00  -0.84335E+08   0.00000E+00
  1.263   3.520    0.61782E+07   0.00000E+00   0.39784E+03   0.00000E+00  -0.84365E+08   0.00000E+00
  1.271   3.530    0.61802E+07   0.00000E+00   0.39801E+03   0.00000E+00  -0.84392E+08   0.00000E+00
  1.278   3.540    0.61837E+07   0.00000E+00   0.39814E+03   0.00000E+00  -0.84415E+08   0.00000E+00
  1.285   3.550    0.61878E+07   0.00000E+00   0.39824E+03   0.00000E+00  -0.84435E+08   0.00000E+00
  1.292   3.560    0.61926E+07   0.00000E+00   0.39845E+03   0.00000E+00  -0.84453E+08   0.00000E+00
  1.300   3.570    0.61982E+07   0.00000E+00   0.39880E+03   0.00000E+00  -0.84470E+08   0.00000E+00
  1.307   3.580    0.62049E+07   0.00000E+00   0.39914E+03   0.00000E+00  -0.84486E+08   0.00000E+00
  1.314   3.590    0.62125E+07   0.00000E+00   0.39929E+03   0.00000E+00  -0.84501E+08   0.00000E+00
  1.322   3.600    0.62199E+07   0.00000E+00   0.39932E+03   0.00000E+00  -0.84512E+08   0.00000E+00
  1.329   3.610    0.62252E+07   0.00000E+00   0.39960E+03   0.00000E+00  -0.84520E+08   0.00000E+00
  1.336   3.620    0.62291E+07   0.00000E+00   0.39994E+03   0.00000E+00  -0.84528E+08   0.00000E+00
  1.344   3.630    0.62330E+07   0.00000E+00   0.40009E+03   0.00000E+00  -0.84539E+08   0.00000E+00
  1.351   3.640    0.62374E+07   0.00000E+00   0.40019E+03   0.00000E+00  -0.84549E+08   0.00000E+00
  1.359   3.650    0.62424E+07   0.00000E+00   0.40038E+03   0.00000E+00  -0.84560E+08   0.00000E+00
  1.366   3.660    0.62479E+07   0.00000E+00   0.40077E+03   0.00000E+00  -0.84568E+08   0.00000E+00
  1.373   3.670    0.62534E+07   0.00000E+00   0.40142E+03   0.00000E+00  -0.84572E+08   0.00000E+00
  1.381   3.680    0.62572E+07   0.00000E+00   0.40222E+03   0.00000E+00  -0.84567E+08   0.00000E+00
  1.388   3.690    0.62581E+07   0.00000E+00   0.40275E+03   0.00000E+00  -0.84552E+08   0.00000E+00
  1.396   3.700    0.62592E+07   0.00000E+00   0.40292E+03   0.00000E+00  -0.84528E+08   0.00000E+00
  1.404   3.710    0.62673E+07   0.00000E+00   0.40350E+03   0.00000E+00  -0.84483E+08   0.00000E+00
  1.411   3.720    0.62814E+07   0.00000E+00   0.40480E+03   0.00000E+00  -0.84390E+08   0.00000E+00
  1.419   3.730    0.61953E+07   0.00000E+00   0.39723E+03   0.00000E+00  -0.84398E+08   0.00000E+00
  1.426   3.740    0.60955E+07   0.00000E+00   0.38687E+03   0.00000E+00  -0.84749E+08   0.00000E+00
  1.434   3.750    0.61286E+07   0.00000E+00   0.38896E+03   0.00000E+00  -0.84796E+08   0.00000E+00
  1.442   3.760    0.61543E+07   0.00000E+00   0.39011E+03   0.00000E+00  -0.84794E+08   0.00000E+00
  1.449   3.770    0.61712E+07   0.00000E+00   0.38949E+03   0.00000E+00  -0.84793E+08   0.00000E+00
  1.457   3.780    0.61834E+07   0.00000E+00   0.38853E+03   0.00000E+00  -0.84795E+08   0.00000E+00
  1.465   3.790    0.61928E+07   0.00000E+00   0.39141E+03   0.00000E+00  -0.84801E+08   0.00000E+00
  1.472   3.800    0.61998E+07   0.00000E+00   0.39408E+03   0.00000E+00  -0.84810E+08   0.00000E+00
  1.480   3.810    0.62050E+07   0.00000E+00   0.39518E+03   0.00000E+00  -0.84813E+08   0.00000E+00
  1.488   3.820    0.62105E+07   0.00000E+00   0.39582E+03   0.00000E+00  -0.84812E+08   0.00000E+00
  1.496   3.830    0.62161E+07   0.00000E+00   0.39592E+03   0.00000E+00  -0.84815E+08   0.00000E+00
  1.504   3.840    0.62210E+07   0.00000E+00   0.39603E+03   0.00000E+00  -0.84822E+08   0.00000E+00
  1.511   3.850    0.62250E+07   0.00000E+00   0.39632E+03   0.00000E+00  -0.84833E+08   0.00000E+00
  1.519   3.860    0.62279E+07   0.00000E+00   0.39662E+03   0.00000E+00  -0.84846E+08   0.00000E+00
  1.527   3.870    0.62291E+07   0.00000E+00   0.39675E+03   0.00000E+00  -0.84863E+08   0.00000E+00
  1.535   3.880    0.62266E+07   0.00000E+00   0.39646E+03   0.00000E+00  -0.84886E+08   0.00000E+00
  1.543   3.890    0.62174E+07   0.00000E+00   0.39553E+03   0.00000E+00  -0.84912E+08   0.00000E+00
  1.551   3.900    0.62051E+07   0.00000E+00   0.39439E+03   0.00000E+00  -0.84920E+08   0.00000E+00
  1.559   3.910    0.62078E+07   0.00000E+00   0.39430E+03   0.00000E+00  -0.84896E+08   0.00000E+00
  1.567   3.920    0.62189E+07   0.00000E+00   0.39453E+03   0.00000E+00  -0.84877E+08   0.00000E+00
  1.575   3.930    0.62266E+07   0.00000E+00   0.39438E+03   0.00000E+00  -0.84870E+08   0.00000E+00
  1.583   3.940    0.62316E+07   0.00000E+00   0.39402E+03   0.00000E+00  -0.84866E+08   0.00000E+00
  1.591   3.950    0.62346E+07   0.00000E+00   0.39371E+03   0.00000E+00  -0.84861E+08   0.00000E+00
  1.599   3.960    0.62361E+07   0.00000E+00   0.39366E+03   0.00000E+00  -0.84847E+08   0.00000E+00
  1.607   3.970    0.62370E+07   0.00000E+00   0.39371E+03   0.00000E+00  -0.84818E+08   0.00000E+00
  1.615   3.980    0.62421E+07   0.00000E+00   0.39415E+03   0.00000E+00  -0.84816E+08   0.00000E+00
  1.623   3.990    0.62483E+07   0.00000E+00   0.39512E+03   0.00000E+00  -0.84860E+08   0.00000E+00
  1.632   4.000    0.62521E+07   0.00000E+00   0.39556E+03   0.00000E+00  -0.84894E+08   0.00000E+00
  1.640   4.010    0.62552E+07   0.00000E+00   0.39575E+03   0.00000E+00  -0.84919E+08   0.00000E+00
  1.648   4.020    0.62582E+07   0.00000E+00   0.39595E+03   0.00000E+00  -0.84941E+08   0.00000E+00
  1.656   4.030    0.62608E+07   0.00000E+00   0.39623E+03   0.00000E+00  -0.84960E+08   0.00000E+00
  1.664   4.040    0.62629E+07   0.00000E+00   0.39659E+03   0.00000E+00  -0.84973E+08   0.00000E+00
  1.673   4.050    0.62644E+07   0.00000E+00   0.39714E+03   0.00000E+00  -0.84989E+08   0.00000E+00
  1.681   4.060    0.62663E+07   0.00000E+00   0.39796E+03   0.00000E+00  -0.85016E+08   0.00000E+00
  1.689   4.070    0.62683E+07   0.00000E+00   0.39882E+03   0.00000E+00  -0.85044E+08   0.00000E+00
  1.697   4.080    0.62673E+07   0.00000E+00   0.39908E+03   0.00000E+00  -0.85066E+08   0.00000E+00
  1.706   4.090    0.62577E+07   0.00000E+00   0.39793E+03   0.00000E+00  -0.85066E+08   0.00000E+00
  1.714   4.100    0.62392E+07   0.00000E+00   0.39653E+03   0.00000E+00  -0.85024E+08   0.00000E+00
  1.723   4.110    0.62256E+07   0.00000E+00   0.39596E+03   0.00000E+00  -0.84960E+08   0.00000E+00
  1.731   4.120    0.62225E+07   0.00000E+00   0.39589E+03   0.00000E+00  -0.84914E+08   0.00000E+00
  1.739   4.130    0.62254E+07   0.00000E+00   0.39622E+03   0.00000E+00  -0.84889E+08   0.00000E+00
  1.748   4.140    0.62310E+07   0.00000E+00   0.39657E+03   0.00000E+00  -0.84880E+08   0.00000E+00
  1.756   4.150    0.62381E+07   0.00000E+00   0.39696E+03   0.00000E+00  -0.84882E+08   0.00000E+00
  1.765   4.160    0.62459E+07   0.00000E+00   0.39772E+03   0.00000E+00  -0.84893E+08   0.00000E+00
  1.773   4.170    0.62540E+07   0.00000E+00   0.39911E+03   0.00000E+00  -0.84911E+08   0.00000E+00
  1.782   4.180    0.62617E+07   0.00000E+00   0.39921E+03   0.00000E+00  -0.84935E+08   0.00000E+00
  1.790   4.190    0.62683E+07   0.00000E+00   0.39841E+03   0.00000E+00  -0.84960E+08   0.00000E+00
  1.799   4.200    0.62731E+07   0.00000E+00   0.39780E+03   0.00000E+00  -0.84983E+08   0.00000E+00
  1.807   4.210    0.62757E+07   0.00000E+00   0.39725E+03   0.00000E+00  -0.85003E+08   0.00000E+00
  1.816   4.220    0.62768E+07   0.00000E+00   0.39702E+03   0.00000E+00  -0.85002E+08   0.00000E+00
  1.825   4.230    0.62800E+07   0.00000E+00   0.39699E+03   0.00000E+00  -0.85000E+08   0.00000E+00
  1.833   4.240    0.62837E+07   0.00000E+00   0.39692E+03   0.00000E+00  -0.85011E+08   0.00000E+00
  1.842   4.250    0.62873E+07   0.00000E+00   0.39683E+03   0.00000E+00  -0.85023E+08   0.00000E+00
  1.851   4.260    0.62903E+07   0.00000E+00   0.39680E+03   0.00000E+00  -0.85033E+08   0.00000E+00
  1.859   4.270    0.62896E+07   0.00000E+00   0.39711E+03   0.00000E+00  -0.85038E+08   0.00000E+00
  1.868   4.280    0.62823E+07   0.00000E+00   0.39788E+03   0.00000E+00  -0.85026E+08   0.00000E+00
  1.877   4.290    0.62746E+07   0.00000E+00   0.39866E+03   0.00000E+00  -0.85012E+08   0.00000E+00
  1.885   4.300    0.62699E+07   0.00000E+00   0.39916E+03   0.00000E+00  -0.85001E+08   0.00000E+00
  1.894   4.310    0.62712E+07   0.00000E+00   0.39911E+03   0.00000E+00  -0.84998E+08   0.00000E+00
  1.903   4.320    0.62748E+07   0.00000E+00   0.39923E+03   0.00000E+00  -0.85011E+08   0.00000E+00
  1.912   4.330    0.62773E+07   0.00000E+00   0.39987E+03   0.00000E+00  -0.85027E+08   0.00000E+00
  1.921   4.340    0.62787E+07   0.00000E+00   0.40170E+03   0.00000E+00  -0.85040E+08   0.00000E+00
  1.930   4.350    0.62798E+07   0.00000E+00   0.41239E+03   0.00000E+00  -0.85053E+08   0.00000E+00
  1.938   4.360    0.62807E+07   0.00000E+00   0.38368E+03   0.00000E+00  -0.85066E+08   0.00000E+00
  1.947   4.370    0.62817E+07   0.00000E+00   0.39265E+03   0.00000E+00  -0.85082E+08   0.00000E+00
  1.956   4.380    0.62842E+07   0.00000E+00   0.39541E+03   0.00000E+00  -0.85103E+08   0.00000E+00
  1.965   4.390    0.62885E+07   0.00000E+00   0.39715E+03   0.00000E+00  -0.85118E+08   0.00000E+00
  1.974   4.400    0.62936E+07   0.00000E+00   0.39828E+03   0.00000E+00  -0.85127E+08   0.00000E+00
  1.983   4.410    0.62993E+07   0.00000E+00   0.39858E+03   0.00000E+00  -0.85123E+08   0.00000E+00
  1.992   4.420    0.63038E+07   0.00000E+00   0.39788E+03   0.00000E+00  -0.85108E+08   0.00000E+00
  2.001   4.430    0.63067E+07   0.00000E+00   0.39522E+03   0.00000E+00  -0.85096E+08   0.00000E+00
  2.010   4.440    0.63087E+07   0.00000E+00   0.39464E+03   0.00000E+00  -0.85084E+08   0.00000E+00
  2.019   4.450    0.63086E+07   0.00000E+00   0.39539E+03   0.00000E+00  -0.85066E+08   0.00000E+00
  2.028   4.460    0.63019E+07   0.00000E+00   0.39597E+03   0.00000E+00  -0.85037E+08   0.00000E+00
  2.037   4.470    0.62864E+07   0.00000E+00   0.39529E+03   0.00000E+00  -0.85027E+08   0.00000E+00
  2.047   4.480    0.62752E+07   0.00000E+00   0.39403E+03   0.00000E+00  -0.85065E+08   0.00000E+00
  2.056   4.490    0.62707E+07   0.00000E+00   0.39381E+03   0.00000E+00  -0.85109E+08   0.00000E+00
  2.065   4.500    0.62693E+07   0.00000E+00   0.39401E+03   0.00000E+00  -0.85129E+08   0.00000E+00
  2.074   4.510    0.62711E+07   0.00000E+00   0.39351E+03   0.00000E+00  -0.85132E+08   0.00000E+00
  2.083   4.520    0.62744E+07   0.00000E+00   0.39328E+03   0.00000E+00  -0.85127E+08   0.00000E+00
  2.093   4.530    0.62771E+07   0.00000E+00   0.39382E+03   0.00000E+00  -0.85103E+08   0.00000E+00
  2.102   4.540    0.62759E+07   0.00000E+00   0.39442E+03   0.00000E+00  -0.85111E+08   0.00000E+00
  2.111   4.550    0.62810E+07   0.00000E+00   0.39629E+03   0.00000E+00  -0.85155E+08   0.00000E+00
  2.120   4.560    0.62867E+07   0.00000E+00   0.39707E+03   0.00000E+00  -0.85167E+08   0.00000E+00
  2.130   4.570    0.62913E+07   0.00000E+00   0.39751E+03   0.00000E+00  -0.85170E+08   0.00000E+00
  2.139   4.580    0.62949E+07   0.00000E+00   0.39773E+03   0.00000E+00  -0.85169E+08   0.00000E+00
  2.148   4.590    0.62951E+07   0.00000E+00   0.39689E+03   0.00000E+00  -0.85120E+08   0.00000E+00
  2.158   4.600    0.62941E+07   0.00000E+00   0.39595E+03   0.00000E+00  -0.85085E+08   0.00000E+00
  2.167   4.610    0.62994E+07   0.00000E+00   0.39400E+03   0.00000E+00  -0.85123E+08   0.00000E+00
  2.177   4.620    0.63031E+07   0.00000E+00   0.39446E+03   0.00000E+00  -0.85135E+08   0.00000E+00
  2.186   4.630    0.63060E+07   0.00000E+00   0.39535E+03   0.00000E+00  -0.85140E+08   0.00000E+00
  2.195   4.640    0.63088E+07   0.00000E+00   0.39616E+03   0.00000E+00  -0.85142E+08   0.00000E+00
  2.205   4.650    0.63117E+07   0.00000E+00   0.39691E+03   0.00000E+00  -0.85141E+08   0.00000E+00
  2.214   4.660    0.63134E+07   0.00000E+00   0.39734E+03   0.00000E+00  -0.85143E+08   0.00000E+00
  2.224   4.670    0.63062E+07   0.00000E+00   0.39776E+03   0.00000E+00  -0.85168E+08   0.00000E+00
  2.233   4.680    0.62950E+07   0.00000E+00   0.39812E+03   0.00000E+00  -0.85192E+08   0.00000E+00
  2.243   4.690    0.62913E+07   0.00000E+00   0.39904E+03   0.00000E+00  -0.85196E+08   0.00000E+00
  2.253   4.700    0.62928E+07   0.00000E+00   0.39991E+03   0.00000E+00  -0.85191E+08   0.00000E+00
  2.262   4.710    0.62983E+07   0.00000E+00   0.39914E+03   0.00000E+00  -0.85182E+08   0.00000E+00
  2.272   4.720    0.63058E+07   0.00000E+00   0.39934E+03   0.00000E+00  -0.85176E+08   0.00000E+00
  2.281   4.730    0.63132E+07   0.00000E+00   0.40011E+03   0.00000E+00  -0.85173E+08   0.00000E+00
  2.291   4.740    0.63128E+07   0.00000E+00   0.39875E+03   0.00000E+00  -0.85189E+08   0.00000E+00
  2.301   4.750    0.63088E+07   0.00000E+00   0.39820E+03   0.00000E+00  -0.85212E+08   0.00000E+00
  2.310   4.760    0.63086E+07   0.00000E+00   0.39850E+03   0.00000E+00  -0.85204E+08   0.00000E+00
  2.320   4.770    0.63151E+07   0.00000E+00   0.39857E+03   0.00000E+00  -0.85182E+08   0.00000E+00
  2.330   4.780    0.63242E+07   0.00000E+00   0.39826E+03   0.00000E+00  -0.85183E+08   0.00000E+00
  2.340   4.790    0.63323E+07   0.00000E+00   0.39827E+03   0.00000E+00  -0.85196E+08   0.00000E+00
  2.349   4.800    0.63514E+07   0.00000E+00   0.39688E+03   0.00000E+00  -0.85204E+08   0.00000E+00
  2.359   4.810    0.62494E+07   0.00000E+00   0.38376E+03   0.00000E+00  -0.85215E+08   0.00000E+00
  2.369   4.820    0.62802E+07   0.00000E+00   0.39781E+03   0.00000E+00  -0.85219E+08   0.00000E+00
  2.379   4.830    0.62977E+07   0.00000E+00   0.39976E+03   0.00000E+00  -0.85216E+08   0.00000E+00
  2.389   4.840    0.63068E+07   0.00000E+00   0.40014E+03   0.00000E+00  -0.85208E+08   0.00000E+00
  2.399   4.850    0.63120E+07   0.00000E+00   0.39899E+03   0.00000E+00  -0.85199E+08   0.00000E+00
  2.409   4.860    0.63152E+07   0.00000E+00   0.39787E+03   0.00000E+00  -0.85191E+08   0.00000E+00
  2.418   4.870    0.63165E+07   0.00000E+00   0.39770E+03   0.00000E+00  -0.85169E+08   0.00000E+00
  2.428   4.880    0.63193E+07   0.00000E+00   0.39819E+03   0.00000E+00  -0.85147E+08   0.00000E+00
  2.438   4.890    0.63177E+07   0.00000E+00   0.39851E+03   0.00000E+00  -0.85179E+08   0.00000E+00
  2.448   4.900    0.63153E+07   0.00000E+00   0.39901E+03   0.00000E+00  -0.85210E+08   0.00000E+00
  2.458   4.910    0.63146E+07   0.00000E+00   0.39914E+03   0.00000E+00  -0.85229E+08   0.00000E+00
  2.468   4.920    0.63150E+07   0.00000E+00   0.39803E+03   0.00000E+00  -0.85240E+08   0.00000E+00
  2.478   4.930    0.63167E+07   0.00000E+00   0.39734E+03   0.00000E+00  -0.85260E+08   0.00000E+00
  2.488   4.940    0.63188E+07   0.00000E+00   0.39671E+03   0.00000E+00  -0.85271E+08   0.00000E+00
  2.499   4.950    0.63216E+07   0.00000E+00   0.39558E+03   0.00000E+00  -0.85279E+08   0.00000E+00
  2.509   4.960    0.63190E+07   0.00000E+00   0.38823E+03   0.00000E+00  -0.85289E+08   0.00000E+00
  2.519   4.970    0.63195E+07   0.00000E+00   0.40146E+03   0.00000E+00  -0.85303E+08   0.00000E+00
  2.529   4.980    0.63197E+07   0.00000E+00   0.39976E+03   0.00000E+00  -0.85310E+08   0.00000E+00
  2.539   4.990    0.63215E+07   0.00000E+00   0.39874E+03   0.00000E+00  -0.85299E+08   0.00000E+00
