  0.000   0.010   -0.10853E+09   0.00000E+00  -0.30944E+04   0.00000E+00   0.77668E+10   0.00000E+00
  0.000   0.020   -0.10854E+09   0.00000E+00  -0.30951E+04   0.00000E+00   0.77671E+10   0.00000E+00
  0.000   0.030   -0.10856E+09   0.00000E+00  -0.30959E+04   0.00000E+00   0.77675E+10   0.00000E+00
  0.000   0.040   -0.10859E+09   0.00000E+00  -0.30969E+04   0.00000E+00   0.77681E+10   0.00000E+00
  0.000   0.050   -0.10863E+09   0.00000E+00  -0.30979E+04   0.00000E+00   0.77688E+10   0.00000E+00
  0.000   0.060   -0.10868E+09   0.00000E+00  -0.30990E+04   0.00000E+00   0.77697E+10   0.00000E+00
  0.000   0.070   -0.10874E+09   0.00000E+00  -0.31001E+04   0.00000E+00   0.77708E+10   0.00000E+00
  0.001   0.080   -0.10881E+09   0.00000E+00  -0.31011E+04   0.00000E+00   0.77720E+10   0.00000E+00
  0.001   0.090   -0.10888E+09   0.00000E+00  -0.31021E+04   0.00000E+00   0.77735E+10   0.00000E+00
  0.001   0.100   -0.10897E+09   0.00000E+00  -0.31030E+04   0.00000E+00   0.77751E+10   0.00000E+00
  0.001   0.110   -0.10907E+09   0.00000E+00  -0.31039E+04   0.00000E+00   0.77769E+10   0.00000E+00
  0.001   0.120   -0.10918E+09   0.00000E+00  -0.31047E+04   0.00000E+00   0.77790E+10   0.00000E+00
  0.002   0.130   -0.10930E+09   0.00000E+00  -0.31053E+04   0.00000E+00   0.77812E+10   0.00000E+00
  0.002   0.140   -0.10943E+09   0.00000E+00  -0.31060E+04   0.00000E+00   0.77836E+10   0.00000E+00
  0.002   0.150   -0.10958E+09   0.00000E+00  -0.31065E+04   0.00000E+00   0.77863E+10   0.00000E+00
  0.003   0.160   -0.10974E+09   0.00000E+00  -0.31070E+04   0.00000E+00   0.77893E+10   0.00000E+00
  0.003   0.170   -0.10992E+09   0.00000E+00  -0.31075E+04   0.00000E+00   0.77925E+10   0.00000E+00
  0.003   0.180   -0.11011E+09   0.00000E+00  -0.31079E+04   0.00000E+00   0.77959E+10   0.00000E+00
  0.004   0.190   -0.11032E+09   0.00000E+00  -0.31084E+04   0.00000E+00   0.77997E+10   0.00000E+00
  0.004   0.200   -0.11054E+09   0.00000E+00  -0.31088E+04   0.00000E+00   0.78038E+10   0.00000E+00
  0.004   0.210   -0.11079E+09   0.00000E+00  -0.31093E+04   0.00000E+00   0.78081E+10   0.00000E+00
  0.005   0.220   -0.11105E+09   0.00000E+00  -0.31098E+04   0.00000E+00   0.78128E+10   0.00000E+00
  0.005   0.230   -0.11133E+09   0.00000E+00  -0.31104E+04   0.00000E+00   0.78179E+10   0.00000E+00
  0.006   0.240   -0.11164E+09   0.00000E+00  -0.31110E+04   0.00000E+00   0.78233E+10   0.00000E+00
  0.006   0.250   -0.11197E+09   0.00000E+00  -0.31117E+04   0.00000E+00   0.78292E+10   0.00000E+00
  0.007   0.260   -0.11232E+09   0.00000E+00  -0.31125E+04   0.00000E+00   0.78355E+10   0.00000E+00
  0.007   0.270   -0.11270E+09   0.00000E+00  -0.31135E+04   0.00000E+00   0.78423E+10   0.00000E+00
  0.008   0.280   -0.11310E+09   0.00000E+00  -0.31146E+04   0.00000E+00   0.78497E+10   0.00000E+00
  0.009   0.290   -0.11353E+09   0.00000E+00  -0.31158E+04   0.00000E+00   0.78576E+10   0.00000E+00
  0.009   0.300   -0.11399E+09   0.00000E+00  -0.31172E+04   0.00000E+00   0.78661E+10   0.00000E+00
  0.010   0.310   -0.11447E+09   0.00000E+00  -0.31187E+04   0.00000E+00   0.78752E+10   0.00000E+00
  0.010   0.320   -0.11498E+09   0.00000E+00  -0.31204E+04   0.00000E+00   0.78849E+10   0.00000E+00
  0.011   0.330   -0.11552E+09   0.00000E+00  -0.31222E+04   0.00000E+00   0.78952E+10   0.00000E+00
  0.012   0.340   -0.11608E+09   0.00000E+00  -0.31243E+04   0.00000E+00   0.79061E+10   0.00000E+00
  0.012   0.350   -0.11666E+09   0.00000E+00  -0.31266E+04   0.00000E+00   0.79176E+10   0.00000E+00
  0.013   0.360   -0.11727E+09   0.00000E+00  -0.31292E+04   0.00000E+00   0.79296E+10   0.00000E+00
  0.014   0.370   -0.11789E+09   0.00000E+00  -0.31323E+04   0.00000E+00   0.79422E+10   0.00000E+00
  0.015   0.380   -0.11852E+09   0.00000E+00  -0.31360E+04   0.00000E+00   0.79554E+10   0.00000E+00
  0.016   0.390   -0.11917E+09   0.00000E+00  -0.31405E+04   0.00000E+00   0.79691E+10   0.00000E+00
  0.016   0.400   -0.11982E+09   0.00000E+00  -0.31459E+04   0.00000E+00   0.79833E+10   0.00000E+00
  0.017   0.410   -0.12047E+09   0.00000E+00  -0.31525E+04   0.00000E+00   0.79981E+10   0.00000E+00
  0.018   0.420   -0.12111E+09   0.00000E+00  -0.31606E+04   0.00000E+00   0.80132E+10   0.00000E+00
  0.019   0.430   -0.12173E+09   0.00000E+00  -0.31703E+04   0.00000E+00   0.80287E+10   0.00000E+00
  0.020   0.440   -0.12233E+09   0.00000E+00  -0.31819E+04   0.00000E+00   0.80445E+10   0.00000E+00
  0.021   0.450   -0.12289E+09   0.00000E+00  -0.31956E+04   0.00000E+00   0.80602E+10   0.00000E+00
  0.022   0.460   -0.12341E+09   0.00000E+00  -0.32117E+04   0.00000E+00   0.80759E+10   0.00000E+00
  0.023   0.470   -0.12387E+09   0.00000E+00  -0.32302E+04   0.00000E+00   0.80912E+10   0.00000E+00
  0.023   0.480   -0.12426E+09   0.00000E+00  -0.32513E+04   0.00000E+00   0.81058E+10   0.00000E+00
  0.024   0.490   -0.12458E+09   0.00000E+00  -0.32752E+04   0.00000E+00   0.81196E+10   0.00000E+00
  0.025   0.500   -0.12479E+09   0.00000E+00  -0.33018E+04   0.00000E+00   0.81322E+10   0.00000E+00
  0.027   0.510   -0.12491E+09   0.00000E+00  -0.33309E+04   0.00000E+00   0.81432E+10   0.00000E+00
  0.028   0.520   -0.12490E+09   0.00000E+00  -0.33625E+04   0.00000E+00   0.81525E+10   0.00000E+00
  0.029   0.530   -0.12477E+09   0.00000E+00  -0.33962E+04   0.00000E+00   0.81596E+10   0.00000E+00
  0.030   0.540   -0.12451E+09   0.00000E+00  -0.34314E+04   0.00000E+00   0.81644E+10   0.00000E+00
  0.031   0.550   -0.12409E+09   0.00000E+00  -0.34677E+04   0.00000E+00   0.81665E+10   0.00000E+00
  0.032   0.560   -0.12352E+09   0.00000E+00  -0.35042E+04   0.00000E+00   0.81657E+10   0.00000E+00
  0.033   0.570   -0.12280E+09   0.00000E+00  -0.35400E+04   0.00000E+00   0.81618E+10   0.00000E+00
  0.034   0.580   -0.12191E+09   0.00000E+00  -0.35739E+04   0.00000E+00   0.81547E+10   0.00000E+00
  0.035   0.590   -0.12086E+09   0.00000E+00  -0.36048E+04   0.00000E+00   0.81441E+10   0.00000E+00
  0.037   0.600   -0.11965E+09   0.00000E+00  -0.36312E+04   0.00000E+00   0.81301E+10   0.00000E+00
  0.038   0.610   -0.11828E+09   0.00000E+00  -0.36518E+04   0.00000E+00   0.81124E+10   0.00000E+00
  0.039   0.620   -0.11677E+09   0.00000E+00  -0.36651E+04   0.00000E+00   0.80912E+10   0.00000E+00
  0.040   0.630   -0.11511E+09   0.00000E+00  -0.36696E+04   0.00000E+00   0.80663E+10   0.00000E+00
  0.042   0.640   -0.11332E+09   0.00000E+00  -0.36639E+04   0.00000E+00   0.80380E+10   0.00000E+00
  0.043   0.650   -0.11143E+09   0.00000E+00  -0.36467E+04   0.00000E+00   0.80063E+10   0.00000E+00
  0.044   0.660   -0.10943E+09   0.00000E+00  -0.36171E+04   0.00000E+00   0.79714E+10   0.00000E+00
  0.046   0.670   -0.10736E+09   0.00000E+00  -0.35741E+04   0.00000E+00   0.79335E+10   0.00000E+00
  0.047   0.680   -0.10522E+09   0.00000E+00  -0.35175E+04   0.00000E+00   0.78929E+10   0.00000E+00
  0.049   0.690   -0.10305E+09   0.00000E+00  -0.34472E+04   0.00000E+00   0.78499E+10   0.00000E+00
  0.050   0.700   -0.10085E+09   0.00000E+00  -0.33637E+04   0.00000E+00   0.78049E+10   0.00000E+00
  0.051   0.710   -0.98670E+08   0.00000E+00  -0.32681E+04   0.00000E+00   0.77581E+10   0.00000E+00
  0.053   0.720   -0.96514E+08   0.00000E+00  -0.31620E+04   0.00000E+00   0.77101E+10   0.00000E+00
  0.054   0.730   -0.94411E+08   0.00000E+00  -0.30475E+04   0.00000E+00   0.76613E+10   0.00000E+00
  0.056   0.740   -0.92385E+08   0.00000E+00  -0.29275E+04   0.00000E+00   0.76120E+10   0.00000E+00
  0.057   0.750   -0.90458E+08   0.00000E+00  -0.28048E+04   0.00000E+00   0.75627E+10   0.00000E+00
  0.059   0.760   -0.88654E+08   0.00000E+00  -0.26827E+04   0.00000E+00   0.75139E+10   0.00000E+00
  0.060   0.770   -0.86997E+08   0.00000E+00  -0.25648E+04   0.00000E+00   0.74660E+10   0.00000E+00
  0.062   0.780   -0.85507E+08   0.00000E+00  -0.24542E+04   0.00000E+00   0.74194E+10   0.00000E+00
  0.064   0.790   -0.84208E+08   0.00000E+00  -0.23538E+04   0.00000E+00   0.73745E+10   0.00000E+00
  0.065   0.800   -0.83120E+08   0.00000E+00  -0.22661E+04   0.00000E+00   0.73317E+10   0.00000E+00
  0.067   0.810   -0.82264E+08   0.00000E+00  -0.21931E+04   0.00000E+00   0.72914E+10   0.00000E+00
  0.069   0.820   -0.81660E+08   0.00000E+00  -0.21359E+04   0.00000E+00   0.72540E+10   0.00000E+00
  0.070   0.830   -0.81328E+08   0.00000E+00  -0.20951E+04   0.00000E+00   0.72199E+10   0.00000E+00
  0.072   0.840   -0.81286E+08   0.00000E+00  -0.20706E+04   0.00000E+00   0.71893E+10   0.00000E+00
  0.074   0.850   -0.81553E+08   0.00000E+00  -0.20618E+04   0.00000E+00   0.71626E+10   0.00000E+00
  0.075   0.860   -0.82145E+08   0.00000E+00  -0.20675E+04   0.00000E+00   0.71402E+10   0.00000E+00
  0.077   0.870   -0.83079E+08   0.00000E+00  -0.20866E+04   0.00000E+00   0.71224E+10   0.00000E+00
  0.079   0.880   -0.84367E+08   0.00000E+00  -0.21174E+04   0.00000E+00   0.71094E+10   0.00000E+00
  0.081   0.890   -0.86021E+08   0.00000E+00  -0.21582E+04   0.00000E+00   0.71016E+10   0.00000E+00
  0.083   0.900   -0.88045E+08   0.00000E+00  -0.22075E+04   0.00000E+00   0.70993E+10   0.00000E+00
  0.084   0.910   -0.90439E+08   0.00000E+00  -0.22635E+04   0.00000E+00   0.71026E+10   0.00000E+00
  0.086   0.920   -0.93190E+08   0.00000E+00  -0.23248E+04   0.00000E+00   0.71119E+10   0.00000E+00
  0.088   0.930   -0.96271E+08   0.00000E+00  -0.23897E+04   0.00000E+00   0.71272E+10   0.00000E+00
  0.090   0.940   -0.99632E+08   0.00000E+00  -0.24568E+04   0.00000E+00   0.71483E+10   0.00000E+00
  0.092   0.950   -0.10320E+09   0.00000E+00  -0.25245E+04   0.00000E+00   0.71750E+10   0.00000E+00
  0.094   0.960   -0.10686E+09   0.00000E+00  -0.25913E+04   0.00000E+00   0.72066E+10   0.00000E+00
  0.096   0.970   -0.11047E+09   0.00000E+00  -0.26553E+04   0.00000E+00   0.72419E+10   0.00000E+00
  0.098   0.980   -0.11383E+09   0.00000E+00  -0.27148E+04   0.00000E+00   0.72794E+10   0.00000E+00
  0.100   0.990   -0.11673E+09   0.00000E+00  -0.27677E+04   0.00000E+00   0.73169E+10   0.00000E+00
  0.102   1.000   -0.11893E+09   0.00000E+00  -0.28122E+04   0.00000E+00   0.73518E+10   0.00000E+00
  0.104   1.010   -0.12022E+09   0.00000E+00  -0.28464E+04   0.00000E+00   0.73815E+10   0.00000E+00
  0.106   1.020   -0.12042E+09   0.00000E+00  -0.28691E+04   0.00000E+00   0.74031E+10   0.00000E+00
  0.108   1.030   -0.11946E+09   0.00000E+00  -0.28799E+04   0.00000E+00   0.74149E+10   0.00000E+00
  0.110   1.040   -0.11738E+09   0.00000E+00  -0.28791E+04   0.00000E+00   0.74156E+10   0.00000E+00
  0.112   1.050   -0.11435E+09   0.00000E+00  -0.28683E+04   0.00000E+00   0.74054E+10   0.00000E+00
  0.115   1.060   -0.11057E+09   0.00000E+00  -0.28497E+04   0.00000E+00   0.73857E+10   0.00000E+00
  0.117   1.070   -0.10633E+09   0.00000E+00  -0.28259E+04   0.00000E+00   0.73582E+10   0.00000E+00
  0.119   1.080   -0.10188E+09   0.00000E+00  -0.27996E+04   0.00000E+00   0.73254E+10   0.00000E+00
  0.121   1.090   -0.97442E+08   0.00000E+00  -0.27730E+04   0.00000E+00   0.72896E+10   0.00000E+00
  0.123   1.100   -0.93187E+08   0.00000E+00  -0.27480E+04   0.00000E+00   0.72525E+10   0.00000E+00
  0.126   1.110   -0.89226E+08   0.00000E+00  -0.27261E+04   0.00000E+00   0.72159E+10   0.00000E+00
  0.128   1.120   -0.85626E+08   0.00000E+00  -0.27080E+04   0.00000E+00   0.71809E+10   0.00000E+00
  0.130   1.130   -0.82413E+08   0.00000E+00  -0.26943E+04   0.00000E+00   0.71481E+10   0.00000E+00
  0.133   1.140   -0.79589E+08   0.00000E+00  -0.26854E+04   0.00000E+00   0.71180E+10   0.00000E+00
  0.135   1.150   -0.77137E+08   0.00000E+00  -0.26812E+04   0.00000E+00   0.70908E+10   0.00000E+00
  0.137   1.160   -0.75030E+08   0.00000E+00  -0.26817E+04   0.00000E+00   0.70665E+10   0.00000E+00
  0.140   1.170   -0.73234E+08   0.00000E+00  -0.26867E+04   0.00000E+00   0.70449E+10   0.00000E+00
  0.142   1.180   -0.71714E+08   0.00000E+00  -0.26962E+04   0.00000E+00   0.70260E+10   0.00000E+00
  0.144   1.190   -0.70436E+08   0.00000E+00  -0.27099E+04   0.00000E+00   0.70094E+10   0.00000E+00
  0.147   1.200   -0.69368E+08   0.00000E+00  -0.27278E+04   0.00000E+00   0.69951E+10   0.00000E+00
  0.149   1.210   -0.68481E+08   0.00000E+00  -0.27500E+04   0.00000E+00   0.69828E+10   0.00000E+00
  0.152   1.220   -0.67749E+08   0.00000E+00  -0.27764E+04   0.00000E+00   0.69724E+10   0.00000E+00
  0.154   1.230   -0.67152E+08   0.00000E+00  -0.28074E+04   0.00000E+00   0.69637E+10   0.00000E+00
  0.157   1.240   -0.66674E+08   0.00000E+00  -0.28433E+04   0.00000E+00   0.69567E+10   0.00000E+00
  0.159   1.250   -0.66302E+08   0.00000E+00  -0.28843E+04   0.00000E+00   0.69511E+10   0.00000E+00
  0.162   1.260   -0.66027E+08   0.00000E+00  -0.29301E+04   0.00000E+00   0.69469E+10   0.00000E+00
  0.164   1.270   -0.65844E+08   0.00000E+00  -0.29786E+04   0.00000E+00   0.69442E+10   0.00000E+00
  0.167   1.280   -0.65749E+08   0.00000E+00  -0.30250E+04   0.00000E+00   0.69427E+10   0.00000E+00
  0.170   1.290   -0.65739E+08   0.00000E+00  -0.30597E+04   0.00000E+00   0.69425E+10   0.00000E+00
  0.172   1.300   -0.65812E+08   0.00000E+00  -0.30693E+04   0.00000E+00   0.69434E+10   0.00000E+00
  0.175   1.310   -0.65967E+08   0.00000E+00  -0.30420E+04   0.00000E+00   0.69454E+10   0.00000E+00
  0.178   1.320   -0.66202E+08   0.00000E+00  -0.29769E+04   0.00000E+00   0.69484E+10   0.00000E+00
  0.180   1.330   -0.66513E+08   0.00000E+00  -0.28872E+04   0.00000E+00   0.69523E+10   0.00000E+00
  0.183   1.340   -0.66897E+08   0.00000E+00  -0.27913E+04   0.00000E+00   0.69571E+10   0.00000E+00
  0.186   1.350   -0.67349E+08   0.00000E+00  -0.27028E+04   0.00000E+00   0.69627E+10   0.00000E+00
  0.189   1.360   -0.67863E+08   0.00000E+00  -0.26273E+04   0.00000E+00   0.69689E+10   0.00000E+00
  0.191   1.370   -0.68430E+08   0.00000E+00  -0.25651E+04   0.00000E+00   0.69757E+10   0.00000E+00
  0.194   1.380   -0.69038E+08   0.00000E+00  -0.25143E+04   0.00000E+00   0.69831E+10   0.00000E+00
  0.197   1.390   -0.69674E+08   0.00000E+00  -0.24728E+04   0.00000E+00   0.69908E+10   0.00000E+00
  0.200   1.400   -0.70317E+08   0.00000E+00  -0.24389E+04   0.00000E+00   0.69989E+10   0.00000E+00
  0.203   1.410   -0.70946E+08   0.00000E+00  -0.24116E+04   0.00000E+00   0.70071E+10   0.00000E+00
  0.206   1.420   -0.71534E+08   0.00000E+00  -0.23904E+04   0.00000E+00   0.70153E+10   0.00000E+00
  0.209   1.430   -0.72055E+08   0.00000E+00  -0.23753E+04   0.00000E+00   0.70233E+10   0.00000E+00
  0.211   1.440   -0.72483E+08   0.00000E+00  -0.23665E+04   0.00000E+00   0.70310E+10   0.00000E+00
  0.214   1.450   -0.72796E+08   0.00000E+00  -0.23641E+04   0.00000E+00   0.70382E+10   0.00000E+00
  0.217   1.460   -0.72983E+08   0.00000E+00  -0.23682E+04   0.00000E+00   0.70448E+10   0.00000E+00
  0.220   1.470   -0.73041E+08   0.00000E+00  -0.23787E+04   0.00000E+00   0.70507E+10   0.00000E+00
  0.223   1.480   -0.72978E+08   0.00000E+00  -0.23948E+04   0.00000E+00   0.70560E+10   0.00000E+00
  0.226   1.490   -0.72808E+08   0.00000E+00  -0.24158E+04   0.00000E+00   0.70605E+10   0.00000E+00
  0.229   1.500   -0.72554E+08   0.00000E+00  -0.24405E+04   0.00000E+00   0.70645E+10   0.00000E+00
  0.233   1.510   -0.72236E+08   0.00000E+00  -0.24679E+04   0.00000E+00   0.70680E+10   0.00000E+00
  0.236   1.520   -0.71875E+08   0.00000E+00  -0.24967E+04   0.00000E+00   0.70712E+10   0.00000E+00
  0.239   1.530   -0.71488E+08   0.00000E+00  -0.25261E+04   0.00000E+00   0.70740E+10   0.00000E+00
  0.242   1.540   -0.71089E+08   0.00000E+00  -0.25554E+04   0.00000E+00   0.70767E+10   0.00000E+00
  0.245   1.550   -0.70691E+08   0.00000E+00  -0.25838E+04   0.00000E+00   0.70793E+10   0.00000E+00
  0.248   1.560   -0.70307E+08   0.00000E+00  -0.26109E+04   0.00000E+00   0.70818E+10   0.00000E+00
  0.251   1.570   -0.69951E+08   0.00000E+00  -0.26360E+04   0.00000E+00   0.70843E+10   0.00000E+00
  0.255   1.580   -0.69640E+08   0.00000E+00  -0.26589E+04   0.00000E+00   0.70869E+10   0.00000E+00
  0.258   1.590   -0.69390E+08   0.00000E+00  -0.26791E+04   0.00000E+00   0.70896E+10   0.00000E+00
  0.261   1.600   -0.69220E+08   0.00000E+00  -0.26962E+04   0.00000E+00   0.70925E+10   0.00000E+00
  0.264   1.610   -0.69140E+08   0.00000E+00  -0.27101E+04   0.00000E+00   0.70956E+10   0.00000E+00
  0.268   1.620   -0.69157E+08   0.00000E+00  -0.27208E+04   0.00000E+00   0.70989E+10   0.00000E+00
  0.271   1.630   -0.69267E+08   0.00000E+00  -0.27287E+04   0.00000E+00   0.71024E+10   0.00000E+00
  0.274   1.640   -0.69458E+08   0.00000E+00  -0.27340E+04   0.00000E+00   0.71061E+10   0.00000E+00
  0.278   1.650   -0.69717E+08   0.00000E+00  -0.27373E+04   0.00000E+00   0.71100E+10   0.00000E+00
  0.281   1.660   -0.70026E+08   0.00000E+00  -0.27391E+04   0.00000E+00   0.71139E+10   0.00000E+00
  0.284   1.670   -0.70370E+08   0.00000E+00  -0.27397E+04   0.00000E+00   0.71178E+10   0.00000E+00
  0.288   1.680   -0.70735E+08   0.00000E+00  -0.27396E+04   0.00000E+00   0.71218E+10   0.00000E+00
  0.291   1.690   -0.71109E+08   0.00000E+00  -0.27390E+04   0.00000E+00   0.71257E+10   0.00000E+00
  0.295   1.700   -0.71485E+08   0.00000E+00  -0.27383E+04   0.00000E+00   0.71296E+10   0.00000E+00
  0.298   1.710   -0.71856E+08   0.00000E+00  -0.27376E+04   0.00000E+00   0.71334E+10   0.00000E+00
  0.302   1.720   -0.72216E+08   0.00000E+00  -0.27370E+04   0.00000E+00   0.71371E+10   0.00000E+00
  0.305   1.730   -0.72563E+08   0.00000E+00  -0.27368E+04   0.00000E+00   0.71408E+10   0.00000E+00
  0.309   1.740   -0.72893E+08   0.00000E+00  -0.27370E+04   0.00000E+00   0.71443E+10   0.00000E+00
  0.312   1.750   -0.73207E+08   0.00000E+00  -0.27380E+04   0.00000E+00   0.71477E+10   0.00000E+00
  0.316   1.760   -0.73502E+08   0.00000E+00  -0.27398E+04   0.00000E+00   0.71511E+10   0.00000E+00
  0.319   1.770   -0.73780E+08   0.00000E+00  -0.27427E+04   0.00000E+00   0.71543E+10   0.00000E+00
  0.323   1.780   -0.74041E+08   0.00000E+00  -0.27469E+04   0.00000E+00   0.71575E+10   0.00000E+00
  0.327   1.790   -0.74288E+08   0.00000E+00  -0.27520E+04   0.00000E+00   0.71605E+10   0.00000E+00
  0.330   1.800   -0.74524E+08   0.00000E+00  -0.27559E+04   0.00000E+00   0.71635E+10   0.00000E+00
  0.334   1.810   -0.74752E+08   0.00000E+00  -0.27553E+04   0.00000E+00   0.71665E+10   0.00000E+00
  0.338   1.820   -0.74975E+08   0.00000E+00  -0.27512E+04   0.00000E+00   0.71694E+10   0.00000E+00
  0.341   1.830   -0.75198E+08   0.00000E+00  -0.27474E+04   0.00000E+00   0.71723E+10   0.00000E+00
  0.345   1.840   -0.75421E+08   0.00000E+00  -0.27453E+04   0.00000E+00   0.71752E+10   0.00000E+00
  0.349   1.850   -0.75647E+08   0.00000E+00  -0.27443E+04   0.00000E+00   0.71780E+10   0.00000E+00
  0.353   1.860   -0.75874E+08   0.00000E+00  -0.27439E+04   0.00000E+00   0.71808E+10   0.00000E+00
  0.357   1.870   -0.76103E+08   0.00000E+00  -0.27436E+04   0.00000E+00   0.71836E+10   0.00000E+00
  0.360   1.880   -0.76332E+08   0.00000E+00  -0.27433E+04   0.00000E+00   0.71864E+10   0.00000E+00
  0.364   1.890   -0.76561E+08   0.00000E+00  -0.27428E+04   0.00000E+00   0.71891E+10   0.00000E+00
  0.368   1.900   -0.76787E+08   0.00000E+00  -0.27420E+04   0.00000E+00   0.71918E+10   0.00000E+00
  0.372   1.910   -0.77011E+08   0.00000E+00  -0.27409E+04   0.00000E+00   0.71944E+10   0.00000E+00
  0.376   1.920   -0.77230E+08   0.00000E+00  -0.27395E+04   0.00000E+00   0.71970E+10   0.00000E+00
  0.380   1.930   -0.77443E+08   0.00000E+00  -0.27379E+04   0.00000E+00   0.71995E+10   0.00000E+00
  0.384   1.940   -0.77646E+08   0.00000E+00  -0.27360E+04   0.00000E+00   0.72020E+10   0.00000E+00
  0.388   1.950   -0.77838E+08   0.00000E+00  -0.27341E+04   0.00000E+00   0.72044E+10   0.00000E+00
  0.392   1.960   -0.78012E+08   0.00000E+00  -0.27323E+04   0.00000E+00   0.72068E+10   0.00000E+00
  0.396   1.970   -0.78164E+08   0.00000E+00  -0.27308E+04   0.00000E+00   0.72090E+10   0.00000E+00
  0.400   1.980   -0.78288E+08   0.00000E+00  -0.27300E+04   0.00000E+00   0.72111E+10   0.00000E+00
  0.404   1.990   -0.78376E+08   0.00000E+00  -0.27302E+04   0.00000E+00   0.72131E+10   0.00000E+00
  0.408   2.000   -0.78424E+08   0.00000E+00  -0.27319E+04   0.00000E+00   0.72150E+10   0.00000E+00
  0.412   2.010   -0.78428E+08   0.00000E+00  -0.27352E+04   0.00000E+00   0.72167E+10   0.00000E+00
  0.416   2.020   -0.78392E+08   0.00000E+00  -0.27402E+04   0.00000E+00   0.72184E+10   0.00000E+00
  0.420   2.030   -0.78329E+08   0.00000E+00  -0.27464E+04   0.00000E+00   0.72199E+10   0.00000E+00
  0.424   2.040   -0.78260E+08   0.00000E+00  -0.27531E+04   0.00000E+00   0.72213E+10   0.00000E+00
  0.429   2.050   -0.78209E+08   0.00000E+00  -0.27592E+04   0.00000E+00   0.72229E+10   0.00000E+00
  0.433   2.060   -0.78191E+08   0.00000E+00  -0.27642E+04   0.00000E+00   0.72244E+10   0.00000E+00
  0.437   2.070   -0.78210E+08   0.00000E+00  -0.27676E+04   0.00000E+00   0.72261E+10   0.00000E+00
  0.441   2.080   -0.78261E+08   0.00000E+00  -0.27697E+04   0.00000E+00   0.72278E+10   0.00000E+00
  0.445   2.090   -0.78335E+08   0.00000E+00  -0.27708E+04   0.00000E+00   0.72296E+10   0.00000E+00
  0.450   2.100   -0.78425E+08   0.00000E+00  -0.27712E+04   0.00000E+00   0.72314E+10   0.00000E+00
  0.454   2.110   -0.78524E+08   0.00000E+00  -0.27711E+04   0.00000E+00   0.72332E+10   0.00000E+00
  0.458   2.120   -0.78627E+08   0.00000E+00  -0.27707E+04   0.00000E+00   0.72350E+10   0.00000E+00
  0.463   2.130   -0.78731E+08   0.00000E+00  -0.27701E+04   0.00000E+00   0.72368E+10   0.00000E+00
  0.467   2.140   -0.78835E+08   0.00000E+00  -0.27695E+04   0.00000E+00   0.72386E+10   0.00000E+00
  0.471   2.150   -0.78937E+08   0.00000E+00  -0.27688E+04   0.00000E+00   0.72403E+10   0.00000E+00
  0.476   2.160   -0.79038E+08   0.00000E+00  -0.27681E+04   0.00000E+00   0.72420E+10   0.00000E+00
  0.480   2.170   -0.79138E+08   0.00000E+00  -0.27676E+04   0.00000E+00   0.72437E+10   0.00000E+00
  0.485   2.180   -0.79236E+08   0.00000E+00  -0.27676E+04   0.00000E+00   0.72454E+10   0.00000E+00
  0.489   2.190   -0.79334E+08   0.00000E+00  -0.27692E+04   0.00000E+00   0.72471E+10   0.00000E+00
  0.494   2.200   -0.79431E+08   0.00000E+00  -0.27737E+04   0.00000E+00   0.72487E+10   0.00000E+00
  0.498   2.210   -0.79529E+08   0.00000E+00  -0.27797E+04   0.00000E+00   0.72503E+10   0.00000E+00
  0.503   2.220   -0.79626E+08   0.00000E+00  -0.27828E+04   0.00000E+00   0.72519E+10   0.00000E+00
  0.507   2.230   -0.79722E+08   0.00000E+00  -0.27837E+04   0.00000E+00   0.72535E+10   0.00000E+00
  0.512   2.240   -0.79816E+08   0.00000E+00  -0.27842E+04   0.00000E+00   0.72550E+10   0.00000E+00
  0.516   2.250   -0.79905E+08   0.00000E+00  -0.27845E+04   0.00000E+00   0.72566E+10   0.00000E+00
  0.521   2.260   -0.79988E+08   0.00000E+00  -0.27847E+04   0.00000E+00   0.72580E+10   0.00000E+00
  0.525   2.270   -0.80065E+08   0.00000E+00  -0.27846E+04   0.00000E+00   0.72595E+10   0.00000E+00
  0.530   2.280   -0.80137E+08   0.00000E+00  -0.27845E+04   0.00000E+00   0.72610E+10   0.00000E+00
  0.535   2.290   -0.80207E+08   0.00000E+00  -0.27844E+04   0.00000E+00   0.72624E+10   0.00000E+00
  0.539   2.300   -0.80275E+08   0.00000E+00  -0.27845E+04   0.00000E+00   0.72637E+10   0.00000E+00
  0.544   2.310   -0.80340E+08   0.00000E+00  -0.27848E+04   0.00000E+00   0.72651E+10   0.00000E+00
  0.549   2.320   -0.80400E+08   0.00000E+00  -0.27853E+04   0.00000E+00   0.72664E+10   0.00000E+00
  0.554   2.330   -0.80456E+08   0.00000E+00  -0.27860E+04   0.00000E+00   0.72677E+10   0.00000E+00
  0.558   2.340   -0.80508E+08   0.00000E+00  -0.27868E+04   0.00000E+00   0.72690E+10   0.00000E+00
  0.563   2.350   -0.80556E+08   0.00000E+00  -0.27877E+04   0.00000E+00   0.72703E+10   0.00000E+00
  0.568   2.360   -0.80605E+08   0.00000E+00  -0.27887E+04   0.00000E+00   0.72715E+10   0.00000E+00
  0.573   2.370   -0.80657E+08   0.00000E+00  -0.27899E+04   0.00000E+00   0.72727E+10   0.00000E+00
  0.578   2.380   -0.80716E+08   0.00000E+00  -0.27913E+04   0.00000E+00   0.72739E+10   0.00000E+00
  0.582   2.390   -0.80782E+08   0.00000E+00  -0.27930E+04   0.00000E+00   0.72751E+10   0.00000E+00
  0.587   2.400   -0.80852E+08   0.00000E+00  -0.27950E+04   0.00000E+00   0.72763E+10   0.00000E+00
  0.592   2.410   -0.80925E+08   0.00000E+00  -0.27972E+04   0.00000E+00   0.72775E+10   0.00000E+00
  0.597   2.420   -0.80998E+08   0.00000E+00  -0.27996E+04   0.00000E+00   0.72786E+10   0.00000E+00
  0.602   2.430   -0.81069E+08   0.00000E+00  -0.28022E+04   0.00000E+00   0.72798E+10   0.00000E+00
  0.607   2.440   -0.81140E+08   0.00000E+00  -0.28050E+04   0.00000E+00   0.72809E+10   0.00000E+00
  0.612   2.450   -0.81207E+08   0.00000E+00  -0.28075E+04   0.00000E+00   0.72820E+10   0.00000E+00
  0.617   2.460   -0.81272E+08   0.00000E+00  -0.28056E+04   0.00000E+00   0.72830E+10   0.00000E+00
  0.622   2.470   -0.81334E+08   0.00000E+00  -0.27555E+04   0.00000E+00   0.72841E+10   0.00000E+00
  0.627   2.480   -0.81392E+08   0.00000E+00  -0.26220E+04   0.00000E+00   0.72851E+10   0.00000E+00
  0.632   2.490   -0.81448E+08   0.00000E+00  -0.27084E+04   0.00000E+00   0.72861E+10   0.00000E+00
  0.637   2.500   -0.81502E+08   0.00000E+00  -0.27445E+04   0.00000E+00   0.72871E+10   0.00000E+00
  0.642   2.510   -0.81554E+08   0.00000E+00  -0.27598E+04   0.00000E+00   0.72881E+10   0.00000E+00
  0.648   2.520   -0.81605E+08   0.00000E+00  -0.27680E+04   0.00000E+00   0.72890E+10   0.00000E+00
  0.653   2.530   -0.81654E+08   0.00000E+00  -0.27732E+04   0.00000E+00   0.72899E+10   0.00000E+00
  0.658   2.540   -0.81702E+08   0.00000E+00  -0.27769E+04   0.00000E+00   0.72909E+10   0.00000E+00
  0.663   2.550   -0.81747E+08   0.00000E+00  -0.27801E+04   0.00000E+00   0.72918E+10   0.00000E+00
  0.668   2.560   -0.81791E+08   0.00000E+00  -0.27829E+04   0.00000E+00   0.72927E+10   0.00000E+00
  0.674   2.570   -0.81841E+08   0.00000E+00  -0.27853E+04   0.00000E+00   0.72935E+10   0.00000E+00
  0.679   2.580   -0.81907E+08   0.00000E+00  -0.27872E+04   0.00000E+00   0.72943E+10   0.00000E+00
  0.684   2.590   -0.81985E+08   0.00000E+00  -0.27887E+04   0.00000E+00   0.72951E+10   0.00000E+00
  0.689   2.600   -0.82064E+08   0.00000E+00  -0.27899E+04   0.00000E+00   0.72960E+10   0.00000E+00
  0.695   2.610   -0.82137E+08   0.00000E+00  -0.27909E+04   0.00000E+00   0.72968E+10   0.00000E+00
  0.700   2.620   -0.82204E+08   0.00000E+00  -0.27919E+04   0.00000E+00   0.72976E+10   0.00000E+00
  0.705   2.630   -0.82266E+08   0.00000E+00  -0.27929E+04   0.00000E+00   0.72984E+10   0.00000E+00
  0.711   2.640   -0.82323E+08   0.00000E+00  -0.27938E+04   0.00000E+00   0.72992E+10   0.00000E+00
  0.716   2.650   -0.82378E+08   0.00000E+00  -0.27948E+04   0.00000E+00   0.73000E+10   0.00000E+00
  0.722   2.660   -0.82431E+08   0.00000E+00  -0.27957E+04   0.00000E+00   0.73007E+10   0.00000E+00
  0.727   2.670   -0.82479E+08   0.00000E+00  -0.27968E+04   0.00000E+00   0.73015E+10   0.00000E+00
  0.732   2.680   -0.82524E+08   0.00000E+00  -0.27979E+04   0.00000E+00   0.73022E+10   0.00000E+00
  0.738   2.690   -0.82562E+08   0.00000E+00  -0.27992E+04   0.00000E+00   0.73029E+10   0.00000E+00
  0.743   2.700   -0.82592E+08   0.00000E+00  -0.28007E+04   0.00000E+00   0.73036E+10   0.00000E+00
  0.749   2.710   -0.82614E+08   0.00000E+00  -0.28024E+04   0.00000E+00   0.73042E+10   0.00000E+00
  0.754   2.720   -0.82629E+08   0.00000E+00  -0.28046E+04   0.00000E+00   0.73049E+10   0.00000E+00
  0.760   2.730   -0.82637E+08   0.00000E+00  -0.28072E+04   0.00000E+00   0.73055E+10   0.00000E+00
  0.766   2.740   -0.82642E+08   0.00000E+00  -0.28102E+04   0.00000E+00   0.73060E+10   0.00000E+00
  0.771   2.750   -0.82649E+08   0.00000E+00  -0.28139E+04   0.00000E+00   0.73066E+10   0.00000E+00
  0.777   2.760   -0.82658E+08   0.00000E+00  -0.28184E+04   0.00000E+00   0.73072E+10   0.00000E+00
  0.782   2.770   -0.82674E+08   0.00000E+00  -0.28222E+04   0.00000E+00   0.73077E+10   0.00000E+00
  0.788   2.780   -0.82695E+08   0.00000E+00  -0.28032E+04   0.00000E+00   0.73083E+10   0.00000E+00
  0.794   2.790   -0.82722E+08   0.00000E+00  -0.27613E+04   0.00000E+00   0.73088E+10   0.00000E+00
  0.799   2.800   -0.82753E+08   0.00000E+00  -0.27728E+04   0.00000E+00   0.73093E+10   0.00000E+00
  0.805   2.810   -0.82788E+08   0.00000E+00  -0.27822E+04   0.00000E+00   0.73099E+10   0.00000E+00
  0.811   2.820   -0.82824E+08   0.00000E+00  -0.27879E+04   0.00000E+00   0.73104E+10   0.00000E+00
  0.817   2.830   -0.82861E+08   0.00000E+00  -0.27918E+04   0.00000E+00   0.73109E+10   0.00000E+00
  0.822   2.840   -0.82896E+08   0.00000E+00  -0.27950E+04   0.00000E+00   0.73115E+10   0.00000E+00
  0.828   2.850   -0.82929E+08   0.00000E+00  -0.27977E+04   0.00000E+00   0.73120E+10   0.00000E+00
  0.834   2.860   -0.82962E+08   0.00000E+00  -0.27999E+04   0.00000E+00   0.73125E+10   0.00000E+00
  0.840   2.870   -0.82995E+08   0.00000E+00  -0.28015E+04   0.00000E+00   0.73130E+10   0.00000E+00
  0.846   2.880   -0.83027E+08   0.00000E+00  -0.28026E+04   0.00000E+00   0.73135E+10   0.00000E+00
  0.852   2.890   -0.83058E+08   0.00000E+00  -0.28032E+04   0.00000E+00   0.73140E+10   0.00000E+00
  0.858   2.900   -0.83086E+08   0.00000E+00  -0.28033E+04   0.00000E+00   0.73144E+10   0.00000E+00
  0.864   2.910   -0.83113E+08   0.00000E+00  -0.28029E+04   0.00000E+00   0.73149E+10   0.00000E+00
  0.869   2.920   -0.83137E+08   0.00000E+00  -0.28020E+04   0.00000E+00   0.73154E+10   0.00000E+00
  0.875   2.930   -0.83159E+08   0.00000E+00  -0.28008E+04   0.00000E+00   0.73159E+10   0.00000E+00
  0.881   2.940   -0.83180E+08   0.00000E+00  -0.27990E+04   0.00000E+00   0.73163E+10   0.00000E+00
  0.887   2.950   -0.83202E+08   0.00000E+00  -0.27966E+04   0.00000E+00   0.73168E+10   0.00000E+00
  0.893   2.960   -0.83230E+08   0.00000E+00  -0.27938E+04   0.00000E+00   0.73173E+10   0.00000E+00
  0.899   2.970   -0.83269E+08   0.00000E+00  -0.27914E+04   0.00000E+00   0.73177E+10   0.00000E+00
  0.906   2.980   -0.83316E+08   0.00000E+00  -0.27905E+04   0.00000E+00   0.73182E+10   0.00000E+00
  0.912   2.990   -0.83361E+08   0.00000E+00  -0.27908E+04   0.00000E+00   0.73186E+10   0.00000E+00
  0.918   3.000   -0.83397E+08   0.00000E+00  -0.27915E+04   0.00000E+00   0.73190E+10   0.00000E+00
  0.924   3.010   -0.83425E+08   0.00000E+00  -0.27917E+04   0.00000E+00   0.73194E+10   0.00000E+00
  0.930   3.020   -0.83446E+08   0.00000E+00  -0.27914E+04   0.00000E+00   0.73198E+10   0.00000E+00
  0.936   3.030   -0.83463E+08   0.00000E+00  -0.27906E+04   0.00000E+00   0.73202E+10   0.00000E+00
  0.942   3.040   -0.83477E+08   0.00000E+00  -0.27902E+04   0.00000E+00   0.73206E+10   0.00000E+00
  0.949   3.050   -0.83492E+08   0.00000E+00  -0.27913E+04   0.00000E+00   0.73210E+10   0.00000E+00
  0.955   3.060   -0.83514E+08   0.00000E+00  -0.27948E+04   0.00000E+00   0.73213E+10   0.00000E+00
  0.961   3.070   -0.83545E+08   0.00000E+00  -0.28006E+04   0.00000E+00   0.73216E+10   0.00000E+00
  0.967   3.080   -0.83583E+08   0.00000E+00  -0.28072E+04   0.00000E+00   0.73219E+10   0.00000E+00
  0.974   3.090   -0.83624E+08   0.00000E+00  -0.28139E+04   0.00000E+00   0.73221E+10   0.00000E+00
  0.980   3.100   -0.83665E+08   0.00000E+00  -0.28199E+04   0.00000E+00   0.73224E+10   0.00000E+00
  0.986   3.110   -0.83705E+08   0.00000E+00  -0.28230E+04   0.00000E+00   0.73226E+10   0.00000E+00
  0.993   3.120   -0.83741E+08   0.00000E+00  -0.28235E+04   0.00000E+00   0.73229E+10   0.00000E+00
  0.999   3.130   -0.83770E+08   0.00000E+00  -0.28231E+04   0.00000E+00   0.73232E+10   0.00000E+00
  1.005   3.140   -0.83795E+08   0.00000E+00  -0.28215E+04   0.00000E+00   0.73235E+10   0.00000E+00
  1.012   3.150   -0.83820E+08   0.00000E+00  -0.28188E+04   0.00000E+00   0.73238E+10   0.00000E+00
  1.018   3.160   -0.83848E+08   0.00000E+00  -0.28157E+04   0.00000E+00   0.73241E+10   0.00000E+00
  1.025   3.170   -0.83878E+08   0.00000E+00  -0.28123E+04   0.00000E+00   0.73244E+10   0.00000E+00
  1.031   3.180   -0.83906E+08   0.00000E+00  -0.28083E+04   0.00000E+00   0.73247E+10   0.00000E+00
  1.038   3.190   -0.83933E+08   0.00000E+00  -0.28035E+04   0.00000E+00   0.73250E+10   0.00000E+00
  1.044   3.200   -0.83955E+08   0.00000E+00  -0.27973E+04   0.00000E+00   0.73252E+10   0.00000E+00
  1.051   3.210   -0.83969E+08   0.00000E+00  -0.27896E+04   0.00000E+00   0.73255E+10   0.00000E+00
  1.057   3.220   -0.83970E+08   0.00000E+00  -0.27808E+04   0.00000E+00   0.73257E+10   0.00000E+00
  1.064   3.230   -0.83949E+08   0.00000E+00  -0.27730E+04   0.00000E+00   0.73259E+10   0.00000E+00
  1.070   3.240   -0.83904E+08   0.00000E+00  -0.27709E+04   0.00000E+00   0.73260E+10   0.00000E+00
  1.077   3.250   -0.83860E+08   0.00000E+00  -0.27768E+04   0.00000E+00   0.73262E+10   0.00000E+00
  1.084   3.260   -0.83860E+08   0.00000E+00  -0.27851E+04   0.00000E+00   0.73265E+10   0.00000E+00
  1.090   3.270   -0.83894E+08   0.00000E+00  -0.27915E+04   0.00000E+00   0.73269E+10   0.00000E+00
  1.097   3.280   -0.83938E+08   0.00000E+00  -0.27966E+04   0.00000E+00   0.73272E+10   0.00000E+00
  1.104   3.290   -0.83978E+08   0.00000E+00  -0.28014E+04   0.00000E+00   0.73276E+10   0.00000E+00
  1.110   3.300   -0.84014E+08   0.00000E+00  -0.28060E+04   0.00000E+00   0.73279E+10   0.00000E+00
  1.117   3.310   -0.84041E+08   0.00000E+00  -0.28112E+04   0.00000E+00   0.73283E+10   0.00000E+00
  1.124   3.320   -0.84055E+08   0.00000E+00  -0.28191E+04   0.00000E+00   0.73286E+10   0.00000E+00
  1.131   3.330   -0.84045E+08   0.00000E+00  -0.28303E+04   0.00000E+00   0.73288E+10   0.00000E+00
  1.138   3.340   -0.84032E+08   0.00000E+00  -0.28359E+04   0.00000E+00   0.73287E+10   0.00000E+00
  1.144   3.350   -0.84042E+08   0.00000E+00  -0.28326E+04   0.00000E+00   0.73287E+10   0.00000E+00
  1.151   3.360   -0.84065E+08   0.00000E+00  -0.28276E+04   0.00000E+00   0.73288E+10   0.00000E+00
  1.158   3.370   -0.84090E+08   0.00000E+00  -0.28243E+04   0.00000E+00   0.73290E+10   0.00000E+00
  1.165   3.380   -0.84112E+08   0.00000E+00  -0.28229E+04   0.00000E+00   0.73292E+10   0.00000E+00
  1.172   3.390   -0.84130E+08   0.00000E+00  -0.28221E+04   0.00000E+00   0.73295E+10   0.00000E+00
  1.179   3.400   -0.84146E+08   0.00000E+00  -0.28210E+04   0.00000E+00   0.73297E+10   0.00000E+00
  1.186   3.410   -0.84165E+08   0.00000E+00  -0.28199E+04   0.00000E+00   0.73299E+10   0.00000E+00
  1.193   3.420   -0.84186E+08   0.00000E+00  -0.28192E+04   0.00000E+00   0.73301E+10   0.00000E+00
  1.200   3.430   -0.84207E+08   0.00000E+00  -0.28188E+04   0.00000E+00   0.73302E+10   0.00000E+00
  1.207   3.440   -0.84225E+08   0.00000E+00  -0.28185E+04   0.00000E+00   0.73304E+10   0.00000E+00
  1.214   3.450   -0.84239E+08   0.00000E+00  -0.28181E+04   0.00000E+00   0.73306E+10   0.00000E+00
  1.221   3.460   -0.84250E+08   0.00000E+00  -0.28178E+04   0.00000E+00   0.73308E+10   0.00000E+00
  1.228   3.470   -0.84256E+08   0.00000E+00  -0.28174E+04   0.00000E+00   0.73310E+10   0.00000E+00
  1.235   3.480   -0.84261E+08   0.00000E+00  -0.28171E+04   0.00000E+00   0.73313E+10   0.00000E+00
  1.242   3.490   -0.84271E+08   0.00000E+00  -0.28169E+04   0.00000E+00   0.73315E+10   0.00000E+00
  1.249   3.500   -0.84293E+08   0.00000E+00  -0.28166E+04   0.00000E+00   0.73318E+10   0.00000E+00
  1.256   3.510   -0.84323E+08   0.00000E+00  -0.28157E+04   0.00000E+00   0.73320E+10   0.00000E+00
  1.263   3.520   -0.84352E+08   0.00000E+00  -0.28141E+04   0.00000E+00   0.73322E+10   0.00000E+00
  1.271   3.530   -0.84377E+08   0.00000E+00  -0.28119E+04   0.00000E+00   0.73324E+10   0.00000E+00
  1.278   3.540   -0.84397E+08   0.00000E+00  -0.28104E+04   0.00000E+00   0.73325E+10   0.00000E+00
  1.285   3.550   -0.84413E+08   0.00000E+00  -0.28116E+04   0.00000E+00   0.73327E+10   0.00000E+00
  1.292   3.560   -0.84428E+08   0.00000E+00  -0.28148E+04   0.00000E+00   0.73329E+10   0.00000E+00
  1.300   3.570   -0.84440E+08   0.00000E+00  -0.28170E+04   0.00000E+00   0.73330E+10   0.00000E+00
  1.307   3.580   -0.84453E+08   0.00000E+00  -0.28180E+04   0.00000E+00   0.73332E+10   0.00000E+00
  1.314   3.590   -0.84465E+08   0.00000E+00  -0.28179E+04   0.00000E+00   0.73334E+10   0.00000E+00
  1.322   3.600   -0.84479E+08   0.00000E+00  -0.28170E+04   0.00000E+00   0.73335E+10   0.00000E+00
  1.329   3.610   -0.84492E+08   0.00000E+00  -0.28163E+04   0.00000E+00   0.73337E+10   0.00000E+00
  1.336   3.620   -0.84501E+08   0.00000E+00  -0.28161E+04   0.00000E+00   0.73338E+10   0.00000E+00
  1.344   3.630   -0.84509E+08   0.00000E+00  -0.28163E+04   0.00000E+00   0.73340E+10   0.00000E+00
  1.351   3.640   -0.84515E+08   0.00000E+00  -0.28166E+04   0.00000E+00   0.73341E+10   0.00000E+00
  1.359   3.650   -0.84521E+08   0.00000E+00  -0.28167E+04   0.00000E+00   0.73343E+10   0.00000E+00
  1.366   3.660   -0.84527E+08   0.00000E+00  -0.28162E+04   0.00000E+00   0.73345E+10   0.00000E+00
  1.373   3.670   -0.84534E+08   0.00000E+00  -0.28150E+04   0.00000E+00   0.73346E+10   0.00000E+00
  1.381   3.680   -0.84542E+08   0.00000E+00  -0.28140E+04   0.00000E+00   0.73348E+10   0.00000E+00
  1.388   3.690   -0.84543E+08   0.00000E+00  -0.28137E+04   0.00000E+00   0.73349E+10   0.00000E+00
  1.396   3.700   -0.84526E+08   0.00000E+00  -0.28125E+04   0.00000E+00   0.73350E+10   0.00000E+00
  1.404   3.710   -0.84482E+08   0.00000E+00  -0.28083E+04   0.00000E+00   0.73352E+10   0.00000E+00
  1.411   3.720   -0.84376E+08   0.00000E+00  -0.27975E+04   0.00000E+00   0.73355E+10   0.00000E+00
  1.419   3.730   -0.84311E+08   0.00000E+00  -0.27887E+04   0.00000E+00   0.73362E+10   0.00000E+00
  1.426   3.740   -0.84664E+08   0.00000E+00  -0.28205E+04   0.00000E+00   0.73358E+10   0.00000E+00
  1.434   3.750   -0.84740E+08   0.00000E+00  -0.28287E+04   0.00000E+00   0.73357E+10   0.00000E+00
  1.442   3.760   -0.84749E+08   0.00000E+00  -0.28314E+04   0.00000E+00   0.73357E+10   0.00000E+00
  1.449   3.770   -0.84754E+08   0.00000E+00  -0.28361E+04   0.00000E+00   0.73358E+10   0.00000E+00
  1.457   3.780   -0.84760E+08   0.00000E+00  -0.28424E+04   0.00000E+00   0.73358E+10   0.00000E+00
  1.465   3.790   -0.84770E+08   0.00000E+00  -0.28393E+04   0.00000E+00   0.73359E+10   0.00000E+00
  1.472   3.800   -0.84782E+08   0.00000E+00  -0.28317E+04   0.00000E+00   0.73360E+10   0.00000E+00
  1.480   3.810   -0.84789E+08   0.00000E+00  -0.28233E+04   0.00000E+00   0.73362E+10   0.00000E+00
  1.488   3.820   -0.84791E+08   0.00000E+00  -0.28162E+04   0.00000E+00   0.73364E+10   0.00000E+00
  1.496   3.830   -0.84795E+08   0.00000E+00  -0.28144E+04   0.00000E+00   0.73365E+10   0.00000E+00
  1.504   3.840   -0.84801E+08   0.00000E+00  -0.28155E+04   0.00000E+00   0.73366E+10   0.00000E+00
  1.511   3.850   -0.84809E+08   0.00000E+00  -0.28164E+04   0.00000E+00   0.73367E+10   0.00000E+00
  1.519   3.860   -0.84819E+08   0.00000E+00  -0.28166E+04   0.00000E+00   0.73368E+10   0.00000E+00
  1.527   3.870   -0.84833E+08   0.00000E+00  -0.28168E+04   0.00000E+00   0.73369E+10   0.00000E+00
  1.535   3.880   -0.84856E+08   0.00000E+00  -0.28176E+04   0.00000E+00   0.73370E+10   0.00000E+00
  1.543   3.890   -0.84893E+08   0.00000E+00  -0.28199E+04   0.00000E+00   0.73371E+10   0.00000E+00
  1.551   3.900   -0.84932E+08   0.00000E+00  -0.28225E+04   0.00000E+00   0.73372E+10   0.00000E+00
  1.559   3.910   -0.84924E+08   0.00000E+00  -0.28223E+04   0.00000E+00   0.73374E+10   0.00000E+00
  1.567   3.920   -0.84901E+08   0.00000E+00  -0.28224E+04   0.00000E+00   0.73376E+10   0.00000E+00
  1.575   3.930   -0.84894E+08   0.00000E+00  -0.28248E+04   0.00000E+00   0.73377E+10   0.00000E+00
  1.583   3.940   -0.84895E+08   0.00000E+00  -0.28284E+04   0.00000E+00   0.73378E+10   0.00000E+00
  1.591   3.950   -0.84898E+08   0.00000E+00  -0.28323E+04   0.00000E+00   0.73379E+10   0.00000E+00
  1.599   3.960   -0.84898E+08   0.00000E+00  -0.28366E+04   0.00000E+00   0.73381E+10   0.00000E+00
  1.607   3.970   -0.84888E+08   0.00000E+00  -0.28394E+04   0.00000E+00   0.73381E+10   0.00000E+00
  1.615   3.980   -0.84877E+08   0.00000E+00  -0.28351E+04   0.00000E+00   0.73379E+10   0.00000E+00
  1.623   3.990   -0.84888E+08   0.00000E+00  -0.28312E+04   0.00000E+00   0.73380E+10   0.00000E+00
  1.632   4.000   -0.84904E+08   0.00000E+00  -0.28302E+04   0.00000E+00   0.73381E+10   0.00000E+00
  1.640   4.010   -0.84918E+08   0.00000E+00  -0.28299E+04   0.00000E+00   0.73383E+10   0.00000E+00
  1.648   4.020   -0.84932E+08   0.00000E+00  -0.28295E+04   0.00000E+00   0.73384E+10   0.00000E+00
  1.656   4.030   -0.84948E+08   0.00000E+00  -0.28290E+04   0.00000E+00   0.73386E+10   0.00000E+00
  1.664   4.040   -0.84966E+08   0.00000E+00  -0.28279E+04   0.00000E+00   0.73387E+10   0.00000E+00
  1.673   4.050   -0.84985E+08   0.00000E+00  -0.28255E+04   0.00000E+00   0.73388E+10   0.00000E+00
  1.681   4.060   -0.85004E+08   0.00000E+00  -0.28218E+04   0.00000E+00   0.73387E+10   0.00000E+00
  1.689   4.070   -0.85020E+08   0.00000E+00  -0.28182E+04   0.00000E+00   0.73387E+10   0.00000E+00
  1.697   4.080   -0.85037E+08   0.00000E+00  -0.28156E+04   0.00000E+00   0.73389E+10   0.00000E+00
  1.706   4.090   -0.85051E+08   0.00000E+00  -0.28166E+04   0.00000E+00   0.73390E+10   0.00000E+00
  1.714   4.100   -0.85048E+08   0.00000E+00  -0.28205E+04   0.00000E+00   0.73392E+10   0.00000E+00
  1.723   4.110   -0.85031E+08   0.00000E+00  -0.28233E+04   0.00000E+00   0.73393E+10   0.00000E+00
  1.731   4.120   -0.85015E+08   0.00000E+00  -0.28241E+04   0.00000E+00   0.73394E+10   0.00000E+00
  1.739   4.130   -0.85003E+08   0.00000E+00  -0.28247E+04   0.00000E+00   0.73394E+10   0.00000E+00
  1.748   4.140   -0.84996E+08   0.00000E+00  -0.28254E+04   0.00000E+00   0.73395E+10   0.00000E+00
  1.756   4.150   -0.84992E+08   0.00000E+00  -0.28251E+04   0.00000E+00   0.73395E+10   0.00000E+00
  1.765   4.160   -0.84991E+08   0.00000E+00  -0.28235E+04   0.00000E+00   0.73396E+10   0.00000E+00
  1.773   4.170   -0.84996E+08   0.00000E+00  -0.28210E+04   0.00000E+00   0.73396E+10   0.00000E+00
  1.782   4.180   -0.85007E+08   0.00000E+00  -0.28225E+04   0.00000E+00   0.73397E+10   0.00000E+00
  1.790   4.190   -0.85021E+08   0.00000E+00  -0.28246E+04   0.00000E+00   0.73398E+10   0.00000E+00
  1.799   4.200   -0.85036E+08   0.00000E+00  -0.28252E+04   0.00000E+00   0.73399E+10   0.00000E+00
  1.807   4.210   -0.85049E+08   0.00000E+00  -0.28249E+04   0.00000E+00   0.73401E+10   0.00000E+00
  1.816   4.220   -0.85053E+08   0.00000E+00  -0.28245E+04   0.00000E+00   0.73402E+10   0.00000E+00
  1.825   4.230   -0.85058E+08   0.00000E+00  -0.28249E+04   0.00000E+00   0.73402E+10   0.00000E+00
  1.833   4.240   -0.85065E+08   0.00000E+00  -0.28255E+04   0.00000E+00   0.73403E+10   0.00000E+00
  1.842   4.250   -0.85073E+08   0.00000E+00  -0.28262E+04   0.00000E+00   0.73404E+10   0.00000E+00
  1.851   4.260   -0.85081E+08   0.00000E+00  -0.28269E+04   0.00000E+00   0.73405E+10   0.00000E+00
  1.859   4.270   -0.85089E+08   0.00000E+00  -0.28273E+04   0.00000E+00   0.73406E+10   0.00000E+00
  1.868   4.280   -0.85095E+08   0.00000E+00  -0.28279E+04   0.00000E+00   0.73407E+10   0.00000E+00
  1.877   4.290   -0.85092E+08   0.00000E+00  -0.28289E+04   0.00000E+00   0.73408E+10   0.00000E+00
  1.885   4.300   -0.85081E+08   0.00000E+00  -0.28299E+04   0.00000E+00   0.73409E+10   0.00000E+00
  1.894   4.310   -0.85077E+08   0.00000E+00  -0.28289E+04   0.00000E+00   0.73409E+10   0.00000E+00
  1.903   4.320   -0.85083E+08   0.00000E+00  -0.28266E+04   0.00000E+00   0.73410E+10   0.00000E+00
  1.912   4.330   -0.85091E+08   0.00000E+00  -0.28240E+04   0.00000E+00   0.73410E+10   0.00000E+00
  1.921   4.340   -0.85097E+08   0.00000E+00  -0.28200E+04   0.00000E+00   0.73411E+10   0.00000E+00
  1.930   4.350   -0.85104E+08   0.00000E+00  -0.28024E+04   0.00000E+00   0.73412E+10   0.00000E+00
  1.938   4.360   -0.85114E+08   0.00000E+00  -0.28546E+04   0.00000E+00   0.73413E+10   0.00000E+00
  1.947   4.370   -0.85128E+08   0.00000E+00  -0.28376E+04   0.00000E+00   0.73414E+10   0.00000E+00
  1.956   4.380   -0.85149E+08   0.00000E+00  -0.28327E+04   0.00000E+00   0.73414E+10   0.00000E+00
  1.965   4.390   -0.85168E+08   0.00000E+00  -0.28282E+04   0.00000E+00   0.73415E+10   0.00000E+00
  1.974   4.400   -0.85187E+08   0.00000E+00  -0.28218E+04   0.00000E+00   0.73415E+10   0.00000E+00
  1.983   4.410   -0.85201E+08   0.00000E+00  -0.28151E+04   0.00000E+00   0.73414E+10   0.00000E+00
  1.992   4.420   -0.85204E+08   0.00000E+00  -0.28131E+04   0.00000E+00   0.73414E+10   0.00000E+00
  2.001   4.430   -0.85200E+08   0.00000E+00  -0.28253E+04   0.00000E+00   0.73414E+10   0.00000E+00
  2.010   4.440   -0.85191E+08   0.00000E+00  -0.28340E+04   0.00000E+00   0.73415E+10   0.00000E+00
  2.019   4.450   -0.85171E+08   0.00000E+00  -0.28348E+04   0.00000E+00   0.73415E+10   0.00000E+00
  2.028   4.460   -0.85137E+08   0.00000E+00  -0.28327E+04   0.00000E+00   0.73415E+10   0.00000E+00
  2.037   4.470   -0.85116E+08   0.00000E+00  -0.28297E+04   0.00000E+00   0.73417E+10   0.00000E+00
  2.047   4.480   -0.85131E+08   0.00000E+00  -0.28309E+04   0.00000E+00   0.73419E+10   0.00000E+00
  2.056   4.490   -0.85155E+08   0.00000E+00  -0.28355E+04   0.00000E+00   0.73420E+10   0.00000E+00
  2.065   4.500   -0.85178E+08   0.00000E+00  -0.28400E+04   0.00000E+00   0.73420E+10   0.00000E+00
  2.074   4.510   -0.85200E+08   0.00000E+00  -0.28447E+04   0.00000E+00   0.73421E+10   0.00000E+00
  2.083   4.520   -0.85219E+08   0.00000E+00  -0.28391E+04   0.00000E+00   0.73421E+10   0.00000E+00
  2.093   4.530   -0.85229E+08   0.00000E+00  -0.28234E+04   0.00000E+00   0.73420E+10   0.00000E+00
  2.102   4.540   -0.85218E+08   0.00000E+00  -0.28204E+04   0.00000E+00   0.73420E+10   0.00000E+00
  2.111   4.550   -0.85229E+08   0.00000E+00  -0.28269E+04   0.00000E+00   0.73423E+10   0.00000E+00
  2.120   4.560   -0.85237E+08   0.00000E+00  -0.28286E+04   0.00000E+00   0.73423E+10   0.00000E+00
  2.130   4.570   -0.85240E+08   0.00000E+00  -0.28285E+04   0.00000E+00   0.73424E+10   0.00000E+00
  2.139   4.580   -0.85237E+08   0.00000E+00  -0.28269E+04   0.00000E+00   0.73424E+10   0.00000E+00
  2.148   4.590   -0.85216E+08   0.00000E+00  -0.28210E+04   0.00000E+00   0.73421E+10   0.00000E+00
  2.158   4.600   -0.85218E+08   0.00000E+00  -0.28264E+04   0.00000E+00   0.73423E+10   0.00000E+00
  2.167   4.610   -0.85233E+08   0.00000E+00  -0.28349E+04   0.00000E+00   0.73426E+10   0.00000E+00
  2.177   4.620   -0.85236E+08   0.00000E+00  -0.28319E+04   0.00000E+00   0.73427E+10   0.00000E+00
  2.186   4.630   -0.85235E+08   0.00000E+00  -0.28299E+04   0.00000E+00   0.73428E+10   0.00000E+00
  2.195   4.640   -0.85231E+08   0.00000E+00  -0.28278E+04   0.00000E+00   0.73429E+10   0.00000E+00
  2.205   4.650   -0.85226E+08   0.00000E+00  -0.28242E+04   0.00000E+00   0.73430E+10   0.00000E+00
  2.214   4.660   -0.85226E+08   0.00000E+00  -0.28220E+04   0.00000E+00   0.73430E+10   0.00000E+00
  2.224   4.670   -0.85264E+08   0.00000E+00  -0.28210E+04   0.00000E+00   0.73430E+10   0.00000E+00
  2.233   4.680   -0.85300E+08   0.00000E+00  -0.28201E+04   0.00000E+00   0.73430E+10   0.00000E+00
  2.243   4.690   -0.85308E+08   0.00000E+00  -0.28176E+04   0.00000E+00   0.73431E+10   0.00000E+00
  2.253   4.700   -0.85303E+08   0.00000E+00  -0.28179E+04   0.00000E+00   0.73432E+10   0.00000E+00
  2.262   4.710   -0.85293E+08   0.00000E+00  -0.28222E+04   0.00000E+00   0.73433E+10   0.00000E+00
  2.272   4.720   -0.85283E+08   0.00000E+00  -0.28207E+04   0.00000E+00   0.73434E+10   0.00000E+00
  2.281   4.730   -0.85277E+08   0.00000E+00  -0.28172E+04   0.00000E+00   0.73435E+10   0.00000E+00
  2.291   4.740   -0.85289E+08   0.00000E+00  -0.28205E+04   0.00000E+00   0.73435E+10   0.00000E+00
  2.301   4.750   -0.85311E+08   0.00000E+00  -0.28230E+04   0.00000E+00   0.73436E+10   0.00000E+00
  2.310   4.760   -0.85315E+08   0.00000E+00  -0.28231E+04   0.00000E+00   0.73437E+10   0.00000E+00
  2.320   4.770   -0.85296E+08   0.00000E+00  -0.28239E+04   0.00000E+00   0.73439E+10   0.00000E+00
  2.330   4.780   -0.85278E+08   0.00000E+00  -0.28255E+04   0.00000E+00   0.73439E+10   0.00000E+00
  2.340   4.790   -0.85274E+08   0.00000E+00  -0.28288E+04   0.00000E+00   0.73439E+10   0.00000E+00
  2.349   4.800   -0.85287E+08   0.00000E+00  -0.28354E+04   0.00000E+00   0.73439E+10   0.00000E+00
  2.359   4.810   -0.85513E+08   0.00000E+00  -0.28332E+04   0.00000E+00   0.73439E+10   0.00000E+00
  2.369   4.820   -0.85372E+08   0.00000E+00  -0.28153E+04   0.00000E+00   0.73439E+10   0.00000E+00
  2.379   4.830   -0.85351E+08   0.00000E+00  -0.28145E+04   0.00000E+00   0.73439E+10   0.00000E+00
  2.389   4.840   -0.85342E+08   0.00000E+00  -0.28156E+04   0.00000E+00   0.73439E+10   0.00000E+00
  2.399   4.850   -0.85336E+08   0.00000E+00  -0.28217E+04   0.00000E+00   0.73439E+10   0.00000E+00
  2.409   4.860   -0.85333E+08   0.00000E+00  -0.28274E+04   0.00000E+00   0.73440E+10   0.00000E+00
  2.418   4.870   -0.85336E+08   0.00000E+00  -0.28286E+04   0.00000E+00   0.73442E+10   0.00000E+00
  2.428   4.880   -0.85286E+08   0.00000E+00  -0.28284E+04   0.00000E+00   0.73442E+10   0.00000E+00
  2.438   4.890   -0.85313E+08   0.00000E+00  -0.28293E+04   0.00000E+00   0.73439E+10   0.00000E+00
  2.448   4.900   -0.85348E+08   0.00000E+00  -0.28295E+04   0.00000E+00   0.73438E+10   0.00000E+00
  2.458   4.910   -0.85370E+08   0.00000E+00  -0.28268E+04   0.00000E+00   0.73437E+10   0.00000E+00
  2.468   4.920   -0.85384E+08   0.00000E+00  -0.28279E+04   0.00000E+00   0.73437E+10   0.00000E+00
  2.478   4.930   -0.85399E+08   0.00000E+00  -0.28320E+04   0.00000E+00   0.73437E+10   0.00000E+00
  2.488   4.940   -0.85405E+08   0.00000E+00  -0.28370E+04   0.00000E+00   0.73437E+10   0.00000E+00
  2.499   4.950   -0.85403E+08   0.00000E+00  -0.28436E+04   0.00000E+00   0.73437E+10   0.00000E+00
  2.509   4.960   -0.85416E+08   0.00000E+00  -0.28614E+04   0.00000E+00   0.73437E+10   0.00000E+00
  2.519   4.970   -0.85425E+08   0.00000E+00  -0.28054E+04   0.00000E+00   0.73438E+10   0.00000E+00
  2.529   4.980   -0.85428E+08   0.00000E+00  -0.28151E+04   0.00000E+00   0.73439E+10   0.00000E+00
  2.539   4.990   -0.85423E+08   0.00000E+00  -0.28138E+04   0.00000E+00   0.73440E+10   0.00000E+00
