  0.000   0.010    0.00000E+00   0.10853E+09   0.00000E+00   0.77667E+10   0.00000E+00   0.24200E+05
  0.000   0.020    0.00000E+00   0.10854E+09   0.00000E+00   0.77670E+10   0.00000E+00   0.24201E+05
  0.000   0.030    0.00000E+00   0.10856E+09   0.00000E+00   0.77674E+10   0.00000E+00   0.24202E+05
  0.000   0.040    0.00000E+00   0.10859E+09   0.00000E+00   0.77680E+10   0.00000E+00   0.24203E+05
  0.000   0.050    0.00000E+00   0.10863E+09   0.00000E+00   0.77687E+10   0.00000E+00   0.24206E+05
  0.000   0.060    0.00000E+00   0.10868E+09   0.00000E+00   0.77696E+10   0.00000E+00   0.24208E+05
  0.000   0.070    0.00000E+00   0.10874E+09   0.00000E+00   0.77707E+10   0.00000E+00   0.24211E+05
  0.001   0.080    0.00000E+00   0.10881E+09   0.00000E+00   0.77720E+10   0.00000E+00   0.24215E+05
  0.001   0.090    0.00000E+00   0.10888E+09   0.00000E+00   0.77734E+10   0.00000E+00   0.24219E+05
  0.001   0.100    0.00000E+00   0.10897E+09   0.00000E+00   0.77750E+10   0.00000E+00   0.24224E+05
  0.001   0.110    0.00000E+00   0.10907E+09   0.00000E+00   0.77768E+10   0.00000E+00   0.24229E+05
  0.001   0.120    0.00000E+00   0.10918E+09   0.00000E+00   0.77789E+10   0.00000E+00   0.24234E+05
  0.002   0.130    0.00000E+00   0.10930E+09   0.00000E+00   0.77811E+10   0.00000E+00   0.24241E+05
  0.002   0.140    0.00000E+00   0.10943E+09   0.00000E+00   0.77835E+10   0.00000E+00   0.24247E+05
  0.002   0.150    0.00000E+00   0.10958E+09   0.00000E+00   0.77862E+10   0.00000E+00   0.24255E+05
  0.003   0.160    0.00000E+00   0.10974E+09   0.00000E+00   0.77892E+10   0.00000E+00   0.24262E+05
  0.003   0.170    0.00000E+00   0.10992E+09   0.00000E+00   0.77924E+10   0.00000E+00   0.24271E+05
  0.003   0.180    0.00000E+00   0.11011E+09   0.00000E+00   0.77958E+10   0.00000E+00   0.24280E+05
  0.004   0.190    0.00000E+00   0.11031E+09   0.00000E+00   0.77996E+10   0.00000E+00   0.24289E+05
  0.004   0.200    0.00000E+00   0.11054E+09   0.00000E+00   0.78037E+10   0.00000E+00   0.24300E+05
  0.004   0.210    0.00000E+00   0.11078E+09   0.00000E+00   0.78080E+10   0.00000E+00   0.24310E+05
  0.005   0.220    0.00000E+00   0.11105E+09   0.00000E+00   0.78127E+10   0.00000E+00   0.24321E+05
  0.005   0.230    0.00000E+00   0.11133E+09   0.00000E+00   0.78178E+10   0.00000E+00   0.24333E+05
  0.006   0.240    0.00000E+00   0.11164E+09   0.00000E+00   0.78232E+10   0.00000E+00   0.24346E+05
  0.006   0.250    0.00000E+00   0.11197E+09   0.00000E+00   0.78291E+10   0.00000E+00   0.24359E+05
  0.007   0.260    0.00000E+00   0.11232E+09   0.00000E+00   0.78354E+10   0.00000E+00   0.24374E+05
  0.007   0.270    0.00000E+00   0.11270E+09   0.00000E+00   0.78422E+10   0.00000E+00   0.24389E+05
  0.008   0.280    0.00000E+00   0.11310E+09   0.00000E+00   0.78496E+10   0.00000E+00   0.24406E+05
  0.009   0.290    0.00000E+00   0.11353E+09   0.00000E+00   0.78575E+10   0.00000E+00   0.24424E+05
  0.009   0.300    0.00000E+00   0.11399E+09   0.00000E+00   0.78660E+10   0.00000E+00   0.24444E+05
  0.010   0.310    0.00000E+00   0.11447E+09   0.00000E+00   0.78751E+10   0.00000E+00   0.24464E+05
  0.010   0.320    0.00000E+00   0.11498E+09   0.00000E+00   0.78848E+10   0.00000E+00   0.24487E+05
  0.011   0.330    0.00000E+00   0.11552E+09   0.00000E+00   0.78951E+10   0.00000E+00   0.24511E+05
  0.012   0.340    0.00000E+00   0.11608E+09   0.00000E+00   0.79060E+10   0.00000E+00   0.24536E+05
  0.012   0.350    0.00000E+00   0.11666E+09   0.00000E+00   0.79175E+10   0.00000E+00   0.24564E+05
  0.013   0.360    0.00000E+00   0.11726E+09   0.00000E+00   0.79295E+10   0.00000E+00   0.24593E+05
  0.014   0.370    0.00000E+00   0.11789E+09   0.00000E+00   0.79422E+10   0.00000E+00   0.24624E+05
  0.015   0.380    0.00000E+00   0.11852E+09   0.00000E+00   0.79553E+10   0.00000E+00   0.24658E+05
  0.016   0.390    0.00000E+00   0.11917E+09   0.00000E+00   0.79690E+10   0.00000E+00   0.24695E+05
  0.016   0.400    0.00000E+00   0.11982E+09   0.00000E+00   0.79833E+10   0.00000E+00   0.24734E+05
  0.017   0.410    0.00000E+00   0.12047E+09   0.00000E+00   0.79980E+10   0.00000E+00   0.24777E+05
  0.018   0.420    0.00000E+00   0.12111E+09   0.00000E+00   0.80132E+10   0.00000E+00   0.24824E+05
  0.019   0.430    0.00000E+00   0.12173E+09   0.00000E+00   0.80287E+10   0.00000E+00   0.24874E+05
  0.020   0.440    0.00000E+00   0.12233E+09   0.00000E+00   0.80444E+10   0.00000E+00   0.24927E+05
  0.021   0.450    0.00000E+00   0.12289E+09   0.00000E+00   0.80602E+10   0.00000E+00   0.24985E+05
  0.022   0.460    0.00000E+00   0.12341E+09   0.00000E+00   0.80758E+10   0.00000E+00   0.25046E+05
  0.023   0.470    0.00000E+00   0.12387E+09   0.00000E+00   0.80911E+10   0.00000E+00   0.25110E+05
  0.023   0.480    0.00000E+00   0.12426E+09   0.00000E+00   0.81058E+10   0.00000E+00   0.25178E+05
  0.024   0.490    0.00000E+00   0.12457E+09   0.00000E+00   0.81195E+10   0.00000E+00   0.25249E+05
  0.025   0.500    0.00000E+00   0.12479E+09   0.00000E+00   0.81321E+10   0.00000E+00   0.25324E+05
  0.027   0.510    0.00000E+00   0.12491E+09   0.00000E+00   0.81432E+10   0.00000E+00   0.25401E+05
  0.028   0.520    0.00000E+00   0.12490E+09   0.00000E+00   0.81524E+10   0.00000E+00   0.25480E+05
  0.029   0.530    0.00000E+00   0.12477E+09   0.00000E+00   0.81595E+10   0.00000E+00   0.25562E+05
  0.030   0.540    0.00000E+00   0.12450E+09   0.00000E+00   0.81643E+10   0.00000E+00   0.25645E+05
  0.031   0.550    0.00000E+00   0.12409E+09   0.00000E+00   0.81664E+10   0.00000E+00   0.25730E+05
  0.032   0.560    0.00000E+00   0.12352E+09   0.00000E+00   0.81656E+10   0.00000E+00   0.25816E+05
  0.033   0.570    0.00000E+00   0.12279E+09   0.00000E+00   0.81618E+10   0.00000E+00   0.25901E+05
  0.034   0.580    0.00000E+00   0.12191E+09   0.00000E+00   0.81546E+10   0.00000E+00   0.25986E+05
  0.035   0.590    0.00000E+00   0.12086E+09   0.00000E+00   0.81441E+10   0.00000E+00   0.26070E+05
  0.037   0.600    0.00000E+00   0.11965E+09   0.00000E+00   0.81300E+10   0.00000E+00   0.26151E+05
  0.038   0.610    0.00000E+00   0.11828E+09   0.00000E+00   0.81123E+10   0.00000E+00   0.26229E+05
  0.039   0.620    0.00000E+00   0.11676E+09   0.00000E+00   0.80911E+10   0.00000E+00   0.26303E+05
  0.040   0.630    0.00000E+00   0.11511E+09   0.00000E+00   0.80662E+10   0.00000E+00   0.26372E+05
  0.042   0.640    0.00000E+00   0.11332E+09   0.00000E+00   0.80379E+10   0.00000E+00   0.26435E+05
  0.043   0.650    0.00000E+00   0.11142E+09   0.00000E+00   0.80062E+10   0.00000E+00   0.26492E+05
  0.044   0.660    0.00000E+00   0.10943E+09   0.00000E+00   0.79713E+10   0.00000E+00   0.26540E+05
  0.046   0.670    0.00000E+00   0.10735E+09   0.00000E+00   0.79334E+10   0.00000E+00   0.26580E+05
  0.047   0.680    0.00000E+00   0.10522E+09   0.00000E+00   0.78928E+10   0.00000E+00   0.26610E+05
  0.049   0.690    0.00000E+00   0.10304E+09   0.00000E+00   0.78498E+10   0.00000E+00   0.26630E+05
  0.050   0.700    0.00000E+00   0.10085E+09   0.00000E+00   0.78047E+10   0.00000E+00   0.26639E+05
  0.051   0.710    0.00000E+00   0.98664E+08   0.00000E+00   0.77580E+10   0.00000E+00   0.26637E+05
  0.053   0.720    0.00000E+00   0.96508E+08   0.00000E+00   0.77100E+10   0.00000E+00   0.26622E+05
  0.054   0.730    0.00000E+00   0.94405E+08   0.00000E+00   0.76611E+10   0.00000E+00   0.26595E+05
  0.056   0.740    0.00000E+00   0.92378E+08   0.00000E+00   0.76119E+10   0.00000E+00   0.26554E+05
  0.057   0.750    0.00000E+00   0.90451E+08   0.00000E+00   0.75626E+10   0.00000E+00   0.26501E+05
  0.059   0.760    0.00000E+00   0.88647E+08   0.00000E+00   0.75138E+10   0.00000E+00   0.26433E+05
  0.060   0.770    0.00000E+00   0.86989E+08   0.00000E+00   0.74658E+10   0.00000E+00   0.26352E+05
  0.062   0.780    0.00000E+00   0.85500E+08   0.00000E+00   0.74192E+10   0.00000E+00   0.26258E+05
  0.064   0.790    0.00000E+00   0.84200E+08   0.00000E+00   0.73743E+10   0.00000E+00   0.26149E+05
  0.065   0.800    0.00000E+00   0.83112E+08   0.00000E+00   0.73315E+10   0.00000E+00   0.26026E+05
  0.067   0.810    0.00000E+00   0.82256E+08   0.00000E+00   0.72912E+10   0.00000E+00   0.25890E+05
  0.069   0.820    0.00000E+00   0.81652E+08   0.00000E+00   0.72538E+10   0.00000E+00   0.25740E+05
  0.070   0.830    0.00000E+00   0.81320E+08   0.00000E+00   0.72197E+10   0.00000E+00   0.25576E+05
  0.072   0.840    0.00000E+00   0.81278E+08   0.00000E+00   0.71891E+10   0.00000E+00   0.25400E+05
  0.074   0.850    0.00000E+00   0.81545E+08   0.00000E+00   0.71624E+10   0.00000E+00   0.25212E+05
  0.075   0.860    0.00000E+00   0.82137E+08   0.00000E+00   0.71400E+10   0.00000E+00   0.25013E+05
  0.077   0.870    0.00000E+00   0.83071E+08   0.00000E+00   0.71222E+10   0.00000E+00   0.24805E+05
  0.079   0.880    0.00000E+00   0.84359E+08   0.00000E+00   0.71092E+10   0.00000E+00   0.24590E+05
  0.081   0.890    0.00000E+00   0.86013E+08   0.00000E+00   0.71014E+10   0.00000E+00   0.24370E+05
  0.083   0.900    0.00000E+00   0.88038E+08   0.00000E+00   0.70991E+10   0.00000E+00   0.24149E+05
  0.084   0.910    0.00000E+00   0.90432E+08   0.00000E+00   0.71024E+10   0.00000E+00   0.23931E+05
  0.086   0.920    0.00000E+00   0.93184E+08   0.00000E+00   0.71117E+10   0.00000E+00   0.23723E+05
  0.088   0.930    0.00000E+00   0.96265E+08   0.00000E+00   0.71270E+10   0.00000E+00   0.23529E+05
  0.090   0.940    0.00000E+00   0.99627E+08   0.00000E+00   0.71482E+10   0.00000E+00   0.23357E+05
  0.092   0.950    0.00000E+00   0.10319E+09   0.00000E+00   0.71748E+10   0.00000E+00   0.23216E+05
  0.094   0.960    0.00000E+00   0.10686E+09   0.00000E+00   0.72064E+10   0.00000E+00   0.23113E+05
  0.096   0.970    0.00000E+00   0.11046E+09   0.00000E+00   0.72417E+10   0.00000E+00   0.23059E+05
  0.098   0.980    0.00000E+00   0.11383E+09   0.00000E+00   0.72792E+10   0.00000E+00   0.23064E+05
  0.100   0.990    0.00000E+00   0.11673E+09   0.00000E+00   0.73167E+10   0.00000E+00   0.23140E+05
  0.102   1.000    0.00000E+00   0.11893E+09   0.00000E+00   0.73517E+10   0.00000E+00   0.23296E+05
  0.104   1.010    0.00000E+00   0.12021E+09   0.00000E+00   0.73813E+10   0.00000E+00   0.23537E+05
  0.106   1.020    0.00000E+00   0.12041E+09   0.00000E+00   0.74030E+10   0.00000E+00   0.23862E+05
  0.108   1.030    0.00000E+00   0.11946E+09   0.00000E+00   0.74147E+10   0.00000E+00   0.24253E+05
  0.110   1.040    0.00000E+00   0.11738E+09   0.00000E+00   0.74154E+10   0.00000E+00   0.24681E+05
  0.112   1.050    0.00000E+00   0.11434E+09   0.00000E+00   0.74053E+10   0.00000E+00   0.25108E+05
  0.115   1.060    0.00000E+00   0.11057E+09   0.00000E+00   0.73855E+10   0.00000E+00   0.25492E+05
  0.117   1.070    0.00000E+00   0.10633E+09   0.00000E+00   0.73581E+10   0.00000E+00   0.25795E+05
  0.119   1.080    0.00000E+00   0.10188E+09   0.00000E+00   0.73253E+10   0.00000E+00   0.25994E+05
  0.121   1.090    0.00000E+00   0.97442E+08   0.00000E+00   0.72894E+10   0.00000E+00   0.26077E+05
  0.123   1.100    0.00000E+00   0.93187E+08   0.00000E+00   0.72524E+10   0.00000E+00   0.26045E+05
  0.126   1.110    0.00000E+00   0.89227E+08   0.00000E+00   0.72158E+10   0.00000E+00   0.25909E+05
  0.128   1.120    0.00000E+00   0.85627E+08   0.00000E+00   0.71808E+10   0.00000E+00   0.25683E+05
  0.130   1.130    0.00000E+00   0.82414E+08   0.00000E+00   0.71480E+10   0.00000E+00   0.25385E+05
  0.133   1.140    0.00000E+00   0.79590E+08   0.00000E+00   0.71179E+10   0.00000E+00   0.25031E+05
  0.135   1.150    0.00000E+00   0.77139E+08   0.00000E+00   0.70907E+10   0.00000E+00   0.24637E+05
  0.137   1.160    0.00000E+00   0.75031E+08   0.00000E+00   0.70664E+10   0.00000E+00   0.24214E+05
  0.140   1.170    0.00000E+00   0.73235E+08   0.00000E+00   0.70448E+10   0.00000E+00   0.23772E+05
  0.142   1.180    0.00000E+00   0.71715E+08   0.00000E+00   0.70258E+10   0.00000E+00   0.23319E+05
  0.144   1.190    0.00000E+00   0.70437E+08   0.00000E+00   0.70093E+10   0.00000E+00   0.22857E+05
  0.147   1.200    0.00000E+00   0.69369E+08   0.00000E+00   0.69950E+10   0.00000E+00   0.22389E+05
  0.149   1.210    0.00000E+00   0.68482E+08   0.00000E+00   0.69827E+10   0.00000E+00   0.21914E+05
  0.152   1.220    0.00000E+00   0.67750E+08   0.00000E+00   0.69723E+10   0.00000E+00   0.21429E+05
  0.154   1.230    0.00000E+00   0.67153E+08   0.00000E+00   0.69636E+10   0.00000E+00   0.20931E+05
  0.157   1.240    0.00000E+00   0.66674E+08   0.00000E+00   0.69565E+10   0.00000E+00   0.20416E+05
  0.159   1.250    0.00000E+00   0.66302E+08   0.00000E+00   0.69510E+10   0.00000E+00   0.19880E+05
  0.162   1.260    0.00000E+00   0.66027E+08   0.00000E+00   0.69468E+10   0.00000E+00   0.19321E+05
  0.164   1.270    0.00000E+00   0.65844E+08   0.00000E+00   0.69440E+10   0.00000E+00   0.18737E+05
  0.167   1.280    0.00000E+00   0.65749E+08   0.00000E+00   0.69426E+10   0.00000E+00   0.18131E+05
  0.170   1.290    0.00000E+00   0.65739E+08   0.00000E+00   0.69423E+10   0.00000E+00   0.17506E+05
  0.172   1.300    0.00000E+00   0.65812E+08   0.00000E+00   0.69432E+10   0.00000E+00   0.16871E+05
  0.175   1.310    0.00000E+00   0.65967E+08   0.00000E+00   0.69452E+10   0.00000E+00   0.16236E+05
  0.178   1.320    0.00000E+00   0.66202E+08   0.00000E+00   0.69483E+10   0.00000E+00   0.15613E+05
  0.180   1.330    0.00000E+00   0.66513E+08   0.00000E+00   0.69522E+10   0.00000E+00   0.15018E+05
  0.183   1.340    0.00000E+00   0.66896E+08   0.00000E+00   0.69570E+10   0.00000E+00   0.14469E+05
  0.186   1.350    0.00000E+00   0.67348E+08   0.00000E+00   0.69625E+10   0.00000E+00   0.13981E+05
  0.189   1.360    0.00000E+00   0.67862E+08   0.00000E+00   0.69688E+10   0.00000E+00   0.13572E+05
  0.191   1.370    0.00000E+00   0.68429E+08   0.00000E+00   0.69756E+10   0.00000E+00   0.13256E+05
  0.194   1.380    0.00000E+00   0.69037E+08   0.00000E+00   0.69830E+10   0.00000E+00   0.13046E+05
  0.197   1.390    0.00000E+00   0.69673E+08   0.00000E+00   0.69907E+10   0.00000E+00   0.12949E+05
  0.200   1.400    0.00000E+00   0.70316E+08   0.00000E+00   0.69988E+10   0.00000E+00   0.12970E+05
  0.203   1.410    0.00000E+00   0.70945E+08   0.00000E+00   0.70070E+10   0.00000E+00   0.13107E+05
  0.206   1.420    0.00000E+00   0.71533E+08   0.00000E+00   0.70152E+10   0.00000E+00   0.13354E+05
  0.209   1.430    0.00000E+00   0.72054E+08   0.00000E+00   0.70232E+10   0.00000E+00   0.13701E+05
  0.211   1.440    0.00000E+00   0.72481E+08   0.00000E+00   0.70309E+10   0.00000E+00   0.14130E+05
  0.214   1.450    0.00000E+00   0.72795E+08   0.00000E+00   0.70381E+10   0.00000E+00   0.14624E+05
  0.217   1.460    0.00000E+00   0.72981E+08   0.00000E+00   0.70447E+10   0.00000E+00   0.15159E+05
  0.220   1.470    0.00000E+00   0.73039E+08   0.00000E+00   0.70506E+10   0.00000E+00   0.15714E+05
  0.223   1.480    0.00000E+00   0.72975E+08   0.00000E+00   0.70558E+10   0.00000E+00   0.16271E+05
  0.226   1.490    0.00000E+00   0.72806E+08   0.00000E+00   0.70604E+10   0.00000E+00   0.16814E+05
  0.229   1.500    0.00000E+00   0.72551E+08   0.00000E+00   0.70644E+10   0.00000E+00   0.17331E+05
  0.233   1.510    0.00000E+00   0.72233E+08   0.00000E+00   0.70679E+10   0.00000E+00   0.17816E+05
  0.236   1.520    0.00000E+00   0.71872E+08   0.00000E+00   0.70710E+10   0.00000E+00   0.18268E+05
  0.239   1.530    0.00000E+00   0.71485E+08   0.00000E+00   0.70739E+10   0.00000E+00   0.18686E+05
  0.242   1.540    0.00000E+00   0.71086E+08   0.00000E+00   0.70766E+10   0.00000E+00   0.19073E+05
  0.245   1.550    0.00000E+00   0.70689E+08   0.00000E+00   0.70792E+10   0.00000E+00   0.19428E+05
  0.248   1.560    0.00000E+00   0.70305E+08   0.00000E+00   0.70817E+10   0.00000E+00   0.19755E+05
  0.251   1.570    0.00000E+00   0.69949E+08   0.00000E+00   0.70842E+10   0.00000E+00   0.20052E+05
  0.255   1.580    0.00000E+00   0.69637E+08   0.00000E+00   0.70868E+10   0.00000E+00   0.20320E+05
  0.258   1.590    0.00000E+00   0.69388E+08   0.00000E+00   0.70895E+10   0.00000E+00   0.20559E+05
  0.261   1.600    0.00000E+00   0.69217E+08   0.00000E+00   0.70924E+10   0.00000E+00   0.20770E+05
  0.264   1.610    0.00000E+00   0.69138E+08   0.00000E+00   0.70955E+10   0.00000E+00   0.20954E+05
  0.268   1.620    0.00000E+00   0.69155E+08   0.00000E+00   0.70988E+10   0.00000E+00   0.21116E+05
  0.271   1.630    0.00000E+00   0.69264E+08   0.00000E+00   0.71023E+10   0.00000E+00   0.21259E+05
  0.274   1.640    0.00000E+00   0.69456E+08   0.00000E+00   0.71060E+10   0.00000E+00   0.21388E+05
  0.278   1.650    0.00000E+00   0.69715E+08   0.00000E+00   0.71098E+10   0.00000E+00   0.21504E+05
  0.281   1.660    0.00000E+00   0.70024E+08   0.00000E+00   0.71137E+10   0.00000E+00   0.21606E+05
  0.284   1.670    0.00000E+00   0.70368E+08   0.00000E+00   0.71177E+10   0.00000E+00   0.21692E+05
  0.288   1.680    0.00000E+00   0.70733E+08   0.00000E+00   0.71217E+10   0.00000E+00   0.21758E+05
  0.291   1.690    0.00000E+00   0.71107E+08   0.00000E+00   0.71256E+10   0.00000E+00   0.21804E+05
  0.295   1.700    0.00000E+00   0.71483E+08   0.00000E+00   0.71295E+10   0.00000E+00   0.21828E+05
  0.298   1.710    0.00000E+00   0.71853E+08   0.00000E+00   0.71333E+10   0.00000E+00   0.21833E+05
  0.302   1.720    0.00000E+00   0.72214E+08   0.00000E+00   0.71370E+10   0.00000E+00   0.21822E+05
  0.305   1.730    0.00000E+00   0.72560E+08   0.00000E+00   0.71406E+10   0.00000E+00   0.21799E+05
  0.309   1.740    0.00000E+00   0.72891E+08   0.00000E+00   0.71442E+10   0.00000E+00   0.21766E+05
  0.312   1.750    0.00000E+00   0.73205E+08   0.00000E+00   0.71476E+10   0.00000E+00   0.21728E+05
  0.316   1.760    0.00000E+00   0.73500E+08   0.00000E+00   0.71509E+10   0.00000E+00   0.21684E+05
  0.319   1.770    0.00000E+00   0.73778E+08   0.00000E+00   0.71542E+10   0.00000E+00   0.21634E+05
  0.323   1.780    0.00000E+00   0.74039E+08   0.00000E+00   0.71573E+10   0.00000E+00   0.21580E+05
  0.327   1.790    0.00000E+00   0.74286E+08   0.00000E+00   0.71604E+10   0.00000E+00   0.21517E+05
  0.330   1.800    0.00000E+00   0.74522E+08   0.00000E+00   0.71634E+10   0.00000E+00   0.21444E+05
  0.334   1.810    0.00000E+00   0.74750E+08   0.00000E+00   0.71664E+10   0.00000E+00   0.21360E+05
  0.338   1.820    0.00000E+00   0.74973E+08   0.00000E+00   0.71693E+10   0.00000E+00   0.21261E+05
  0.341   1.830    0.00000E+00   0.75196E+08   0.00000E+00   0.71722E+10   0.00000E+00   0.21149E+05
  0.345   1.840    0.00000E+00   0.75419E+08   0.00000E+00   0.71751E+10   0.00000E+00   0.21025E+05
  0.349   1.850    0.00000E+00   0.75645E+08   0.00000E+00   0.71779E+10   0.00000E+00   0.20891E+05
  0.353   1.860    0.00000E+00   0.75872E+08   0.00000E+00   0.71807E+10   0.00000E+00   0.20752E+05
  0.357   1.870    0.00000E+00   0.76101E+08   0.00000E+00   0.71835E+10   0.00000E+00   0.20610E+05
  0.360   1.880    0.00000E+00   0.76330E+08   0.00000E+00   0.71863E+10   0.00000E+00   0.20471E+05
  0.364   1.890    0.00000E+00   0.76559E+08   0.00000E+00   0.71890E+10   0.00000E+00   0.20337E+05
  0.368   1.900    0.00000E+00   0.76786E+08   0.00000E+00   0.71917E+10   0.00000E+00   0.20215E+05
  0.372   1.910    0.00000E+00   0.77009E+08   0.00000E+00   0.71943E+10   0.00000E+00   0.20110E+05
  0.376   1.920    0.00000E+00   0.77228E+08   0.00000E+00   0.71969E+10   0.00000E+00   0.20026E+05
  0.380   1.930    0.00000E+00   0.77441E+08   0.00000E+00   0.71994E+10   0.00000E+00   0.19970E+05
  0.384   1.940    0.00000E+00   0.77645E+08   0.00000E+00   0.72019E+10   0.00000E+00   0.19946E+05
  0.388   1.950    0.00000E+00   0.77836E+08   0.00000E+00   0.72043E+10   0.00000E+00   0.19961E+05
  0.392   1.960    0.00000E+00   0.78010E+08   0.00000E+00   0.72066E+10   0.00000E+00   0.20015E+05
  0.396   1.970    0.00000E+00   0.78162E+08   0.00000E+00   0.72089E+10   0.00000E+00   0.20109E+05
  0.400   1.980    0.00000E+00   0.78286E+08   0.00000E+00   0.72110E+10   0.00000E+00   0.20241E+05
  0.404   1.990    0.00000E+00   0.78374E+08   0.00000E+00   0.72130E+10   0.00000E+00   0.20408E+05
  0.408   2.000    0.00000E+00   0.78422E+08   0.00000E+00   0.72149E+10   0.00000E+00   0.20603E+05
  0.412   2.010    0.00000E+00   0.78426E+08   0.00000E+00   0.72166E+10   0.00000E+00   0.20819E+05
  0.416   2.020    0.00000E+00   0.78390E+08   0.00000E+00   0.72182E+10   0.00000E+00   0.21042E+05
  0.420   2.030    0.00000E+00   0.78327E+08   0.00000E+00   0.72197E+10   0.00000E+00   0.21258E+05
  0.424   2.040    0.00000E+00   0.78258E+08   0.00000E+00   0.72212E+10   0.00000E+00   0.21452E+05
  0.429   2.050    0.00000E+00   0.78207E+08   0.00000E+00   0.72227E+10   0.00000E+00   0.21621E+05
  0.433   2.060    0.00000E+00   0.78189E+08   0.00000E+00   0.72243E+10   0.00000E+00   0.21776E+05
  0.437   2.070    0.00000E+00   0.78208E+08   0.00000E+00   0.72260E+10   0.00000E+00   0.21940E+05
  0.441   2.080    0.00000E+00   0.78259E+08   0.00000E+00   0.72277E+10   0.00000E+00   0.22139E+05
  0.445   2.090    0.00000E+00   0.78333E+08   0.00000E+00   0.72295E+10   0.00000E+00   0.22383E+05
  0.450   2.100    0.00000E+00   0.78423E+08   0.00000E+00   0.72313E+10   0.00000E+00   0.22668E+05
  0.454   2.110    0.00000E+00   0.78522E+08   0.00000E+00   0.72331E+10   0.00000E+00   0.22969E+05
  0.458   2.120    0.00000E+00   0.78625E+08   0.00000E+00   0.72349E+10   0.00000E+00   0.23253E+05
  0.463   2.130    0.00000E+00   0.78729E+08   0.00000E+00   0.72367E+10   0.00000E+00   0.23481E+05
  0.467   2.140    0.00000E+00   0.78833E+08   0.00000E+00   0.72385E+10   0.00000E+00   0.23631E+05
  0.471   2.150    0.00000E+00   0.78935E+08   0.00000E+00   0.72402E+10   0.00000E+00   0.23696E+05
  0.476   2.160    0.00000E+00   0.79036E+08   0.00000E+00   0.72419E+10   0.00000E+00   0.23684E+05
  0.480   2.170    0.00000E+00   0.79136E+08   0.00000E+00   0.72436E+10   0.00000E+00   0.23613E+05
  0.485   2.180    0.00000E+00   0.79234E+08   0.00000E+00   0.72453E+10   0.00000E+00   0.23505E+05
  0.489   2.190    0.00000E+00   0.79332E+08   0.00000E+00   0.72469E+10   0.00000E+00   0.23374E+05
  0.494   2.200    0.00000E+00   0.79429E+08   0.00000E+00   0.72486E+10   0.00000E+00   0.23235E+05
  0.498   2.210    0.00000E+00   0.79527E+08   0.00000E+00   0.72502E+10   0.00000E+00   0.23093E+05
  0.503   2.220    0.00000E+00   0.79624E+08   0.00000E+00   0.72518E+10   0.00000E+00   0.22954E+05
  0.507   2.230    0.00000E+00   0.79720E+08   0.00000E+00   0.72534E+10   0.00000E+00   0.22816E+05
  0.512   2.240    0.00000E+00   0.79814E+08   0.00000E+00   0.72549E+10   0.00000E+00   0.22680E+05
  0.516   2.250    0.00000E+00   0.79903E+08   0.00000E+00   0.72564E+10   0.00000E+00   0.22541E+05
  0.521   2.260    0.00000E+00   0.79986E+08   0.00000E+00   0.72579E+10   0.00000E+00   0.22399E+05
  0.525   2.270    0.00000E+00   0.80063E+08   0.00000E+00   0.72594E+10   0.00000E+00   0.22253E+05
  0.530   2.280    0.00000E+00   0.80135E+08   0.00000E+00   0.72608E+10   0.00000E+00   0.22104E+05
  0.535   2.290    0.00000E+00   0.80205E+08   0.00000E+00   0.72622E+10   0.00000E+00   0.21953E+05
  0.539   2.300    0.00000E+00   0.80273E+08   0.00000E+00   0.72636E+10   0.00000E+00   0.21803E+05
  0.544   2.310    0.00000E+00   0.80337E+08   0.00000E+00   0.72650E+10   0.00000E+00   0.21653E+05
  0.549   2.320    0.00000E+00   0.80398E+08   0.00000E+00   0.72663E+10   0.00000E+00   0.21505E+05
  0.554   2.330    0.00000E+00   0.80454E+08   0.00000E+00   0.72676E+10   0.00000E+00   0.21362E+05
  0.558   2.340    0.00000E+00   0.80505E+08   0.00000E+00   0.72689E+10   0.00000E+00   0.21228E+05
  0.563   2.350    0.00000E+00   0.80554E+08   0.00000E+00   0.72702E+10   0.00000E+00   0.21110E+05
  0.568   2.360    0.00000E+00   0.80602E+08   0.00000E+00   0.72714E+10   0.00000E+00   0.21015E+05
  0.573   2.370    0.00000E+00   0.80655E+08   0.00000E+00   0.72726E+10   0.00000E+00   0.20951E+05
  0.578   2.380    0.00000E+00   0.80714E+08   0.00000E+00   0.72738E+10   0.00000E+00   0.20924E+05
  0.582   2.390    0.00000E+00   0.80779E+08   0.00000E+00   0.72750E+10   0.00000E+00   0.20943E+05
  0.587   2.400    0.00000E+00   0.80850E+08   0.00000E+00   0.72762E+10   0.00000E+00   0.21013E+05
  0.592   2.410    0.00000E+00   0.80922E+08   0.00000E+00   0.72774E+10   0.00000E+00   0.21138E+05
  0.597   2.420    0.00000E+00   0.80995E+08   0.00000E+00   0.72785E+10   0.00000E+00   0.21315E+05
  0.602   2.430    0.00000E+00   0.81067E+08   0.00000E+00   0.72796E+10   0.00000E+00   0.21535E+05
  0.607   2.440    0.00000E+00   0.81137E+08   0.00000E+00   0.72807E+10   0.00000E+00   0.21786E+05
  0.612   2.450    0.00000E+00   0.81205E+08   0.00000E+00   0.72818E+10   0.00000E+00   0.22051E+05
  0.617   2.460    0.00000E+00   0.81269E+08   0.00000E+00   0.72829E+10   0.00000E+00   0.22314E+05
  0.622   2.470    0.00000E+00   0.81331E+08   0.00000E+00   0.72840E+10   0.00000E+00   0.22558E+05
  0.627   2.480    0.00000E+00   0.81390E+08   0.00000E+00   0.72850E+10   0.00000E+00   0.22767E+05
  0.632   2.490    0.00000E+00   0.81446E+08   0.00000E+00   0.72860E+10   0.00000E+00   0.22925E+05
  0.637   2.500    0.00000E+00   0.81499E+08   0.00000E+00   0.72870E+10   0.00000E+00   0.23029E+05
  0.642   2.510    0.00000E+00   0.81552E+08   0.00000E+00   0.72879E+10   0.00000E+00   0.23080E+05
  0.648   2.520    0.00000E+00   0.81602E+08   0.00000E+00   0.72889E+10   0.00000E+00   0.23090E+05
  0.653   2.530    0.00000E+00   0.81652E+08   0.00000E+00   0.72898E+10   0.00000E+00   0.23072E+05
  0.658   2.540    0.00000E+00   0.81699E+08   0.00000E+00   0.72907E+10   0.00000E+00   0.23035E+05
  0.663   2.550    0.00000E+00   0.81744E+08   0.00000E+00   0.72916E+10   0.00000E+00   0.22968E+05
  0.668   2.560    0.00000E+00   0.81788E+08   0.00000E+00   0.72925E+10   0.00000E+00   0.22845E+05
  0.674   2.570    0.00000E+00   0.81839E+08   0.00000E+00   0.72934E+10   0.00000E+00   0.22652E+05
  0.679   2.580    0.00000E+00   0.81905E+08   0.00000E+00   0.72942E+10   0.00000E+00   0.22444E+05
  0.684   2.590    0.00000E+00   0.81983E+08   0.00000E+00   0.72950E+10   0.00000E+00   0.22288E+05
  0.689   2.600    0.00000E+00   0.82062E+08   0.00000E+00   0.72959E+10   0.00000E+00   0.22189E+05
  0.695   2.610    0.00000E+00   0.82135E+08   0.00000E+00   0.72967E+10   0.00000E+00   0.22114E+05
  0.700   2.620    0.00000E+00   0.82202E+08   0.00000E+00   0.72975E+10   0.00000E+00   0.22040E+05
  0.705   2.630    0.00000E+00   0.82263E+08   0.00000E+00   0.72983E+10   0.00000E+00   0.21955E+05
  0.711   2.640    0.00000E+00   0.82321E+08   0.00000E+00   0.72991E+10   0.00000E+00   0.21860E+05
  0.716   2.650    0.00000E+00   0.82376E+08   0.00000E+00   0.72999E+10   0.00000E+00   0.21756E+05
  0.722   2.660    0.00000E+00   0.82428E+08   0.00000E+00   0.73006E+10   0.00000E+00   0.21647E+05
  0.727   2.670    0.00000E+00   0.82477E+08   0.00000E+00   0.73013E+10   0.00000E+00   0.21530E+05
  0.732   2.680    0.00000E+00   0.82521E+08   0.00000E+00   0.73020E+10   0.00000E+00   0.21399E+05
  0.738   2.690    0.00000E+00   0.82559E+08   0.00000E+00   0.73027E+10   0.00000E+00   0.21247E+05
  0.743   2.700    0.00000E+00   0.82590E+08   0.00000E+00   0.73034E+10   0.00000E+00   0.21070E+05
  0.749   2.710    0.00000E+00   0.82612E+08   0.00000E+00   0.73041E+10   0.00000E+00   0.20877E+05
  0.754   2.720    0.00000E+00   0.82626E+08   0.00000E+00   0.73047E+10   0.00000E+00   0.20694E+05
  0.760   2.730    0.00000E+00   0.82634E+08   0.00000E+00   0.73053E+10   0.00000E+00   0.20569E+05
  0.766   2.740    0.00000E+00   0.82640E+08   0.00000E+00   0.73059E+10   0.00000E+00   0.20545E+05
  0.771   2.750    0.00000E+00   0.82646E+08   0.00000E+00   0.73065E+10   0.00000E+00   0.20633E+05
  0.777   2.760    0.00000E+00   0.82656E+08   0.00000E+00   0.73070E+10   0.00000E+00   0.20797E+05
  0.782   2.770    0.00000E+00   0.82671E+08   0.00000E+00   0.73076E+10   0.00000E+00   0.20985E+05
  0.788   2.780    0.00000E+00   0.82692E+08   0.00000E+00   0.73081E+10   0.00000E+00   0.21160E+05
  0.794   2.790    0.00000E+00   0.82719E+08   0.00000E+00   0.73087E+10   0.00000E+00   0.21310E+05
  0.799   2.800    0.00000E+00   0.82751E+08   0.00000E+00   0.73092E+10   0.00000E+00   0.21434E+05
  0.805   2.810    0.00000E+00   0.82785E+08   0.00000E+00   0.73098E+10   0.00000E+00   0.21539E+05
  0.811   2.820    0.00000E+00   0.82822E+08   0.00000E+00   0.73103E+10   0.00000E+00   0.21634E+05
  0.817   2.830    0.00000E+00   0.82858E+08   0.00000E+00   0.73108E+10   0.00000E+00   0.21729E+05
  0.822   2.840    0.00000E+00   0.82893E+08   0.00000E+00   0.73113E+10   0.00000E+00   0.21833E+05
  0.828   2.850    0.00000E+00   0.82927E+08   0.00000E+00   0.73119E+10   0.00000E+00   0.21947E+05
  0.834   2.860    0.00000E+00   0.82959E+08   0.00000E+00   0.73124E+10   0.00000E+00   0.22057E+05
  0.840   2.870    0.00000E+00   0.82992E+08   0.00000E+00   0.73129E+10   0.00000E+00   0.22139E+05
  0.846   2.880    0.00000E+00   0.83024E+08   0.00000E+00   0.73134E+10   0.00000E+00   0.22193E+05
  0.852   2.890    0.00000E+00   0.83055E+08   0.00000E+00   0.73138E+10   0.00000E+00   0.22233E+05
  0.858   2.900    0.00000E+00   0.83084E+08   0.00000E+00   0.73143E+10   0.00000E+00   0.22272E+05
  0.864   2.910    0.00000E+00   0.83110E+08   0.00000E+00   0.73148E+10   0.00000E+00   0.22322E+05
  0.869   2.920    0.00000E+00   0.83134E+08   0.00000E+00   0.73153E+10   0.00000E+00   0.22387E+05
  0.875   2.930    0.00000E+00   0.83156E+08   0.00000E+00   0.73157E+10   0.00000E+00   0.22468E+05
  0.881   2.940    0.00000E+00   0.83177E+08   0.00000E+00   0.73162E+10   0.00000E+00   0.22554E+05
  0.887   2.950    0.00000E+00   0.83199E+08   0.00000E+00   0.73167E+10   0.00000E+00   0.22612E+05
  0.893   2.960    0.00000E+00   0.83227E+08   0.00000E+00   0.73171E+10   0.00000E+00   0.22573E+05
  0.899   2.970    0.00000E+00   0.83267E+08   0.00000E+00   0.73176E+10   0.00000E+00   0.22362E+05
  0.906   2.980    0.00000E+00   0.83313E+08   0.00000E+00   0.73180E+10   0.00000E+00   0.21964E+05
  0.912   2.990    0.00000E+00   0.83358E+08   0.00000E+00   0.73184E+10   0.00000E+00   0.21427E+05
  0.918   3.000    0.00000E+00   0.83395E+08   0.00000E+00   0.73188E+10   0.00000E+00   0.20803E+05
  0.924   3.010    0.00000E+00   0.83423E+08   0.00000E+00   0.73193E+10   0.00000E+00   0.20195E+05
  0.930   3.020    0.00000E+00   0.83444E+08   0.00000E+00   0.73197E+10   0.00000E+00   0.19783E+05
  0.936   3.030    0.00000E+00   0.83460E+08   0.00000E+00   0.73201E+10   0.00000E+00   0.19661E+05
  0.942   3.040    0.00000E+00   0.83474E+08   0.00000E+00   0.73205E+10   0.00000E+00   0.19766E+05
  0.949   3.050    0.00000E+00   0.83490E+08   0.00000E+00   0.73209E+10   0.00000E+00   0.19996E+05
  0.955   3.060    0.00000E+00   0.83512E+08   0.00000E+00   0.73212E+10   0.00000E+00   0.20278E+05
  0.961   3.070    0.00000E+00   0.83543E+08   0.00000E+00   0.73215E+10   0.00000E+00   0.20546E+05
  0.967   3.080    0.00000E+00   0.83581E+08   0.00000E+00   0.73217E+10   0.00000E+00   0.20765E+05
  0.974   3.090    0.00000E+00   0.83621E+08   0.00000E+00   0.73220E+10   0.00000E+00   0.20929E+05
  0.980   3.100    0.00000E+00   0.83663E+08   0.00000E+00   0.73222E+10   0.00000E+00   0.21055E+05
  0.986   3.110    0.00000E+00   0.83703E+08   0.00000E+00   0.73225E+10   0.00000E+00   0.21165E+05
  0.993   3.120    0.00000E+00   0.83739E+08   0.00000E+00   0.73228E+10   0.00000E+00   0.21278E+05
  0.999   3.130    0.00000E+00   0.83768E+08   0.00000E+00   0.73231E+10   0.00000E+00   0.21389E+05
  1.005   3.140    0.00000E+00   0.83792E+08   0.00000E+00   0.73234E+10   0.00000E+00   0.21473E+05
  1.012   3.150    0.00000E+00   0.83818E+08   0.00000E+00   0.73237E+10   0.00000E+00   0.21523E+05
  1.018   3.160    0.00000E+00   0.83846E+08   0.00000E+00   0.73240E+10   0.00000E+00   0.21555E+05
  1.025   3.170    0.00000E+00   0.83875E+08   0.00000E+00   0.73243E+10   0.00000E+00   0.21583E+05
  1.031   3.180    0.00000E+00   0.83904E+08   0.00000E+00   0.73246E+10   0.00000E+00   0.21615E+05
  1.038   3.190    0.00000E+00   0.83930E+08   0.00000E+00   0.73248E+10   0.00000E+00   0.21656E+05
  1.044   3.200    0.00000E+00   0.83952E+08   0.00000E+00   0.73251E+10   0.00000E+00   0.21707E+05
  1.051   3.210    0.00000E+00   0.83966E+08   0.00000E+00   0.73253E+10   0.00000E+00   0.21770E+05
  1.057   3.220    0.00000E+00   0.83967E+08   0.00000E+00   0.73256E+10   0.00000E+00   0.21841E+05
  1.064   3.230    0.00000E+00   0.83947E+08   0.00000E+00   0.73257E+10   0.00000E+00   0.21904E+05
  1.070   3.240    0.00000E+00   0.83902E+08   0.00000E+00   0.73259E+10   0.00000E+00   0.21902E+05
  1.077   3.250    0.00000E+00   0.83858E+08   0.00000E+00   0.73261E+10   0.00000E+00   0.21739E+05
  1.084   3.260    0.00000E+00   0.83857E+08   0.00000E+00   0.73264E+10   0.00000E+00   0.21376E+05
  1.090   3.270    0.00000E+00   0.83892E+08   0.00000E+00   0.73268E+10   0.00000E+00   0.20908E+05
  1.097   3.280    0.00000E+00   0.83935E+08   0.00000E+00   0.73271E+10   0.00000E+00   0.20544E+05
  1.104   3.290    0.00000E+00   0.83976E+08   0.00000E+00   0.73275E+10   0.00000E+00   0.20377E+05
  1.110   3.300    0.00000E+00   0.84011E+08   0.00000E+00   0.73278E+10   0.00000E+00   0.20326E+05
  1.117   3.310    0.00000E+00   0.84039E+08   0.00000E+00   0.73282E+10   0.00000E+00   0.20301E+05
  1.124   3.320    0.00000E+00   0.84052E+08   0.00000E+00   0.73285E+10   0.00000E+00   0.20272E+05
  1.131   3.330    0.00000E+00   0.84043E+08   0.00000E+00   0.73287E+10   0.00000E+00   0.20327E+05
  1.138   3.340    0.00000E+00   0.84029E+08   0.00000E+00   0.73286E+10   0.00000E+00   0.20569E+05
  1.144   3.350    0.00000E+00   0.84039E+08   0.00000E+00   0.73285E+10   0.00000E+00   0.20829E+05
  1.151   3.360    0.00000E+00   0.84063E+08   0.00000E+00   0.73287E+10   0.00000E+00   0.21006E+05
  1.158   3.370    0.00000E+00   0.84088E+08   0.00000E+00   0.73289E+10   0.00000E+00   0.21127E+05
  1.165   3.380    0.00000E+00   0.84110E+08   0.00000E+00   0.73291E+10   0.00000E+00   0.21222E+05
  1.172   3.390    0.00000E+00   0.84127E+08   0.00000E+00   0.73294E+10   0.00000E+00   0.21301E+05
  1.179   3.400    0.00000E+00   0.84144E+08   0.00000E+00   0.73296E+10   0.00000E+00   0.21357E+05
  1.186   3.410    0.00000E+00   0.84162E+08   0.00000E+00   0.73298E+10   0.00000E+00   0.21387E+05
  1.193   3.420    0.00000E+00   0.84184E+08   0.00000E+00   0.73299E+10   0.00000E+00   0.21404E+05
  1.200   3.430    0.00000E+00   0.84205E+08   0.00000E+00   0.73301E+10   0.00000E+00   0.21423E+05
  1.207   3.440    0.00000E+00   0.84222E+08   0.00000E+00   0.73303E+10   0.00000E+00   0.21452E+05
  1.214   3.450    0.00000E+00   0.84237E+08   0.00000E+00   0.73305E+10   0.00000E+00   0.21495E+05
  1.221   3.460    0.00000E+00   0.84247E+08   0.00000E+00   0.73307E+10   0.00000E+00   0.21554E+05
  1.228   3.470    0.00000E+00   0.84254E+08   0.00000E+00   0.73309E+10   0.00000E+00   0.21633E+05
  1.235   3.480    0.00000E+00   0.84259E+08   0.00000E+00   0.73311E+10   0.00000E+00   0.21726E+05
  1.242   3.490    0.00000E+00   0.84268E+08   0.00000E+00   0.73314E+10   0.00000E+00   0.21799E+05
  1.249   3.500    0.00000E+00   0.84290E+08   0.00000E+00   0.73316E+10   0.00000E+00   0.21755E+05
  1.256   3.510    0.00000E+00   0.84321E+08   0.00000E+00   0.73319E+10   0.00000E+00   0.21479E+05
  1.263   3.520    0.00000E+00   0.84350E+08   0.00000E+00   0.73321E+10   0.00000E+00   0.21092E+05
  1.271   3.530    0.00000E+00   0.84374E+08   0.00000E+00   0.73322E+10   0.00000E+00   0.20859E+05
  1.278   3.540    0.00000E+00   0.84394E+08   0.00000E+00   0.73324E+10   0.00000E+00   0.20791E+05
  1.285   3.550    0.00000E+00   0.84411E+08   0.00000E+00   0.73326E+10   0.00000E+00   0.20807E+05
  1.292   3.560    0.00000E+00   0.84425E+08   0.00000E+00   0.73327E+10   0.00000E+00   0.20860E+05
  1.300   3.570    0.00000E+00   0.84438E+08   0.00000E+00   0.73329E+10   0.00000E+00   0.20925E+05
  1.307   3.580    0.00000E+00   0.84450E+08   0.00000E+00   0.73331E+10   0.00000E+00   0.20990E+05
  1.314   3.590    0.00000E+00   0.84463E+08   0.00000E+00   0.73332E+10   0.00000E+00   0.21047E+05
  1.322   3.600    0.00000E+00   0.84477E+08   0.00000E+00   0.73334E+10   0.00000E+00   0.21090E+05
  1.329   3.610    0.00000E+00   0.84489E+08   0.00000E+00   0.73336E+10   0.00000E+00   0.21120E+05
  1.336   3.620    0.00000E+00   0.84499E+08   0.00000E+00   0.73337E+10   0.00000E+00   0.21148E+05
  1.344   3.630    0.00000E+00   0.84506E+08   0.00000E+00   0.73339E+10   0.00000E+00   0.21179E+05
  1.351   3.640    0.00000E+00   0.84512E+08   0.00000E+00   0.73340E+10   0.00000E+00   0.21213E+05
  1.359   3.650    0.00000E+00   0.84518E+08   0.00000E+00   0.73342E+10   0.00000E+00   0.21247E+05
  1.366   3.660    0.00000E+00   0.84524E+08   0.00000E+00   0.73343E+10   0.00000E+00   0.21280E+05
  1.373   3.670    0.00000E+00   0.84532E+08   0.00000E+00   0.73345E+10   0.00000E+00   0.21313E+05
  1.381   3.680    0.00000E+00   0.84540E+08   0.00000E+00   0.73347E+10   0.00000E+00   0.21366E+05
  1.388   3.690    0.00000E+00   0.84541E+08   0.00000E+00   0.73348E+10   0.00000E+00   0.21479E+05
  1.396   3.700    0.00000E+00   0.84524E+08   0.00000E+00   0.73349E+10   0.00000E+00   0.21699E+05
  1.404   3.710    0.00000E+00   0.84480E+08   0.00000E+00   0.73350E+10   0.00000E+00   0.22073E+05
  1.411   3.720    0.00000E+00   0.84373E+08   0.00000E+00   0.73354E+10   0.00000E+00   0.22430E+05
  1.419   3.730    0.00000E+00   0.84310E+08   0.00000E+00   0.73361E+10   0.00000E+00   0.22293E+05
  1.426   3.740    0.00000E+00   0.84661E+08   0.00000E+00   0.73357E+10   0.00000E+00   0.21293E+05
  1.434   3.750    0.00000E+00   0.84737E+08   0.00000E+00   0.73355E+10   0.00000E+00   0.21003E+05
  1.442   3.760    0.00000E+00   0.84747E+08   0.00000E+00   0.73356E+10   0.00000E+00   0.20923E+05
  1.449   3.770    0.00000E+00   0.84751E+08   0.00000E+00   0.73356E+10   0.00000E+00   0.20916E+05
  1.457   3.780    0.00000E+00   0.84757E+08   0.00000E+00   0.73357E+10   0.00000E+00   0.20956E+05
  1.465   3.790    0.00000E+00   0.84767E+08   0.00000E+00   0.73358E+10   0.00000E+00   0.21026E+05
  1.472   3.800    0.00000E+00   0.84779E+08   0.00000E+00   0.73359E+10   0.00000E+00   0.21078E+05
  1.480   3.810    0.00000E+00   0.84787E+08   0.00000E+00   0.73361E+10   0.00000E+00   0.21000E+05
  1.488   3.820    0.00000E+00   0.84789E+08   0.00000E+00   0.73362E+10   0.00000E+00   0.20886E+05
  1.496   3.830    0.00000E+00   0.84792E+08   0.00000E+00   0.73363E+10   0.00000E+00   0.20842E+05
  1.504   3.840    0.00000E+00   0.84798E+08   0.00000E+00   0.73365E+10   0.00000E+00   0.20840E+05
  1.511   3.850    0.00000E+00   0.84806E+08   0.00000E+00   0.73366E+10   0.00000E+00   0.20859E+05
  1.519   3.860    0.00000E+00   0.84816E+08   0.00000E+00   0.73367E+10   0.00000E+00   0.20887E+05
  1.527   3.870    0.00000E+00   0.84831E+08   0.00000E+00   0.73368E+10   0.00000E+00   0.20917E+05
  1.535   3.880    0.00000E+00   0.84853E+08   0.00000E+00   0.73369E+10   0.00000E+00   0.20945E+05
  1.543   3.890    0.00000E+00   0.84890E+08   0.00000E+00   0.73369E+10   0.00000E+00   0.20994E+05
  1.551   3.900    0.00000E+00   0.84930E+08   0.00000E+00   0.73371E+10   0.00000E+00   0.21151E+05
  1.559   3.910    0.00000E+00   0.84921E+08   0.00000E+00   0.73373E+10   0.00000E+00   0.21498E+05
  1.567   3.920    0.00000E+00   0.84899E+08   0.00000E+00   0.73374E+10   0.00000E+00   0.21851E+05
  1.575   3.930    0.00000E+00   0.84892E+08   0.00000E+00   0.73376E+10   0.00000E+00   0.21894E+05
  1.583   3.940    0.00000E+00   0.84892E+08   0.00000E+00   0.73377E+10   0.00000E+00   0.21811E+05
  1.591   3.950    0.00000E+00   0.84895E+08   0.00000E+00   0.73378E+10   0.00000E+00   0.21741E+05
  1.599   3.960    0.00000E+00   0.84896E+08   0.00000E+00   0.73379E+10   0.00000E+00   0.21679E+05
  1.607   3.970    0.00000E+00   0.84886E+08   0.00000E+00   0.73379E+10   0.00000E+00   0.21505E+05
  1.615   3.980    0.00000E+00   0.84874E+08   0.00000E+00   0.73378E+10   0.00000E+00   0.21219E+05
  1.623   3.990    0.00000E+00   0.84886E+08   0.00000E+00   0.73378E+10   0.00000E+00   0.21160E+05
  1.632   4.000    0.00000E+00   0.84902E+08   0.00000E+00   0.73380E+10   0.00000E+00   0.21183E+05
  1.640   4.010    0.00000E+00   0.84916E+08   0.00000E+00   0.73381E+10   0.00000E+00   0.21190E+05
  1.648   4.020    0.00000E+00   0.84930E+08   0.00000E+00   0.73383E+10   0.00000E+00   0.21178E+05
  1.656   4.030    0.00000E+00   0.84946E+08   0.00000E+00   0.73385E+10   0.00000E+00   0.21146E+05
  1.664   4.040    0.00000E+00   0.84963E+08   0.00000E+00   0.73386E+10   0.00000E+00   0.21071E+05
  1.673   4.050    0.00000E+00   0.84982E+08   0.00000E+00   0.73386E+10   0.00000E+00   0.20940E+05
  1.681   4.060    0.00000E+00   0.85001E+08   0.00000E+00   0.73386E+10   0.00000E+00   0.20854E+05
  1.689   4.070    0.00000E+00   0.85018E+08   0.00000E+00   0.73386E+10   0.00000E+00   0.20832E+05
  1.697   4.080    0.00000E+00   0.85035E+08   0.00000E+00   0.73387E+10   0.00000E+00   0.20789E+05
  1.706   4.090    0.00000E+00   0.85048E+08   0.00000E+00   0.73389E+10   0.00000E+00   0.20675E+05
  1.714   4.100    0.00000E+00   0.85046E+08   0.00000E+00   0.73391E+10   0.00000E+00   0.20506E+05
  1.723   4.110    0.00000E+00   0.85029E+08   0.00000E+00   0.73392E+10   0.00000E+00   0.20360E+05
  1.731   4.120    0.00000E+00   0.85012E+08   0.00000E+00   0.73393E+10   0.00000E+00   0.20312E+05
  1.739   4.130    0.00000E+00   0.85001E+08   0.00000E+00   0.73393E+10   0.00000E+00   0.20955E+05
  1.748   4.140    0.00000E+00   0.84993E+08   0.00000E+00   0.73394E+10   0.00000E+00   0.22024E+05
  1.756   4.150    0.00000E+00   0.84989E+08   0.00000E+00   0.73394E+10   0.00000E+00   0.21968E+05
  1.765   4.160    0.00000E+00   0.84989E+08   0.00000E+00   0.73394E+10   0.00000E+00   0.21773E+05
  1.773   4.170    0.00000E+00   0.84993E+08   0.00000E+00   0.73395E+10   0.00000E+00   0.21590E+05
  1.782   4.180    0.00000E+00   0.85004E+08   0.00000E+00   0.73396E+10   0.00000E+00   0.21430E+05
  1.790   4.190    0.00000E+00   0.85018E+08   0.00000E+00   0.73397E+10   0.00000E+00   0.21296E+05
  1.799   4.200    0.00000E+00   0.85034E+08   0.00000E+00   0.73398E+10   0.00000E+00   0.21188E+05
  1.807   4.210    0.00000E+00   0.85046E+08   0.00000E+00   0.73399E+10   0.00000E+00   0.21127E+05
  1.816   4.220    0.00000E+00   0.85050E+08   0.00000E+00   0.73401E+10   0.00000E+00   0.21099E+05
  1.825   4.230    0.00000E+00   0.85055E+08   0.00000E+00   0.73401E+10   0.00000E+00   0.21053E+05
  1.833   4.240    0.00000E+00   0.85063E+08   0.00000E+00   0.73402E+10   0.00000E+00   0.21049E+05
  1.842   4.250    0.00000E+00   0.85070E+08   0.00000E+00   0.73403E+10   0.00000E+00   0.21073E+05
  1.851   4.260    0.00000E+00   0.85078E+08   0.00000E+00   0.73404E+10   0.00000E+00   0.21101E+05
  1.859   4.270    0.00000E+00   0.85087E+08   0.00000E+00   0.73405E+10   0.00000E+00   0.21116E+05
  1.868   4.280    0.00000E+00   0.85092E+08   0.00000E+00   0.73406E+10   0.00000E+00   0.21098E+05
  1.877   4.290    0.00000E+00   0.85089E+08   0.00000E+00   0.73407E+10   0.00000E+00   0.21013E+05
  1.885   4.300    0.00000E+00   0.85079E+08   0.00000E+00   0.73407E+10   0.00000E+00   0.20768E+05
  1.894   4.310    0.00000E+00   0.85074E+08   0.00000E+00   0.73408E+10   0.00000E+00   0.20027E+05
  1.903   4.320    0.00000E+00   0.85081E+08   0.00000E+00   0.73408E+10   0.00000E+00   0.20217E+05
  1.912   4.330    0.00000E+00   0.85089E+08   0.00000E+00   0.73409E+10   0.00000E+00   0.20848E+05
  1.921   4.340    0.00000E+00   0.85095E+08   0.00000E+00   0.73410E+10   0.00000E+00   0.21164E+05
  1.930   4.350    0.00000E+00   0.85102E+08   0.00000E+00   0.73411E+10   0.00000E+00   0.21328E+05
  1.938   4.360    0.00000E+00   0.85111E+08   0.00000E+00   0.73412E+10   0.00000E+00   0.21405E+05
  1.947   4.370    0.00000E+00   0.85126E+08   0.00000E+00   0.73413E+10   0.00000E+00   0.21416E+05
  1.956   4.380    0.00000E+00   0.85146E+08   0.00000E+00   0.73413E+10   0.00000E+00   0.21407E+05
  1.965   4.390    0.00000E+00   0.85166E+08   0.00000E+00   0.73413E+10   0.00000E+00   0.21357E+05
  1.974   4.400    0.00000E+00   0.85185E+08   0.00000E+00   0.73413E+10   0.00000E+00   0.21221E+05
  1.983   4.410    0.00000E+00   0.85198E+08   0.00000E+00   0.73413E+10   0.00000E+00   0.21088E+05
  1.992   4.420    0.00000E+00   0.85201E+08   0.00000E+00   0.73413E+10   0.00000E+00   0.21067E+05
  2.001   4.430    0.00000E+00   0.85198E+08   0.00000E+00   0.73413E+10   0.00000E+00   0.21125E+05
  2.010   4.440    0.00000E+00   0.85188E+08   0.00000E+00   0.73413E+10   0.00000E+00   0.21225E+05
  2.019   4.450    0.00000E+00   0.85168E+08   0.00000E+00   0.73414E+10   0.00000E+00   0.21368E+05
  2.028   4.460    0.00000E+00   0.85134E+08   0.00000E+00   0.73414E+10   0.00000E+00   0.21443E+05
  2.037   4.470    0.00000E+00   0.85114E+08   0.00000E+00   0.73416E+10   0.00000E+00   0.20849E+05
  2.047   4.480    0.00000E+00   0.85129E+08   0.00000E+00   0.73418E+10   0.00000E+00   0.20565E+05
  2.056   4.490    0.00000E+00   0.85152E+08   0.00000E+00   0.73419E+10   0.00000E+00   0.20391E+05
  2.065   4.500    0.00000E+00   0.85175E+08   0.00000E+00   0.73419E+10   0.00000E+00   0.20291E+05
  2.074   4.510    0.00000E+00   0.85198E+08   0.00000E+00   0.73419E+10   0.00000E+00   0.20363E+05
  2.083   4.520    0.00000E+00   0.85216E+08   0.00000E+00   0.73419E+10   0.00000E+00   0.20624E+05
  2.093   4.530    0.00000E+00   0.85227E+08   0.00000E+00   0.73419E+10   0.00000E+00   0.21015E+05
  2.102   4.540    0.00000E+00   0.85216E+08   0.00000E+00   0.73419E+10   0.00000E+00   0.21499E+05
  2.111   4.550    0.00000E+00   0.85226E+08   0.00000E+00   0.73421E+10   0.00000E+00   0.21610E+05
  2.120   4.560    0.00000E+00   0.85235E+08   0.00000E+00   0.73422E+10   0.00000E+00   0.21558E+05
  2.130   4.570    0.00000E+00   0.85237E+08   0.00000E+00   0.73423E+10   0.00000E+00   0.21470E+05
  2.139   4.580    0.00000E+00   0.85235E+08   0.00000E+00   0.73423E+10   0.00000E+00   0.21339E+05
  2.148   4.590    0.00000E+00   0.85214E+08   0.00000E+00   0.73420E+10   0.00000E+00   0.21030E+05
  2.158   4.600    0.00000E+00   0.85216E+08   0.00000E+00   0.73422E+10   0.00000E+00   0.20858E+05
  2.167   4.610    0.00000E+00   0.85230E+08   0.00000E+00   0.73425E+10   0.00000E+00   0.21010E+05
  2.177   4.620    0.00000E+00   0.85233E+08   0.00000E+00   0.73426E+10   0.00000E+00   0.21118E+05
  2.186   4.630    0.00000E+00   0.85232E+08   0.00000E+00   0.73427E+10   0.00000E+00   0.21233E+05
  2.195   4.640    0.00000E+00   0.85229E+08   0.00000E+00   0.73428E+10   0.00000E+00   0.21390E+05
  2.205   4.650    0.00000E+00   0.85223E+08   0.00000E+00   0.73429E+10   0.00000E+00   0.21434E+05
  2.214   4.660    0.00000E+00   0.85224E+08   0.00000E+00   0.73429E+10   0.00000E+00   0.20788E+05
  2.224   4.670    0.00000E+00   0.85261E+08   0.00000E+00   0.73429E+10   0.00000E+00   0.20436E+05
  2.233   4.680    0.00000E+00   0.85298E+08   0.00000E+00   0.73429E+10   0.00000E+00   0.20354E+05
  2.243   4.690    0.00000E+00   0.85305E+08   0.00000E+00   0.73430E+10   0.00000E+00   0.20294E+05
  2.253   4.700    0.00000E+00   0.85300E+08   0.00000E+00   0.73431E+10   0.00000E+00   0.20422E+05
  2.262   4.710    0.00000E+00   0.85290E+08   0.00000E+00   0.73432E+10   0.00000E+00   0.21163E+05
  2.272   4.720    0.00000E+00   0.85281E+08   0.00000E+00   0.73433E+10   0.00000E+00   0.21488E+05
  2.281   4.730    0.00000E+00   0.85274E+08   0.00000E+00   0.73434E+10   0.00000E+00   0.21397E+05
  2.291   4.740    0.00000E+00   0.85286E+08   0.00000E+00   0.73434E+10   0.00000E+00   0.21215E+05
  2.301   4.750    0.00000E+00   0.85308E+08   0.00000E+00   0.73435E+10   0.00000E+00   0.21059E+05
  2.310   4.760    0.00000E+00   0.85313E+08   0.00000E+00   0.73436E+10   0.00000E+00   0.21024E+05
  2.320   4.770    0.00000E+00   0.85293E+08   0.00000E+00   0.73438E+10   0.00000E+00   0.21075E+05
  2.330   4.780    0.00000E+00   0.85276E+08   0.00000E+00   0.73438E+10   0.00000E+00   0.21179E+05
  2.340   4.790    0.00000E+00   0.85272E+08   0.00000E+00   0.73438E+10   0.00000E+00   0.21278E+05
  2.349   4.800    0.00000E+00   0.85285E+08   0.00000E+00   0.73438E+10   0.00000E+00   0.21361E+05
  2.359   4.810    0.00000E+00   0.85510E+08   0.00000E+00   0.73438E+10   0.00000E+00   0.21645E+05
  2.369   4.820    0.00000E+00   0.85369E+08   0.00000E+00   0.73438E+10   0.00000E+00   0.21680E+05
  2.379   4.830    0.00000E+00   0.85349E+08   0.00000E+00   0.73438E+10   0.00000E+00   0.22067E+05
  2.389   4.840    0.00000E+00   0.85340E+08   0.00000E+00   0.73438E+10   0.00000E+00   0.21340E+05
  2.399   4.850    0.00000E+00   0.85334E+08   0.00000E+00   0.73438E+10   0.00000E+00   0.20657E+05
  2.409   4.860    0.00000E+00   0.85330E+08   0.00000E+00   0.73438E+10   0.00000E+00   0.20688E+05
  2.418   4.870    0.00000E+00   0.85333E+08   0.00000E+00   0.73440E+10   0.00000E+00   0.20726E+05
  2.428   4.880    0.00000E+00   0.85283E+08   0.00000E+00   0.73440E+10   0.00000E+00   0.20938E+05
  2.438   4.890    0.00000E+00   0.85310E+08   0.00000E+00   0.73438E+10   0.00000E+00   0.21099E+05
  2.448   4.900    0.00000E+00   0.85345E+08   0.00000E+00   0.73436E+10   0.00000E+00   0.21020E+05
  2.458   4.910    0.00000E+00   0.85368E+08   0.00000E+00   0.73436E+10   0.00000E+00   0.20930E+05
  2.468   4.920    0.00000E+00   0.85381E+08   0.00000E+00   0.73436E+10   0.00000E+00   0.20910E+05
  2.478   4.930    0.00000E+00   0.85396E+08   0.00000E+00   0.73436E+10   0.00000E+00   0.20950E+05
  2.488   4.940    0.00000E+00   0.85403E+08   0.00000E+00   0.73436E+10   0.00000E+00   0.21010E+05
  2.499   4.950    0.00000E+00   0.85401E+08   0.00000E+00   0.73436E+10   0.00000E+00   0.21122E+05
  2.509   4.960    0.00000E+00   0.85413E+08   0.00000E+00   0.73436E+10   0.00000E+00   0.21257E+05
  2.519   4.970    0.00000E+00   0.85423E+08   0.00000E+00   0.73437E+10   0.00000E+00   0.21366E+05
  2.529   4.980    0.00000E+00   0.85425E+08   0.00000E+00   0.73438E+10   0.00000E+00   0.21516E+05
  2.539   4.990    0.00000E+00   0.85420E+08   0.00000E+00   0.73438E+10   0.00000E+00   0.21772E+05
