  0.000   0.010    0.00000E+00   0.37926E+03   0.00000E+00  -0.19285E+05   0.00000E+00   0.64638E+10
  0.000   0.020    0.00000E+00   0.37981E+03   0.00000E+00  -0.19268E+05   0.00000E+00   0.64642E+10
  0.000   0.030    0.00000E+00   0.38074E+03   0.00000E+00  -0.19240E+05   0.00000E+00   0.64649E+10
  0.000   0.040    0.00000E+00   0.38205E+03   0.00000E+00  -0.19200E+05   0.00000E+00   0.64658E+10
  0.000   0.050    0.00000E+00   0.38375E+03   0.00000E+00  -0.19148E+05   0.00000E+00   0.64669E+10
  0.000   0.060    0.00000E+00   0.38586E+03   0.00000E+00  -0.19084E+05   0.00000E+00   0.64683E+10
  0.000   0.070    0.00000E+00   0.38840E+03   0.00000E+00  -0.19009E+05   0.00000E+00   0.64700E+10
  0.001   0.080    0.00000E+00   0.39138E+03   0.00000E+00  -0.18920E+05   0.00000E+00   0.64719E+10
  0.001   0.090    0.00000E+00   0.39485E+03   0.00000E+00  -0.18819E+05   0.00000E+00   0.64741E+10
  0.001   0.100    0.00000E+00   0.39884E+03   0.00000E+00  -0.18704E+05   0.00000E+00   0.64766E+10
  0.001   0.110    0.00000E+00   0.40336E+03   0.00000E+00  -0.18575E+05   0.00000E+00   0.64793E+10
  0.001   0.120    0.00000E+00   0.40847E+03   0.00000E+00  -0.18432E+05   0.00000E+00   0.64823E+10
  0.002   0.130    0.00000E+00   0.41418E+03   0.00000E+00  -0.18273E+05   0.00000E+00   0.64856E+10
  0.002   0.140    0.00000E+00   0.42055E+03   0.00000E+00  -0.18099E+05   0.00000E+00   0.64892E+10
  0.002   0.150    0.00000E+00   0.42763E+03   0.00000E+00  -0.17907E+05   0.00000E+00   0.64930E+10
  0.003   0.160    0.00000E+00   0.43546E+03   0.00000E+00  -0.17697E+05   0.00000E+00   0.64972E+10
  0.003   0.170    0.00000E+00   0.44411E+03   0.00000E+00  -0.17468E+05   0.00000E+00   0.65017E+10
  0.003   0.180    0.00000E+00   0.45367E+03   0.00000E+00  -0.17219E+05   0.00000E+00   0.65064E+10
  0.004   0.190    0.00000E+00   0.46420E+03   0.00000E+00  -0.16948E+05   0.00000E+00   0.65115E+10
  0.004   0.200    0.00000E+00   0.47578E+03   0.00000E+00  -0.16654E+05   0.00000E+00   0.65169E+10
  0.004   0.210    0.00000E+00   0.48846E+03   0.00000E+00  -0.16336E+05   0.00000E+00   0.65226E+10
  0.005   0.220    0.00000E+00   0.50228E+03   0.00000E+00  -0.15991E+05   0.00000E+00   0.65285E+10
  0.005   0.230    0.00000E+00   0.51728E+03   0.00000E+00  -0.15619E+05   0.00000E+00   0.65349E+10
  0.006   0.240    0.00000E+00   0.53345E+03   0.00000E+00  -0.15219E+05   0.00000E+00   0.65415E+10
  0.006   0.250    0.00000E+00   0.55080E+03   0.00000E+00  -0.14788E+05   0.00000E+00   0.65486E+10
  0.007   0.260    0.00000E+00   0.56932E+03   0.00000E+00  -0.14326E+05   0.00000E+00   0.65560E+10
  0.007   0.270    0.00000E+00   0.58902E+03   0.00000E+00  -0.13831E+05   0.00000E+00   0.65639E+10
  0.008   0.280    0.00000E+00   0.60989E+03   0.00000E+00  -0.13301E+05   0.00000E+00   0.65722E+10
  0.009   0.290    0.00000E+00   0.63194E+03   0.00000E+00  -0.12735E+05   0.00000E+00   0.65809E+10
  0.009   0.300    0.00000E+00   0.65518E+03   0.00000E+00  -0.12131E+05   0.00000E+00   0.65900E+10
  0.010   0.310    0.00000E+00   0.67960E+03   0.00000E+00  -0.11489E+05   0.00000E+00   0.65996E+10
  0.010   0.320    0.00000E+00   0.70516E+03   0.00000E+00  -0.10807E+05   0.00000E+00   0.66096E+10
  0.011   0.330    0.00000E+00   0.73180E+03   0.00000E+00  -0.10084E+05   0.00000E+00   0.66200E+10
  0.012   0.340    0.00000E+00   0.75937E+03   0.00000E+00  -0.93192E+04   0.00000E+00   0.66309E+10
  0.012   0.350    0.00000E+00   0.78773E+03   0.00000E+00  -0.85135E+04   0.00000E+00   0.66423E+10
  0.013   0.360    0.00000E+00   0.81663E+03   0.00000E+00  -0.76673E+04   0.00000E+00   0.66541E+10
  0.014   0.370    0.00000E+00   0.84581E+03   0.00000E+00  -0.67820E+04   0.00000E+00   0.66666E+10
  0.015   0.380    0.00000E+00   0.87496E+03   0.00000E+00  -0.58599E+04   0.00000E+00   0.66796E+10
  0.016   0.390    0.00000E+00   0.90372E+03   0.00000E+00  -0.49039E+04   0.00000E+00   0.66933E+10
  0.016   0.400    0.00000E+00   0.93171E+03   0.00000E+00  -0.39181E+04   0.00000E+00   0.67077E+10
  0.017   0.410    0.00000E+00   0.95852E+03   0.00000E+00  -0.29068E+04   0.00000E+00   0.67228E+10
  0.018   0.420    0.00000E+00   0.98373E+03   0.00000E+00  -0.18757E+04   0.00000E+00   0.67388E+10
  0.019   0.430    0.00000E+00   0.10069E+04   0.00000E+00  -0.83090E+03   0.00000E+00   0.67555E+10
  0.020   0.440    0.00000E+00   0.10275E+04   0.00000E+00   0.22039E+03   0.00000E+00   0.67731E+10
  0.021   0.450    0.00000E+00   0.10450E+04   0.00000E+00   0.12701E+04   0.00000E+00   0.67916E+10
  0.022   0.460    0.00000E+00   0.10589E+04   0.00000E+00   0.23093E+04   0.00000E+00   0.68111E+10
  0.023   0.470    0.00000E+00   0.10687E+04   0.00000E+00   0.33279E+04   0.00000E+00   0.68315E+10
  0.023   0.480    0.00000E+00   0.10737E+04   0.00000E+00   0.43148E+04   0.00000E+00   0.68529E+10
  0.024   0.490    0.00000E+00   0.10732E+04   0.00000E+00   0.52578E+04   0.00000E+00   0.68755E+10
  0.025   0.500    0.00000E+00   0.10667E+04   0.00000E+00   0.61440E+04   0.00000E+00   0.68992E+10
  0.027   0.510    0.00000E+00   0.10535E+04   0.00000E+00   0.69593E+04   0.00000E+00   0.69242E+10
  0.028   0.520    0.00000E+00   0.10328E+04   0.00000E+00   0.76889E+04   0.00000E+00   0.69506E+10
  0.029   0.530    0.00000E+00   0.10040E+04   0.00000E+00   0.83177E+04   0.00000E+00   0.69784E+10
  0.030   0.540    0.00000E+00   0.96654E+03   0.00000E+00   0.88301E+04   0.00000E+00   0.70078E+10
  0.031   0.550    0.00000E+00   0.91971E+03   0.00000E+00   0.92103E+04   0.00000E+00   0.70390E+10
  0.032   0.560    0.00000E+00   0.86296E+03   0.00000E+00   0.94432E+04   0.00000E+00   0.70719E+10
  0.033   0.570    0.00000E+00   0.79576E+03   0.00000E+00   0.95136E+04   0.00000E+00   0.71069E+10
  0.034   0.580    0.00000E+00   0.71763E+03   0.00000E+00   0.94076E+04   0.00000E+00   0.71439E+10
  0.035   0.590    0.00000E+00   0.62816E+03   0.00000E+00   0.91118E+04   0.00000E+00   0.71831E+10
  0.037   0.600    0.00000E+00   0.52698E+03   0.00000E+00   0.86142E+04   0.00000E+00   0.72247E+10
  0.038   0.610    0.00000E+00   0.41379E+03   0.00000E+00   0.79040E+04   0.00000E+00   0.72688E+10
  0.039   0.620    0.00000E+00   0.28833E+03   0.00000E+00   0.69716E+04   0.00000E+00   0.73154E+10
  0.040   0.630    0.00000E+00   0.15037E+03   0.00000E+00   0.58090E+04   0.00000E+00   0.73648E+10
  0.042   0.640    0.00000E+00  -0.27144E+00   0.00000E+00   0.44093E+04   0.00000E+00   0.74171E+10
  0.043   0.650    0.00000E+00  -0.16379E+03   0.00000E+00   0.27669E+04   0.00000E+00   0.74723E+10
  0.044   0.660    0.00000E+00  -0.34037E+03   0.00000E+00   0.87708E+03   0.00000E+00   0.75306E+10
  0.046   0.670    0.00000E+00  -0.53023E+03   0.00000E+00  -0.12639E+04   0.00000E+00   0.75920E+10
  0.047   0.680    0.00000E+00  -0.73361E+03   0.00000E+00  -0.36595E+04   0.00000E+00   0.76566E+10
  0.049   0.690    0.00000E+00  -0.95082E+03   0.00000E+00  -0.63126E+04   0.00000E+00   0.77244E+10
  0.050   0.700    0.00000E+00  -0.11822E+04   0.00000E+00  -0.92266E+04   0.00000E+00   0.77954E+10
  0.051   0.710    0.00000E+00  -0.14283E+04   0.00000E+00  -0.12405E+05   0.00000E+00   0.78695E+10
  0.053   0.720    0.00000E+00  -0.16894E+04   0.00000E+00  -0.15852E+05   0.00000E+00   0.79467E+10
  0.054   0.730    0.00000E+00  -0.19664E+04   0.00000E+00  -0.19573E+05   0.00000E+00   0.80267E+10
  0.056   0.740    0.00000E+00  -0.22598E+04   0.00000E+00  -0.23575E+05   0.00000E+00   0.81093E+10
  0.057   0.750    0.00000E+00  -0.25704E+04   0.00000E+00  -0.27866E+05   0.00000E+00   0.81942E+10
  0.059   0.760    0.00000E+00  -0.28990E+04   0.00000E+00  -0.32456E+05   0.00000E+00   0.82808E+10
  0.060   0.770    0.00000E+00  -0.32463E+04   0.00000E+00  -0.37359E+05   0.00000E+00   0.83687E+10
  0.062   0.780    0.00000E+00  -0.36131E+04   0.00000E+00  -0.42587E+05   0.00000E+00   0.84570E+10
  0.064   0.790    0.00000E+00  -0.40002E+04   0.00000E+00  -0.48158E+05   0.00000E+00   0.85449E+10
  0.065   0.800    0.00000E+00  -0.44078E+04   0.00000E+00  -0.54088E+05   0.00000E+00   0.86313E+10
  0.067   0.810    0.00000E+00  -0.48363E+04   0.00000E+00  -0.60397E+05   0.00000E+00   0.87149E+10
  0.069   0.820    0.00000E+00  -0.52854E+04   0.00000E+00  -0.67104E+05   0.00000E+00   0.87943E+10
  0.070   0.830    0.00000E+00  -0.57541E+04   0.00000E+00  -0.74225E+05   0.00000E+00   0.88676E+10
  0.072   0.840    0.00000E+00  -0.62406E+04   0.00000E+00  -0.81775E+05   0.00000E+00   0.89331E+10
  0.074   0.850    0.00000E+00  -0.67420E+04   0.00000E+00  -0.89761E+05   0.00000E+00   0.89885E+10
  0.075   0.860    0.00000E+00  -0.72538E+04   0.00000E+00  -0.98181E+05   0.00000E+00   0.90316E+10
  0.077   0.870    0.00000E+00  -0.77694E+04   0.00000E+00  -0.10702E+06   0.00000E+00   0.90599E+10
  0.079   0.880    0.00000E+00  -0.82797E+04   0.00000E+00  -0.11623E+06   0.00000E+00   0.90709E+10
  0.081   0.890    0.00000E+00  -0.87722E+04   0.00000E+00  -0.12574E+06   0.00000E+00   0.90621E+10
  0.083   0.900    0.00000E+00  -0.92308E+04   0.00000E+00  -0.13545E+06   0.00000E+00   0.90312E+10
  0.084   0.910    0.00000E+00  -0.96345E+04   0.00000E+00  -0.14520E+06   0.00000E+00   0.89761E+10
  0.086   0.920    0.00000E+00  -0.99571E+04   0.00000E+00  -0.15477E+06   0.00000E+00   0.88950E+10
  0.088   0.930    0.00000E+00  -0.10167E+05   0.00000E+00  -0.16385E+06   0.00000E+00   0.87869E+10
  0.090   0.940    0.00000E+00  -0.10228E+05   0.00000E+00  -0.17208E+06   0.00000E+00   0.86511E+10
  0.092   0.950    0.00000E+00  -0.10098E+05   0.00000E+00  -0.17899E+06   0.00000E+00   0.84881E+10
  0.094   0.960    0.00000E+00  -0.97341E+04   0.00000E+00  -0.18405E+06   0.00000E+00   0.82988E+10
  0.096   0.970    0.00000E+00  -0.90978E+04   0.00000E+00  -0.18668E+06   0.00000E+00   0.80852E+10
  0.098   0.980    0.00000E+00  -0.81585E+04   0.00000E+00  -0.18632E+06   0.00000E+00   0.78500E+10
  0.100   0.990    0.00000E+00  -0.69048E+04   0.00000E+00  -0.18249E+06   0.00000E+00   0.75966E+10
  0.102   1.000    0.00000E+00  -0.53526E+04   0.00000E+00  -0.17493E+06   0.00000E+00   0.73290E+10
  0.104   1.010    0.00000E+00  -0.35517E+04   0.00000E+00  -0.16371E+06   0.00000E+00   0.70513E+10
  0.106   1.020    0.00000E+00  -0.15866E+04   0.00000E+00  -0.14925E+06   0.00000E+00   0.67680E+10
  0.108   1.030    0.00000E+00   0.43201E+03   0.00000E+00  -0.13240E+06   0.00000E+00   0.64833E+10
  0.110   1.040    0.00000E+00   0.23844E+04   0.00000E+00  -0.11425E+06   0.00000E+00   0.62013E+10
  0.112   1.050    0.00000E+00   0.41616E+04   0.00000E+00  -0.95975E+05   0.00000E+00   0.59257E+10
  0.115   1.060    0.00000E+00   0.56822E+04   0.00000E+00  -0.78656E+05   0.00000E+00   0.56597E+10
  0.117   1.070    0.00000E+00   0.69012E+04   0.00000E+00  -0.63104E+05   0.00000E+00   0.54059E+10
  0.119   1.080    0.00000E+00   0.78083E+04   0.00000E+00  -0.49810E+05   0.00000E+00   0.51663E+10
  0.121   1.090    0.00000E+00   0.84204E+04   0.00000E+00  -0.38962E+05   0.00000E+00   0.49425E+10
  0.123   1.100    0.00000E+00   0.87713E+04   0.00000E+00  -0.30511E+05   0.00000E+00   0.47356E+10
  0.126   1.110    0.00000E+00   0.89027E+04   0.00000E+00  -0.24255E+05   0.00000E+00   0.45462E+10
  0.128   1.120    0.00000E+00   0.88571E+04   0.00000E+00  -0.19912E+05   0.00000E+00   0.43745E+10
  0.130   1.130    0.00000E+00   0.86734E+04   0.00000E+00  -0.17170E+05   0.00000E+00   0.42204E+10
  0.133   1.140    0.00000E+00   0.83854E+04   0.00000E+00  -0.15730E+05   0.00000E+00   0.40837E+10
  0.135   1.150    0.00000E+00   0.80210E+04   0.00000E+00  -0.15317E+05   0.00000E+00   0.39640E+10
  0.137   1.160    0.00000E+00   0.76028E+04   0.00000E+00  -0.15691E+05   0.00000E+00   0.38606E+10
  0.140   1.170    0.00000E+00   0.71482E+04   0.00000E+00  -0.16652E+05   0.00000E+00   0.37730E+10
  0.142   1.180    0.00000E+00   0.66714E+04   0.00000E+00  -0.18028E+05   0.00000E+00   0.37004E+10
  0.144   1.190    0.00000E+00   0.61830E+04   0.00000E+00  -0.19680E+05   0.00000E+00   0.36422E+10
  0.147   1.200    0.00000E+00   0.56917E+04   0.00000E+00  -0.21497E+05   0.00000E+00   0.35977E+10
  0.149   1.210    0.00000E+00   0.52045E+04   0.00000E+00  -0.23385E+05   0.00000E+00   0.35663E+10
  0.152   1.220    0.00000E+00   0.47270E+04   0.00000E+00  -0.25273E+05   0.00000E+00   0.35475E+10
  0.154   1.230    0.00000E+00   0.42639E+04   0.00000E+00  -0.27107E+05   0.00000E+00   0.35405E+10
  0.157   1.240    0.00000E+00   0.38191E+04   0.00000E+00  -0.28847E+05   0.00000E+00   0.35447E+10
  0.159   1.250    0.00000E+00   0.33960E+04   0.00000E+00  -0.30465E+05   0.00000E+00   0.35597E+10
  0.162   1.260    0.00000E+00   0.29972E+04   0.00000E+00  -0.31945E+05   0.00000E+00   0.35846E+10
  0.164   1.270    0.00000E+00   0.26250E+04   0.00000E+00  -0.33279E+05   0.00000E+00   0.36189E+10
  0.167   1.280    0.00000E+00   0.22815E+04   0.00000E+00  -0.34464E+05   0.00000E+00   0.36615E+10
  0.170   1.290    0.00000E+00   0.19685E+04   0.00000E+00  -0.35502E+05   0.00000E+00   0.37116E+10
  0.172   1.300    0.00000E+00   0.16875E+04   0.00000E+00  -0.36396E+05   0.00000E+00   0.37678E+10
  0.175   1.310    0.00000E+00   0.14400E+04   0.00000E+00  -0.37148E+05   0.00000E+00   0.38288E+10
  0.178   1.320    0.00000E+00   0.12272E+04   0.00000E+00  -0.37763E+05   0.00000E+00   0.38929E+10
  0.180   1.330    0.00000E+00   0.10496E+04   0.00000E+00  -0.38245E+05   0.00000E+00   0.39581E+10
  0.183   1.340    0.00000E+00   0.90725E+03   0.00000E+00  -0.38601E+05   0.00000E+00   0.40225E+10
  0.186   1.350    0.00000E+00   0.79895E+03   0.00000E+00  -0.38841E+05   0.00000E+00   0.40840E+10
  0.189   1.360    0.00000E+00   0.72227E+03   0.00000E+00  -0.38979E+05   0.00000E+00   0.41404E+10
  0.191   1.370    0.00000E+00   0.67335E+03   0.00000E+00  -0.39034E+05   0.00000E+00   0.41901E+10
  0.194   1.380    0.00000E+00   0.64693E+03   0.00000E+00  -0.39030E+05   0.00000E+00   0.42314E+10
  0.197   1.390    0.00000E+00   0.63660E+03   0.00000E+00  -0.38995E+05   0.00000E+00   0.42632E+10
  0.200   1.400    0.00000E+00   0.63536E+03   0.00000E+00  -0.38959E+05   0.00000E+00   0.42852E+10
  0.203   1.410    0.00000E+00   0.63618E+03   0.00000E+00  -0.38952E+05   0.00000E+00   0.42971E+10
  0.206   1.420    0.00000E+00   0.63285E+03   0.00000E+00  -0.39001E+05   0.00000E+00   0.42995E+10
  0.209   1.430    0.00000E+00   0.62059E+03   0.00000E+00  -0.39127E+05   0.00000E+00   0.42932E+10
  0.211   1.440    0.00000E+00   0.59664E+03   0.00000E+00  -0.39339E+05   0.00000E+00   0.42792E+10
  0.214   1.450    0.00000E+00   0.56042E+03   0.00000E+00  -0.39638E+05   0.00000E+00   0.42588E+10
  0.217   1.460    0.00000E+00   0.51335E+03   0.00000E+00  -0.40016E+05   0.00000E+00   0.42331E+10
  0.220   1.470    0.00000E+00   0.45833E+03   0.00000E+00  -0.40453E+05   0.00000E+00   0.42034E+10
  0.223   1.480    0.00000E+00   0.39901E+03   0.00000E+00  -0.40929E+05   0.00000E+00   0.41707E+10
  0.226   1.490    0.00000E+00   0.33905E+03   0.00000E+00  -0.41419E+05   0.00000E+00   0.41358E+10
  0.229   1.500    0.00000E+00   0.28157E+03   0.00000E+00  -0.41904E+05   0.00000E+00   0.40994E+10
  0.233   1.510    0.00000E+00   0.22901E+03   0.00000E+00  -0.42365E+05   0.00000E+00   0.40620E+10
  0.236   1.520    0.00000E+00   0.18317E+03   0.00000E+00  -0.42791E+05   0.00000E+00   0.40240E+10
  0.239   1.530    0.00000E+00   0.14561E+03   0.00000E+00  -0.43174E+05   0.00000E+00   0.39855E+10
  0.242   1.540    0.00000E+00   0.11817E+03   0.00000E+00  -0.43507E+05   0.00000E+00   0.39466E+10
  0.245   1.550    0.00000E+00   0.10340E+03   0.00000E+00  -0.43782E+05   0.00000E+00   0.39073E+10
  0.248   1.560    0.00000E+00   0.10497E+03   0.00000E+00  -0.43992E+05   0.00000E+00   0.38676E+10
  0.251   1.570    0.00000E+00   0.12772E+03   0.00000E+00  -0.44125E+05   0.00000E+00   0.38275E+10
  0.255   1.580    0.00000E+00   0.17721E+03   0.00000E+00  -0.44168E+05   0.00000E+00   0.37869E+10
  0.258   1.590    0.00000E+00   0.25878E+03   0.00000E+00  -0.44109E+05   0.00000E+00   0.37461E+10
  0.261   1.600    0.00000E+00   0.37606E+03   0.00000E+00  -0.43938E+05   0.00000E+00   0.37055E+10
  0.264   1.610    0.00000E+00   0.52936E+03   0.00000E+00  -0.43655E+05   0.00000E+00   0.36658E+10
  0.268   1.620    0.00000E+00   0.71447E+03   0.00000E+00  -0.43267E+05   0.00000E+00   0.36283E+10
  0.271   1.630    0.00000E+00   0.92238E+03   0.00000E+00  -0.42794E+05   0.00000E+00   0.35947E+10
  0.274   1.640    0.00000E+00   0.11399E+04   0.00000E+00  -0.42268E+05   0.00000E+00   0.35668E+10
  0.278   1.650    0.00000E+00   0.13516E+04   0.00000E+00  -0.41722E+05   0.00000E+00   0.35469E+10
  0.281   1.660    0.00000E+00   0.15417E+04   0.00000E+00  -0.41194E+05   0.00000E+00   0.35368E+10
  0.284   1.670    0.00000E+00   0.16971E+04   0.00000E+00  -0.40716E+05   0.00000E+00   0.35378E+10
  0.288   1.680    0.00000E+00   0.18091E+04   0.00000E+00  -0.40314E+05   0.00000E+00   0.35500E+10
  0.291   1.690    0.00000E+00   0.18754E+04   0.00000E+00  -0.40000E+05   0.00000E+00   0.35723E+10
  0.295   1.700    0.00000E+00   0.18989E+04   0.00000E+00  -0.39775E+05   0.00000E+00   0.36026E+10
  0.298   1.710    0.00000E+00   0.18869E+04   0.00000E+00  -0.39631E+05   0.00000E+00   0.36384E+10
  0.302   1.720    0.00000E+00   0.18487E+04   0.00000E+00  -0.39550E+05   0.00000E+00   0.36771E+10
  0.305   1.730    0.00000E+00   0.17934E+04   0.00000E+00  -0.39518E+05   0.00000E+00   0.37167E+10
  0.309   1.740    0.00000E+00   0.17292E+04   0.00000E+00  -0.39516E+05   0.00000E+00   0.37556E+10
  0.312   1.750    0.00000E+00   0.16620E+04   0.00000E+00  -0.39531E+05   0.00000E+00   0.37928E+10
  0.316   1.760    0.00000E+00   0.15961E+04   0.00000E+00  -0.39553E+05   0.00000E+00   0.38277E+10
  0.319   1.770    0.00000E+00   0.15341E+04   0.00000E+00  -0.39575E+05   0.00000E+00   0.38601E+10
  0.323   1.780    0.00000E+00   0.14771E+04   0.00000E+00  -0.39593E+05   0.00000E+00   0.38901E+10
  0.327   1.790    0.00000E+00   0.14255E+04   0.00000E+00  -0.39605E+05   0.00000E+00   0.39179E+10
  0.330   1.800    0.00000E+00   0.13788E+04   0.00000E+00  -0.39611E+05   0.00000E+00   0.39435E+10
  0.334   1.810    0.00000E+00   0.13362E+04   0.00000E+00  -0.39613E+05   0.00000E+00   0.39673E+10
  0.338   1.820    0.00000E+00   0.12963E+04   0.00000E+00  -0.39614E+05   0.00000E+00   0.39893E+10
  0.341   1.830    0.00000E+00   0.12578E+04   0.00000E+00  -0.39619E+05   0.00000E+00   0.40098E+10
  0.345   1.840    0.00000E+00   0.12196E+04   0.00000E+00  -0.39630E+05   0.00000E+00   0.40288E+10
  0.349   1.850    0.00000E+00   0.11808E+04   0.00000E+00  -0.39649E+05   0.00000E+00   0.40462E+10
  0.353   1.860    0.00000E+00   0.11413E+04   0.00000E+00  -0.39676E+05   0.00000E+00   0.40621E+10
  0.357   1.870    0.00000E+00   0.11014E+04   0.00000E+00  -0.39710E+05   0.00000E+00   0.40761E+10
  0.360   1.880    0.00000E+00   0.10623E+04   0.00000E+00  -0.39747E+05   0.00000E+00   0.40883E+10
  0.364   1.890    0.00000E+00   0.10260E+04   0.00000E+00  -0.39785E+05   0.00000E+00   0.40983E+10
  0.368   1.900    0.00000E+00   0.99490E+03   0.00000E+00  -0.39816E+05   0.00000E+00   0.41058E+10
  0.372   1.910    0.00000E+00   0.97199E+03   0.00000E+00  -0.39836E+05   0.00000E+00   0.41105E+10
  0.376   1.920    0.00000E+00   0.96050E+03   0.00000E+00  -0.39837E+05   0.00000E+00   0.41125E+10
  0.380   1.930    0.00000E+00   0.96363E+03   0.00000E+00  -0.39813E+05   0.00000E+00   0.41114E+10
  0.384   1.940    0.00000E+00   0.98406E+03   0.00000E+00  -0.39759E+05   0.00000E+00   0.41076E+10
  0.388   1.950    0.00000E+00   0.10235E+04   0.00000E+00  -0.39672E+05   0.00000E+00   0.41012E+10
  0.392   1.960    0.00000E+00   0.10819E+04   0.00000E+00  -0.39554E+05   0.00000E+00   0.40927E+10
  0.396   1.970    0.00000E+00   0.11573E+04   0.00000E+00  -0.39411E+05   0.00000E+00   0.40828E+10
  0.400   1.980    0.00000E+00   0.12446E+04   0.00000E+00  -0.39258E+05   0.00000E+00   0.40720E+10
  0.404   1.990    0.00000E+00   0.13361E+04   0.00000E+00  -0.39118E+05   0.00000E+00   0.40610E+10
  0.408   2.000    0.00000E+00   0.14209E+04   0.00000E+00  -0.39020E+05   0.00000E+00   0.40503E+10
  0.412   2.010    0.00000E+00   0.14865E+04   0.00000E+00  -0.39002E+05   0.00000E+00   0.40403E+10
  0.416   2.020    0.00000E+00   0.15217E+04   0.00000E+00  -0.39096E+05   0.00000E+00   0.40313E+10
  0.420   2.030    0.00000E+00   0.15233E+04   0.00000E+00  -0.39313E+05   0.00000E+00   0.40234E+10
  0.424   2.040    0.00000E+00   0.15003E+04   0.00000E+00  -0.39632E+05   0.00000E+00   0.40169E+10
  0.429   2.050    0.00000E+00   0.14731E+04   0.00000E+00  -0.40001E+05   0.00000E+00   0.40120E+10
  0.433   2.060    0.00000E+00   0.14636E+04   0.00000E+00  -0.40365E+05   0.00000E+00   0.40090E+10
  0.437   2.070    0.00000E+00   0.14864E+04   0.00000E+00  -0.40685E+05   0.00000E+00   0.40086E+10
  0.441   2.080    0.00000E+00   0.15439E+04   0.00000E+00  -0.40949E+05   0.00000E+00   0.40114E+10
  0.445   2.090    0.00000E+00   0.16288E+04   0.00000E+00  -0.41158E+05   0.00000E+00   0.40183E+10
  0.450   2.100    0.00000E+00   0.17266E+04   0.00000E+00  -0.41321E+05   0.00000E+00   0.40299E+10
  0.454   2.110    0.00000E+00   0.18200E+04   0.00000E+00  -0.41444E+05   0.00000E+00   0.40465E+10
  0.458   2.120    0.00000E+00   0.18925E+04   0.00000E+00  -0.41529E+05   0.00000E+00   0.40676E+10
  0.463   2.130    0.00000E+00   0.19324E+04   0.00000E+00  -0.41580E+05   0.00000E+00   0.40917E+10
  0.467   2.140    0.00000E+00   0.19357E+04   0.00000E+00  -0.41598E+05   0.00000E+00   0.41170E+10
  0.471   2.150    0.00000E+00   0.19055E+04   0.00000E+00  -0.41588E+05   0.00000E+00   0.41418E+10
  0.476   2.160    0.00000E+00   0.18498E+04   0.00000E+00  -0.41555E+05   0.00000E+00   0.41647E+10
  0.480   2.170    0.00000E+00   0.17781E+04   0.00000E+00  -0.41506E+05   0.00000E+00   0.41851E+10
  0.485   2.180    0.00000E+00   0.16989E+04   0.00000E+00  -0.41446E+05   0.00000E+00   0.42027E+10
  0.489   2.190    0.00000E+00   0.16184E+04   0.00000E+00  -0.41381E+05   0.00000E+00   0.42177E+10
  0.494   2.200    0.00000E+00   0.15401E+04   0.00000E+00  -0.41312E+05   0.00000E+00   0.42305E+10
  0.498   2.210    0.00000E+00   0.14653E+04   0.00000E+00  -0.41245E+05   0.00000E+00   0.42414E+10
  0.503   2.220    0.00000E+00   0.13926E+04   0.00000E+00  -0.41185E+05   0.00000E+00   0.42507E+10
  0.507   2.230    0.00000E+00   0.13181E+04   0.00000E+00  -0.41138E+05   0.00000E+00   0.42589E+10
  0.512   2.240    0.00000E+00   0.12353E+04   0.00000E+00  -0.41116E+05   0.00000E+00   0.42660E+10
  0.516   2.250    0.00000E+00   0.11365E+04   0.00000E+00  -0.41127E+05   0.00000E+00   0.42723E+10
  0.521   2.260    0.00000E+00   0.10171E+04   0.00000E+00  -0.41175E+05   0.00000E+00   0.42780E+10
  0.525   2.270    0.00000E+00   0.87937E+03   0.00000E+00  -0.41251E+05   0.00000E+00   0.42829E+10
  0.530   2.280    0.00000E+00   0.73280E+03   0.00000E+00  -0.41337E+05   0.00000E+00   0.42873E+10
  0.535   2.290    0.00000E+00   0.58831E+03   0.00000E+00  -0.41415E+05   0.00000E+00   0.42910E+10
  0.539   2.300    0.00000E+00   0.45344E+03   0.00000E+00  -0.41477E+05   0.00000E+00   0.42940E+10
  0.544   2.310    0.00000E+00   0.33116E+03   0.00000E+00  -0.41523E+05   0.00000E+00   0.42961E+10
  0.549   2.320    0.00000E+00   0.22174E+03   0.00000E+00  -0.41558E+05   0.00000E+00   0.42972E+10
  0.554   2.330    0.00000E+00   0.12524E+03   0.00000E+00  -0.41588E+05   0.00000E+00   0.42972E+10
  0.558   2.340    0.00000E+00   0.43491E+02   0.00000E+00  -0.41616E+05   0.00000E+00   0.42960E+10
  0.563   2.350    0.00000E+00  -0.19972E+02   0.00000E+00  -0.41645E+05   0.00000E+00   0.42932E+10
  0.568   2.360    0.00000E+00  -0.63229E+02   0.00000E+00  -0.41681E+05   0.00000E+00   0.42891E+10
  0.573   2.370    0.00000E+00  -0.91865E+02   0.00000E+00  -0.41742E+05   0.00000E+00   0.42836E+10
  0.578   2.380    0.00000E+00  -0.12221E+03   0.00000E+00  -0.41857E+05   0.00000E+00   0.42773E+10
  0.582   2.390    0.00000E+00  -0.17570E+03   0.00000E+00  -0.42060E+05   0.00000E+00   0.42709E+10
  0.587   2.400    0.00000E+00  -0.26570E+03   0.00000E+00  -0.42368E+05   0.00000E+00   0.42656E+10
  0.592   2.410    0.00000E+00  -0.38671E+03   0.00000E+00  -0.42764E+05   0.00000E+00   0.42626E+10
  0.597   2.420    0.00000E+00  -0.51460E+03   0.00000E+00  -0.43201E+05   0.00000E+00   0.42626E+10
  0.602   2.430    0.00000E+00  -0.61859E+03   0.00000E+00  -0.43618E+05   0.00000E+00   0.42663E+10
  0.607   2.440    0.00000E+00  -0.67563E+03   0.00000E+00  -0.43966E+05   0.00000E+00   0.42735E+10
  0.612   2.450    0.00000E+00  -0.67685E+03   0.00000E+00  -0.44218E+05   0.00000E+00   0.42837E+10
  0.617   2.460    0.00000E+00  -0.62480E+03   0.00000E+00  -0.44363E+05   0.00000E+00   0.42963E+10
  0.622   2.470    0.00000E+00  -0.52769E+03   0.00000E+00  -0.44401E+05   0.00000E+00   0.43104E+10
  0.627   2.480    0.00000E+00  -0.39569E+03   0.00000E+00  -0.44332E+05   0.00000E+00   0.43253E+10
  0.632   2.490    0.00000E+00  -0.23971E+03   0.00000E+00  -0.44160E+05   0.00000E+00   0.43401E+10
  0.637   2.500    0.00000E+00  -0.70831E+02   0.00000E+00  -0.43896E+05   0.00000E+00   0.43542E+10
  0.642   2.510    0.00000E+00   0.10036E+03   0.00000E+00  -0.43553E+05   0.00000E+00   0.43671E+10
  0.648   2.520    0.00000E+00   0.26450E+03   0.00000E+00  -0.43148E+05   0.00000E+00   0.43786E+10
  0.653   2.530    0.00000E+00   0.41395E+03   0.00000E+00  -0.42703E+05   0.00000E+00   0.43886E+10
  0.658   2.540    0.00000E+00   0.54292E+03   0.00000E+00  -0.42238E+05   0.00000E+00   0.43971E+10
  0.663   2.550    0.00000E+00   0.64595E+03   0.00000E+00  -0.41765E+05   0.00000E+00   0.44045E+10
  0.668   2.560    0.00000E+00   0.71174E+03   0.00000E+00  -0.41282E+05   0.00000E+00   0.44107E+10
  0.674   2.570    0.00000E+00   0.71764E+03   0.00000E+00  -0.40802E+05   0.00000E+00   0.44161E+10
  0.679   2.580    0.00000E+00   0.65107E+03   0.00000E+00  -0.40396E+05   0.00000E+00   0.44206E+10
  0.684   2.590    0.00000E+00   0.53782E+03   0.00000E+00  -0.40138E+05   0.00000E+00   0.44245E+10
  0.689   2.600    0.00000E+00   0.41578E+03   0.00000E+00  -0.40011E+05   0.00000E+00   0.44278E+10
  0.695   2.610    0.00000E+00   0.30384E+03   0.00000E+00  -0.39955E+05   0.00000E+00   0.44306E+10
  0.700   2.620    0.00000E+00   0.20436E+03   0.00000E+00  -0.39919E+05   0.00000E+00   0.44329E+10
  0.705   2.630    0.00000E+00   0.11339E+03   0.00000E+00  -0.39879E+05   0.00000E+00   0.44347E+10
  0.711   2.640    0.00000E+00   0.26676E+02   0.00000E+00  -0.39836E+05   0.00000E+00   0.44360E+10
  0.716   2.650    0.00000E+00  -0.57513E+02   0.00000E+00  -0.39800E+05   0.00000E+00   0.44367E+10
  0.722   2.660    0.00000E+00  -0.13679E+03   0.00000E+00  -0.39787E+05   0.00000E+00   0.44367E+10
  0.727   2.670    0.00000E+00  -0.20377E+03   0.00000E+00  -0.39807E+05   0.00000E+00   0.44359E+10
  0.732   2.680    0.00000E+00  -0.24681E+03   0.00000E+00  -0.39856E+05   0.00000E+00   0.44341E+10
  0.738   2.690    0.00000E+00  -0.25370E+03   0.00000E+00  -0.39923E+05   0.00000E+00   0.44312E+10
  0.743   2.700    0.00000E+00  -0.21871E+03   0.00000E+00  -0.39991E+05   0.00000E+00   0.44272E+10
  0.749   2.710    0.00000E+00  -0.14935E+03   0.00000E+00  -0.40050E+05   0.00000E+00   0.44224E+10
  0.754   2.720    0.00000E+00  -0.68029E+02   0.00000E+00  -0.40111E+05   0.00000E+00   0.44177E+10
  0.760   2.730    0.00000E+00  -0.40218E+01   0.00000E+00  -0.40201E+05   0.00000E+00   0.44146E+10
  0.766   2.740    0.00000E+00   0.24108E+02   0.00000E+00  -0.40343E+05   0.00000E+00   0.44148E+10
  0.771   2.750    0.00000E+00   0.23425E+02   0.00000E+00  -0.40517E+05   0.00000E+00   0.44194E+10
  0.777   2.760    0.00000E+00   0.19909E+02   0.00000E+00  -0.40672E+05   0.00000E+00   0.44278E+10
  0.782   2.770    0.00000E+00   0.35390E+02   0.00000E+00  -0.40760E+05   0.00000E+00   0.44382E+10
  0.788   2.780    0.00000E+00   0.74414E+02   0.00000E+00  -0.40767E+05   0.00000E+00   0.44492E+10
  0.794   2.790    0.00000E+00   0.12868E+03   0.00000E+00  -0.40710E+05   0.00000E+00   0.44596E+10
  0.799   2.800    0.00000E+00   0.18666E+03   0.00000E+00  -0.40616E+05   0.00000E+00   0.44691E+10
  0.805   2.810    0.00000E+00   0.23933E+03   0.00000E+00  -0.40509E+05   0.00000E+00   0.44775E+10
  0.811   2.820    0.00000E+00   0.28159E+03   0.00000E+00  -0.40405E+05   0.00000E+00   0.44849E+10
  0.817   2.830    0.00000E+00   0.31224E+03   0.00000E+00  -0.40313E+05   0.00000E+00   0.44914E+10
  0.822   2.840    0.00000E+00   0.33497E+03   0.00000E+00  -0.40235E+05   0.00000E+00   0.44973E+10
  0.828   2.850    0.00000E+00   0.35939E+03   0.00000E+00  -0.40172E+05   0.00000E+00   0.45025E+10
  0.834   2.860    0.00000E+00   0.39493E+03   0.00000E+00  -0.40121E+05   0.00000E+00   0.45072E+10
  0.840   2.870    0.00000E+00   0.43885E+03   0.00000E+00  -0.40079E+05   0.00000E+00   0.45114E+10
  0.846   2.880    0.00000E+00   0.47993E+03   0.00000E+00  -0.40042E+05   0.00000E+00   0.45152E+10
  0.852   2.890    0.00000E+00   0.51259E+03   0.00000E+00  -0.40015E+05   0.00000E+00   0.45186E+10
  0.858   2.900    0.00000E+00   0.53833E+03   0.00000E+00  -0.39999E+05   0.00000E+00   0.45216E+10
  0.864   2.910    0.00000E+00   0.56040E+03   0.00000E+00  -0.39999E+05   0.00000E+00   0.45241E+10
  0.869   2.920    0.00000E+00   0.58060E+03   0.00000E+00  -0.40018E+05   0.00000E+00   0.45262E+10
  0.875   2.930    0.00000E+00   0.59826E+03   0.00000E+00  -0.40057E+05   0.00000E+00   0.45278E+10
  0.881   2.940    0.00000E+00   0.60941E+03   0.00000E+00  -0.40113E+05   0.00000E+00   0.45287E+10
  0.887   2.950    0.00000E+00   0.60576E+03   0.00000E+00  -0.40176E+05   0.00000E+00   0.45290E+10
  0.893   2.960    0.00000E+00   0.57721E+03   0.00000E+00  -0.40212E+05   0.00000E+00   0.45283E+10
  0.899   2.970    0.00000E+00   0.52621E+03   0.00000E+00  -0.40164E+05   0.00000E+00   0.45265E+10
  0.906   2.980    0.00000E+00   0.48116E+03   0.00000E+00  -0.39991E+05   0.00000E+00   0.45234E+10
  0.912   2.990    0.00000E+00   0.47109E+03   0.00000E+00  -0.39706E+05   0.00000E+00   0.45189E+10
  0.918   3.000    0.00000E+00   0.48929E+03   0.00000E+00  -0.39382E+05   0.00000E+00   0.45136E+10
  0.924   3.010    0.00000E+00   0.50408E+03   0.00000E+00  -0.39146E+05   0.00000E+00   0.45095E+10
  0.930   3.020    0.00000E+00   0.49809E+03   0.00000E+00  -0.39112E+05   0.00000E+00   0.45090E+10
  0.936   3.030    0.00000E+00   0.48407E+03   0.00000E+00  -0.39287E+05   0.00000E+00   0.45131E+10
  0.942   3.040    0.00000E+00   0.48171E+03   0.00000E+00  -0.39582E+05   0.00000E+00   0.45203E+10
  0.949   3.050    0.00000E+00   0.49515E+03   0.00000E+00  -0.39885E+05   0.00000E+00   0.45284E+10
  0.955   3.060    0.00000E+00   0.51177E+03   0.00000E+00  -0.40090E+05   0.00000E+00   0.45363E+10
  0.961   3.070    0.00000E+00   0.51545E+03   0.00000E+00  -0.40145E+05   0.00000E+00   0.45434E+10
  0.967   3.080    0.00000E+00   0.50003E+03   0.00000E+00  -0.40079E+05   0.00000E+00   0.45498E+10
  0.974   3.090    0.00000E+00   0.46820E+03   0.00000E+00  -0.39955E+05   0.00000E+00   0.45553E+10
  0.980   3.100    0.00000E+00   0.42361E+03   0.00000E+00  -0.39814E+05   0.00000E+00   0.45602E+10
  0.986   3.110    0.00000E+00   0.36891E+03   0.00000E+00  -0.39662E+05   0.00000E+00   0.45645E+10
  0.993   3.120    0.00000E+00   0.31150E+03   0.00000E+00  -0.39488E+05   0.00000E+00   0.45683E+10
  0.999   3.130    0.00000E+00   0.27062E+03   0.00000E+00  -0.39298E+05   0.00000E+00   0.45718E+10
  1.005   3.140    0.00000E+00   0.26138E+03   0.00000E+00  -0.39130E+05   0.00000E+00   0.45748E+10
  1.012   3.150    0.00000E+00   0.27355E+03   0.00000E+00  -0.38994E+05   0.00000E+00   0.45776E+10
  1.018   3.160    0.00000E+00   0.29167E+03   0.00000E+00  -0.38860E+05   0.00000E+00   0.45801E+10
  1.025   3.170    0.00000E+00   0.31278E+03   0.00000E+00  -0.38702E+05   0.00000E+00   0.45825E+10
  1.031   3.180    0.00000E+00   0.34328E+03   0.00000E+00  -0.38508E+05   0.00000E+00   0.45846E+10
  1.038   3.190    0.00000E+00   0.39417E+03   0.00000E+00  -0.38270E+05   0.00000E+00   0.45864E+10
  1.044   3.200    0.00000E+00   0.48030E+03   0.00000E+00  -0.37974E+05   0.00000E+00   0.45879E+10
  1.051   3.210    0.00000E+00   0.62134E+03   0.00000E+00  -0.37606E+05   0.00000E+00   0.45889E+10
  1.057   3.220    0.00000E+00   0.83715E+03   0.00000E+00  -0.37164E+05   0.00000E+00   0.45893E+10
  1.064   3.230    0.00000E+00   0.11164E+04   0.00000E+00  -0.36727E+05   0.00000E+00   0.45887E+10
  1.070   3.240    0.00000E+00   0.13310E+04   0.00000E+00  -0.36564E+05   0.00000E+00   0.45867E+10
  1.077   3.250    0.00000E+00   0.12446E+04   0.00000E+00  -0.36969E+05   0.00000E+00   0.45830E+10
  1.084   3.260    0.00000E+00   0.89465E+03   0.00000E+00  -0.37631E+05   0.00000E+00   0.45781E+10
  1.090   3.270    0.00000E+00   0.58450E+03   0.00000E+00  -0.38090E+05   0.00000E+00   0.45753E+10
  1.097   3.280    0.00000E+00   0.44378E+03   0.00000E+00  -0.38378E+05   0.00000E+00   0.45774E+10
  1.104   3.290    0.00000E+00   0.41554E+03   0.00000E+00  -0.38624E+05   0.00000E+00   0.45827E+10
  1.110   3.300    0.00000E+00   0.42126E+03   0.00000E+00  -0.38876E+05   0.00000E+00   0.45886E+10
  1.117   3.310    0.00000E+00   0.43094E+03   0.00000E+00  -0.39152E+05   0.00000E+00   0.45940E+10
  1.124   3.320    0.00000E+00   0.44808E+03   0.00000E+00  -0.39442E+05   0.00000E+00   0.45988E+10
  1.131   3.330    0.00000E+00   0.49552E+03   0.00000E+00  -0.39562E+05   0.00000E+00   0.46030E+10
  1.138   3.340    0.00000E+00   0.56960E+03   0.00000E+00  -0.39269E+05   0.00000E+00   0.46068E+10
  1.144   3.350    0.00000E+00   0.62704E+03   0.00000E+00  -0.38837E+05   0.00000E+00   0.46104E+10
  1.151   3.360    0.00000E+00   0.66316E+03   0.00000E+00  -0.38522E+05   0.00000E+00   0.46136E+10
  1.158   3.370    0.00000E+00   0.68940E+03   0.00000E+00  -0.38323E+05   0.00000E+00   0.46167E+10
  1.165   3.380    0.00000E+00   0.71045E+03   0.00000E+00  -0.38190E+05   0.00000E+00   0.46196E+10
  1.172   3.390    0.00000E+00   0.72328E+03   0.00000E+00  -0.38068E+05   0.00000E+00   0.46222E+10
  1.179   3.400    0.00000E+00   0.71944E+03   0.00000E+00  -0.37926E+05   0.00000E+00   0.46246E+10
  1.186   3.410    0.00000E+00   0.70010E+03   0.00000E+00  -0.37814E+05   0.00000E+00   0.46266E+10
  1.193   3.420    0.00000E+00   0.68165E+03   0.00000E+00  -0.37773E+05   0.00000E+00   0.46284E+10
  1.200   3.430    0.00000E+00   0.67544E+03   0.00000E+00  -0.37778E+05   0.00000E+00   0.46299E+10
  1.207   3.440    0.00000E+00   0.68395E+03   0.00000E+00  -0.37798E+05   0.00000E+00   0.46311E+10
  1.214   3.450    0.00000E+00   0.70745E+03   0.00000E+00  -0.37823E+05   0.00000E+00   0.46319E+10
  1.221   3.460    0.00000E+00   0.74555E+03   0.00000E+00  -0.37862E+05   0.00000E+00   0.46325E+10
  1.228   3.470    0.00000E+00   0.79239E+03   0.00000E+00  -0.37946E+05   0.00000E+00   0.46325E+10
  1.235   3.480    0.00000E+00   0.82345E+03   0.00000E+00  -0.38127E+05   0.00000E+00   0.46318E+10
  1.242   3.490    0.00000E+00   0.78398E+03   0.00000E+00  -0.38421E+05   0.00000E+00   0.46302E+10
  1.249   3.500    0.00000E+00   0.63944E+03   0.00000E+00  -0.38686E+05   0.00000E+00   0.46280E+10
  1.256   3.510    0.00000E+00   0.47089E+03   0.00000E+00  -0.38781E+05   0.00000E+00   0.46270E+10
  1.263   3.520    0.00000E+00   0.39078E+03   0.00000E+00  -0.38793E+05   0.00000E+00   0.46290E+10
  1.271   3.530    0.00000E+00   0.39094E+03   0.00000E+00  -0.38806E+05   0.00000E+00   0.46328E+10
  1.278   3.540    0.00000E+00   0.41687E+03   0.00000E+00  -0.38825E+05   0.00000E+00   0.46365E+10
  1.285   3.550    0.00000E+00   0.44491E+03   0.00000E+00  -0.38843E+05   0.00000E+00   0.46398E+10
  1.292   3.560    0.00000E+00   0.47093E+03   0.00000E+00  -0.38856E+05   0.00000E+00   0.46427E+10
  1.300   3.570    0.00000E+00   0.49697E+03   0.00000E+00  -0.38864E+05   0.00000E+00   0.46454E+10
  1.307   3.580    0.00000E+00   0.52606E+03   0.00000E+00  -0.38872E+05   0.00000E+00   0.46479E+10
  1.314   3.590    0.00000E+00   0.55712E+03   0.00000E+00  -0.38893E+05   0.00000E+00   0.46502E+10
  1.322   3.600    0.00000E+00   0.57955E+03   0.00000E+00  -0.38939E+05   0.00000E+00   0.46523E+10
  1.329   3.610    0.00000E+00   0.58778E+03   0.00000E+00  -0.38987E+05   0.00000E+00   0.46542E+10
  1.336   3.620    0.00000E+00   0.59686E+03   0.00000E+00  -0.39012E+05   0.00000E+00   0.46559E+10
  1.344   3.630    0.00000E+00   0.61390E+03   0.00000E+00  -0.39030E+05   0.00000E+00   0.46575E+10
  1.351   3.640    0.00000E+00   0.63709E+03   0.00000E+00  -0.39056E+05   0.00000E+00   0.46589E+10
  1.359   3.650    0.00000E+00   0.66493E+03   0.00000E+00  -0.39098E+05   0.00000E+00   0.46603E+10
  1.366   3.660    0.00000E+00   0.69569E+03   0.00000E+00  -0.39161E+05   0.00000E+00   0.46615E+10
  1.373   3.670    0.00000E+00   0.72602E+03   0.00000E+00  -0.39236E+05   0.00000E+00   0.46626E+10
  1.381   3.680    0.00000E+00   0.75447E+03   0.00000E+00  -0.39272E+05   0.00000E+00   0.46634E+10
  1.388   3.690    0.00000E+00   0.79768E+03   0.00000E+00  -0.39204E+05   0.00000E+00   0.46635E+10
  1.396   3.700    0.00000E+00   0.89016E+03   0.00000E+00  -0.39144E+05   0.00000E+00   0.46627E+10
  1.404   3.710    0.00000E+00   0.10525E+04   0.00000E+00  -0.39419E+05   0.00000E+00   0.46609E+10
  1.411   3.720    0.00000E+00   0.12443E+04   0.00000E+00  -0.40440E+05   0.00000E+00   0.46597E+10
  1.419   3.730    0.00000E+00   0.44909E+03   0.00000E+00  -0.40778E+05   0.00000E+00   0.46608E+10
  1.426   3.740    0.00000E+00  -0.60861E+03   0.00000E+00  -0.37584E+05   0.00000E+00   0.46630E+10
  1.434   3.750    0.00000E+00  -0.32705E+03   0.00000E+00  -0.37299E+05   0.00000E+00   0.46653E+10
  1.442   3.760    0.00000E+00  -0.10446E+03   0.00000E+00  -0.37501E+05   0.00000E+00   0.46673E+10
  1.449   3.770    0.00000E+00   0.27128E+02   0.00000E+00  -0.37670E+05   0.00000E+00   0.46692E+10
  1.457   3.780    0.00000E+00   0.10801E+03   0.00000E+00  -0.37778E+05   0.00000E+00   0.46710E+10
  1.465   3.790    0.00000E+00   0.15838E+03   0.00000E+00  -0.37833E+05   0.00000E+00   0.46725E+10
  1.472   3.800    0.00000E+00   0.18175E+03   0.00000E+00  -0.37861E+05   0.00000E+00   0.46739E+10
  1.480   3.810    0.00000E+00   0.18805E+03   0.00000E+00  -0.37984E+05   0.00000E+00   0.46752E+10
  1.488   3.820    0.00000E+00   0.20827E+03   0.00000E+00  -0.38201E+05   0.00000E+00   0.46764E+10
  1.496   3.830    0.00000E+00   0.23283E+03   0.00000E+00  -0.38366E+05   0.00000E+00   0.46775E+10
  1.504   3.840    0.00000E+00   0.24804E+03   0.00000E+00  -0.38458E+05   0.00000E+00   0.46787E+10
  1.511   3.850    0.00000E+00   0.25087E+03   0.00000E+00  -0.38494E+05   0.00000E+00   0.46800E+10
  1.519   3.860    0.00000E+00   0.24063E+03   0.00000E+00  -0.38490E+05   0.00000E+00   0.46812E+10
  1.527   3.870    0.00000E+00   0.21334E+03   0.00000E+00  -0.38449E+05   0.00000E+00   0.46823E+10
  1.535   3.880    0.00000E+00   0.15706E+03   0.00000E+00  -0.38378E+05   0.00000E+00   0.46830E+10
  1.543   3.890    0.00000E+00   0.61841E+02   0.00000E+00  -0.38346E+05   0.00000E+00   0.46828E+10
  1.551   3.900    0.00000E+00   0.17655E+02   0.00000E+00  -0.38604E+05   0.00000E+00   0.46808E+10
  1.559   3.910    0.00000E+00   0.19107E+03   0.00000E+00  -0.39115E+05   0.00000E+00   0.46774E+10
  1.567   3.920    0.00000E+00   0.32882E+03   0.00000E+00  -0.39263E+05   0.00000E+00   0.46771E+10
  1.575   3.930    0.00000E+00   0.35570E+03   0.00000E+00  -0.39158E+05   0.00000E+00   0.46797E+10
  1.583   3.940    0.00000E+00   0.35578E+03   0.00000E+00  -0.39055E+05   0.00000E+00   0.46819E+10
  1.591   3.950    0.00000E+00   0.35162E+03   0.00000E+00  -0.39012E+05   0.00000E+00   0.46837E+10
  1.599   3.960    0.00000E+00   0.35385E+03   0.00000E+00  -0.38999E+05   0.00000E+00   0.46855E+10
  1.607   3.970    0.00000E+00   0.38024E+03   0.00000E+00  -0.38823E+05   0.00000E+00   0.46872E+10
  1.615   3.980    0.00000E+00   0.41303E+03   0.00000E+00  -0.38310E+05   0.00000E+00   0.46889E+10
  1.623   3.990    0.00000E+00   0.39629E+03   0.00000E+00  -0.38097E+05   0.00000E+00   0.46905E+10
  1.632   4.000    0.00000E+00   0.36299E+03   0.00000E+00  -0.38131E+05   0.00000E+00   0.46919E+10
  1.640   4.010    0.00000E+00   0.32459E+03   0.00000E+00  -0.38180E+05   0.00000E+00   0.46932E+10
  1.648   4.020    0.00000E+00   0.27750E+03   0.00000E+00  -0.38178E+05   0.00000E+00   0.46945E+10
  1.656   4.030    0.00000E+00   0.22569E+03   0.00000E+00  -0.38128E+05   0.00000E+00   0.46957E+10
  1.664   4.040    0.00000E+00   0.18115E+03   0.00000E+00  -0.38032E+05   0.00000E+00   0.46969E+10
  1.673   4.050    0.00000E+00   0.15694E+03   0.00000E+00  -0.37937E+05   0.00000E+00   0.46981E+10
  1.681   4.060    0.00000E+00   0.15709E+03   0.00000E+00  -0.38069E+05   0.00000E+00   0.46991E+10
  1.689   4.070    0.00000E+00   0.16776E+03   0.00000E+00  -0.38378E+05   0.00000E+00   0.46998E+10
  1.697   4.080    0.00000E+00   0.18333E+03   0.00000E+00  -0.38704E+05   0.00000E+00   0.47000E+10
  1.706   4.090    0.00000E+00   0.21340E+03   0.00000E+00  -0.38971E+05   0.00000E+00   0.46992E+10
  1.714   4.100    0.00000E+00   0.25567E+03   0.00000E+00  -0.39097E+05   0.00000E+00   0.46974E+10
  1.723   4.110    0.00000E+00   0.27420E+03   0.00000E+00  -0.39115E+05   0.00000E+00   0.46950E+10
  1.731   4.120    0.00000E+00   0.26282E+03   0.00000E+00  -0.39121E+05   0.00000E+00   0.46921E+10
  1.739   4.130    0.00000E+00   0.33215E+03   0.00000E+00  -0.38986E+05   0.00000E+00   0.46899E+10
  1.748   4.140    0.00000E+00   0.50288E+03   0.00000E+00  -0.38672E+05   0.00000E+00   0.46973E+10
  1.756   4.150    0.00000E+00   0.52280E+03   0.00000E+00  -0.38501E+05   0.00000E+00   0.47013E+10
  1.765   4.160    0.00000E+00   0.50997E+03   0.00000E+00  -0.38405E+05   0.00000E+00   0.47035E+10
  1.773   4.170    0.00000E+00   0.48241E+03   0.00000E+00  -0.38412E+05   0.00000E+00   0.47052E+10
  1.782   4.180    0.00000E+00   0.44770E+03   0.00000E+00  -0.38512E+05   0.00000E+00   0.47067E+10
  1.790   4.190    0.00000E+00   0.41816E+03   0.00000E+00  -0.38639E+05   0.00000E+00   0.47082E+10
  1.799   4.200    0.00000E+00   0.40385E+03   0.00000E+00  -0.38704E+05   0.00000E+00   0.47095E+10
  1.807   4.210    0.00000E+00   0.40943E+03   0.00000E+00  -0.38551E+05   0.00000E+00   0.47109E+10
  1.816   4.220    0.00000E+00   0.39337E+03   0.00000E+00  -0.38198E+05   0.00000E+00   0.47122E+10
  1.825   4.230    0.00000E+00   0.36069E+03   0.00000E+00  -0.38253E+05   0.00000E+00   0.47135E+10
  1.833   4.240    0.00000E+00   0.35140E+03   0.00000E+00  -0.38453E+05   0.00000E+00   0.47147E+10
  1.842   4.250    0.00000E+00   0.35126E+03   0.00000E+00  -0.38601E+05   0.00000E+00   0.47158E+10
  1.851   4.260    0.00000E+00   0.35336E+03   0.00000E+00  -0.38659E+05   0.00000E+00   0.47169E+10
  1.859   4.270    0.00000E+00   0.35125E+03   0.00000E+00  -0.38630E+05   0.00000E+00   0.47178E+10
  1.868   4.280    0.00000E+00   0.32985E+03   0.00000E+00  -0.38705E+05   0.00000E+00   0.47186E+10
  1.877   4.290    0.00000E+00   0.34465E+03   0.00000E+00  -0.38916E+05   0.00000E+00   0.47187E+10
  1.885   4.300    0.00000E+00   0.42572E+03   0.00000E+00  -0.39040E+05   0.00000E+00   0.47165E+10
  1.894   4.310    0.00000E+00   0.46839E+03   0.00000E+00  -0.39242E+05   0.00000E+00   0.47084E+10
  1.903   4.320    0.00000E+00   0.48741E+03   0.00000E+00  -0.39310E+05   0.00000E+00   0.47065E+10
  1.912   4.330    0.00000E+00   0.51364E+03   0.00000E+00  -0.39054E+05   0.00000E+00   0.47110E+10
  1.921   4.340    0.00000E+00   0.50640E+03   0.00000E+00  -0.38839E+05   0.00000E+00   0.47144E+10
  1.930   4.350    0.00000E+00   0.46730E+03   0.00000E+00  -0.38631E+05   0.00000E+00   0.47169E+10
  1.938   4.360    0.00000E+00   0.39580E+03   0.00000E+00  -0.38466E+05   0.00000E+00   0.47187E+10
  1.947   4.370    0.00000E+00   0.30186E+03   0.00000E+00  -0.38331E+05   0.00000E+00   0.47202E+10
  1.956   4.380    0.00000E+00   0.22784E+03   0.00000E+00  -0.37945E+05   0.00000E+00   0.47215E+10
  1.965   4.390    0.00000E+00   0.25119E+03   0.00000E+00  -0.37546E+05   0.00000E+00   0.47225E+10
  1.974   4.400    0.00000E+00   0.31410E+03   0.00000E+00  -0.37407E+05   0.00000E+00   0.47235E+10
  1.983   4.410    0.00000E+00   0.38509E+03   0.00000E+00  -0.37515E+05   0.00000E+00   0.47244E+10
  1.992   4.420    0.00000E+00   0.43528E+03   0.00000E+00  -0.37814E+05   0.00000E+00   0.47253E+10
  2.001   4.430    0.00000E+00   0.46270E+03   0.00000E+00  -0.38043E+05   0.00000E+00   0.47261E+10
  2.010   4.440    0.00000E+00   0.48817E+03   0.00000E+00  -0.38209E+05   0.00000E+00   0.47270E+10
  2.019   4.450    0.00000E+00   0.51342E+03   0.00000E+00  -0.38447E+05   0.00000E+00   0.47278E+10
  2.028   4.460    0.00000E+00   0.48989E+03   0.00000E+00  -0.38871E+05   0.00000E+00   0.47274E+10
  2.037   4.470    0.00000E+00   0.45363E+03   0.00000E+00  -0.38845E+05   0.00000E+00   0.47241E+10
  2.047   4.480    0.00000E+00   0.41662E+03   0.00000E+00  -0.38942E+05   0.00000E+00   0.47238E+10
  2.056   4.490    0.00000E+00   0.39191E+03   0.00000E+00  -0.38985E+05   0.00000E+00   0.47233E+10
  2.065   4.500    0.00000E+00   0.37913E+03   0.00000E+00  -0.38980E+05   0.00000E+00   0.47221E+10
  2.074   4.510    0.00000E+00   0.36150E+03   0.00000E+00  -0.38995E+05   0.00000E+00   0.47209E+10
  2.083   4.520    0.00000E+00   0.33787E+03   0.00000E+00  -0.38995E+05   0.00000E+00   0.47203E+10
  2.093   4.530    0.00000E+00   0.29733E+03   0.00000E+00  -0.38736E+05   0.00000E+00   0.47213E+10
  2.102   4.540    0.00000E+00   0.33540E+03   0.00000E+00  -0.37485E+05   0.00000E+00   0.47236E+10
  2.111   4.550    0.00000E+00   0.40059E+03   0.00000E+00  -0.37662E+05   0.00000E+00   0.47259E+10
  2.120   4.560    0.00000E+00   0.41532E+03   0.00000E+00  -0.37846E+05   0.00000E+00   0.47275E+10
  2.130   4.570    0.00000E+00   0.43046E+03   0.00000E+00  -0.37833E+05   0.00000E+00   0.47286E+10
  2.139   4.580    0.00000E+00   0.45812E+03   0.00000E+00  -0.37637E+05   0.00000E+00   0.47297E+10
  2.148   4.590    0.00000E+00   0.48828E+03   0.00000E+00  -0.37610E+05   0.00000E+00   0.47306E+10
  2.158   4.600    0.00000E+00   0.40290E+03   0.00000E+00  -0.39068E+05   0.00000E+00   0.47313E+10
  2.167   4.610    0.00000E+00   0.41865E+03   0.00000E+00  -0.38999E+05   0.00000E+00   0.47318E+10
  2.177   4.620    0.00000E+00   0.44296E+03   0.00000E+00  -0.38942E+05   0.00000E+00   0.47320E+10
  2.186   4.630    0.00000E+00   0.46775E+03   0.00000E+00  -0.38943E+05   0.00000E+00   0.47323E+10
  2.195   4.640    0.00000E+00   0.50065E+03   0.00000E+00  -0.38965E+05   0.00000E+00   0.47325E+10
  2.205   4.650    0.00000E+00   0.49219E+03   0.00000E+00  -0.38965E+05   0.00000E+00   0.47316E+10
  2.214   4.660    0.00000E+00   0.35254E+03   0.00000E+00  -0.38861E+05   0.00000E+00   0.47298E+10
  2.224   4.670    0.00000E+00   0.35450E+03   0.00000E+00  -0.38840E+05   0.00000E+00   0.47305E+10
  2.233   4.680    0.00000E+00   0.35510E+03   0.00000E+00  -0.38815E+05   0.00000E+00   0.47309E+10
  2.243   4.690    0.00000E+00   0.37055E+03   0.00000E+00  -0.38898E+05   0.00000E+00   0.47300E+10
  2.253   4.700    0.00000E+00   0.38126E+03   0.00000E+00  -0.38921E+05   0.00000E+00   0.47277E+10
  2.262   4.710    0.00000E+00   0.40209E+03   0.00000E+00  -0.38831E+05   0.00000E+00   0.47282E+10
  2.272   4.720    0.00000E+00   0.45162E+03   0.00000E+00  -0.38853E+05   0.00000E+00   0.47326E+10
  2.281   4.730    0.00000E+00   0.43697E+03   0.00000E+00  -0.38835E+05   0.00000E+00   0.47351E+10
  2.291   4.740    0.00000E+00   0.34815E+03   0.00000E+00  -0.38640E+05   0.00000E+00   0.47366E+10
  2.301   4.750    0.00000E+00   0.33216E+03   0.00000E+00  -0.38780E+05   0.00000E+00   0.47376E+10
  2.310   4.760    0.00000E+00   0.37913E+03   0.00000E+00  -0.39146E+05   0.00000E+00   0.47382E+10
  2.320   4.770    0.00000E+00   0.49226E+03   0.00000E+00  -0.39298E+05   0.00000E+00   0.47388E+10
  2.330   4.780    0.00000E+00   0.54947E+03   0.00000E+00  -0.39013E+05   0.00000E+00   0.47395E+10
  2.340   4.790    0.00000E+00   0.56417E+03   0.00000E+00  -0.38812E+05   0.00000E+00   0.47402E+10
  2.349   4.800    0.00000E+00   0.65881E+03   0.00000E+00  -0.38766E+05   0.00000E+00   0.47410E+10
  2.359   4.810    0.00000E+00   0.43113E+03   0.00000E+00  -0.38752E+05   0.00000E+00   0.47421E+10
  2.369   4.820    0.00000E+00   0.34710E+03   0.00000E+00  -0.38680E+05   0.00000E+00   0.47432E+10
  2.379   4.830    0.00000E+00   0.32770E+03   0.00000E+00  -0.38489E+05   0.00000E+00   0.47431E+10
  2.389   4.840    0.00000E+00   0.14400E+03   0.00000E+00  -0.38488E+05   0.00000E+00   0.47362E+10
  2.399   4.850    0.00000E+00   0.29523E+03   0.00000E+00  -0.38797E+05   0.00000E+00   0.47389E+10
  2.409   4.860    0.00000E+00   0.37105E+03   0.00000E+00  -0.38985E+05   0.00000E+00   0.47405E+10
  2.418   4.870    0.00000E+00   0.42803E+03   0.00000E+00  -0.39421E+05   0.00000E+00   0.47409E+10
  2.428   4.880    0.00000E+00   0.56309E+03   0.00000E+00  -0.39463E+05   0.00000E+00   0.47419E+10
  2.438   4.890    0.00000E+00   0.50924E+03   0.00000E+00  -0.39052E+05   0.00000E+00   0.47436E+10
  2.448   4.900    0.00000E+00   0.43993E+03   0.00000E+00  -0.38850E+05   0.00000E+00   0.47444E+10
  2.458   4.910    0.00000E+00   0.40088E+03   0.00000E+00  -0.38786E+05   0.00000E+00   0.47448E+10
  2.468   4.920    0.00000E+00   0.36489E+03   0.00000E+00  -0.38982E+05   0.00000E+00   0.47452E+10
  2.478   4.930    0.00000E+00   0.31717E+03   0.00000E+00  -0.39095E+05   0.00000E+00   0.47457E+10
  2.488   4.940    0.00000E+00   0.32391E+03   0.00000E+00  -0.38744E+05   0.00000E+00   0.47463E+10
  2.499   4.950    0.00000E+00   0.23553E+03   0.00000E+00  -0.38703E+05   0.00000E+00   0.47471E+10
  2.509   4.960    0.00000E+00   0.25572E+03   0.00000E+00  -0.38683E+05   0.00000E+00   0.47478E+10
  2.519   4.970    0.00000E+00   0.29645E+03   0.00000E+00  -0.38797E+05   0.00000E+00   0.47484E+10
  2.529   4.980    0.00000E+00   0.33045E+03   0.00000E+00  -0.39040E+05   0.00000E+00   0.47488E+10
  2.539   4.990    0.00000E+00   0.35313E+03   0.00000E+00  -0.38932E+05   0.00000E+00   0.47487E+10
