  0.000   0.010    0.00000E+00   0.87751E+07   0.00000E+00   0.10843E+09   0.00000E+00  -0.64049E+03
  0.000   0.020    0.00000E+00   0.87761E+07   0.00000E+00   0.10844E+09   0.00000E+00  -0.64049E+03
  0.000   0.030    0.00000E+00   0.87777E+07   0.00000E+00   0.10846E+09   0.00000E+00  -0.64050E+03
  0.000   0.040    0.00000E+00   0.87800E+07   0.00000E+00   0.10849E+09   0.00000E+00  -0.64052E+03
  0.000   0.050    0.00000E+00   0.87829E+07   0.00000E+00   0.10853E+09   0.00000E+00  -0.64054E+03
  0.000   0.060    0.00000E+00   0.87865E+07   0.00000E+00   0.10858E+09   0.00000E+00  -0.64056E+03
  0.000   0.070    0.00000E+00   0.87908E+07   0.00000E+00   0.10864E+09   0.00000E+00  -0.64059E+03
  0.001   0.080    0.00000E+00   0.87958E+07   0.00000E+00   0.10870E+09   0.00000E+00  -0.64062E+03
  0.001   0.090    0.00000E+00   0.88015E+07   0.00000E+00   0.10878E+09   0.00000E+00  -0.64065E+03
  0.001   0.100    0.00000E+00   0.88080E+07   0.00000E+00   0.10887E+09   0.00000E+00  -0.64069E+03
  0.001   0.110    0.00000E+00   0.88153E+07   0.00000E+00   0.10897E+09   0.00000E+00  -0.64073E+03
  0.001   0.120    0.00000E+00   0.88235E+07   0.00000E+00   0.10908E+09   0.00000E+00  -0.64078E+03
  0.002   0.130    0.00000E+00   0.88326E+07   0.00000E+00   0.10920E+09   0.00000E+00  -0.64083E+03
  0.002   0.140    0.00000E+00   0.88425E+07   0.00000E+00   0.10933E+09   0.00000E+00  -0.64089E+03
  0.002   0.150    0.00000E+00   0.88535E+07   0.00000E+00   0.10948E+09   0.00000E+00  -0.64095E+03
  0.003   0.160    0.00000E+00   0.88655E+07   0.00000E+00   0.10964E+09   0.00000E+00  -0.64102E+03
  0.003   0.170    0.00000E+00   0.88787E+07   0.00000E+00   0.10982E+09   0.00000E+00  -0.64109E+03
  0.003   0.180    0.00000E+00   0.88930E+07   0.00000E+00   0.11001E+09   0.00000E+00  -0.64116E+03
  0.004   0.190    0.00000E+00   0.89084E+07   0.00000E+00   0.11022E+09   0.00000E+00  -0.64123E+03
  0.004   0.200    0.00000E+00   0.89251E+07   0.00000E+00   0.11045E+09   0.00000E+00  -0.64129E+03
  0.004   0.210    0.00000E+00   0.89431E+07   0.00000E+00   0.11069E+09   0.00000E+00  -0.64135E+03
  0.005   0.220    0.00000E+00   0.89624E+07   0.00000E+00   0.11096E+09   0.00000E+00  -0.64139E+03
  0.005   0.230    0.00000E+00   0.89830E+07   0.00000E+00   0.11124E+09   0.00000E+00  -0.64142E+03
  0.006   0.240    0.00000E+00   0.90049E+07   0.00000E+00   0.11155E+09   0.00000E+00  -0.64143E+03
  0.006   0.250    0.00000E+00   0.90283E+07   0.00000E+00   0.11188E+09   0.00000E+00  -0.64143E+03
  0.007   0.260    0.00000E+00   0.90531E+07   0.00000E+00   0.11223E+09   0.00000E+00  -0.64141E+03
  0.007   0.270    0.00000E+00   0.90794E+07   0.00000E+00   0.11262E+09   0.00000E+00  -0.64137E+03
  0.008   0.280    0.00000E+00   0.91072E+07   0.00000E+00   0.11302E+09   0.00000E+00  -0.64131E+03
  0.009   0.290    0.00000E+00   0.91364E+07   0.00000E+00   0.11346E+09   0.00000E+00  -0.64123E+03
  0.009   0.300    0.00000E+00   0.91670E+07   0.00000E+00   0.11392E+09   0.00000E+00  -0.64110E+03
  0.010   0.310    0.00000E+00   0.91987E+07   0.00000E+00   0.11440E+09   0.00000E+00  -0.64094E+03
  0.010   0.320    0.00000E+00   0.92316E+07   0.00000E+00   0.11492E+09   0.00000E+00  -0.64071E+03
  0.011   0.330    0.00000E+00   0.92654E+07   0.00000E+00   0.11545E+09   0.00000E+00  -0.64042E+03
  0.012   0.340    0.00000E+00   0.93000E+07   0.00000E+00   0.11602E+09   0.00000E+00  -0.64005E+03
  0.012   0.350    0.00000E+00   0.93351E+07   0.00000E+00   0.11660E+09   0.00000E+00  -0.63959E+03
  0.013   0.360    0.00000E+00   0.93706E+07   0.00000E+00   0.11721E+09   0.00000E+00  -0.63903E+03
  0.014   0.370    0.00000E+00   0.94061E+07   0.00000E+00   0.11783E+09   0.00000E+00  -0.63838E+03
  0.015   0.380    0.00000E+00   0.94415E+07   0.00000E+00   0.11847E+09   0.00000E+00  -0.63762E+03
  0.016   0.390    0.00000E+00   0.94764E+07   0.00000E+00   0.11912E+09   0.00000E+00  -0.63678E+03
  0.016   0.400    0.00000E+00   0.95105E+07   0.00000E+00   0.11977E+09   0.00000E+00  -0.63584E+03
  0.017   0.410    0.00000E+00   0.95434E+07   0.00000E+00   0.12042E+09   0.00000E+00  -0.63482E+03
  0.018   0.420    0.00000E+00   0.95748E+07   0.00000E+00   0.12107E+09   0.00000E+00  -0.63372E+03
  0.019   0.430    0.00000E+00   0.96041E+07   0.00000E+00   0.12169E+09   0.00000E+00  -0.63255E+03
  0.020   0.440    0.00000E+00   0.96308E+07   0.00000E+00   0.12230E+09   0.00000E+00  -0.63133E+03
  0.021   0.450    0.00000E+00   0.96546E+07   0.00000E+00   0.12286E+09   0.00000E+00  -0.63005E+03
  0.022   0.460    0.00000E+00   0.96747E+07   0.00000E+00   0.12338E+09   0.00000E+00  -0.62873E+03
  0.023   0.470    0.00000E+00   0.96909E+07   0.00000E+00   0.12385E+09   0.00000E+00  -0.62738E+03
  0.023   0.480    0.00000E+00   0.97024E+07   0.00000E+00   0.12424E+09   0.00000E+00  -0.62604E+03
  0.024   0.490    0.00000E+00   0.97089E+07   0.00000E+00   0.12455E+09   0.00000E+00  -0.62470E+03
  0.025   0.500    0.00000E+00   0.97100E+07   0.00000E+00   0.12477E+09   0.00000E+00  -0.62341E+03
  0.027   0.510    0.00000E+00   0.97053E+07   0.00000E+00   0.12488E+09   0.00000E+00  -0.62220E+03
  0.028   0.520    0.00000E+00   0.96945E+07   0.00000E+00   0.12488E+09   0.00000E+00  -0.62111E+03
  0.029   0.530    0.00000E+00   0.96773E+07   0.00000E+00   0.12474E+09   0.00000E+00  -0.62017E+03
  0.030   0.540    0.00000E+00   0.96537E+07   0.00000E+00   0.12447E+09   0.00000E+00  -0.61945E+03
  0.031   0.550    0.00000E+00   0.96236E+07   0.00000E+00   0.12404E+09   0.00000E+00  -0.61899E+03
  0.032   0.560    0.00000E+00   0.95870E+07   0.00000E+00   0.12346E+09   0.00000E+00  -0.61885E+03
  0.033   0.570    0.00000E+00   0.95442E+07   0.00000E+00   0.12273E+09   0.00000E+00  -0.61910E+03
  0.034   0.580    0.00000E+00   0.94955E+07   0.00000E+00   0.12182E+09   0.00000E+00  -0.61980E+03
  0.035   0.590    0.00000E+00   0.94412E+07   0.00000E+00   0.12076E+09   0.00000E+00  -0.62101E+03
  0.037   0.600    0.00000E+00   0.93818E+07   0.00000E+00   0.11953E+09   0.00000E+00  -0.62281E+03
  0.038   0.610    0.00000E+00   0.93179E+07   0.00000E+00   0.11814E+09   0.00000E+00  -0.62526E+03
  0.039   0.620    0.00000E+00   0.92504E+07   0.00000E+00   0.11660E+09   0.00000E+00  -0.62843E+03
  0.040   0.630    0.00000E+00   0.91798E+07   0.00000E+00   0.11492E+09   0.00000E+00  -0.63239E+03
  0.042   0.640    0.00000E+00   0.91072E+07   0.00000E+00   0.11311E+09   0.00000E+00  -0.63721E+03
  0.043   0.650    0.00000E+00   0.90334E+07   0.00000E+00   0.11118E+09   0.00000E+00  -0.64294E+03
  0.044   0.660    0.00000E+00   0.89594E+07   0.00000E+00   0.10916E+09   0.00000E+00  -0.64967E+03
  0.046   0.670    0.00000E+00   0.88862E+07   0.00000E+00   0.10706E+09   0.00000E+00  -0.65745E+03
  0.047   0.680    0.00000E+00   0.88148E+07   0.00000E+00   0.10489E+09   0.00000E+00  -0.66635E+03
  0.049   0.690    0.00000E+00   0.87463E+07   0.00000E+00   0.10268E+09   0.00000E+00  -0.67643E+03
  0.050   0.700    0.00000E+00   0.86817E+07   0.00000E+00   0.10046E+09   0.00000E+00  -0.68776E+03
  0.051   0.710    0.00000E+00   0.86219E+07   0.00000E+00   0.98244E+08   0.00000E+00  -0.70039E+03
  0.053   0.720    0.00000E+00   0.85682E+07   0.00000E+00   0.96056E+08   0.00000E+00  -0.71439E+03
  0.054   0.730    0.00000E+00   0.85214E+07   0.00000E+00   0.93921E+08   0.00000E+00  -0.72982E+03
  0.056   0.740    0.00000E+00   0.84826E+07   0.00000E+00   0.91863E+08   0.00000E+00  -0.74671E+03
  0.057   0.750    0.00000E+00   0.84529E+07   0.00000E+00   0.89905E+08   0.00000E+00  -0.76513E+03
  0.059   0.760    0.00000E+00   0.84332E+07   0.00000E+00   0.88072E+08   0.00000E+00  -0.78510E+03
  0.060   0.770    0.00000E+00   0.84247E+07   0.00000E+00   0.86386E+08   0.00000E+00  -0.80664E+03
  0.062   0.780    0.00000E+00   0.84285E+07   0.00000E+00   0.84869E+08   0.00000E+00  -0.82978E+03
  0.064   0.790    0.00000E+00   0.84455E+07   0.00000E+00   0.83545E+08   0.00000E+00  -0.85449E+03
  0.065   0.800    0.00000E+00   0.84770E+07   0.00000E+00   0.82435E+08   0.00000E+00  -0.88075E+03
  0.067   0.810    0.00000E+00   0.85242E+07   0.00000E+00   0.81561E+08   0.00000E+00  -0.90847E+03
  0.069   0.820    0.00000E+00   0.85880E+07   0.00000E+00   0.80943E+08   0.00000E+00  -0.93757E+03
  0.070   0.830    0.00000E+00   0.86697E+07   0.00000E+00   0.80602E+08   0.00000E+00  -0.96788E+03
  0.072   0.840    0.00000E+00   0.87704E+07   0.00000E+00   0.80557E+08   0.00000E+00  -0.99920E+03
  0.074   0.850    0.00000E+00   0.88910E+07   0.00000E+00   0.80829E+08   0.00000E+00  -0.10312E+04
  0.075   0.860    0.00000E+00   0.90324E+07   0.00000E+00   0.81437E+08   0.00000E+00  -0.10637E+04
  0.077   0.870    0.00000E+00   0.91953E+07   0.00000E+00   0.82398E+08   0.00000E+00  -0.10960E+04
  0.079   0.880    0.00000E+00   0.93798E+07   0.00000E+00   0.83729E+08   0.00000E+00  -0.11277E+04
  0.081   0.890    0.00000E+00   0.95858E+07   0.00000E+00   0.85443E+08   0.00000E+00  -0.11580E+04
  0.083   0.900    0.00000E+00   0.98123E+07   0.00000E+00   0.87550E+08   0.00000E+00  -0.11862E+04
  0.084   0.910    0.00000E+00   0.10057E+08   0.00000E+00   0.90051E+08   0.00000E+00  -0.12112E+04
  0.086   0.920    0.00000E+00   0.10317E+08   0.00000E+00   0.92939E+08   0.00000E+00  -0.12318E+04
  0.088   0.930    0.00000E+00   0.10587E+08   0.00000E+00   0.96188E+08   0.00000E+00  -0.12465E+04
  0.090   0.940    0.00000E+00   0.10858E+08   0.00000E+00   0.99751E+08   0.00000E+00  -0.12539E+04
  0.092   0.950    0.00000E+00   0.11120E+08   0.00000E+00   0.10355E+09   0.00000E+00  -0.12519E+04
  0.094   0.960    0.00000E+00   0.11359E+08   0.00000E+00   0.10747E+09   0.00000E+00  -0.12386E+04
  0.096   0.970    0.00000E+00   0.11558E+08   0.00000E+00   0.11136E+09   0.00000E+00  -0.12116E+04
  0.098   0.980    0.00000E+00   0.11696E+08   0.00000E+00   0.11500E+09   0.00000E+00  -0.11688E+04
  0.100   0.990    0.00000E+00   0.11751E+08   0.00000E+00   0.11816E+09   0.00000E+00  -0.11084E+04
  0.102   1.000    0.00000E+00   0.11705E+08   0.00000E+00   0.12056E+09   0.00000E+00  -0.10296E+04
  0.104   1.010    0.00000E+00   0.11544E+08   0.00000E+00   0.12197E+09   0.00000E+00  -0.93293E+03
  0.106   1.020    0.00000E+00   0.11264E+08   0.00000E+00   0.12220E+09   0.00000E+00  -0.82136E+03
  0.108   1.030    0.00000E+00   0.10871E+08   0.00000E+00   0.12118E+09   0.00000E+00  -0.69995E+03
  0.110   1.040    0.00000E+00   0.10387E+08   0.00000E+00   0.11896E+09   0.00000E+00  -0.57557E+03
  0.112   1.050    0.00000E+00   0.98403E+07   0.00000E+00   0.11571E+09   0.00000E+00  -0.45573E+03
  0.115   1.060    0.00000E+00   0.92627E+07   0.00000E+00   0.11170E+09   0.00000E+00  -0.34725E+03
  0.117   1.070    0.00000E+00   0.86856E+07   0.00000E+00   0.10721E+09   0.00000E+00  -0.25511E+03
  0.119   1.080    0.00000E+00   0.81341E+07   0.00000E+00   0.10252E+09   0.00000E+00  -0.18200E+03
  0.121   1.090    0.00000E+00   0.76261E+07   0.00000E+00   0.97884E+08   0.00000E+00  -0.12842E+03
  0.123   1.100    0.00000E+00   0.71720E+07   0.00000E+00   0.93457E+08   0.00000E+00  -0.93204E+02
  0.126   1.110    0.00000E+00   0.67763E+07   0.00000E+00   0.89358E+08   0.00000E+00  -0.74174E+02
  0.128   1.120    0.00000E+00   0.64387E+07   0.00000E+00   0.85648E+08   0.00000E+00  -0.68682E+02
  0.130   1.130    0.00000E+00   0.61562E+07   0.00000E+00   0.82351E+08   0.00000E+00  -0.74042E+02
  0.133   1.140    0.00000E+00   0.59243E+07   0.00000E+00   0.79462E+08   0.00000E+00  -0.87770E+02
  0.135   1.150    0.00000E+00   0.57376E+07   0.00000E+00   0.76961E+08   0.00000E+00  -0.10771E+03
  0.137   1.160    0.00000E+00   0.55904E+07   0.00000E+00   0.74817E+08   0.00000E+00  -0.13207E+03
  0.140   1.170    0.00000E+00   0.54776E+07   0.00000E+00   0.72992E+08   0.00000E+00  -0.15942E+03
  0.142   1.180    0.00000E+00   0.53941E+07   0.00000E+00   0.71451E+08   0.00000E+00  -0.18864E+03
  0.144   1.190    0.00000E+00   0.53356E+07   0.00000E+00   0.70157E+08   0.00000E+00  -0.21895E+03
  0.147   1.200    0.00000E+00   0.52979E+07   0.00000E+00   0.69077E+08   0.00000E+00  -0.24981E+03
  0.149   1.210    0.00000E+00   0.52778E+07   0.00000E+00   0.68180E+08   0.00000E+00  -0.28094E+03
  0.152   1.220    0.00000E+00   0.52722E+07   0.00000E+00   0.67443E+08   0.00000E+00  -0.31227E+03
  0.154   1.230    0.00000E+00   0.52786E+07   0.00000E+00   0.66843E+08   0.00000E+00  -0.34393E+03
  0.157   1.240    0.00000E+00   0.52951E+07   0.00000E+00   0.66364E+08   0.00000E+00  -0.37619E+03
  0.159   1.250    0.00000E+00   0.53200E+07   0.00000E+00   0.65993E+08   0.00000E+00  -0.40938E+03
  0.162   1.260    0.00000E+00   0.53523E+07   0.00000E+00   0.65722E+08   0.00000E+00  -0.44387E+03
  0.164   1.270    0.00000E+00   0.53912E+07   0.00000E+00   0.65545E+08   0.00000E+00  -0.47992E+03
  0.167   1.280    0.00000E+00   0.54361E+07   0.00000E+00   0.65456E+08   0.00000E+00  -0.51767E+03
  0.170   1.290    0.00000E+00   0.54868E+07   0.00000E+00   0.65454E+08   0.00000E+00  -0.55700E+03
  0.172   1.300    0.00000E+00   0.55432E+07   0.00000E+00   0.65537E+08   0.00000E+00  -0.59751E+03
  0.175   1.310    0.00000E+00   0.56052E+07   0.00000E+00   0.65701E+08   0.00000E+00  -0.63850E+03
  0.178   1.320    0.00000E+00   0.56727E+07   0.00000E+00   0.65946E+08   0.00000E+00  -0.67893E+03
  0.180   1.330    0.00000E+00   0.57453E+07   0.00000E+00   0.66267E+08   0.00000E+00  -0.71743E+03
  0.183   1.340    0.00000E+00   0.58228E+07   0.00000E+00   0.66662E+08   0.00000E+00  -0.75238E+03
  0.186   1.350    0.00000E+00   0.59044E+07   0.00000E+00   0.67125E+08   0.00000E+00  -0.78198E+03
  0.189   1.360    0.00000E+00   0.59891E+07   0.00000E+00   0.67650E+08   0.00000E+00  -0.80432E+03
  0.191   1.370    0.00000E+00   0.60753E+07   0.00000E+00   0.68229E+08   0.00000E+00  -0.81754E+03
  0.194   1.380    0.00000E+00   0.61608E+07   0.00000E+00   0.68850E+08   0.00000E+00  -0.81996E+03
  0.197   1.390    0.00000E+00   0.62428E+07   0.00000E+00   0.69498E+08   0.00000E+00  -0.81027E+03
  0.200   1.400    0.00000E+00   0.63177E+07   0.00000E+00   0.70155E+08   0.00000E+00  -0.78766E+03
  0.203   1.410    0.00000E+00   0.63812E+07   0.00000E+00   0.70798E+08   0.00000E+00  -0.75202E+03
  0.206   1.420    0.00000E+00   0.64287E+07   0.00000E+00   0.71400E+08   0.00000E+00  -0.70403E+03
  0.209   1.430    0.00000E+00   0.64556E+07   0.00000E+00   0.71934E+08   0.00000E+00  -0.64528E+03
  0.211   1.440    0.00000E+00   0.64578E+07   0.00000E+00   0.72371E+08   0.00000E+00  -0.57820E+03
  0.214   1.450    0.00000E+00   0.64328E+07   0.00000E+00   0.72691E+08   0.00000E+00  -0.50587E+03
  0.217   1.460    0.00000E+00   0.63795E+07   0.00000E+00   0.72880E+08   0.00000E+00  -0.43175E+03
  0.220   1.470    0.00000E+00   0.62992E+07   0.00000E+00   0.72934E+08   0.00000E+00  -0.35921E+03
  0.223   1.480    0.00000E+00   0.61947E+07   0.00000E+00   0.72860E+08   0.00000E+00  -0.29115E+03
  0.226   1.490    0.00000E+00   0.60701E+07   0.00000E+00   0.72677E+08   0.00000E+00  -0.22971E+03
  0.229   1.500    0.00000E+00   0.59298E+07   0.00000E+00   0.72404E+08   0.00000E+00  -0.17617E+03
  0.233   1.510    0.00000E+00   0.57781E+07   0.00000E+00   0.72065E+08   0.00000E+00  -0.13109E+03
  0.236   1.520    0.00000E+00   0.56183E+07   0.00000E+00   0.71682E+08   0.00000E+00  -0.94547E+02
  0.239   1.530    0.00000E+00   0.54530E+07   0.00000E+00   0.71273E+08   0.00000E+00  -0.66467E+02
  0.242   1.540    0.00000E+00   0.52843E+07   0.00000E+00   0.70853E+08   0.00000E+00  -0.46922E+02
  0.245   1.550    0.00000E+00   0.51143E+07   0.00000E+00   0.70435E+08   0.00000E+00  -0.36375E+02
  0.248   1.560    0.00000E+00   0.49457E+07   0.00000E+00   0.70032E+08   0.00000E+00  -0.35815E+02
  0.251   1.570    0.00000E+00   0.47825E+07   0.00000E+00   0.69658E+08   0.00000E+00  -0.46736E+02
  0.255   1.580    0.00000E+00   0.46300E+07   0.00000E+00   0.69328E+08   0.00000E+00  -0.70918E+02
  0.258   1.590    0.00000E+00   0.44949E+07   0.00000E+00   0.69061E+08   0.00000E+00  -0.10999E+03
  0.261   1.600    0.00000E+00   0.43836E+07   0.00000E+00   0.68874E+08   0.00000E+00  -0.16483E+03
  0.264   1.610    0.00000E+00   0.43018E+07   0.00000E+00   0.68780E+08   0.00000E+00  -0.23499E+03
  0.268   1.620    0.00000E+00   0.42523E+07   0.00000E+00   0.68784E+08   0.00000E+00  -0.31828E+03
  0.271   1.630    0.00000E+00   0.42353E+07   0.00000E+00   0.68884E+08   0.00000E+00  -0.41070E+03
  0.274   1.640    0.00000E+00   0.42477E+07   0.00000E+00   0.69071E+08   0.00000E+00  -0.50673E+03
  0.278   1.650    0.00000E+00   0.42848E+07   0.00000E+00   0.69329E+08   0.00000E+00  -0.60000E+03
  0.281   1.660    0.00000E+00   0.43409E+07   0.00000E+00   0.69642E+08   0.00000E+00  -0.68413E+03
  0.284   1.670    0.00000E+00   0.44104E+07   0.00000E+00   0.69992E+08   0.00000E+00  -0.75375E+03
  0.288   1.680    0.00000E+00   0.44885E+07   0.00000E+00   0.70367E+08   0.00000E+00  -0.80532E+03
  0.291   1.690    0.00000E+00   0.45710E+07   0.00000E+00   0.70752E+08   0.00000E+00  -0.83768E+03
  0.295   1.700    0.00000E+00   0.46547E+07   0.00000E+00   0.71141E+08   0.00000E+00  -0.85190E+03
  0.298   1.710    0.00000E+00   0.47373E+07   0.00000E+00   0.71524E+08   0.00000E+00  -0.85068E+03
  0.302   1.720    0.00000E+00   0.48172E+07   0.00000E+00   0.71897E+08   0.00000E+00  -0.83752E+03
  0.305   1.730    0.00000E+00   0.48930E+07   0.00000E+00   0.72257E+08   0.00000E+00  -0.81598E+03
  0.309   1.740    0.00000E+00   0.49640E+07   0.00000E+00   0.72601E+08   0.00000E+00  -0.78918E+03
  0.312   1.750    0.00000E+00   0.50296E+07   0.00000E+00   0.72927E+08   0.00000E+00  -0.75960E+03
  0.316   1.760    0.00000E+00   0.50897E+07   0.00000E+00   0.73235E+08   0.00000E+00  -0.72909E+03
  0.319   1.770    0.00000E+00   0.51443E+07   0.00000E+00   0.73525E+08   0.00000E+00  -0.69902E+03
  0.323   1.780    0.00000E+00   0.51935E+07   0.00000E+00   0.73799E+08   0.00000E+00  -0.67042E+03
  0.327   1.790    0.00000E+00   0.52381E+07   0.00000E+00   0.74058E+08   0.00000E+00  -0.64414E+03
  0.330   1.800    0.00000E+00   0.52787E+07   0.00000E+00   0.74305E+08   0.00000E+00  -0.62086E+03
  0.334   1.810    0.00000E+00   0.53165E+07   0.00000E+00   0.74546E+08   0.00000E+00  -0.60118E+03
  0.338   1.820    0.00000E+00   0.53525E+07   0.00000E+00   0.74782E+08   0.00000E+00  -0.58541E+03
  0.341   1.830    0.00000E+00   0.53880E+07   0.00000E+00   0.75017E+08   0.00000E+00  -0.57359E+03
  0.345   1.840    0.00000E+00   0.54236E+07   0.00000E+00   0.75254E+08   0.00000E+00  -0.56538E+03
  0.349   1.850    0.00000E+00   0.54602E+07   0.00000E+00   0.75494E+08   0.00000E+00  -0.56017E+03
  0.353   1.860    0.00000E+00   0.54978E+07   0.00000E+00   0.75735E+08   0.00000E+00  -0.55719E+03
  0.357   1.870    0.00000E+00   0.55367E+07   0.00000E+00   0.75978E+08   0.00000E+00  -0.55574E+03
  0.360   1.880    0.00000E+00   0.55767E+07   0.00000E+00   0.76221E+08   0.00000E+00  -0.55521E+03
  0.364   1.890    0.00000E+00   0.56176E+07   0.00000E+00   0.76464E+08   0.00000E+00  -0.55511E+03
  0.368   1.900    0.00000E+00   0.56592E+07   0.00000E+00   0.76705E+08   0.00000E+00  -0.55505E+03
  0.372   1.910    0.00000E+00   0.57010E+07   0.00000E+00   0.76944E+08   0.00000E+00  -0.55459E+03
  0.376   1.920    0.00000E+00   0.57426E+07   0.00000E+00   0.77177E+08   0.00000E+00  -0.55317E+03
  0.380   1.930    0.00000E+00   0.57832E+07   0.00000E+00   0.77404E+08   0.00000E+00  -0.55010E+03
  0.384   1.940    0.00000E+00   0.58217E+07   0.00000E+00   0.77620E+08   0.00000E+00  -0.54451E+03
  0.388   1.950    0.00000E+00   0.58566E+07   0.00000E+00   0.77823E+08   0.00000E+00  -0.53548E+03
  0.392   1.960    0.00000E+00   0.58860E+07   0.00000E+00   0.78007E+08   0.00000E+00  -0.52221E+03
  0.396   1.970    0.00000E+00   0.59074E+07   0.00000E+00   0.78165E+08   0.00000E+00  -0.50422E+03
  0.400   1.980    0.00000E+00   0.59179E+07   0.00000E+00   0.78290E+08   0.00000E+00  -0.48158E+03
  0.404   1.990    0.00000E+00   0.59144E+07   0.00000E+00   0.78374E+08   0.00000E+00  -0.45534E+03
  0.408   2.000    0.00000E+00   0.58942E+07   0.00000E+00   0.78410E+08   0.00000E+00  -0.42796E+03
  0.412   2.010    0.00000E+00   0.58561E+07   0.00000E+00   0.78396E+08   0.00000E+00  -0.40410E+03
  0.416   2.020    0.00000E+00   0.58018E+07   0.00000E+00   0.78337E+08   0.00000E+00  -0.39124E+03
  0.420   2.030    0.00000E+00   0.57372E+07   0.00000E+00   0.78251E+08   0.00000E+00  -0.39925E+03
  0.424   2.040    0.00000E+00   0.56717E+07   0.00000E+00   0.78164E+08   0.00000E+00  -0.43745E+03
  0.429   2.050    0.00000E+00   0.56152E+07   0.00000E+00   0.78102E+08   0.00000E+00  -0.50990E+03
  0.433   2.060    0.00000E+00   0.55737E+07   0.00000E+00   0.78081E+08   0.00000E+00  -0.61236E+03
  0.437   2.070    0.00000E+00   0.55484E+07   0.00000E+00   0.78104E+08   0.00000E+00  -0.73347E+03
  0.441   2.080    0.00000E+00   0.55368E+07   0.00000E+00   0.78163E+08   0.00000E+00  -0.85852E+03
  0.445   2.090    0.00000E+00   0.55352E+07   0.00000E+00   0.78248E+08   0.00000E+00  -0.97256E+03
  0.450   2.100    0.00000E+00   0.55402E+07   0.00000E+00   0.78349E+08   0.00000E+00  -0.10624E+04
  0.454   2.110    0.00000E+00   0.55490E+07   0.00000E+00   0.78459E+08   0.00000E+00  -0.11183E+04
  0.458   2.120    0.00000E+00   0.55598E+07   0.00000E+00   0.78572E+08   0.00000E+00  -0.11358E+04
  0.463   2.130    0.00000E+00   0.55716E+07   0.00000E+00   0.78687E+08   0.00000E+00  -0.11173E+04
  0.467   2.140    0.00000E+00   0.55836E+07   0.00000E+00   0.78801E+08   0.00000E+00  -0.10708E+04
  0.471   2.150    0.00000E+00   0.55955E+07   0.00000E+00   0.78913E+08   0.00000E+00  -0.10073E+04
  0.476   2.160    0.00000E+00   0.56072E+07   0.00000E+00   0.79024E+08   0.00000E+00  -0.93739E+03
  0.480   2.170    0.00000E+00   0.56187E+07   0.00000E+00   0.79133E+08   0.00000E+00  -0.86881E+03
  0.485   2.180    0.00000E+00   0.56304E+07   0.00000E+00   0.79241E+08   0.00000E+00  -0.80627E+03
  0.489   2.190    0.00000E+00   0.56423E+07   0.00000E+00   0.79349E+08   0.00000E+00  -0.75184E+03
  0.494   2.200    0.00000E+00   0.56548E+07   0.00000E+00   0.79457E+08   0.00000E+00  -0.70588E+03
  0.498   2.210    0.00000E+00   0.56679E+07   0.00000E+00   0.79565E+08   0.00000E+00  -0.66782E+03
  0.503   2.220    0.00000E+00   0.56815E+07   0.00000E+00   0.79674E+08   0.00000E+00  -0.63683E+03
  0.507   2.230    0.00000E+00   0.56949E+07   0.00000E+00   0.79781E+08   0.00000E+00  -0.61216E+03
  0.512   2.240    0.00000E+00   0.57068E+07   0.00000E+00   0.79885E+08   0.00000E+00  -0.59352E+03
  0.516   2.250    0.00000E+00   0.57154E+07   0.00000E+00   0.79982E+08   0.00000E+00  -0.58093E+03
  0.521   2.260    0.00000E+00   0.57195E+07   0.00000E+00   0.80071E+08   0.00000E+00  -0.57432E+03
  0.525   2.270    0.00000E+00   0.57189E+07   0.00000E+00   0.80152E+08   0.00000E+00  -0.57299E+03
  0.530   2.280    0.00000E+00   0.57148E+07   0.00000E+00   0.80225E+08   0.00000E+00  -0.57566E+03
  0.535   2.290    0.00000E+00   0.57086E+07   0.00000E+00   0.80294E+08   0.00000E+00  -0.58105E+03
  0.539   2.300    0.00000E+00   0.57010E+07   0.00000E+00   0.80358E+08   0.00000E+00  -0.58826E+03
  0.544   2.310    0.00000E+00   0.56914E+07   0.00000E+00   0.80417E+08   0.00000E+00  -0.59682E+03
  0.549   2.320    0.00000E+00   0.56788E+07   0.00000E+00   0.80470E+08   0.00000E+00  -0.60636E+03
  0.554   2.330    0.00000E+00   0.56616E+07   0.00000E+00   0.80514E+08   0.00000E+00  -0.61623E+03
  0.558   2.340    0.00000E+00   0.56392E+07   0.00000E+00   0.80549E+08   0.00000E+00  -0.62509E+03
  0.563   2.350    0.00000E+00   0.56121E+07   0.00000E+00   0.80577E+08   0.00000E+00  -0.63084E+03
  0.568   2.360    0.00000E+00   0.55836E+07   0.00000E+00   0.80601E+08   0.00000E+00  -0.63154E+03
  0.573   2.370    0.00000E+00   0.55584E+07   0.00000E+00   0.80627E+08   0.00000E+00  -0.62732E+03
  0.578   2.380    0.00000E+00   0.55414E+07   0.00000E+00   0.80662E+08   0.00000E+00  -0.62153E+03
  0.582   2.390    0.00000E+00   0.55353E+07   0.00000E+00   0.80708E+08   0.00000E+00  -0.61934E+03
  0.587   2.400    0.00000E+00   0.55404E+07   0.00000E+00   0.80766E+08   0.00000E+00  -0.62450E+03
  0.592   2.410    0.00000E+00   0.55553E+07   0.00000E+00   0.80834E+08   0.00000E+00  -0.63733E+03
  0.597   2.420    0.00000E+00   0.55781E+07   0.00000E+00   0.80911E+08   0.00000E+00  -0.65525E+03
  0.602   2.430    0.00000E+00   0.56062E+07   0.00000E+00   0.80994E+08   0.00000E+00  -0.67463E+03
  0.607   2.440    0.00000E+00   0.56371E+07   0.00000E+00   0.81080E+08   0.00000E+00  -0.69252E+03
  0.612   2.450    0.00000E+00   0.56683E+07   0.00000E+00   0.81165E+08   0.00000E+00  -0.70766E+03
  0.617   2.460    0.00000E+00   0.56982E+07   0.00000E+00   0.81247E+08   0.00000E+00  -0.72063E+03
  0.622   2.470    0.00000E+00   0.57257E+07   0.00000E+00   0.81325E+08   0.00000E+00  -0.73311E+03
  0.627   2.480    0.00000E+00   0.57506E+07   0.00000E+00   0.81397E+08   0.00000E+00  -0.74698E+03
  0.632   2.490    0.00000E+00   0.57730E+07   0.00000E+00   0.81464E+08   0.00000E+00  -0.76369E+03
  0.637   2.500    0.00000E+00   0.57935E+07   0.00000E+00   0.81526E+08   0.00000E+00  -0.78398E+03
  0.642   2.510    0.00000E+00   0.58126E+07   0.00000E+00   0.81583E+08   0.00000E+00  -0.80811E+03
  0.648   2.520    0.00000E+00   0.58311E+07   0.00000E+00   0.81635E+08   0.00000E+00  -0.83617E+03
  0.653   2.530    0.00000E+00   0.58498E+07   0.00000E+00   0.81683E+08   0.00000E+00  -0.86807E+03
  0.658   2.540    0.00000E+00   0.58702E+07   0.00000E+00   0.81727E+08   0.00000E+00  -0.90211E+03
  0.663   2.550    0.00000E+00   0.58940E+07   0.00000E+00   0.81769E+08   0.00000E+00  -0.93032E+03
  0.668   2.560    0.00000E+00   0.59225E+07   0.00000E+00   0.81819E+08   0.00000E+00  -0.93178E+03
  0.674   2.570    0.00000E+00   0.59527E+07   0.00000E+00   0.81888E+08   0.00000E+00  -0.88068E+03
  0.679   2.580    0.00000E+00   0.59770E+07   0.00000E+00   0.81980E+08   0.00000E+00  -0.78426E+03
  0.684   2.590    0.00000E+00   0.59912E+07   0.00000E+00   0.82078E+08   0.00000E+00  -0.68642E+03
  0.689   2.600    0.00000E+00   0.59978E+07   0.00000E+00   0.82167E+08   0.00000E+00  -0.61525E+03
  0.695   2.610    0.00000E+00   0.60006E+07   0.00000E+00   0.82245E+08   0.00000E+00  -0.56970E+03
  0.700   2.620    0.00000E+00   0.60017E+07   0.00000E+00   0.82313E+08   0.00000E+00  -0.53972E+03
  0.705   2.630    0.00000E+00   0.60015E+07   0.00000E+00   0.82375E+08   0.00000E+00  -0.51781E+03
  0.711   2.640    0.00000E+00   0.59998E+07   0.00000E+00   0.82434E+08   0.00000E+00  -0.50088E+03
  0.716   2.650    0.00000E+00   0.59959E+07   0.00000E+00   0.82489E+08   0.00000E+00  -0.48937E+03
  0.722   2.660    0.00000E+00   0.59889E+07   0.00000E+00   0.82540E+08   0.00000E+00  -0.48566E+03
  0.727   2.670    0.00000E+00   0.59782E+07   0.00000E+00   0.82585E+08   0.00000E+00  -0.49260E+03
  0.732   2.680    0.00000E+00   0.59637E+07   0.00000E+00   0.82623E+08   0.00000E+00  -0.51177E+03
  0.738   2.690    0.00000E+00   0.59461E+07   0.00000E+00   0.82652E+08   0.00000E+00  -0.54198E+03
  0.743   2.700    0.00000E+00   0.59269E+07   0.00000E+00   0.82669E+08   0.00000E+00  -0.57858E+03
  0.749   2.710    0.00000E+00   0.59077E+07   0.00000E+00   0.82678E+08   0.00000E+00  -0.61445E+03
  0.754   2.720    0.00000E+00   0.58906E+07   0.00000E+00   0.82679E+08   0.00000E+00  -0.64232E+03
  0.760   2.730    0.00000E+00   0.58768E+07   0.00000E+00   0.82676E+08   0.00000E+00  -0.65800E+03
  0.766   2.740    0.00000E+00   0.58677E+07   0.00000E+00   0.82673E+08   0.00000E+00  -0.66331E+03
  0.771   2.750    0.00000E+00   0.58641E+07   0.00000E+00   0.82674E+08   0.00000E+00  -0.66488E+03
  0.777   2.760    0.00000E+00   0.58661E+07   0.00000E+00   0.82682E+08   0.00000E+00  -0.66814E+03
  0.782   2.770    0.00000E+00   0.58731E+07   0.00000E+00   0.82697E+08   0.00000E+00  -0.67333E+03
  0.788   2.780    0.00000E+00   0.58841E+07   0.00000E+00   0.82720E+08   0.00000E+00  -0.67789E+03
  0.794   2.790    0.00000E+00   0.58980E+07   0.00000E+00   0.82750E+08   0.00000E+00  -0.68001E+03
  0.799   2.800    0.00000E+00   0.59134E+07   0.00000E+00   0.82785E+08   0.00000E+00  -0.67961E+03
  0.805   2.810    0.00000E+00   0.59293E+07   0.00000E+00   0.82823E+08   0.00000E+00  -0.67738E+03
  0.811   2.820    0.00000E+00   0.59451E+07   0.00000E+00   0.82863E+08   0.00000E+00  -0.67379E+03
  0.817   2.830    0.00000E+00   0.59600E+07   0.00000E+00   0.82903E+08   0.00000E+00  -0.66837E+03
  0.822   2.840    0.00000E+00   0.59737E+07   0.00000E+00   0.82944E+08   0.00000E+00  -0.65945E+03
  0.828   2.850    0.00000E+00   0.59856E+07   0.00000E+00   0.82984E+08   0.00000E+00  -0.64494E+03
  0.834   2.860    0.00000E+00   0.59957E+07   0.00000E+00   0.83022E+08   0.00000E+00  -0.62532E+03
  0.840   2.870    0.00000E+00   0.60042E+07   0.00000E+00   0.83059E+08   0.00000E+00  -0.60503E+03
  0.846   2.880    0.00000E+00   0.60117E+07   0.00000E+00   0.83095E+08   0.00000E+00  -0.58788E+03
  0.852   2.890    0.00000E+00   0.60182E+07   0.00000E+00   0.83129E+08   0.00000E+00  -0.57360E+03
  0.858   2.900    0.00000E+00   0.60237E+07   0.00000E+00   0.83162E+08   0.00000E+00  -0.55975E+03
  0.864   2.910    0.00000E+00   0.60281E+07   0.00000E+00   0.83194E+08   0.00000E+00  -0.54394E+03
  0.869   2.920    0.00000E+00   0.60311E+07   0.00000E+00   0.83225E+08   0.00000E+00  -0.52409E+03
  0.875   2.930    0.00000E+00   0.60319E+07   0.00000E+00   0.83256E+08   0.00000E+00  -0.49759E+03
  0.881   2.940    0.00000E+00   0.60294E+07   0.00000E+00   0.83287E+08   0.00000E+00  -0.46048E+03
  0.887   2.950    0.00000E+00   0.60219E+07   0.00000E+00   0.83320E+08   0.00000E+00  -0.40975E+03
  0.893   2.960    0.00000E+00   0.60094E+07   0.00000E+00   0.83356E+08   0.00000E+00  -0.35444E+03
  0.899   2.970    0.00000E+00   0.59948E+07   0.00000E+00   0.83397E+08   0.00000E+00  -0.33125E+03
  0.906   2.980    0.00000E+00   0.59839E+07   0.00000E+00   0.83438E+08   0.00000E+00  -0.38563E+03
  0.912   2.990    0.00000E+00   0.59802E+07   0.00000E+00   0.83471E+08   0.00000E+00  -0.51422E+03
  0.918   3.000    0.00000E+00   0.59831E+07   0.00000E+00   0.83496E+08   0.00000E+00  -0.65852E+03
  0.924   3.010    0.00000E+00   0.59904E+07   0.00000E+00   0.83517E+08   0.00000E+00  -0.75682E+03
  0.930   3.020    0.00000E+00   0.60005E+07   0.00000E+00   0.83536E+08   0.00000E+00  -0.78916E+03
  0.936   3.030    0.00000E+00   0.60118E+07   0.00000E+00   0.83554E+08   0.00000E+00  -0.77723E+03
  0.942   3.040    0.00000E+00   0.60237E+07   0.00000E+00   0.83570E+08   0.00000E+00  -0.74785E+03
  0.949   3.050    0.00000E+00   0.60358E+07   0.00000E+00   0.83584E+08   0.00000E+00  -0.71609E+03
  0.955   3.060    0.00000E+00   0.60474E+07   0.00000E+00   0.83600E+08   0.00000E+00  -0.68979E+03
  0.961   3.070    0.00000E+00   0.60579E+07   0.00000E+00   0.83621E+08   0.00000E+00  -0.67108E+03
  0.967   3.080    0.00000E+00   0.60669E+07   0.00000E+00   0.83647E+08   0.00000E+00  -0.65766E+03
  0.974   3.090    0.00000E+00   0.60747E+07   0.00000E+00   0.83676E+08   0.00000E+00  -0.64683E+03
  0.980   3.100    0.00000E+00   0.60817E+07   0.00000E+00   0.83707E+08   0.00000E+00  -0.63771E+03
  0.986   3.110    0.00000E+00   0.60882E+07   0.00000E+00   0.83739E+08   0.00000E+00  -0.63104E+03
  0.993   3.120    0.00000E+00   0.60951E+07   0.00000E+00   0.83771E+08   0.00000E+00  -0.62809E+03
  0.999   3.130    0.00000E+00   0.61031E+07   0.00000E+00   0.83803E+08   0.00000E+00  -0.62802E+03
  1.005   3.140    0.00000E+00   0.61119E+07   0.00000E+00   0.83833E+08   0.00000E+00  -0.62673E+03
  1.012   3.150    0.00000E+00   0.61210E+07   0.00000E+00   0.83863E+08   0.00000E+00  -0.62212E+03
  1.018   3.160    0.00000E+00   0.61298E+07   0.00000E+00   0.83892E+08   0.00000E+00  -0.61583E+03
  1.025   3.170    0.00000E+00   0.61385E+07   0.00000E+00   0.83921E+08   0.00000E+00  -0.60969E+03
  1.031   3.180    0.00000E+00   0.61470E+07   0.00000E+00   0.83949E+08   0.00000E+00  -0.60424E+03
  1.038   3.190    0.00000E+00   0.61554E+07   0.00000E+00   0.83975E+08   0.00000E+00  -0.59906E+03
  1.044   3.200    0.00000E+00   0.61633E+07   0.00000E+00   0.83996E+08   0.00000E+00  -0.59312E+03
  1.051   3.210    0.00000E+00   0.61695E+07   0.00000E+00   0.84012E+08   0.00000E+00  -0.58511E+03
  1.057   3.220    0.00000E+00   0.61716E+07   0.00000E+00   0.84018E+08   0.00000E+00  -0.57420E+03
  1.064   3.230    0.00000E+00   0.61643E+07   0.00000E+00   0.84006E+08   0.00000E+00  -0.56285E+03
  1.070   3.240    0.00000E+00   0.61403E+07   0.00000E+00   0.83969E+08   0.00000E+00  -0.56644E+03
  1.077   3.250    0.00000E+00   0.61019E+07   0.00000E+00   0.83924E+08   0.00000E+00  -0.62184E+03
  1.084   3.260    0.00000E+00   0.60719E+07   0.00000E+00   0.83911E+08   0.00000E+00  -0.73461E+03
  1.090   3.270    0.00000E+00   0.60619E+07   0.00000E+00   0.83935E+08   0.00000E+00  -0.82614E+03
  1.097   3.280    0.00000E+00   0.60643E+07   0.00000E+00   0.83975E+08   0.00000E+00  -0.84651E+03
  1.104   3.290    0.00000E+00   0.60711E+07   0.00000E+00   0.84015E+08   0.00000E+00  -0.83641E+03
  1.110   3.300    0.00000E+00   0.60781E+07   0.00000E+00   0.84049E+08   0.00000E+00  -0.82829E+03
  1.117   3.310    0.00000E+00   0.60833E+07   0.00000E+00   0.84065E+08   0.00000E+00  -0.82001E+03
  1.124   3.320    0.00000E+00   0.60853E+07   0.00000E+00   0.84043E+08   0.00000E+00  -0.79133E+03
  1.131   3.330    0.00000E+00   0.60874E+07   0.00000E+00   0.83970E+08   0.00000E+00  -0.71878E+03
  1.138   3.340    0.00000E+00   0.60982E+07   0.00000E+00   0.83926E+08   0.00000E+00  -0.64333E+03
  1.144   3.350    0.00000E+00   0.61137E+07   0.00000E+00   0.83961E+08   0.00000E+00  -0.61888E+03
  1.151   3.360    0.00000E+00   0.61267E+07   0.00000E+00   0.84019E+08   0.00000E+00  -0.62158E+03
  1.158   3.370    0.00000E+00   0.61366E+07   0.00000E+00   0.84068E+08   0.00000E+00  -0.62904E+03
  1.165   3.380    0.00000E+00   0.61450E+07   0.00000E+00   0.84104E+08   0.00000E+00  -0.63651E+03
  1.172   3.390    0.00000E+00   0.61530E+07   0.00000E+00   0.84129E+08   0.00000E+00  -0.64449E+03
  1.179   3.400    0.00000E+00   0.61614E+07   0.00000E+00   0.84151E+08   0.00000E+00  -0.65216E+03
  1.186   3.410    0.00000E+00   0.61693E+07   0.00000E+00   0.84177E+08   0.00000E+00  -0.65603E+03
  1.193   3.420    0.00000E+00   0.61760E+07   0.00000E+00   0.84205E+08   0.00000E+00  -0.65560E+03
  1.200   3.430    0.00000E+00   0.61817E+07   0.00000E+00   0.84231E+08   0.00000E+00  -0.65370E+03
  1.207   3.440    0.00000E+00   0.61870E+07   0.00000E+00   0.84253E+08   0.00000E+00  -0.65229E+03
  1.214   3.450    0.00000E+00   0.61919E+07   0.00000E+00   0.84270E+08   0.00000E+00  -0.65179E+03
  1.221   3.460    0.00000E+00   0.61963E+07   0.00000E+00   0.84283E+08   0.00000E+00  -0.65168E+03
  1.228   3.470    0.00000E+00   0.61991E+07   0.00000E+00   0.84290E+08   0.00000E+00  -0.65012E+03
  1.235   3.480    0.00000E+00   0.61985E+07   0.00000E+00   0.84290E+08   0.00000E+00  -0.64244E+03
  1.242   3.490    0.00000E+00   0.61930E+07   0.00000E+00   0.84290E+08   0.00000E+00  -0.62211E+03
  1.249   3.500    0.00000E+00   0.61846E+07   0.00000E+00   0.84302E+08   0.00000E+00  -0.59252E+03
  1.256   3.510    0.00000E+00   0.61790E+07   0.00000E+00   0.84330E+08   0.00000E+00  -0.57156E+03
  1.263   3.520    0.00000E+00   0.61781E+07   0.00000E+00   0.84361E+08   0.00000E+00  -0.57451E+03
  1.271   3.530    0.00000E+00   0.61801E+07   0.00000E+00   0.84388E+08   0.00000E+00  -0.59237E+03
  1.278   3.540    0.00000E+00   0.61835E+07   0.00000E+00   0.84410E+08   0.00000E+00  -0.60918E+03
  1.285   3.550    0.00000E+00   0.61877E+07   0.00000E+00   0.84430E+08   0.00000E+00  -0.62070E+03
  1.292   3.560    0.00000E+00   0.61925E+07   0.00000E+00   0.84448E+08   0.00000E+00  -0.62794E+03
  1.300   3.570    0.00000E+00   0.61981E+07   0.00000E+00   0.84465E+08   0.00000E+00  -0.63238E+03
  1.307   3.580    0.00000E+00   0.62047E+07   0.00000E+00   0.84481E+08   0.00000E+00  -0.63538E+03
  1.314   3.590    0.00000E+00   0.62124E+07   0.00000E+00   0.84496E+08   0.00000E+00  -0.63862E+03
  1.322   3.600    0.00000E+00   0.62198E+07   0.00000E+00   0.84507E+08   0.00000E+00  -0.64311E+03
  1.329   3.610    0.00000E+00   0.62251E+07   0.00000E+00   0.84515E+08   0.00000E+00  -0.64559E+03
  1.336   3.620    0.00000E+00   0.62290E+07   0.00000E+00   0.84524E+08   0.00000E+00  -0.64393E+03
  1.344   3.630    0.00000E+00   0.62329E+07   0.00000E+00   0.84534E+08   0.00000E+00  -0.64142E+03
  1.351   3.640    0.00000E+00   0.62373E+07   0.00000E+00   0.84545E+08   0.00000E+00  -0.64015E+03
  1.359   3.650    0.00000E+00   0.62423E+07   0.00000E+00   0.84555E+08   0.00000E+00  -0.64018E+03
  1.366   3.660    0.00000E+00   0.62478E+07   0.00000E+00   0.84563E+08   0.00000E+00  -0.64095E+03
  1.373   3.670    0.00000E+00   0.62533E+07   0.00000E+00   0.84567E+08   0.00000E+00  -0.64175E+03
  1.381   3.680    0.00000E+00   0.62572E+07   0.00000E+00   0.84562E+08   0.00000E+00  -0.64341E+03
  1.388   3.690    0.00000E+00   0.62580E+07   0.00000E+00   0.84547E+08   0.00000E+00  -0.65145E+03
  1.396   3.700    0.00000E+00   0.62591E+07   0.00000E+00   0.84523E+08   0.00000E+00  -0.65933E+03
  1.404   3.710    0.00000E+00   0.62672E+07   0.00000E+00   0.84478E+08   0.00000E+00  -0.61801E+03
  1.411   3.720    0.00000E+00   0.62811E+07   0.00000E+00   0.84385E+08   0.00000E+00  -0.54358E+03
  1.419   3.730    0.00000E+00   0.61948E+07   0.00000E+00   0.84395E+08   0.00000E+00  -0.36950E+03
  1.426   3.740    0.00000E+00   0.60956E+07   0.00000E+00   0.84744E+08   0.00000E+00  -0.27586E+03
  1.434   3.750    0.00000E+00   0.61285E+07   0.00000E+00   0.84791E+08   0.00000E+00  -0.42525E+03
  1.442   3.760    0.00000E+00   0.61541E+07   0.00000E+00   0.84789E+08   0.00000E+00  -0.51853E+03
  1.449   3.770    0.00000E+00   0.61711E+07   0.00000E+00   0.84788E+08   0.00000E+00  -0.57032E+03
  1.457   3.780    0.00000E+00   0.61833E+07   0.00000E+00   0.84790E+08   0.00000E+00  -0.60109E+03
  1.465   3.790    0.00000E+00   0.61927E+07   0.00000E+00   0.84796E+08   0.00000E+00  -0.62531E+03
  1.472   3.800    0.00000E+00   0.61996E+07   0.00000E+00   0.84805E+08   0.00000E+00  -0.65517E+03
  1.480   3.810    0.00000E+00   0.62049E+07   0.00000E+00   0.84809E+08   0.00000E+00  -0.67870E+03
  1.488   3.820    0.00000E+00   0.62104E+07   0.00000E+00   0.84807E+08   0.00000E+00  -0.67696E+03
  1.496   3.830    0.00000E+00   0.62159E+07   0.00000E+00   0.84810E+08   0.00000E+00  -0.67104E+03
  1.504   3.840    0.00000E+00   0.62208E+07   0.00000E+00   0.84818E+08   0.00000E+00  -0.66902E+03
  1.511   3.850    0.00000E+00   0.62249E+07   0.00000E+00   0.84828E+08   0.00000E+00  -0.66962E+03
  1.519   3.860    0.00000E+00   0.62278E+07   0.00000E+00   0.84841E+08   0.00000E+00  -0.67112E+03
  1.527   3.870    0.00000E+00   0.62290E+07   0.00000E+00   0.84858E+08   0.00000E+00  -0.67277E+03
  1.535   3.880    0.00000E+00   0.62265E+07   0.00000E+00   0.84882E+08   0.00000E+00  -0.67581E+03
  1.543   3.890    0.00000E+00   0.62173E+07   0.00000E+00   0.84908E+08   0.00000E+00  -0.68753E+03
  1.551   3.900    0.00000E+00   0.62049E+07   0.00000E+00   0.84915E+08   0.00000E+00  -0.71102E+03
  1.559   3.910    0.00000E+00   0.62076E+07   0.00000E+00   0.84891E+08   0.00000E+00  -0.66371E+03
  1.567   3.920    0.00000E+00   0.62187E+07   0.00000E+00   0.84873E+08   0.00000E+00  -0.54164E+03
  1.575   3.930    0.00000E+00   0.62265E+07   0.00000E+00   0.84865E+08   0.00000E+00  -0.51148E+03
  1.583   3.940    0.00000E+00   0.62314E+07   0.00000E+00   0.84862E+08   0.00000E+00  -0.53249E+03
  1.591   3.950    0.00000E+00   0.62345E+07   0.00000E+00   0.84856E+08   0.00000E+00  -0.55948E+03
  1.599   3.960    0.00000E+00   0.62360E+07   0.00000E+00   0.84843E+08   0.00000E+00  -0.58970E+03
  1.607   3.970    0.00000E+00   0.62369E+07   0.00000E+00   0.84813E+08   0.00000E+00  -0.62675E+03
  1.615   3.980    0.00000E+00   0.62420E+07   0.00000E+00   0.84812E+08   0.00000E+00  -0.62486E+03
  1.623   3.990    0.00000E+00   0.62482E+07   0.00000E+00   0.84855E+08   0.00000E+00  -0.59994E+03
  1.632   4.000    0.00000E+00   0.62520E+07   0.00000E+00   0.84889E+08   0.00000E+00  -0.60324E+03
  1.640   4.010    0.00000E+00   0.62550E+07   0.00000E+00   0.84915E+08   0.00000E+00  -0.62178E+03
  1.648   4.020    0.00000E+00   0.62580E+07   0.00000E+00   0.84937E+08   0.00000E+00  -0.64361E+03
  1.656   4.030    0.00000E+00   0.62607E+07   0.00000E+00   0.84955E+08   0.00000E+00  -0.66268E+03
  1.664   4.040    0.00000E+00   0.62627E+07   0.00000E+00   0.84969E+08   0.00000E+00  -0.67490E+03
  1.673   4.050    0.00000E+00   0.62643E+07   0.00000E+00   0.84985E+08   0.00000E+00  -0.67665E+03
  1.681   4.060    0.00000E+00   0.62662E+07   0.00000E+00   0.85011E+08   0.00000E+00  -0.67430E+03
  1.689   4.070    0.00000E+00   0.62681E+07   0.00000E+00   0.85039E+08   0.00000E+00  -0.67753E+03
  1.697   4.080    0.00000E+00   0.62671E+07   0.00000E+00   0.85061E+08   0.00000E+00  -0.68515E+03
  1.706   4.090    0.00000E+00   0.62576E+07   0.00000E+00   0.85062E+08   0.00000E+00  -0.69297E+03
  1.714   4.100    0.00000E+00   0.62391E+07   0.00000E+00   0.85019E+08   0.00000E+00  -0.69545E+03
  1.723   4.110    0.00000E+00   0.62255E+07   0.00000E+00   0.84955E+08   0.00000E+00  -0.68971E+03
  1.731   4.120    0.00000E+00   0.62224E+07   0.00000E+00   0.84909E+08   0.00000E+00  -0.67738E+03
  1.739   4.130    0.00000E+00   0.62252E+07   0.00000E+00   0.84884E+08   0.00000E+00  -0.61442E+03
  1.748   4.140    0.00000E+00   0.62309E+07   0.00000E+00   0.84875E+08   0.00000E+00  -0.54079E+03
  1.756   4.150    0.00000E+00   0.62380E+07   0.00000E+00   0.84877E+08   0.00000E+00  -0.56880E+03
  1.765   4.160    0.00000E+00   0.62458E+07   0.00000E+00   0.84888E+08   0.00000E+00  -0.59737E+03
  1.773   4.170    0.00000E+00   0.62539E+07   0.00000E+00   0.84907E+08   0.00000E+00  -0.61659E+03
  1.782   4.180    0.00000E+00   0.62616E+07   0.00000E+00   0.84930E+08   0.00000E+00  -0.62744E+03
  1.790   4.190    0.00000E+00   0.62681E+07   0.00000E+00   0.84955E+08   0.00000E+00  -0.63205E+03
  1.799   4.200    0.00000E+00   0.62730E+07   0.00000E+00   0.84979E+08   0.00000E+00  -0.63248E+03
  1.807   4.210    0.00000E+00   0.62756E+07   0.00000E+00   0.84998E+08   0.00000E+00  -0.62819E+03
  1.816   4.220    0.00000E+00   0.62767E+07   0.00000E+00   0.84997E+08   0.00000E+00  -0.63402E+03
  1.825   4.230    0.00000E+00   0.62799E+07   0.00000E+00   0.84996E+08   0.00000E+00  -0.64120E+03
  1.833   4.240    0.00000E+00   0.62835E+07   0.00000E+00   0.85006E+08   0.00000E+00  -0.63735E+03
  1.842   4.250    0.00000E+00   0.62872E+07   0.00000E+00   0.85019E+08   0.00000E+00  -0.63248E+03
  1.851   4.260    0.00000E+00   0.62901E+07   0.00000E+00   0.85029E+08   0.00000E+00  -0.63117E+03
  1.859   4.270    0.00000E+00   0.62894E+07   0.00000E+00   0.85033E+08   0.00000E+00  -0.63630E+03
  1.868   4.280    0.00000E+00   0.62822E+07   0.00000E+00   0.85021E+08   0.00000E+00  -0.64754E+03
  1.877   4.290    0.00000E+00   0.62745E+07   0.00000E+00   0.85008E+08   0.00000E+00  -0.64799E+03
  1.885   4.300    0.00000E+00   0.62698E+07   0.00000E+00   0.84996E+08   0.00000E+00  -0.62114E+03
  1.894   4.310    0.00000E+00   0.62711E+07   0.00000E+00   0.84993E+08   0.00000E+00  -0.63669E+03
  1.903   4.320    0.00000E+00   0.62747E+07   0.00000E+00   0.85007E+08   0.00000E+00  -0.65227E+03
  1.912   4.330    0.00000E+00   0.62771E+07   0.00000E+00   0.85022E+08   0.00000E+00  -0.63822E+03
  1.921   4.340    0.00000E+00   0.62786E+07   0.00000E+00   0.85036E+08   0.00000E+00  -0.63231E+03
  1.930   4.350    0.00000E+00   0.62797E+07   0.00000E+00   0.85048E+08   0.00000E+00  -0.62881E+03
  1.938   4.360    0.00000E+00   0.62806E+07   0.00000E+00   0.85061E+08   0.00000E+00  -0.62732E+03
  1.947   4.370    0.00000E+00   0.62816E+07   0.00000E+00   0.85078E+08   0.00000E+00  -0.62977E+03
  1.956   4.380    0.00000E+00   0.62840E+07   0.00000E+00   0.85098E+08   0.00000E+00  -0.63162E+03
  1.965   4.390    0.00000E+00   0.62884E+07   0.00000E+00   0.85114E+08   0.00000E+00  -0.62031E+03
  1.974   4.400    0.00000E+00   0.62934E+07   0.00000E+00   0.85122E+08   0.00000E+00  -0.60947E+03
  1.983   4.410    0.00000E+00   0.62991E+07   0.00000E+00   0.85118E+08   0.00000E+00  -0.61541E+03
  1.992   4.420    0.00000E+00   0.63036E+07   0.00000E+00   0.85104E+08   0.00000E+00  -0.62633E+03
  2.001   4.430    0.00000E+00   0.63066E+07   0.00000E+00   0.85091E+08   0.00000E+00  -0.62820E+03
  2.010   4.440    0.00000E+00   0.63086E+07   0.00000E+00   0.85079E+08   0.00000E+00  -0.62327E+03
  2.019   4.450    0.00000E+00   0.63085E+07   0.00000E+00   0.85061E+08   0.00000E+00  -0.61577E+03
  2.028   4.460    0.00000E+00   0.63018E+07   0.00000E+00   0.85033E+08   0.00000E+00  -0.63386E+03
  2.037   4.470    0.00000E+00   0.62863E+07   0.00000E+00   0.85023E+08   0.00000E+00  -0.66079E+03
  2.047   4.480    0.00000E+00   0.62751E+07   0.00000E+00   0.85060E+08   0.00000E+00  -0.62586E+03
  2.056   4.490    0.00000E+00   0.62706E+07   0.00000E+00   0.85104E+08   0.00000E+00  -0.62505E+03
  2.065   4.500    0.00000E+00   0.62692E+07   0.00000E+00   0.85124E+08   0.00000E+00  -0.65212E+03
  2.074   4.510    0.00000E+00   0.62709E+07   0.00000E+00   0.85128E+08   0.00000E+00  -0.68216E+03
  2.083   4.520    0.00000E+00   0.62743E+07   0.00000E+00   0.85123E+08   0.00000E+00  -0.70156E+03
  2.093   4.530    0.00000E+00   0.62770E+07   0.00000E+00   0.85099E+08   0.00000E+00  -0.70008E+03
  2.102   4.540    0.00000E+00   0.62758E+07   0.00000E+00   0.85107E+08   0.00000E+00  -0.64347E+03
  2.111   4.550    0.00000E+00   0.62809E+07   0.00000E+00   0.85151E+08   0.00000E+00  -0.62722E+03
  2.120   4.560    0.00000E+00   0.62865E+07   0.00000E+00   0.85162E+08   0.00000E+00  -0.62347E+03
  2.130   4.570    0.00000E+00   0.62912E+07   0.00000E+00   0.85165E+08   0.00000E+00  -0.61433E+03
  2.139   4.580    0.00000E+00   0.62948E+07   0.00000E+00   0.85164E+08   0.00000E+00  -0.59975E+03
  2.148   4.590    0.00000E+00   0.62950E+07   0.00000E+00   0.85115E+08   0.00000E+00  -0.60762E+03
  2.158   4.600    0.00000E+00   0.62940E+07   0.00000E+00   0.85080E+08   0.00000E+00  -0.66215E+03
  2.167   4.610    0.00000E+00   0.62993E+07   0.00000E+00   0.85118E+08   0.00000E+00  -0.64498E+03
  2.177   4.620    0.00000E+00   0.63029E+07   0.00000E+00   0.85130E+08   0.00000E+00  -0.63301E+03
  2.186   4.630    0.00000E+00   0.63058E+07   0.00000E+00   0.85135E+08   0.00000E+00  -0.62591E+03
  2.195   4.640    0.00000E+00   0.63086E+07   0.00000E+00   0.85138E+08   0.00000E+00  -0.63350E+03
  2.205   4.650    0.00000E+00   0.63115E+07   0.00000E+00   0.85136E+08   0.00000E+00  -0.66838E+03
  2.214   4.660    0.00000E+00   0.63133E+07   0.00000E+00   0.85139E+08   0.00000E+00  -0.68741E+03
  2.224   4.670    0.00000E+00   0.63061E+07   0.00000E+00   0.85164E+08   0.00000E+00  -0.65330E+03
  2.233   4.680    0.00000E+00   0.62949E+07   0.00000E+00   0.85188E+08   0.00000E+00  -0.65071E+03
  2.243   4.690    0.00000E+00   0.62911E+07   0.00000E+00   0.85192E+08   0.00000E+00  -0.67018E+03
  2.253   4.700    0.00000E+00   0.62927E+07   0.00000E+00   0.85186E+08   0.00000E+00  -0.68054E+03
  2.262   4.710    0.00000E+00   0.62981E+07   0.00000E+00   0.85177E+08   0.00000E+00  -0.65449E+03
  2.272   4.720    0.00000E+00   0.63057E+07   0.00000E+00   0.85172E+08   0.00000E+00  -0.64330E+03
  2.281   4.730    0.00000E+00   0.63131E+07   0.00000E+00   0.85168E+08   0.00000E+00  -0.65172E+03
  2.291   4.740    0.00000E+00   0.63126E+07   0.00000E+00   0.85185E+08   0.00000E+00  -0.64135E+03
  2.301   4.750    0.00000E+00   0.63087E+07   0.00000E+00   0.85207E+08   0.00000E+00  -0.63073E+03
  2.310   4.760    0.00000E+00   0.63085E+07   0.00000E+00   0.85200E+08   0.00000E+00  -0.62841E+03
  2.320   4.770    0.00000E+00   0.63150E+07   0.00000E+00   0.85177E+08   0.00000E+00  -0.61757E+03
  2.330   4.780    0.00000E+00   0.63241E+07   0.00000E+00   0.85179E+08   0.00000E+00  -0.61296E+03
  2.340   4.790    0.00000E+00   0.63322E+07   0.00000E+00   0.85191E+08   0.00000E+00  -0.60531E+03
  2.349   4.800    0.00000E+00   0.63513E+07   0.00000E+00   0.85200E+08   0.00000E+00  -0.58941E+03
  2.359   4.810    0.00000E+00   0.62492E+07   0.00000E+00   0.85210E+08   0.00000E+00  -0.69636E+03
  2.369   4.820    0.00000E+00   0.62800E+07   0.00000E+00   0.85214E+08   0.00000E+00  -0.65930E+03
  2.379   4.830    0.00000E+00   0.62976E+07   0.00000E+00   0.85211E+08   0.00000E+00  -0.65754E+03
  2.389   4.840    0.00000E+00   0.63066E+07   0.00000E+00   0.85203E+08   0.00000E+00  -0.73470E+03
  2.399   4.850    0.00000E+00   0.63118E+07   0.00000E+00   0.85195E+08   0.00000E+00  -0.71820E+03
  2.409   4.860    0.00000E+00   0.63151E+07   0.00000E+00   0.85186E+08   0.00000E+00  -0.70921E+03
  2.418   4.870    0.00000E+00   0.63164E+07   0.00000E+00   0.85164E+08   0.00000E+00  -0.69207E+03
  2.428   4.880    0.00000E+00   0.63192E+07   0.00000E+00   0.85143E+08   0.00000E+00  -0.64309E+03
  2.438   4.890    0.00000E+00   0.63176E+07   0.00000E+00   0.85174E+08   0.00000E+00  -0.63886E+03
  2.448   4.900    0.00000E+00   0.63151E+07   0.00000E+00   0.85205E+08   0.00000E+00  -0.64698E+03
  2.458   4.910    0.00000E+00   0.63145E+07   0.00000E+00   0.85224E+08   0.00000E+00  -0.64936E+03
  2.468   4.920    0.00000E+00   0.63149E+07   0.00000E+00   0.85236E+08   0.00000E+00  -0.64823E+03
  2.478   4.930    0.00000E+00   0.63166E+07   0.00000E+00   0.85256E+08   0.00000E+00  -0.64195E+03
  2.488   4.940    0.00000E+00   0.63187E+07   0.00000E+00   0.85266E+08   0.00000E+00  -0.63982E+03
  2.499   4.950    0.00000E+00   0.63215E+07   0.00000E+00   0.85275E+08   0.00000E+00  -0.64342E+03
  2.509   4.960    0.00000E+00   0.63189E+07   0.00000E+00   0.85285E+08   0.00000E+00  -0.63988E+03
  2.519   4.970    0.00000E+00   0.63193E+07   0.00000E+00   0.85298E+08   0.00000E+00  -0.63334E+03
  2.529   4.980    0.00000E+00   0.63195E+07   0.00000E+00   0.85306E+08   0.00000E+00  -0.61640E+03
  2.539   4.990    0.00000E+00   0.63214E+07   0.00000E+00   0.85294E+08   0.00000E+00  -0.58542E+03
