  0.000   0.010   -0.33831E+03   0.00000E+00   0.15314E+08   0.00000E+00   0.62099E+04   0.00000E+00
  0.000   0.020   -0.33827E+03   0.00000E+00   0.15317E+08   0.00000E+00   0.62088E+04   0.00000E+00
  0.000   0.030   -0.33821E+03   0.00000E+00   0.15321E+08   0.00000E+00   0.62068E+04   0.00000E+00
  0.000   0.040   -0.33811E+03   0.00000E+00   0.15325E+08   0.00000E+00   0.62038E+04   0.00000E+00
  0.000   0.050   -0.33798E+03   0.00000E+00   0.15328E+08   0.00000E+00   0.61999E+04   0.00000E+00
  0.000   0.060   -0.33782E+03   0.00000E+00   0.15332E+08   0.00000E+00   0.61950E+04   0.00000E+00
  0.000   0.070   -0.33761E+03   0.00000E+00   0.15334E+08   0.00000E+00   0.61890E+04   0.00000E+00
  0.001   0.080   -0.33737E+03   0.00000E+00   0.15336E+08   0.00000E+00   0.61818E+04   0.00000E+00
  0.001   0.090   -0.33708E+03   0.00000E+00   0.15337E+08   0.00000E+00   0.61735E+04   0.00000E+00
  0.001   0.100   -0.33674E+03   0.00000E+00   0.15336E+08   0.00000E+00   0.61640E+04   0.00000E+00
  0.001   0.110   -0.33635E+03   0.00000E+00   0.15335E+08   0.00000E+00   0.61531E+04   0.00000E+00
  0.001   0.120   -0.33591E+03   0.00000E+00   0.15332E+08   0.00000E+00   0.61410E+04   0.00000E+00
  0.002   0.130   -0.33542E+03   0.00000E+00   0.15328E+08   0.00000E+00   0.61276E+04   0.00000E+00
  0.002   0.140   -0.33487E+03   0.00000E+00   0.15322E+08   0.00000E+00   0.61127E+04   0.00000E+00
  0.002   0.150   -0.33426E+03   0.00000E+00   0.15315E+08   0.00000E+00   0.60964E+04   0.00000E+00
  0.003   0.160   -0.33360E+03   0.00000E+00   0.15307E+08   0.00000E+00   0.60786E+04   0.00000E+00
  0.003   0.170   -0.33287E+03   0.00000E+00   0.15298E+08   0.00000E+00   0.60593E+04   0.00000E+00
  0.003   0.180   -0.33207E+03   0.00000E+00   0.15288E+08   0.00000E+00   0.60383E+04   0.00000E+00
  0.004   0.190   -0.33120E+03   0.00000E+00   0.15278E+08   0.00000E+00   0.60156E+04   0.00000E+00
  0.004   0.200   -0.33025E+03   0.00000E+00   0.15266E+08   0.00000E+00   0.59912E+04   0.00000E+00
  0.004   0.210   -0.32922E+03   0.00000E+00   0.15254E+08   0.00000E+00   0.59649E+04   0.00000E+00
  0.005   0.220   -0.32811E+03   0.00000E+00   0.15242E+08   0.00000E+00   0.59368E+04   0.00000E+00
  0.005   0.230   -0.32692E+03   0.00000E+00   0.15230E+08   0.00000E+00   0.59067E+04   0.00000E+00
  0.006   0.240   -0.32566E+03   0.00000E+00   0.15219E+08   0.00000E+00   0.58746E+04   0.00000E+00
  0.006   0.250   -0.32432E+03   0.00000E+00   0.15208E+08   0.00000E+00   0.58405E+04   0.00000E+00
  0.007   0.260   -0.32293E+03   0.00000E+00   0.15197E+08   0.00000E+00   0.58043E+04   0.00000E+00
  0.007   0.270   -0.32147E+03   0.00000E+00   0.15188E+08   0.00000E+00   0.57659E+04   0.00000E+00
  0.008   0.280   -0.31996E+03   0.00000E+00   0.15180E+08   0.00000E+00   0.57252E+04   0.00000E+00
  0.009   0.290   -0.31839E+03   0.00000E+00   0.15174E+08   0.00000E+00   0.56823E+04   0.00000E+00
  0.009   0.300   -0.31677E+03   0.00000E+00   0.15170E+08   0.00000E+00   0.56371E+04   0.00000E+00
  0.010   0.310   -0.31509E+03   0.00000E+00   0.15167E+08   0.00000E+00   0.55894E+04   0.00000E+00
  0.010   0.320   -0.31337E+03   0.00000E+00   0.15167E+08   0.00000E+00   0.55393E+04   0.00000E+00
  0.011   0.330   -0.31160E+03   0.00000E+00   0.15168E+08   0.00000E+00   0.54868E+04   0.00000E+00
  0.012   0.340   -0.30980E+03   0.00000E+00   0.15172E+08   0.00000E+00   0.54319E+04   0.00000E+00
  0.012   0.350   -0.30798E+03   0.00000E+00   0.15179E+08   0.00000E+00   0.53746E+04   0.00000E+00
  0.013   0.360   -0.30617E+03   0.00000E+00   0.15187E+08   0.00000E+00   0.53151E+04   0.00000E+00
  0.014   0.370   -0.30440E+03   0.00000E+00   0.15198E+08   0.00000E+00   0.52536E+04   0.00000E+00
  0.015   0.380   -0.30269E+03   0.00000E+00   0.15211E+08   0.00000E+00   0.51902E+04   0.00000E+00
  0.016   0.390   -0.30109E+03   0.00000E+00   0.15226E+08   0.00000E+00   0.51255E+04   0.00000E+00
  0.016   0.400   -0.29964E+03   0.00000E+00   0.15243E+08   0.00000E+00   0.50599E+04   0.00000E+00
  0.017   0.410   -0.29838E+03   0.00000E+00   0.15263E+08   0.00000E+00   0.49938E+04   0.00000E+00
  0.018   0.420   -0.29735E+03   0.00000E+00   0.15283E+08   0.00000E+00   0.49280E+04   0.00000E+00
  0.019   0.430   -0.29660E+03   0.00000E+00   0.15306E+08   0.00000E+00   0.48632E+04   0.00000E+00
  0.020   0.440   -0.29617E+03   0.00000E+00   0.15329E+08   0.00000E+00   0.48004E+04   0.00000E+00
  0.021   0.450   -0.29611E+03   0.00000E+00   0.15353E+08   0.00000E+00   0.47404E+04   0.00000E+00
  0.022   0.460   -0.29646E+03   0.00000E+00   0.15377E+08   0.00000E+00   0.46843E+04   0.00000E+00
  0.023   0.470   -0.29728E+03   0.00000E+00   0.15401E+08   0.00000E+00   0.46334E+04   0.00000E+00
  0.023   0.480   -0.29862E+03   0.00000E+00   0.15424E+08   0.00000E+00   0.45889E+04   0.00000E+00
  0.024   0.490   -0.30052E+03   0.00000E+00   0.15445E+08   0.00000E+00   0.45522E+04   0.00000E+00
  0.025   0.500   -0.30305E+03   0.00000E+00   0.15464E+08   0.00000E+00   0.45245E+04   0.00000E+00
  0.027   0.510   -0.30624E+03   0.00000E+00   0.15481E+08   0.00000E+00   0.45075E+04   0.00000E+00
  0.028   0.520   -0.31014E+03   0.00000E+00   0.15494E+08   0.00000E+00   0.45025E+04   0.00000E+00
  0.029   0.530   -0.31479E+03   0.00000E+00   0.15504E+08   0.00000E+00   0.45110E+04   0.00000E+00
  0.030   0.540   -0.32020E+03   0.00000E+00   0.15510E+08   0.00000E+00   0.45341E+04   0.00000E+00
  0.031   0.550   -0.32641E+03   0.00000E+00   0.15512E+08   0.00000E+00   0.45732E+04   0.00000E+00
  0.032   0.560   -0.33339E+03   0.00000E+00   0.15508E+08   0.00000E+00   0.46291E+04   0.00000E+00
  0.033   0.570   -0.34115E+03   0.00000E+00   0.15501E+08   0.00000E+00   0.47026E+04   0.00000E+00
  0.034   0.580   -0.34964E+03   0.00000E+00   0.15488E+08   0.00000E+00   0.47941E+04   0.00000E+00
  0.035   0.590   -0.35882E+03   0.00000E+00   0.15470E+08   0.00000E+00   0.49038E+04   0.00000E+00
  0.037   0.600   -0.36861E+03   0.00000E+00   0.15448E+08   0.00000E+00   0.50313E+04   0.00000E+00
  0.038   0.610   -0.37893E+03   0.00000E+00   0.15421E+08   0.00000E+00   0.51759E+04   0.00000E+00
  0.039   0.620   -0.38967E+03   0.00000E+00   0.15390E+08   0.00000E+00   0.53365E+04   0.00000E+00
  0.040   0.630   -0.40072E+03   0.00000E+00   0.15355E+08   0.00000E+00   0.55116E+04   0.00000E+00
  0.042   0.640   -0.41194E+03   0.00000E+00   0.15317E+08   0.00000E+00   0.56992E+04   0.00000E+00
  0.043   0.650   -0.42321E+03   0.00000E+00   0.15277E+08   0.00000E+00   0.58971E+04   0.00000E+00
  0.044   0.660   -0.43438E+03   0.00000E+00   0.15235E+08   0.00000E+00   0.61025E+04   0.00000E+00
  0.046   0.670   -0.44534E+03   0.00000E+00   0.15192E+08   0.00000E+00   0.63127E+04   0.00000E+00
  0.047   0.680   -0.45596E+03   0.00000E+00   0.15149E+08   0.00000E+00   0.65247E+04   0.00000E+00
  0.049   0.690   -0.46615E+03   0.00000E+00   0.15108E+08   0.00000E+00   0.67357E+04   0.00000E+00
  0.050   0.700   -0.47583E+03   0.00000E+00   0.15069E+08   0.00000E+00   0.69430E+04   0.00000E+00
  0.051   0.710   -0.48499E+03   0.00000E+00   0.15034E+08   0.00000E+00   0.71441E+04   0.00000E+00
  0.053   0.720   -0.49361E+03   0.00000E+00   0.15004E+08   0.00000E+00   0.73372E+04   0.00000E+00
  0.054   0.730   -0.50176E+03   0.00000E+00   0.14980E+08   0.00000E+00   0.75212E+04   0.00000E+00
  0.056   0.740   -0.50953E+03   0.00000E+00   0.14963E+08   0.00000E+00   0.76955E+04   0.00000E+00
  0.057   0.750   -0.51706E+03   0.00000E+00   0.14954E+08   0.00000E+00   0.78607E+04   0.00000E+00
  0.059   0.760   -0.52453E+03   0.00000E+00   0.14951E+08   0.00000E+00   0.80180E+04   0.00000E+00
  0.060   0.770   -0.53215E+03   0.00000E+00   0.14956E+08   0.00000E+00   0.81695E+04   0.00000E+00
  0.062   0.780   -0.54015E+03   0.00000E+00   0.14968E+08   0.00000E+00   0.83181E+04   0.00000E+00
  0.064   0.790   -0.54877E+03   0.00000E+00   0.14986E+08   0.00000E+00   0.84670E+04   0.00000E+00
  0.065   0.800   -0.55820E+03   0.00000E+00   0.15008E+08   0.00000E+00   0.86199E+04   0.00000E+00
  0.067   0.810   -0.56866E+03   0.00000E+00   0.15034E+08   0.00000E+00   0.87805E+04   0.00000E+00
  0.069   0.820   -0.58030E+03   0.00000E+00   0.15062E+08   0.00000E+00   0.89522E+04   0.00000E+00
  0.070   0.830   -0.59321E+03   0.00000E+00   0.15090E+08   0.00000E+00   0.91383E+04   0.00000E+00
  0.072   0.840   -0.60746E+03   0.00000E+00   0.15118E+08   0.00000E+00   0.93413E+04   0.00000E+00
  0.074   0.850   -0.62304E+03   0.00000E+00   0.15144E+08   0.00000E+00   0.95633E+04   0.00000E+00
  0.075   0.860   -0.63987E+03   0.00000E+00   0.15166E+08   0.00000E+00   0.98058E+04   0.00000E+00
  0.077   0.870   -0.65782E+03   0.00000E+00   0.15186E+08   0.00000E+00   0.10069E+05   0.00000E+00
  0.079   0.880   -0.67668E+03   0.00000E+00   0.15201E+08   0.00000E+00   0.10354E+05   0.00000E+00
  0.081   0.890   -0.69614E+03   0.00000E+00   0.15211E+08   0.00000E+00   0.10658E+05   0.00000E+00
  0.083   0.900   -0.71581E+03   0.00000E+00   0.15217E+08   0.00000E+00   0.10980E+05   0.00000E+00
  0.084   0.910   -0.73518E+03   0.00000E+00   0.15219E+08   0.00000E+00   0.11317E+05   0.00000E+00
  0.086   0.920   -0.75357E+03   0.00000E+00   0.15217E+08   0.00000E+00   0.11665E+05   0.00000E+00
  0.088   0.930   -0.77014E+03   0.00000E+00   0.15212E+08   0.00000E+00   0.12015E+05   0.00000E+00
  0.090   0.940   -0.78386E+03   0.00000E+00   0.15202E+08   0.00000E+00   0.12361E+05   0.00000E+00
  0.092   0.950   -0.79348E+03   0.00000E+00   0.15190E+08   0.00000E+00   0.12689E+05   0.00000E+00
  0.094   0.960   -0.79757E+03   0.00000E+00   0.15176E+08   0.00000E+00   0.12986E+05   0.00000E+00
  0.096   0.970   -0.79458E+03   0.00000E+00   0.15159E+08   0.00000E+00   0.13233E+05   0.00000E+00
  0.098   0.980   -0.78303E+03   0.00000E+00   0.15141E+08   0.00000E+00   0.13412E+05   0.00000E+00
  0.100   0.990   -0.76169E+03   0.00000E+00   0.15122E+08   0.00000E+00   0.13501E+05   0.00000E+00
  0.102   1.000   -0.72991E+03   0.00000E+00   0.15102E+08   0.00000E+00   0.13485E+05   0.00000E+00
  0.104   1.010   -0.68789E+03   0.00000E+00   0.15081E+08   0.00000E+00   0.13352E+05   0.00000E+00
  0.106   1.020   -0.63693E+03   0.00000E+00   0.15060E+08   0.00000E+00   0.13103E+05   0.00000E+00
  0.108   1.030   -0.57933E+03   0.00000E+00   0.15039E+08   0.00000E+00   0.12747E+05   0.00000E+00
  0.110   1.040   -0.51810E+03   0.00000E+00   0.15018E+08   0.00000E+00   0.12308E+05   0.00000E+00
  0.112   1.050   -0.45651E+03   0.00000E+00   0.14998E+08   0.00000E+00   0.11814E+05   0.00000E+00
  0.115   1.060   -0.39748E+03   0.00000E+00   0.14978E+08   0.00000E+00   0.11296E+05   0.00000E+00
  0.117   1.070   -0.34328E+03   0.00000E+00   0.14959E+08   0.00000E+00   0.10782E+05   0.00000E+00
  0.119   1.080   -0.29530E+03   0.00000E+00   0.14941E+08   0.00000E+00   0.10294E+05   0.00000E+00
  0.121   1.090   -0.25414E+03   0.00000E+00   0.14923E+08   0.00000E+00   0.98485E+04   0.00000E+00
  0.123   1.100   -0.21976E+03   0.00000E+00   0.14906E+08   0.00000E+00   0.94521E+04   0.00000E+00
  0.126   1.110   -0.19172E+03   0.00000E+00   0.14891E+08   0.00000E+00   0.91080E+04   0.00000E+00
  0.128   1.120   -0.16936E+03   0.00000E+00   0.14876E+08   0.00000E+00   0.88150E+04   0.00000E+00
  0.130   1.130   -0.15192E+03   0.00000E+00   0.14861E+08   0.00000E+00   0.85699E+04   0.00000E+00
  0.133   1.140   -0.13866E+03   0.00000E+00   0.14848E+08   0.00000E+00   0.83680E+04   0.00000E+00
  0.135   1.150   -0.12889E+03   0.00000E+00   0.14835E+08   0.00000E+00   0.82043E+04   0.00000E+00
  0.137   1.160   -0.12201E+03   0.00000E+00   0.14823E+08   0.00000E+00   0.80740E+04   0.00000E+00
  0.140   1.170   -0.11749E+03   0.00000E+00   0.14812E+08   0.00000E+00   0.79723E+04   0.00000E+00
  0.142   1.180   -0.11489E+03   0.00000E+00   0.14800E+08   0.00000E+00   0.78949E+04   0.00000E+00
  0.144   1.190   -0.11384E+03   0.00000E+00   0.14789E+08   0.00000E+00   0.78381E+04   0.00000E+00
  0.147   1.200   -0.11403E+03   0.00000E+00   0.14777E+08   0.00000E+00   0.77984E+04   0.00000E+00
  0.149   1.210   -0.11519E+03   0.00000E+00   0.14765E+08   0.00000E+00   0.77731E+04   0.00000E+00
  0.152   1.220   -0.11709E+03   0.00000E+00   0.14752E+08   0.00000E+00   0.77595E+04   0.00000E+00
  0.154   1.230   -0.11953E+03   0.00000E+00   0.14737E+08   0.00000E+00   0.77556E+04   0.00000E+00
  0.157   1.240   -0.12236E+03   0.00000E+00   0.14719E+08   0.00000E+00   0.77595E+04   0.00000E+00
  0.159   1.250   -0.12544E+03   0.00000E+00   0.14699E+08   0.00000E+00   0.77696E+04   0.00000E+00
  0.162   1.260   -0.12867E+03   0.00000E+00   0.14674E+08   0.00000E+00   0.77844E+04   0.00000E+00
  0.164   1.270   -0.13194E+03   0.00000E+00   0.14644E+08   0.00000E+00   0.78018E+04   0.00000E+00
  0.167   1.280   -0.13514E+03   0.00000E+00   0.14609E+08   0.00000E+00   0.78194E+04   0.00000E+00
  0.170   1.290   -0.13800E+03   0.00000E+00   0.14569E+08   0.00000E+00   0.78334E+04   0.00000E+00
  0.172   1.300   -0.14019E+03   0.00000E+00   0.14526E+08   0.00000E+00   0.78395E+04   0.00000E+00
  0.175   1.310   -0.14147E+03   0.00000E+00   0.14485E+08   0.00000E+00   0.78340E+04   0.00000E+00
  0.178   1.320   -0.14207E+03   0.00000E+00   0.14453E+08   0.00000E+00   0.78165E+04   0.00000E+00
  0.180   1.330   -0.14266E+03   0.00000E+00   0.14435E+08   0.00000E+00   0.77901E+04   0.00000E+00
  0.183   1.340   -0.14394E+03   0.00000E+00   0.14433E+08   0.00000E+00   0.77599E+04   0.00000E+00
  0.186   1.350   -0.14620E+03   0.00000E+00   0.14442E+08   0.00000E+00   0.77302E+04   0.00000E+00
  0.189   1.360   -0.14936E+03   0.00000E+00   0.14459E+08   0.00000E+00   0.77036E+04   0.00000E+00
  0.191   1.370   -0.15325E+03   0.00000E+00   0.14479E+08   0.00000E+00   0.76811E+04   0.00000E+00
  0.194   1.380   -0.15772E+03   0.00000E+00   0.14500E+08   0.00000E+00   0.76631E+04   0.00000E+00
  0.197   1.390   -0.16268E+03   0.00000E+00   0.14520E+08   0.00000E+00   0.76496E+04   0.00000E+00
  0.200   1.400   -0.16817E+03   0.00000E+00   0.14538E+08   0.00000E+00   0.76408E+04   0.00000E+00
  0.203   1.410   -0.17424E+03   0.00000E+00   0.14555E+08   0.00000E+00   0.76368E+04   0.00000E+00
  0.206   1.420   -0.18097E+03   0.00000E+00   0.14570E+08   0.00000E+00   0.76381E+04   0.00000E+00
  0.209   1.430   -0.18844E+03   0.00000E+00   0.14584E+08   0.00000E+00   0.76448E+04   0.00000E+00
  0.211   1.440   -0.19668E+03   0.00000E+00   0.14596E+08   0.00000E+00   0.76572E+04   0.00000E+00
  0.214   1.450   -0.20565E+03   0.00000E+00   0.14607E+08   0.00000E+00   0.76750E+04   0.00000E+00
  0.217   1.460   -0.21526E+03   0.00000E+00   0.14617E+08   0.00000E+00   0.76978E+04   0.00000E+00
  0.220   1.470   -0.22535E+03   0.00000E+00   0.14626E+08   0.00000E+00   0.77248E+04   0.00000E+00
  0.223   1.480   -0.23574E+03   0.00000E+00   0.14634E+08   0.00000E+00   0.77549E+04   0.00000E+00
  0.226   1.490   -0.24626E+03   0.00000E+00   0.14642E+08   0.00000E+00   0.77872E+04   0.00000E+00
  0.229   1.500   -0.25675E+03   0.00000E+00   0.14649E+08   0.00000E+00   0.78204E+04   0.00000E+00
  0.233   1.510   -0.26713E+03   0.00000E+00   0.14655E+08   0.00000E+00   0.78538E+04   0.00000E+00
  0.236   1.520   -0.27732E+03   0.00000E+00   0.14661E+08   0.00000E+00   0.78867E+04   0.00000E+00
  0.239   1.530   -0.28731E+03   0.00000E+00   0.14667E+08   0.00000E+00   0.79187E+04   0.00000E+00
  0.242   1.540   -0.29707E+03   0.00000E+00   0.14672E+08   0.00000E+00   0.79494E+04   0.00000E+00
  0.245   1.550   -0.30654E+03   0.00000E+00   0.14676E+08   0.00000E+00   0.79786E+04   0.00000E+00
  0.248   1.560   -0.31563E+03   0.00000E+00   0.14681E+08   0.00000E+00   0.80059E+04   0.00000E+00
  0.251   1.570   -0.32418E+03   0.00000E+00   0.14685E+08   0.00000E+00   0.80308E+04   0.00000E+00
  0.255   1.580   -0.33194E+03   0.00000E+00   0.14689E+08   0.00000E+00   0.80527E+04   0.00000E+00
  0.258   1.590   -0.33867E+03   0.00000E+00   0.14692E+08   0.00000E+00   0.80711E+04   0.00000E+00
  0.261   1.600   -0.34413E+03   0.00000E+00   0.14696E+08   0.00000E+00   0.80852E+04   0.00000E+00
  0.264   1.610   -0.34814E+03   0.00000E+00   0.14699E+08   0.00000E+00   0.80948E+04   0.00000E+00
  0.268   1.620   -0.35069E+03   0.00000E+00   0.14702E+08   0.00000E+00   0.80999E+04   0.00000E+00
  0.271   1.630   -0.35185E+03   0.00000E+00   0.14705E+08   0.00000E+00   0.81009E+04   0.00000E+00
  0.274   1.640   -0.35183E+03   0.00000E+00   0.14708E+08   0.00000E+00   0.80982E+04   0.00000E+00
  0.278   1.650   -0.35087E+03   0.00000E+00   0.14711E+08   0.00000E+00   0.80927E+04   0.00000E+00
  0.281   1.660   -0.34922E+03   0.00000E+00   0.14713E+08   0.00000E+00   0.80852E+04   0.00000E+00
  0.284   1.670   -0.34711E+03   0.00000E+00   0.14716E+08   0.00000E+00   0.80761E+04   0.00000E+00
  0.288   1.680   -0.34472E+03   0.00000E+00   0.14718E+08   0.00000E+00   0.80662E+04   0.00000E+00
  0.291   1.690   -0.34219E+03   0.00000E+00   0.14721E+08   0.00000E+00   0.80558E+04   0.00000E+00
  0.295   1.700   -0.33960E+03   0.00000E+00   0.14723E+08   0.00000E+00   0.80451E+04   0.00000E+00
  0.298   1.710   -0.33704E+03   0.00000E+00   0.14725E+08   0.00000E+00   0.80345E+04   0.00000E+00
  0.302   1.720   -0.33452E+03   0.00000E+00   0.14728E+08   0.00000E+00   0.80240E+04   0.00000E+00
  0.305   1.730   -0.33208E+03   0.00000E+00   0.14730E+08   0.00000E+00   0.80137E+04   0.00000E+00
  0.309   1.740   -0.32974E+03   0.00000E+00   0.14732E+08   0.00000E+00   0.80038E+04   0.00000E+00
  0.312   1.750   -0.32751E+03   0.00000E+00   0.14734E+08   0.00000E+00   0.79943E+04   0.00000E+00
  0.316   1.760   -0.32538E+03   0.00000E+00   0.14736E+08   0.00000E+00   0.79853E+04   0.00000E+00
  0.319   1.770   -0.32337E+03   0.00000E+00   0.14739E+08   0.00000E+00   0.79768E+04   0.00000E+00
  0.323   1.780   -0.32148E+03   0.00000E+00   0.14741E+08   0.00000E+00   0.79685E+04   0.00000E+00
  0.327   1.790   -0.31969E+03   0.00000E+00   0.14743E+08   0.00000E+00   0.79596E+04   0.00000E+00
  0.330   1.800   -0.31798E+03   0.00000E+00   0.14746E+08   0.00000E+00   0.79486E+04   0.00000E+00
  0.334   1.810   -0.31644E+03   0.00000E+00   0.14750E+08   0.00000E+00   0.79357E+04   0.00000E+00
  0.338   1.820   -0.31540E+03   0.00000E+00   0.14752E+08   0.00000E+00   0.79256E+04   0.00000E+00
  0.341   1.830   -0.31491E+03   0.00000E+00   0.14754E+08   0.00000E+00   0.79200E+04   0.00000E+00
  0.345   1.840   -0.31467E+03   0.00000E+00   0.14756E+08   0.00000E+00   0.79165E+04   0.00000E+00
  0.349   1.850   -0.31444E+03   0.00000E+00   0.14758E+08   0.00000E+00   0.79134E+04   0.00000E+00
  0.353   1.860   -0.31415E+03   0.00000E+00   0.14760E+08   0.00000E+00   0.79100E+04   0.00000E+00
  0.357   1.870   -0.31375E+03   0.00000E+00   0.14762E+08   0.00000E+00   0.79060E+04   0.00000E+00
  0.360   1.880   -0.31323E+03   0.00000E+00   0.14764E+08   0.00000E+00   0.79015E+04   0.00000E+00
  0.364   1.890   -0.31258E+03   0.00000E+00   0.14766E+08   0.00000E+00   0.78964E+04   0.00000E+00
  0.368   1.900   -0.31180E+03   0.00000E+00   0.14768E+08   0.00000E+00   0.78908E+04   0.00000E+00
  0.372   1.910   -0.31090E+03   0.00000E+00   0.14770E+08   0.00000E+00   0.78848E+04   0.00000E+00
  0.376   1.920   -0.30992E+03   0.00000E+00   0.14772E+08   0.00000E+00   0.78785E+04   0.00000E+00
  0.380   1.930   -0.30888E+03   0.00000E+00   0.14774E+08   0.00000E+00   0.78719E+04   0.00000E+00
  0.384   1.940   -0.30783E+03   0.00000E+00   0.14776E+08   0.00000E+00   0.78653E+04   0.00000E+00
  0.388   1.950   -0.30687E+03   0.00000E+00   0.14778E+08   0.00000E+00   0.78590E+04   0.00000E+00
  0.392   1.960   -0.30613E+03   0.00000E+00   0.14780E+08   0.00000E+00   0.78533E+04   0.00000E+00
  0.396   1.970   -0.30576E+03   0.00000E+00   0.14782E+08   0.00000E+00   0.78487E+04   0.00000E+00
  0.400   1.980   -0.30601E+03   0.00000E+00   0.14783E+08   0.00000E+00   0.78459E+04   0.00000E+00
  0.404   1.990   -0.30714E+03   0.00000E+00   0.14785E+08   0.00000E+00   0.78457E+04   0.00000E+00
  0.408   2.000   -0.30943E+03   0.00000E+00   0.14787E+08   0.00000E+00   0.78487E+04   0.00000E+00
  0.412   2.010   -0.31308E+03   0.00000E+00   0.14789E+08   0.00000E+00   0.78555E+04   0.00000E+00
  0.416   2.020   -0.31806E+03   0.00000E+00   0.14791E+08   0.00000E+00   0.78660E+04   0.00000E+00
  0.420   2.030   -0.32393E+03   0.00000E+00   0.14793E+08   0.00000E+00   0.78790E+04   0.00000E+00
  0.424   2.040   -0.32993E+03   0.00000E+00   0.14795E+08   0.00000E+00   0.78922E+04   0.00000E+00
  0.429   2.050   -0.33514E+03   0.00000E+00   0.14797E+08   0.00000E+00   0.79032E+04   0.00000E+00
  0.433   2.060   -0.33894E+03   0.00000E+00   0.14799E+08   0.00000E+00   0.79104E+04   0.00000E+00
  0.437   2.070   -0.34118E+03   0.00000E+00   0.14801E+08   0.00000E+00   0.79135E+04   0.00000E+00
  0.441   2.080   -0.34205E+03   0.00000E+00   0.14803E+08   0.00000E+00   0.79129E+04   0.00000E+00
  0.445   2.090   -0.34192E+03   0.00000E+00   0.14805E+08   0.00000E+00   0.79098E+04   0.00000E+00
  0.450   2.100   -0.34113E+03   0.00000E+00   0.14806E+08   0.00000E+00   0.79050E+04   0.00000E+00
  0.454   2.110   -0.33995E+03   0.00000E+00   0.14808E+08   0.00000E+00   0.78994E+04   0.00000E+00
  0.458   2.120   -0.33858E+03   0.00000E+00   0.14810E+08   0.00000E+00   0.78935E+04   0.00000E+00
  0.463   2.130   -0.33712E+03   0.00000E+00   0.14812E+08   0.00000E+00   0.78876E+04   0.00000E+00
  0.467   2.140   -0.33563E+03   0.00000E+00   0.14814E+08   0.00000E+00   0.78819E+04   0.00000E+00
  0.471   2.150   -0.33412E+03   0.00000E+00   0.14816E+08   0.00000E+00   0.78765E+04   0.00000E+00
  0.476   2.160   -0.33255E+03   0.00000E+00   0.14817E+08   0.00000E+00   0.78714E+04   0.00000E+00
  0.480   2.170   -0.33088E+03   0.00000E+00   0.14819E+08   0.00000E+00   0.78665E+04   0.00000E+00
  0.485   2.180   -0.32904E+03   0.00000E+00   0.14820E+08   0.00000E+00   0.78613E+04   0.00000E+00
  0.489   2.190   -0.32710E+03   0.00000E+00   0.14822E+08   0.00000E+00   0.78545E+04   0.00000E+00
  0.494   2.200   -0.32602E+03   0.00000E+00   0.14822E+08   0.00000E+00   0.78429E+04   0.00000E+00
  0.498   2.210   -0.32773E+03   0.00000E+00   0.14824E+08   0.00000E+00   0.78284E+04   0.00000E+00
  0.503   2.220   -0.33068E+03   0.00000E+00   0.14826E+08   0.00000E+00   0.78207E+04   0.00000E+00
  0.507   2.230   -0.33221E+03   0.00000E+00   0.14828E+08   0.00000E+00   0.78185E+04   0.00000E+00
  0.512   2.240   -0.33246E+03   0.00000E+00   0.14830E+08   0.00000E+00   0.78170E+04   0.00000E+00
  0.516   2.250   -0.33188E+03   0.00000E+00   0.14832E+08   0.00000E+00   0.78146E+04   0.00000E+00
  0.521   2.260   -0.33070E+03   0.00000E+00   0.14834E+08   0.00000E+00   0.78113E+04   0.00000E+00
  0.525   2.270   -0.32908E+03   0.00000E+00   0.14836E+08   0.00000E+00   0.78073E+04   0.00000E+00
  0.530   2.280   -0.32724E+03   0.00000E+00   0.14838E+08   0.00000E+00   0.78029E+04   0.00000E+00
  0.535   2.290   -0.32541E+03   0.00000E+00   0.14839E+08   0.00000E+00   0.77984E+04   0.00000E+00
  0.539   2.300   -0.32374E+03   0.00000E+00   0.14841E+08   0.00000E+00   0.77940E+04   0.00000E+00
  0.544   2.310   -0.32233E+03   0.00000E+00   0.14843E+08   0.00000E+00   0.77899E+04   0.00000E+00
  0.549   2.320   -0.32124E+03   0.00000E+00   0.14844E+08   0.00000E+00   0.77860E+04   0.00000E+00
  0.554   2.330   -0.32054E+03   0.00000E+00   0.14846E+08   0.00000E+00   0.77825E+04   0.00000E+00
  0.558   2.340   -0.32037E+03   0.00000E+00   0.14848E+08   0.00000E+00   0.77795E+04   0.00000E+00
  0.563   2.350   -0.32093E+03   0.00000E+00   0.14849E+08   0.00000E+00   0.77771E+04   0.00000E+00
  0.568   2.360   -0.32238E+03   0.00000E+00   0.14851E+08   0.00000E+00   0.77757E+04   0.00000E+00
  0.573   2.370   -0.32475E+03   0.00000E+00   0.14852E+08   0.00000E+00   0.77750E+04   0.00000E+00
  0.578   2.380   -0.32776E+03   0.00000E+00   0.14854E+08   0.00000E+00   0.77747E+04   0.00000E+00
  0.582   2.390   -0.33091E+03   0.00000E+00   0.14855E+08   0.00000E+00   0.77741E+04   0.00000E+00
  0.587   2.400   -0.33366E+03   0.00000E+00   0.14856E+08   0.00000E+00   0.77725E+04   0.00000E+00
  0.592   2.410   -0.33565E+03   0.00000E+00   0.14857E+08   0.00000E+00   0.77697E+04   0.00000E+00
  0.597   2.420   -0.33686E+03   0.00000E+00   0.14859E+08   0.00000E+00   0.77659E+04   0.00000E+00
  0.602   2.430   -0.33763E+03   0.00000E+00   0.14860E+08   0.00000E+00   0.77618E+04   0.00000E+00
  0.607   2.440   -0.33860E+03   0.00000E+00   0.14862E+08   0.00000E+00   0.77588E+04   0.00000E+00
  0.612   2.450   -0.34080E+03   0.00000E+00   0.14865E+08   0.00000E+00   0.77592E+04   0.00000E+00
  0.617   2.460   -0.34682E+03   0.00000E+00   0.14871E+08   0.00000E+00   0.77687E+04   0.00000E+00
  0.622   2.470   -0.36627E+03   0.00000E+00   0.14887E+08   0.00000E+00   0.78133E+04   0.00000E+00
  0.627   2.480   -0.35976E+03   0.00000E+00   0.14877E+08   0.00000E+00   0.78136E+04   0.00000E+00
  0.632   2.490   -0.33596E+03   0.00000E+00   0.14859E+08   0.00000E+00   0.77498E+04   0.00000E+00
  0.637   2.500   -0.33305E+03   0.00000E+00   0.14859E+08   0.00000E+00   0.77366E+04   0.00000E+00
  0.642   2.510   -0.33304E+03   0.00000E+00   0.14860E+08   0.00000E+00   0.77323E+04   0.00000E+00
  0.648   2.520   -0.33349E+03   0.00000E+00   0.14862E+08   0.00000E+00   0.77298E+04   0.00000E+00
  0.653   2.530   -0.33401E+03   0.00000E+00   0.14863E+08   0.00000E+00   0.77278E+04   0.00000E+00
  0.658   2.540   -0.33450E+03   0.00000E+00   0.14865E+08   0.00000E+00   0.77259E+04   0.00000E+00
  0.663   2.550   -0.33490E+03   0.00000E+00   0.14866E+08   0.00000E+00   0.77242E+04   0.00000E+00
  0.668   2.560   -0.33516E+03   0.00000E+00   0.14868E+08   0.00000E+00   0.77230E+04   0.00000E+00
  0.674   2.570   -0.33511E+03   0.00000E+00   0.14869E+08   0.00000E+00   0.77221E+04   0.00000E+00
  0.679   2.580   -0.33467E+03   0.00000E+00   0.14871E+08   0.00000E+00   0.77215E+04   0.00000E+00
  0.684   2.590   -0.33398E+03   0.00000E+00   0.14872E+08   0.00000E+00   0.77207E+04   0.00000E+00
  0.689   2.600   -0.33321E+03   0.00000E+00   0.14873E+08   0.00000E+00   0.77198E+04   0.00000E+00
  0.695   2.610   -0.33242E+03   0.00000E+00   0.14874E+08   0.00000E+00   0.77190E+04   0.00000E+00
  0.700   2.620   -0.33162E+03   0.00000E+00   0.14875E+08   0.00000E+00   0.77182E+04   0.00000E+00
  0.705   2.630   -0.33080E+03   0.00000E+00   0.14876E+08   0.00000E+00   0.77173E+04   0.00000E+00
  0.711   2.640   -0.32999E+03   0.00000E+00   0.14877E+08   0.00000E+00   0.77161E+04   0.00000E+00
  0.716   2.650   -0.32924E+03   0.00000E+00   0.14878E+08   0.00000E+00   0.77143E+04   0.00000E+00
  0.722   2.660   -0.32863E+03   0.00000E+00   0.14879E+08   0.00000E+00   0.77120E+04   0.00000E+00
  0.727   2.670   -0.32825E+03   0.00000E+00   0.14880E+08   0.00000E+00   0.77090E+04   0.00000E+00
  0.732   2.680   -0.32816E+03   0.00000E+00   0.14880E+08   0.00000E+00   0.77057E+04   0.00000E+00
  0.738   2.690   -0.32835E+03   0.00000E+00   0.14881E+08   0.00000E+00   0.77023E+04   0.00000E+00
  0.743   2.700   -0.32874E+03   0.00000E+00   0.14882E+08   0.00000E+00   0.76989E+04   0.00000E+00
  0.749   2.710   -0.32918E+03   0.00000E+00   0.14883E+08   0.00000E+00   0.76956E+04   0.00000E+00
  0.754   2.720   -0.32954E+03   0.00000E+00   0.14883E+08   0.00000E+00   0.76923E+04   0.00000E+00
  0.760   2.730   -0.32975E+03   0.00000E+00   0.14884E+08   0.00000E+00   0.76888E+04   0.00000E+00
  0.766   2.740   -0.32982E+03   0.00000E+00   0.14885E+08   0.00000E+00   0.76850E+04   0.00000E+00
  0.771   2.750   -0.32989E+03   0.00000E+00   0.14886E+08   0.00000E+00   0.76806E+04   0.00000E+00
  0.777   2.760   -0.33033E+03   0.00000E+00   0.14887E+08   0.00000E+00   0.76755E+04   0.00000E+00
  0.782   2.770   -0.33221E+03   0.00000E+00   0.14889E+08   0.00000E+00   0.76696E+04   0.00000E+00
  0.788   2.780   -0.33828E+03   0.00000E+00   0.14895E+08   0.00000E+00   0.76678E+04   0.00000E+00
  0.794   2.790   -0.33632E+03   0.00000E+00   0.14891E+08   0.00000E+00   0.76809E+04   0.00000E+00
  0.799   2.800   -0.33206E+03   0.00000E+00   0.14887E+08   0.00000E+00   0.76789E+04   0.00000E+00
  0.805   2.810   -0.33112E+03   0.00000E+00   0.14887E+08   0.00000E+00   0.76749E+04   0.00000E+00
  0.811   2.820   -0.33103E+03   0.00000E+00   0.14887E+08   0.00000E+00   0.76714E+04   0.00000E+00
  0.817   2.830   -0.33117E+03   0.00000E+00   0.14887E+08   0.00000E+00   0.76682E+04   0.00000E+00
  0.822   2.840   -0.33143E+03   0.00000E+00   0.14888E+08   0.00000E+00   0.76651E+04   0.00000E+00
  0.828   2.850   -0.33181E+03   0.00000E+00   0.14889E+08   0.00000E+00   0.76620E+04   0.00000E+00
  0.834   2.860   -0.33229E+03   0.00000E+00   0.14889E+08   0.00000E+00   0.76589E+04   0.00000E+00
  0.840   2.870   -0.33274E+03   0.00000E+00   0.14890E+08   0.00000E+00   0.76558E+04   0.00000E+00
  0.846   2.880   -0.33301E+03   0.00000E+00   0.14891E+08   0.00000E+00   0.76526E+04   0.00000E+00
  0.852   2.890   -0.33301E+03   0.00000E+00   0.14892E+08   0.00000E+00   0.76493E+04   0.00000E+00
  0.858   2.900   -0.33272E+03   0.00000E+00   0.14892E+08   0.00000E+00   0.76459E+04   0.00000E+00
  0.864   2.910   -0.33208E+03   0.00000E+00   0.14893E+08   0.00000E+00   0.76426E+04   0.00000E+00
  0.869   2.920   -0.33106E+03   0.00000E+00   0.14893E+08   0.00000E+00   0.76393E+04   0.00000E+00
  0.875   2.930   -0.32959E+03   0.00000E+00   0.14894E+08   0.00000E+00   0.76361E+04   0.00000E+00
  0.881   2.940   -0.32756E+03   0.00000E+00   0.14894E+08   0.00000E+00   0.76334E+04   0.00000E+00
  0.887   2.950   -0.32492E+03   0.00000E+00   0.14894E+08   0.00000E+00   0.76317E+04   0.00000E+00
  0.893   2.960   -0.32191E+03   0.00000E+00   0.14895E+08   0.00000E+00   0.76312E+04   0.00000E+00
  0.899   2.970   -0.31930E+03   0.00000E+00   0.14895E+08   0.00000E+00   0.76317E+04   0.00000E+00
  0.906   2.980   -0.31797E+03   0.00000E+00   0.14895E+08   0.00000E+00   0.76320E+04   0.00000E+00
  0.912   2.990   -0.31797E+03   0.00000E+00   0.14895E+08   0.00000E+00   0.76314E+04   0.00000E+00
  0.918   3.000   -0.31877E+03   0.00000E+00   0.14895E+08   0.00000E+00   0.76303E+04   0.00000E+00
  0.924   3.010   -0.31982E+03   0.00000E+00   0.14896E+08   0.00000E+00   0.76294E+04   0.00000E+00
  0.930   3.020   -0.32080E+03   0.00000E+00   0.14896E+08   0.00000E+00   0.76292E+04   0.00000E+00
  0.936   3.030   -0.32152E+03   0.00000E+00   0.14896E+08   0.00000E+00   0.76299E+04   0.00000E+00
  0.942   3.040   -0.32193E+03   0.00000E+00   0.14896E+08   0.00000E+00   0.76314E+04   0.00000E+00
  0.949   3.050   -0.32210E+03   0.00000E+00   0.14897E+08   0.00000E+00   0.76330E+04   0.00000E+00
  0.955   3.060   -0.32222E+03   0.00000E+00   0.14897E+08   0.00000E+00   0.76336E+04   0.00000E+00
  0.961   3.070   -0.32252E+03   0.00000E+00   0.14897E+08   0.00000E+00   0.76324E+04   0.00000E+00
  0.967   3.080   -0.32307E+03   0.00000E+00   0.14897E+08   0.00000E+00   0.76296E+04   0.00000E+00
  0.974   3.090   -0.32383E+03   0.00000E+00   0.14897E+08   0.00000E+00   0.76261E+04   0.00000E+00
  0.980   3.100   -0.32461E+03   0.00000E+00   0.14897E+08   0.00000E+00   0.76231E+04   0.00000E+00
  0.986   3.110   -0.32500E+03   0.00000E+00   0.14898E+08   0.00000E+00   0.76227E+04   0.00000E+00
  0.993   3.120   -0.32509E+03   0.00000E+00   0.14898E+08   0.00000E+00   0.76238E+04   0.00000E+00
  0.999   3.130   -0.32525E+03   0.00000E+00   0.14899E+08   0.00000E+00   0.76245E+04   0.00000E+00
  1.005   3.140   -0.32554E+03   0.00000E+00   0.14899E+08   0.00000E+00   0.76250E+04   0.00000E+00
  1.012   3.150   -0.32605E+03   0.00000E+00   0.14900E+08   0.00000E+00   0.76255E+04   0.00000E+00
  1.018   3.160   -0.32685E+03   0.00000E+00   0.14901E+08   0.00000E+00   0.76259E+04   0.00000E+00
  1.025   3.170   -0.32790E+03   0.00000E+00   0.14901E+08   0.00000E+00   0.76261E+04   0.00000E+00
  1.031   3.180   -0.32917E+03   0.00000E+00   0.14902E+08   0.00000E+00   0.76257E+04   0.00000E+00
  1.038   3.190   -0.33060E+03   0.00000E+00   0.14903E+08   0.00000E+00   0.76247E+04   0.00000E+00
  1.044   3.200   -0.33211E+03   0.00000E+00   0.14903E+08   0.00000E+00   0.76228E+04   0.00000E+00
  1.051   3.210   -0.33347E+03   0.00000E+00   0.14904E+08   0.00000E+00   0.76196E+04   0.00000E+00
  1.057   3.220   -0.33416E+03   0.00000E+00   0.14904E+08   0.00000E+00   0.76144E+04   0.00000E+00
  1.064   3.230   -0.33293E+03   0.00000E+00   0.14904E+08   0.00000E+00   0.76055E+04   0.00000E+00
  1.070   3.240   -0.32772E+03   0.00000E+00   0.14904E+08   0.00000E+00   0.75910E+04   0.00000E+00
  1.077   3.250   -0.31908E+03   0.00000E+00   0.14903E+08   0.00000E+00   0.75753E+04   0.00000E+00
  1.084   3.260   -0.31353E+03   0.00000E+00   0.14902E+08   0.00000E+00   0.75702E+04   0.00000E+00
  1.090   3.270   -0.31380E+03   0.00000E+00   0.14900E+08   0.00000E+00   0.75763E+04   0.00000E+00
  1.097   3.280   -0.31673E+03   0.00000E+00   0.14899E+08   0.00000E+00   0.75857E+04   0.00000E+00
  1.104   3.290   -0.31980E+03   0.00000E+00   0.14898E+08   0.00000E+00   0.75942E+04   0.00000E+00
  1.110   3.300   -0.32219E+03   0.00000E+00   0.14898E+08   0.00000E+00   0.76009E+04   0.00000E+00
  1.117   3.310   -0.32382E+03   0.00000E+00   0.14898E+08   0.00000E+00   0.76053E+04   0.00000E+00
  1.124   3.320   -0.32482E+03   0.00000E+00   0.14898E+08   0.00000E+00   0.76069E+04   0.00000E+00
  1.131   3.330   -0.32554E+03   0.00000E+00   0.14898E+08   0.00000E+00   0.76057E+04   0.00000E+00
  1.138   3.340   -0.32650E+03   0.00000E+00   0.14898E+08   0.00000E+00   0.76060E+04   0.00000E+00
  1.144   3.350   -0.32751E+03   0.00000E+00   0.14899E+08   0.00000E+00   0.76098E+04   0.00000E+00
  1.151   3.360   -0.32820E+03   0.00000E+00   0.14900E+08   0.00000E+00   0.76143E+04   0.00000E+00
  1.158   3.370   -0.32852E+03   0.00000E+00   0.14901E+08   0.00000E+00   0.76179E+04   0.00000E+00
  1.165   3.380   -0.32853E+03   0.00000E+00   0.14902E+08   0.00000E+00   0.76210E+04   0.00000E+00
  1.172   3.390   -0.32818E+03   0.00000E+00   0.14902E+08   0.00000E+00   0.76245E+04   0.00000E+00
  1.179   3.400   -0.32737E+03   0.00000E+00   0.14903E+08   0.00000E+00   0.76272E+04   0.00000E+00
  1.186   3.410   -0.32649E+03   0.00000E+00   0.14903E+08   0.00000E+00   0.76268E+04   0.00000E+00
  1.193   3.420   -0.32601E+03   0.00000E+00   0.14903E+08   0.00000E+00   0.76240E+04   0.00000E+00
  1.200   3.430   -0.32593E+03   0.00000E+00   0.14904E+08   0.00000E+00   0.76208E+04   0.00000E+00
  1.207   3.440   -0.32603E+03   0.00000E+00   0.14904E+08   0.00000E+00   0.76183E+04   0.00000E+00
  1.214   3.450   -0.32617E+03   0.00000E+00   0.14904E+08   0.00000E+00   0.76165E+04   0.00000E+00
  1.221   3.460   -0.32626E+03   0.00000E+00   0.14904E+08   0.00000E+00   0.76152E+04   0.00000E+00
  1.228   3.470   -0.32622E+03   0.00000E+00   0.14905E+08   0.00000E+00   0.76141E+04   0.00000E+00
  1.235   3.480   -0.32595E+03   0.00000E+00   0.14905E+08   0.00000E+00   0.76135E+04   0.00000E+00
  1.242   3.490   -0.32551E+03   0.00000E+00   0.14905E+08   0.00000E+00   0.76140E+04   0.00000E+00
  1.249   3.500   -0.32521E+03   0.00000E+00   0.14905E+08   0.00000E+00   0.76160E+04   0.00000E+00
  1.256   3.510   -0.32529E+03   0.00000E+00   0.14906E+08   0.00000E+00   0.76184E+04   0.00000E+00
  1.263   3.520   -0.32557E+03   0.00000E+00   0.14906E+08   0.00000E+00   0.76202E+04   0.00000E+00
  1.271   3.530   -0.32583E+03   0.00000E+00   0.14906E+08   0.00000E+00   0.76208E+04   0.00000E+00
  1.278   3.540   -0.32603E+03   0.00000E+00   0.14906E+08   0.00000E+00   0.76197E+04   0.00000E+00
  1.285   3.550   -0.32625E+03   0.00000E+00   0.14905E+08   0.00000E+00   0.76170E+04   0.00000E+00
  1.292   3.560   -0.32655E+03   0.00000E+00   0.14905E+08   0.00000E+00   0.76144E+04   0.00000E+00
  1.300   3.570   -0.32681E+03   0.00000E+00   0.14905E+08   0.00000E+00   0.76125E+04   0.00000E+00
  1.307   3.580   -0.32686E+03   0.00000E+00   0.14906E+08   0.00000E+00   0.76106E+04   0.00000E+00
  1.314   3.590   -0.32650E+03   0.00000E+00   0.14907E+08   0.00000E+00   0.76086E+04   0.00000E+00
  1.322   3.600   -0.32570E+03   0.00000E+00   0.14907E+08   0.00000E+00   0.76069E+04   0.00000E+00
  1.329   3.610   -0.32490E+03   0.00000E+00   0.14907E+08   0.00000E+00   0.76063E+04   0.00000E+00
  1.336   3.620   -0.32445E+03   0.00000E+00   0.14907E+08   0.00000E+00   0.76061E+04   0.00000E+00
  1.344   3.630   -0.32411E+03   0.00000E+00   0.14907E+08   0.00000E+00   0.76054E+04   0.00000E+00
  1.351   3.640   -0.32375E+03   0.00000E+00   0.14907E+08   0.00000E+00   0.76048E+04   0.00000E+00
  1.359   3.650   -0.32341E+03   0.00000E+00   0.14907E+08   0.00000E+00   0.76048E+04   0.00000E+00
  1.366   3.660   -0.32318E+03   0.00000E+00   0.14907E+08   0.00000E+00   0.76061E+04   0.00000E+00
  1.373   3.670   -0.32319E+03   0.00000E+00   0.14907E+08   0.00000E+00   0.76093E+04   0.00000E+00
  1.381   3.680   -0.32365E+03   0.00000E+00   0.14907E+08   0.00000E+00   0.76141E+04   0.00000E+00
  1.388   3.690   -0.32445E+03   0.00000E+00   0.14907E+08   0.00000E+00   0.76187E+04   0.00000E+00
  1.396   3.700   -0.32480E+03   0.00000E+00   0.14908E+08   0.00000E+00   0.76208E+04   0.00000E+00
  1.404   3.710   -0.32381E+03   0.00000E+00   0.14908E+08   0.00000E+00   0.76207E+04   0.00000E+00
  1.411   3.720   -0.32028E+03   0.00000E+00   0.14908E+08   0.00000E+00   0.76231E+04   0.00000E+00
  1.419   3.730   -0.31524E+03   0.00000E+00   0.14908E+08   0.00000E+00   0.76386E+04   0.00000E+00
  1.426   3.740   -0.32411E+03   0.00000E+00   0.14908E+08   0.00000E+00   0.76252E+04   0.00000E+00
  1.434   3.750   -0.32732E+03   0.00000E+00   0.14908E+08   0.00000E+00   0.76090E+04   0.00000E+00
  1.442   3.760   -0.32827E+03   0.00000E+00   0.14909E+08   0.00000E+00   0.75968E+04   0.00000E+00
  1.449   3.770   -0.32930E+03   0.00000E+00   0.14908E+08   0.00000E+00   0.75860E+04   0.00000E+00
  1.457   3.780   -0.33088E+03   0.00000E+00   0.14906E+08   0.00000E+00   0.75923E+04   0.00000E+00
  1.465   3.790   -0.33106E+03   0.00000E+00   0.14905E+08   0.00000E+00   0.76184E+04   0.00000E+00
  1.472   3.800   -0.33001E+03   0.00000E+00   0.14906E+08   0.00000E+00   0.76254E+04   0.00000E+00
  1.480   3.810   -0.32868E+03   0.00000E+00   0.14908E+08   0.00000E+00   0.76237E+04   0.00000E+00
  1.488   3.820   -0.32731E+03   0.00000E+00   0.14909E+08   0.00000E+00   0.76170E+04   0.00000E+00
  1.496   3.830   -0.32668E+03   0.00000E+00   0.14909E+08   0.00000E+00   0.76069E+04   0.00000E+00
  1.504   3.840   -0.32672E+03   0.00000E+00   0.14908E+08   0.00000E+00   0.75998E+04   0.00000E+00
  1.511   3.850   -0.32681E+03   0.00000E+00   0.14908E+08   0.00000E+00   0.75967E+04   0.00000E+00
  1.519   3.860   -0.32681E+03   0.00000E+00   0.14908E+08   0.00000E+00   0.75952E+04   0.00000E+00
  1.527   3.870   -0.32696E+03   0.00000E+00   0.14908E+08   0.00000E+00   0.75936E+04   0.00000E+00
  1.535   3.880   -0.32788E+03   0.00000E+00   0.14908E+08   0.00000E+00   0.75900E+04   0.00000E+00
  1.543   3.890   -0.33114E+03   0.00000E+00   0.14908E+08   0.00000E+00   0.75828E+04   0.00000E+00
  1.551   3.900   -0.33667E+03   0.00000E+00   0.14908E+08   0.00000E+00   0.75778E+04   0.00000E+00
  1.559   3.910   -0.33653E+03   0.00000E+00   0.14908E+08   0.00000E+00   0.75842E+04   0.00000E+00
  1.567   3.920   -0.33295E+03   0.00000E+00   0.14907E+08   0.00000E+00   0.75887E+04   0.00000E+00
  1.575   3.930   -0.33108E+03   0.00000E+00   0.14907E+08   0.00000E+00   0.75886E+04   0.00000E+00
  1.583   3.940   -0.33023E+03   0.00000E+00   0.14906E+08   0.00000E+00   0.75867E+04   0.00000E+00
  1.591   3.950   -0.32974E+03   0.00000E+00   0.14906E+08   0.00000E+00   0.75839E+04   0.00000E+00
  1.599   3.960   -0.32938E+03   0.00000E+00   0.14905E+08   0.00000E+00   0.75803E+04   0.00000E+00
  1.607   3.970   -0.32926E+03   0.00000E+00   0.14905E+08   0.00000E+00   0.75770E+04   0.00000E+00
  1.615   3.980   -0.32957E+03   0.00000E+00   0.14905E+08   0.00000E+00   0.75801E+04   0.00000E+00
  1.623   3.990   -0.32950E+03   0.00000E+00   0.14907E+08   0.00000E+00   0.75833E+04   0.00000E+00
  1.632   4.000   -0.32924E+03   0.00000E+00   0.14907E+08   0.00000E+00   0.75837E+04   0.00000E+00
  1.640   4.010   -0.32886E+03   0.00000E+00   0.14908E+08   0.00000E+00   0.75844E+04   0.00000E+00
  1.648   4.020   -0.32821E+03   0.00000E+00   0.14909E+08   0.00000E+00   0.75868E+04   0.00000E+00
  1.656   4.030   -0.32725E+03   0.00000E+00   0.14909E+08   0.00000E+00   0.75921E+04   0.00000E+00
  1.664   4.040   -0.32627E+03   0.00000E+00   0.14910E+08   0.00000E+00   0.75994E+04   0.00000E+00
  1.673   4.050   -0.32576E+03   0.00000E+00   0.14910E+08   0.00000E+00   0.76019E+04   0.00000E+00
  1.681   4.060   -0.32589E+03   0.00000E+00   0.14911E+08   0.00000E+00   0.75939E+04   0.00000E+00
  1.689   4.070   -0.32629E+03   0.00000E+00   0.14911E+08   0.00000E+00   0.75852E+04   0.00000E+00
  1.697   4.080   -0.32701E+03   0.00000E+00   0.14912E+08   0.00000E+00   0.75803E+04   0.00000E+00
  1.706   4.090   -0.32837E+03   0.00000E+00   0.14912E+08   0.00000E+00   0.75782E+04   0.00000E+00
  1.714   4.100   -0.32957E+03   0.00000E+00   0.14911E+08   0.00000E+00   0.75787E+04   0.00000E+00
  1.723   4.110   -0.32962E+03   0.00000E+00   0.14910E+08   0.00000E+00   0.75790E+04   0.00000E+00
  1.731   4.120   -0.32894E+03   0.00000E+00   0.14909E+08   0.00000E+00   0.75778E+04   0.00000E+00
  1.739   4.130   -0.32820E+03   0.00000E+00   0.14909E+08   0.00000E+00   0.75758E+04   0.00000E+00
  1.748   4.140   -0.32767E+03   0.00000E+00   0.14909E+08   0.00000E+00   0.75741E+04   0.00000E+00
  1.756   4.150   -0.32729E+03   0.00000E+00   0.14909E+08   0.00000E+00   0.75724E+04   0.00000E+00
  1.765   4.160   -0.32691E+03   0.00000E+00   0.14909E+08   0.00000E+00   0.75702E+04   0.00000E+00
  1.773   4.170   -0.32655E+03   0.00000E+00   0.14910E+08   0.00000E+00   0.75667E+04   0.00000E+00
  1.782   4.180   -0.32674E+03   0.00000E+00   0.14911E+08   0.00000E+00   0.75644E+04   0.00000E+00
  1.790   4.190   -0.32753E+03   0.00000E+00   0.14912E+08   0.00000E+00   0.75662E+04   0.00000E+00
  1.799   4.200   -0.32849E+03   0.00000E+00   0.14912E+08   0.00000E+00   0.75725E+04   0.00000E+00
  1.807   4.210   -0.32896E+03   0.00000E+00   0.14912E+08   0.00000E+00   0.75846E+04   0.00000E+00
  1.816   4.220   -0.32783E+03   0.00000E+00   0.14912E+08   0.00000E+00   0.75908E+04   0.00000E+00
  1.825   4.230   -0.32729E+03   0.00000E+00   0.14912E+08   0.00000E+00   0.75851E+04   0.00000E+00
  1.833   4.240   -0.32755E+03   0.00000E+00   0.14912E+08   0.00000E+00   0.75830E+04   0.00000E+00
  1.842   4.250   -0.32793E+03   0.00000E+00   0.14912E+08   0.00000E+00   0.75839E+04   0.00000E+00
  1.851   4.260   -0.32815E+03   0.00000E+00   0.14912E+08   0.00000E+00   0.75863E+04   0.00000E+00
  1.859   4.270   -0.32723E+03   0.00000E+00   0.14912E+08   0.00000E+00   0.75884E+04   0.00000E+00
  1.868   4.280   -0.32405E+03   0.00000E+00   0.14912E+08   0.00000E+00   0.75831E+04   0.00000E+00
  1.877   4.290   -0.32129E+03   0.00000E+00   0.14912E+08   0.00000E+00   0.75731E+04   0.00000E+00
  1.885   4.300   -0.32089E+03   0.00000E+00   0.14912E+08   0.00000E+00   0.75644E+04   0.00000E+00
  1.894   4.310   -0.32327E+03   0.00000E+00   0.14913E+08   0.00000E+00   0.75655E+04   0.00000E+00
  1.903   4.320   -0.32526E+03   0.00000E+00   0.14913E+08   0.00000E+00   0.75742E+04   0.00000E+00
  1.912   4.330   -0.32590E+03   0.00000E+00   0.14914E+08   0.00000E+00   0.75828E+04   0.00000E+00
  1.921   4.340   -0.32565E+03   0.00000E+00   0.14915E+08   0.00000E+00   0.75917E+04   0.00000E+00
  1.930   4.350   -0.32405E+03   0.00000E+00   0.14921E+08   0.00000E+00   0.76124E+04   0.00000E+00
  1.938   4.360   -0.32710E+03   0.00000E+00   0.14904E+08   0.00000E+00   0.75759E+04   0.00000E+00
  1.947   4.370   -0.32523E+03   0.00000E+00   0.14910E+08   0.00000E+00   0.75884E+04   0.00000E+00
  1.956   4.380   -0.32491E+03   0.00000E+00   0.14912E+08   0.00000E+00   0.75972E+04   0.00000E+00
  1.965   4.390   -0.32616E+03   0.00000E+00   0.14913E+08   0.00000E+00   0.76052E+04   0.00000E+00
  1.974   4.400   -0.32813E+03   0.00000E+00   0.14914E+08   0.00000E+00   0.76079E+04   0.00000E+00
  1.983   4.410   -0.33035E+03   0.00000E+00   0.14915E+08   0.00000E+00   0.76026E+04   0.00000E+00
  1.992   4.420   -0.33219E+03   0.00000E+00   0.14916E+08   0.00000E+00   0.75875E+04   0.00000E+00
  2.001   4.430   -0.33172E+03   0.00000E+00   0.14914E+08   0.00000E+00   0.75648E+04   0.00000E+00
  2.010   4.440   -0.32902E+03   0.00000E+00   0.14912E+08   0.00000E+00   0.75585E+04   0.00000E+00
  2.019   4.450   -0.32624E+03   0.00000E+00   0.14912E+08   0.00000E+00   0.75580E+04   0.00000E+00
  2.028   4.460   -0.32318E+03   0.00000E+00   0.14912E+08   0.00000E+00   0.75601E+04   0.00000E+00
  2.037   4.470   -0.32168E+03   0.00000E+00   0.14912E+08   0.00000E+00   0.75679E+04   0.00000E+00
  2.047   4.480   -0.32258E+03   0.00000E+00   0.14912E+08   0.00000E+00   0.75734E+04   0.00000E+00
  2.056   4.490   -0.32410E+03   0.00000E+00   0.14912E+08   0.00000E+00   0.75724E+04   0.00000E+00
  2.065   4.500   -0.32555E+03   0.00000E+00   0.14911E+08   0.00000E+00   0.75690E+04   0.00000E+00
  2.074   4.510   -0.32628E+03   0.00000E+00   0.14910E+08   0.00000E+00   0.75631E+04   0.00000E+00
  2.083   4.520   -0.32573E+03   0.00000E+00   0.14911E+08   0.00000E+00   0.75596E+04   0.00000E+00
  2.093   4.530   -0.32511E+03   0.00000E+00   0.14913E+08   0.00000E+00   0.75698E+04   0.00000E+00
  2.102   4.540   -0.32623E+03   0.00000E+00   0.14914E+08   0.00000E+00   0.76034E+04   0.00000E+00
  2.111   4.550   -0.32841E+03   0.00000E+00   0.14914E+08   0.00000E+00   0.76034E+04   0.00000E+00
  2.120   4.560   -0.32883E+03   0.00000E+00   0.14915E+08   0.00000E+00   0.75991E+04   0.00000E+00
  2.130   4.570   -0.32891E+03   0.00000E+00   0.14915E+08   0.00000E+00   0.75989E+04   0.00000E+00
  2.139   4.580   -0.32920E+03   0.00000E+00   0.14915E+08   0.00000E+00   0.76023E+04   0.00000E+00
  2.148   4.590   -0.32960E+03   0.00000E+00   0.14916E+08   0.00000E+00   0.76024E+04   0.00000E+00
  2.158   4.600   -0.32794E+03   0.00000E+00   0.14916E+08   0.00000E+00   0.75750E+04   0.00000E+00
  2.167   4.610   -0.32670E+03   0.00000E+00   0.14913E+08   0.00000E+00   0.75576E+04   0.00000E+00
  2.177   4.620   -0.32622E+03   0.00000E+00   0.14913E+08   0.00000E+00   0.75566E+04   0.00000E+00
  2.186   4.630   -0.32633E+03   0.00000E+00   0.14914E+08   0.00000E+00   0.75617E+04   0.00000E+00
  2.195   4.640   -0.32645E+03   0.00000E+00   0.14914E+08   0.00000E+00   0.75656E+04   0.00000E+00
  2.205   4.650   -0.32687E+03   0.00000E+00   0.14914E+08   0.00000E+00   0.75723E+04   0.00000E+00
  2.214   4.660   -0.32701E+03   0.00000E+00   0.14914E+08   0.00000E+00   0.75802E+04   0.00000E+00
  2.224   4.670   -0.32578E+03   0.00000E+00   0.14915E+08   0.00000E+00   0.75883E+04   0.00000E+00
  2.233   4.680   -0.32565E+03   0.00000E+00   0.14916E+08   0.00000E+00   0.75931E+04   0.00000E+00
  2.243   4.690   -0.32625E+03   0.00000E+00   0.14917E+08   0.00000E+00   0.75977E+04   0.00000E+00
  2.253   4.700   -0.32681E+03   0.00000E+00   0.14919E+08   0.00000E+00   0.75948E+04   0.00000E+00
  2.262   4.710   -0.32698E+03   0.00000E+00   0.14918E+08   0.00000E+00   0.75893E+04   0.00000E+00
  2.272   4.720   -0.32595E+03   0.00000E+00   0.14918E+08   0.00000E+00   0.75923E+04   0.00000E+00
  2.281   4.730   -0.32393E+03   0.00000E+00   0.14917E+08   0.00000E+00   0.75987E+04   0.00000E+00
  2.291   4.740   -0.32338E+03   0.00000E+00   0.14917E+08   0.00000E+00   0.76031E+04   0.00000E+00
  2.301   4.750   -0.32574E+03   0.00000E+00   0.14917E+08   0.00000E+00   0.75971E+04   0.00000E+00
  2.310   4.760   -0.32694E+03   0.00000E+00   0.14917E+08   0.00000E+00   0.75967E+04   0.00000E+00
  2.320   4.770   -0.32753E+03   0.00000E+00   0.14917E+08   0.00000E+00   0.76000E+04   0.00000E+00
  2.330   4.780   -0.32775E+03   0.00000E+00   0.14917E+08   0.00000E+00   0.76070E+04   0.00000E+00
  2.340   4.790   -0.32853E+03   0.00000E+00   0.14918E+08   0.00000E+00   0.76164E+04   0.00000E+00
  2.349   4.800   -0.33173E+03   0.00000E+00   0.14918E+08   0.00000E+00   0.76258E+04   0.00000E+00
  2.359   4.810   -0.35592E+03   0.00000E+00   0.14919E+08   0.00000E+00   0.76331E+04   0.00000E+00
  2.369   4.820   -0.33402E+03   0.00000E+00   0.14919E+08   0.00000E+00   0.76446E+04   0.00000E+00
  2.379   4.830   -0.33063E+03   0.00000E+00   0.14920E+08   0.00000E+00   0.76565E+04   0.00000E+00
  2.389   4.840   -0.32975E+03   0.00000E+00   0.14920E+08   0.00000E+00   0.76730E+04   0.00000E+00
  2.399   4.850   -0.33065E+03   0.00000E+00   0.14919E+08   0.00000E+00   0.77020E+04   0.00000E+00
  2.409   4.860   -0.33103E+03   0.00000E+00   0.14917E+08   0.00000E+00   0.77182E+04   0.00000E+00
  2.418   4.870   -0.33059E+03   0.00000E+00   0.14917E+08   0.00000E+00   0.77149E+04   0.00000E+00
  2.428   4.880   -0.33269E+03   0.00000E+00   0.14917E+08   0.00000E+00   0.77051E+04   0.00000E+00
  2.438   4.890   -0.33330E+03   0.00000E+00   0.14917E+08   0.00000E+00   0.76887E+04   0.00000E+00
  2.448   4.900   -0.33290E+03   0.00000E+00   0.14917E+08   0.00000E+00   0.76718E+04   0.00000E+00
  2.458   4.910   -0.33205E+03   0.00000E+00   0.14916E+08   0.00000E+00   0.76529E+04   0.00000E+00
  2.468   4.920   -0.33139E+03   0.00000E+00   0.14915E+08   0.00000E+00   0.76309E+04   0.00000E+00
  2.478   4.930   -0.33028E+03   0.00000E+00   0.14914E+08   0.00000E+00   0.76125E+04   0.00000E+00
  2.488   4.940   -0.33059E+03   0.00000E+00   0.14913E+08   0.00000E+00   0.76115E+04   0.00000E+00
  2.499   4.950   -0.32870E+03   0.00000E+00   0.14910E+08   0.00000E+00   0.76080E+04   0.00000E+00
  2.509   4.960   -0.32866E+03   0.00000E+00   0.14896E+08   0.00000E+00   0.76356E+04   0.00000E+00
  2.519   4.970   -0.33100E+03   0.00000E+00   0.14922E+08   0.00000E+00   0.76579E+04   0.00000E+00
  2.529   4.980   -0.33073E+03   0.00000E+00   0.14919E+08   0.00000E+00   0.76345E+04   0.00000E+00
  2.539   4.990   -0.33020E+03   0.00000E+00   0.14917E+08   0.00000E+00   0.76393E+04   0.00000E+00
