  0.000   0.010   -0.28621E-04   0.00000E+00   0.75926E+01   0.00000E+00   0.69434E-03   0.00000E+00
  0.000   0.020   -0.22648E-03   0.00000E+00   0.60461E+02   0.00000E+00   0.54985E-02   0.00000E+00
  0.000   0.030   -0.75030E-03   0.00000E+00   0.20249E+03   0.00000E+00   0.18242E-01   0.00000E+00
  0.000   0.040   -0.17316E-02   0.00000E+00   0.47481E+03   0.00000E+00   0.42196E-01   0.00000E+00
  0.000   0.050   -0.32635E-02   0.00000E+00   0.91448E+03   0.00000E+00   0.79805E-01   0.00000E+00
  0.000   0.060   -0.53869E-02   0.00000E+00   0.15533E+04   0.00000E+00   0.13243E+00   0.00000E+00
  0.000   0.070   -0.80761E-02   0.00000E+00   0.24167E+04   0.00000E+00   0.20008E+00   0.00000E+00
  0.001   0.080   -0.11223E-01   0.00000E+00   0.35229E+04   0.00000E+00   0.28121E+00   0.00000E+00
  0.001   0.090   -0.14621E-01   0.00000E+00   0.48818E+04   0.00000E+00   0.37248E+00   0.00000E+00
  0.001   0.100   -0.17945E-01   0.00000E+00   0.64949E+04   0.00000E+00   0.46854E+00   0.00000E+00
  0.001   0.110   -0.20736E-01   0.00000E+00   0.83544E+04   0.00000E+00   0.56183E+00   0.00000E+00
  0.001   0.120   -0.22375E-01   0.00000E+00   0.10444E+05   0.00000E+00   0.64241E+00   0.00000E+00
  0.002   0.130   -0.22064E-01   0.00000E+00   0.12737E+05   0.00000E+00   0.69770E+00   0.00000E+00
  0.002   0.140   -0.18801E-01   0.00000E+00   0.15199E+05   0.00000E+00   0.71235E+00   0.00000E+00
  0.002   0.150   -0.11353E-01   0.00000E+00   0.17787E+05   0.00000E+00   0.66791E+00   0.00000E+00
  0.003   0.160    0.17711E-02   0.00000E+00   0.20452E+05   0.00000E+00   0.54265E+00   0.00000E+00
  0.003   0.170    0.22353E-01   0.00000E+00   0.23137E+05   0.00000E+00   0.31121E+00   0.00000E+00
  0.003   0.180    0.52495E-01   0.00000E+00   0.25781E+05   0.00000E+00  -0.55802E-01   0.00000E+00
  0.004   0.190    0.94653E-01   0.00000E+00   0.28318E+05   0.00000E+00  -0.59220E+00   0.00000E+00
  0.004   0.200    0.15168E+00   0.00000E+00   0.30683E+05   0.00000E+00  -0.13368E+01   0.00000E+00
  0.004   0.210    0.22685E+00   0.00000E+00   0.32808E+05   0.00000E+00  -0.23341E+01   0.00000E+00
  0.005   0.220    0.32392E+00   0.00000E+00   0.34627E+05   0.00000E+00  -0.36351E+01   0.00000E+00
  0.005   0.230    0.44717E+00   0.00000E+00   0.36080E+05   0.00000E+00  -0.52980E+01   0.00000E+00
  0.006   0.240    0.60142E+00   0.00000E+00   0.37111E+05   0.00000E+00  -0.73895E+01   0.00000E+00
  0.006   0.250    0.79213E+00   0.00000E+00   0.37671E+05   0.00000E+00  -0.99861E+01   0.00000E+00
  0.007   0.260    0.10254E+01   0.00000E+00   0.37722E+05   0.00000E+00  -0.13175E+02   0.00000E+00
  0.007   0.270    0.13080E+01   0.00000E+00   0.37236E+05   0.00000E+00  -0.17057E+02   0.00000E+00
  0.008   0.280    0.16475E+01   0.00000E+00   0.36200E+05   0.00000E+00  -0.21747E+02   0.00000E+00
  0.009   0.290    0.20522E+01   0.00000E+00   0.34614E+05   0.00000E+00  -0.27375E+02   0.00000E+00
  0.009   0.300    0.25312E+01   0.00000E+00   0.32495E+05   0.00000E+00  -0.34092E+02   0.00000E+00
  0.010   0.310    0.30945E+01   0.00000E+00   0.29877E+05   0.00000E+00  -0.42065E+02   0.00000E+00
  0.010   0.320    0.37529E+01   0.00000E+00   0.26812E+05   0.00000E+00  -0.51489E+02   0.00000E+00
  0.011   0.330    0.45181E+01   0.00000E+00   0.23372E+05   0.00000E+00  -0.62578E+02   0.00000E+00
  0.012   0.340    0.54025E+01   0.00000E+00   0.19645E+05   0.00000E+00  -0.75576E+02   0.00000E+00
  0.012   0.350    0.64194E+01   0.00000E+00   0.15741E+05   0.00000E+00  -0.90753E+02   0.00000E+00
  0.013   0.360    0.75826E+01   0.00000E+00   0.11785E+05   0.00000E+00  -0.10841E+03   0.00000E+00
  0.014   0.370    0.89066E+01   0.00000E+00   0.79193E+04   0.00000E+00  -0.12887E+03   0.00000E+00
  0.015   0.380    0.10406E+02   0.00000E+00   0.43019E+04   0.00000E+00  -0.15250E+03   0.00000E+00
  0.016   0.390    0.12096E+02   0.00000E+00   0.11033E+04   0.00000E+00  -0.17969E+03   0.00000E+00
  0.016   0.400    0.13991E+02   0.00000E+00  -0.14961E+04   0.00000E+00  -0.21084E+03   0.00000E+00
  0.017   0.410    0.16105E+02   0.00000E+00  -0.33081E+04   0.00000E+00  -0.24639E+03   0.00000E+00
  0.018   0.420    0.18451E+02   0.00000E+00  -0.41413E+04   0.00000E+00  -0.28680E+03   0.00000E+00
  0.019   0.430    0.21041E+02   0.00000E+00  -0.38044E+04   0.00000E+00  -0.33252E+03   0.00000E+00
  0.020   0.440    0.23883E+02   0.00000E+00  -0.21108E+04   0.00000E+00  -0.38402E+03   0.00000E+00
  0.021   0.450    0.26984E+02   0.00000E+00   0.11162E+04   0.00000E+00  -0.44173E+03   0.00000E+00
  0.022   0.460    0.30346E+02   0.00000E+00   0.60383E+04   0.00000E+00  -0.50607E+03   0.00000E+00
  0.023   0.470    0.33969E+02   0.00000E+00   0.12797E+05   0.00000E+00  -0.57742E+03   0.00000E+00
  0.023   0.480    0.37844E+02   0.00000E+00   0.21506E+05   0.00000E+00  -0.65608E+03   0.00000E+00
  0.024   0.490    0.41961E+02   0.00000E+00   0.32249E+05   0.00000E+00  -0.74226E+03   0.00000E+00
  0.025   0.500    0.46299E+02   0.00000E+00   0.45070E+05   0.00000E+00  -0.83608E+03   0.00000E+00
  0.027   0.510    0.50834E+02   0.00000E+00   0.59973E+05   0.00000E+00  -0.93752E+03   0.00000E+00
  0.028   0.520    0.55530E+02   0.00000E+00   0.76914E+05   0.00000E+00  -0.10464E+04   0.00000E+00
  0.029   0.530    0.60349E+02   0.00000E+00   0.95798E+05   0.00000E+00  -0.11625E+04   0.00000E+00
  0.030   0.540    0.65239E+02   0.00000E+00   0.11648E+06   0.00000E+00  -0.12851E+04   0.00000E+00
  0.031   0.550    0.70147E+02   0.00000E+00   0.13875E+06   0.00000E+00  -0.14137E+04   0.00000E+00
  0.032   0.560    0.75010E+02   0.00000E+00   0.16235E+06   0.00000E+00  -0.15473E+04   0.00000E+00
  0.033   0.570    0.79759E+02   0.00000E+00   0.18696E+06   0.00000E+00  -0.16849E+04   0.00000E+00
  0.034   0.580    0.84324E+02   0.00000E+00   0.21221E+06   0.00000E+00  -0.18252E+04   0.00000E+00
  0.035   0.590    0.88631E+02   0.00000E+00   0.23767E+06   0.00000E+00  -0.19667E+04   0.00000E+00
  0.037   0.600    0.92606E+02   0.00000E+00   0.26286E+06   0.00000E+00  -0.21079E+04   0.00000E+00
  0.038   0.610    0.96181E+02   0.00000E+00   0.28726E+06   0.00000E+00  -0.22472E+04   0.00000E+00
  0.039   0.620    0.99290E+02   0.00000E+00   0.31031E+06   0.00000E+00  -0.23830E+04   0.00000E+00
  0.040   0.630    0.10188E+03   0.00000E+00   0.33144E+06   0.00000E+00  -0.25134E+04   0.00000E+00
  0.042   0.640    0.10391E+03   0.00000E+00   0.35005E+06   0.00000E+00  -0.26369E+04   0.00000E+00
  0.043   0.650    0.10534E+03   0.00000E+00   0.36558E+06   0.00000E+00  -0.27522E+04   0.00000E+00
  0.044   0.660    0.10617E+03   0.00000E+00   0.37749E+06   0.00000E+00  -0.28580E+04   0.00000E+00
  0.046   0.670    0.10641E+03   0.00000E+00   0.38532E+06   0.00000E+00  -0.29534E+04   0.00000E+00
  0.047   0.680    0.10609E+03   0.00000E+00   0.38870E+06   0.00000E+00  -0.30379E+04   0.00000E+00
  0.049   0.690    0.10527E+03   0.00000E+00   0.38739E+06   0.00000E+00  -0.31114E+04   0.00000E+00
  0.050   0.700    0.10400E+03   0.00000E+00   0.38131E+06   0.00000E+00  -0.31744E+04   0.00000E+00
  0.051   0.710    0.10240E+03   0.00000E+00   0.37061E+06   0.00000E+00  -0.32276E+04   0.00000E+00
  0.053   0.720    0.10055E+03   0.00000E+00   0.35561E+06   0.00000E+00  -0.32724E+04   0.00000E+00
  0.054   0.730    0.98568E+02   0.00000E+00   0.33690E+06   0.00000E+00  -0.33106E+04   0.00000E+00
  0.056   0.740    0.96560E+02   0.00000E+00   0.31527E+06   0.00000E+00  -0.33442E+04   0.00000E+00
  0.057   0.750    0.94617E+02   0.00000E+00   0.29171E+06   0.00000E+00  -0.33754E+04   0.00000E+00
  0.059   0.760    0.92807E+02   0.00000E+00   0.26737E+06   0.00000E+00  -0.34063E+04   0.00000E+00
  0.060   0.770    0.91167E+02   0.00000E+00   0.24348E+06   0.00000E+00  -0.34390E+04   0.00000E+00
  0.062   0.780    0.89685E+02   0.00000E+00   0.22129E+06   0.00000E+00  -0.34750E+04   0.00000E+00
  0.064   0.790    0.88305E+02   0.00000E+00   0.20194E+06   0.00000E+00  -0.35153E+04   0.00000E+00
  0.065   0.800    0.86915E+02   0.00000E+00   0.18646E+06   0.00000E+00  -0.35603E+04   0.00000E+00
  0.067   0.810    0.85348E+02   0.00000E+00   0.17562E+06   0.00000E+00  -0.36096E+04   0.00000E+00
  0.069   0.820    0.83388E+02   0.00000E+00   0.16996E+06   0.00000E+00  -0.36618E+04   0.00000E+00
  0.070   0.830    0.80770E+02   0.00000E+00   0.16973E+06   0.00000E+00  -0.37151E+04   0.00000E+00
  0.072   0.840    0.77186E+02   0.00000E+00   0.17489E+06   0.00000E+00  -0.37666E+04   0.00000E+00
  0.074   0.850    0.72293E+02   0.00000E+00   0.18520E+06   0.00000E+00  -0.38129E+04   0.00000E+00
  0.075   0.860    0.65711E+02   0.00000E+00   0.20018E+06   0.00000E+00  -0.38502E+04   0.00000E+00
  0.077   0.870    0.57032E+02   0.00000E+00   0.21922E+06   0.00000E+00  -0.38737E+04   0.00000E+00
  0.079   0.880    0.45819E+02   0.00000E+00   0.24164E+06   0.00000E+00  -0.38784E+04   0.00000E+00
  0.081   0.890    0.31608E+02   0.00000E+00   0.26669E+06   0.00000E+00  -0.38585E+04   0.00000E+00
  0.083   0.900    0.13915E+02   0.00000E+00   0.29362E+06   0.00000E+00  -0.38079E+04   0.00000E+00
  0.084   0.910   -0.77542E+01   0.00000E+00   0.32174E+06   0.00000E+00  -0.37196E+04   0.00000E+00
  0.086   0.920   -0.33884E+02   0.00000E+00   0.35039E+06   0.00000E+00  -0.35862E+04   0.00000E+00
  0.088   0.930   -0.64911E+02   0.00000E+00   0.37900E+06   0.00000E+00  -0.34002E+04   0.00000E+00
  0.090   0.940   -0.10117E+03   0.00000E+00   0.40707E+06   0.00000E+00  -0.31539E+04   0.00000E+00
  0.092   0.950   -0.14279E+03   0.00000E+00   0.43419E+06   0.00000E+00  -0.28406E+04   0.00000E+00
  0.094   0.960   -0.18962E+03   0.00000E+00   0.46003E+06   0.00000E+00  -0.24552E+04   0.00000E+00
  0.096   0.970   -0.24104E+03   0.00000E+00   0.48432E+06   0.00000E+00  -0.19963E+04   0.00000E+00
  0.098   0.980   -0.29587E+03   0.00000E+00   0.50688E+06   0.00000E+00  -0.14677E+04   0.00000E+00
  0.100   0.990   -0.35224E+03   0.00000E+00   0.52759E+06   0.00000E+00  -0.88011E+03   0.00000E+00
  0.102   1.000   -0.40764E+03   0.00000E+00   0.54636E+06   0.00000E+00  -0.25263E+03   0.00000E+00
  0.104   1.010   -0.45910E+03   0.00000E+00   0.56318E+06   0.00000E+00   0.38777E+03   0.00000E+00
  0.106   1.020   -0.50355E+03   0.00000E+00   0.57805E+06   0.00000E+00   0.10086E+04   0.00000E+00
  0.108   1.030   -0.53837E+03   0.00000E+00   0.59101E+06   0.00000E+00   0.15766E+04   0.00000E+00
  0.110   1.040   -0.56183E+03   0.00000E+00   0.60215E+06   0.00000E+00   0.20629E+04   0.00000E+00
  0.112   1.050   -0.57337E+03   0.00000E+00   0.61155E+06   0.00000E+00   0.24481E+04   0.00000E+00
  0.115   1.060   -0.57362E+03   0.00000E+00   0.61934E+06   0.00000E+00   0.27242E+04   0.00000E+00
  0.117   1.070   -0.56410E+03   0.00000E+00   0.62563E+06   0.00000E+00   0.28944E+04   0.00000E+00
  0.119   1.080   -0.54681E+03   0.00000E+00   0.63057E+06   0.00000E+00   0.29696E+04   0.00000E+00
  0.121   1.090   -0.52384E+03   0.00000E+00   0.63431E+06   0.00000E+00   0.29658E+04   0.00000E+00
  0.123   1.100   -0.49714E+03   0.00000E+00   0.63701E+06   0.00000E+00   0.28999E+04   0.00000E+00
  0.126   1.110   -0.46829E+03   0.00000E+00   0.63884E+06   0.00000E+00   0.27882E+04   0.00000E+00
  0.128   1.120   -0.43856E+03   0.00000E+00   0.63996E+06   0.00000E+00   0.26449E+04   0.00000E+00
  0.130   1.130   -0.40886E+03   0.00000E+00   0.64057E+06   0.00000E+00   0.24815E+04   0.00000E+00
  0.133   1.140   -0.37981E+03   0.00000E+00   0.64084E+06   0.00000E+00   0.23073E+04   0.00000E+00
  0.135   1.150   -0.35182E+03   0.00000E+00   0.64097E+06   0.00000E+00   0.21291E+04   0.00000E+00
  0.137   1.160   -0.32515E+03   0.00000E+00   0.64115E+06   0.00000E+00   0.19521E+04   0.00000E+00
  0.140   1.170   -0.29992E+03   0.00000E+00   0.64159E+06   0.00000E+00   0.17801E+04   0.00000E+00
  0.142   1.180   -0.27619E+03   0.00000E+00   0.64248E+06   0.00000E+00   0.16156E+04   0.00000E+00
  0.144   1.190   -0.25397E+03   0.00000E+00   0.64405E+06   0.00000E+00   0.14604E+04   0.00000E+00
  0.147   1.200   -0.23324E+03   0.00000E+00   0.64646E+06   0.00000E+00   0.13159E+04   0.00000E+00
  0.149   1.210   -0.21394E+03   0.00000E+00   0.64988E+06   0.00000E+00   0.11827E+04   0.00000E+00
  0.152   1.220   -0.19603E+03   0.00000E+00   0.65441E+06   0.00000E+00   0.10612E+04   0.00000E+00
  0.154   1.230   -0.17941E+03   0.00000E+00   0.66001E+06   0.00000E+00   0.95187E+03   0.00000E+00
  0.157   1.240   -0.16399E+03   0.00000E+00   0.66646E+06   0.00000E+00   0.85479E+03   0.00000E+00
  0.159   1.250   -0.14969E+03   0.00000E+00   0.67320E+06   0.00000E+00   0.77038E+03   0.00000E+00
  0.162   1.260   -0.13642E+03   0.00000E+00   0.67917E+06   0.00000E+00   0.69931E+03   0.00000E+00
  0.164   1.270   -0.12414E+03   0.00000E+00   0.68258E+06   0.00000E+00   0.64256E+03   0.00000E+00
  0.167   1.280   -0.11285E+03   0.00000E+00   0.68069E+06   0.00000E+00   0.60115E+03   0.00000E+00
  0.170   1.290   -0.10252E+03   0.00000E+00   0.66953E+06   0.00000E+00   0.57522E+03   0.00000E+00
  0.172   1.300   -0.92883E+02   0.00000E+00   0.64428E+06   0.00000E+00   0.56255E+03   0.00000E+00
  0.175   1.310   -0.83237E+02   0.00000E+00   0.60110E+06   0.00000E+00   0.55735E+03   0.00000E+00
  0.178   1.320   -0.72656E+02   0.00000E+00   0.54057E+06   0.00000E+00   0.55120E+03   0.00000E+00
  0.180   1.330   -0.60625E+02   0.00000E+00   0.46952E+06   0.00000E+00   0.53671E+03   0.00000E+00
  0.183   1.340   -0.47384E+02   0.00000E+00   0.39785E+06   0.00000E+00   0.51058E+03   0.00000E+00
  0.186   1.350   -0.33567E+02   0.00000E+00   0.33332E+06   0.00000E+00   0.47341E+03   0.00000E+00
  0.189   1.360   -0.19713E+02   0.00000E+00   0.27940E+06   0.00000E+00   0.42749E+03   0.00000E+00
  0.191   1.370   -0.60774E+01   0.00000E+00   0.23618E+06   0.00000E+00   0.37515E+03   0.00000E+00
  0.194   1.380    0.72982E+01   0.00000E+00   0.20217E+06   0.00000E+00   0.31814E+03   0.00000E+00
  0.197   1.390    0.20466E+02   0.00000E+00   0.17545E+06   0.00000E+00   0.25760E+03   0.00000E+00
  0.200   1.400    0.33478E+02   0.00000E+00   0.15429E+06   0.00000E+00   0.19434E+03   0.00000E+00
  0.203   1.410    0.46334E+02   0.00000E+00   0.13729E+06   0.00000E+00   0.12910E+03   0.00000E+00
  0.206   1.420    0.58952E+02   0.00000E+00   0.12340E+06   0.00000E+00   0.62704E+02   0.00000E+00
  0.209   1.430    0.71169E+02   0.00000E+00   0.11184E+06   0.00000E+00  -0.37283E+01   0.00000E+00
  0.211   1.440    0.82751E+02   0.00000E+00   0.10205E+06   0.00000E+00  -0.68796E+02   0.00000E+00
  0.214   1.450    0.93428E+02   0.00000E+00   0.93622E+05   0.00000E+00  -0.13088E+03   0.00000E+00
  0.217   1.460    0.10294E+03   0.00000E+00   0.86274E+05   0.00000E+00  -0.18832E+03   0.00000E+00
  0.220   1.470    0.11107E+03   0.00000E+00   0.79786E+05   0.00000E+00  -0.23965E+03   0.00000E+00
  0.223   1.480    0.11770E+03   0.00000E+00   0.74000E+05   0.00000E+00  -0.28381E+03   0.00000E+00
  0.226   1.490    0.12279E+03   0.00000E+00   0.68796E+05   0.00000E+00  -0.32020E+03   0.00000E+00
  0.229   1.500    0.12638E+03   0.00000E+00   0.64082E+05   0.00000E+00  -0.34875E+03   0.00000E+00
  0.233   1.510    0.12854E+03   0.00000E+00   0.59787E+05   0.00000E+00  -0.36971E+03   0.00000E+00
  0.236   1.520    0.12933E+03   0.00000E+00   0.55853E+05   0.00000E+00  -0.38353E+03   0.00000E+00
  0.239   1.530    0.12878E+03   0.00000E+00   0.52233E+05   0.00000E+00  -0.39065E+03   0.00000E+00
  0.242   1.540    0.12684E+03   0.00000E+00   0.48890E+05   0.00000E+00  -0.39141E+03   0.00000E+00
  0.245   1.550    0.12344E+03   0.00000E+00   0.45791E+05   0.00000E+00  -0.38602E+03   0.00000E+00
  0.248   1.560    0.11843E+03   0.00000E+00   0.42909E+05   0.00000E+00  -0.37454E+03   0.00000E+00
  0.251   1.570    0.11172E+03   0.00000E+00   0.40222E+05   0.00000E+00  -0.35708E+03   0.00000E+00
  0.255   1.580    0.10328E+03   0.00000E+00   0.37711E+05   0.00000E+00  -0.33393E+03   0.00000E+00
  0.258   1.590    0.93246E+02   0.00000E+00   0.35359E+05   0.00000E+00  -0.30573E+03   0.00000E+00
  0.261   1.600    0.81921E+02   0.00000E+00   0.33151E+05   0.00000E+00  -0.27358E+03   0.00000E+00
  0.264   1.610    0.69784E+02   0.00000E+00   0.31075E+05   0.00000E+00  -0.23895E+03   0.00000E+00
  0.268   1.620    0.57403E+02   0.00000E+00   0.29120E+05   0.00000E+00  -0.20352E+03   0.00000E+00
  0.271   1.630    0.45334E+02   0.00000E+00   0.27276E+05   0.00000E+00  -0.16890E+03   0.00000E+00
  0.274   1.640    0.34029E+02   0.00000E+00   0.25532E+05   0.00000E+00  -0.13637E+03   0.00000E+00
  0.278   1.650    0.23792E+02   0.00000E+00   0.23881E+05   0.00000E+00  -0.10678E+03   0.00000E+00
  0.281   1.660    0.14769E+02   0.00000E+00   0.22314E+05   0.00000E+00  -0.80538E+02   0.00000E+00
  0.284   1.670    0.69857E+01   0.00000E+00   0.20823E+05   0.00000E+00  -0.57733E+02   0.00000E+00
  0.288   1.680    0.38328E+00   0.00000E+00   0.19400E+05   0.00000E+00  -0.38216E+02   0.00000E+00
  0.291   1.690   -0.51401E+01   0.00000E+00   0.18038E+05   0.00000E+00  -0.21719E+02   0.00000E+00
  0.295   1.700   -0.97020E+01   0.00000E+00   0.16730E+05   0.00000E+00  -0.79328E+01   0.00000E+00
  0.298   1.710   -0.13418E+02   0.00000E+00   0.15468E+05   0.00000E+00   0.34533E+01   0.00000E+00
  0.302   1.720   -0.16390E+02   0.00000E+00   0.14244E+05   0.00000E+00   0.12728E+02   0.00000E+00
  0.305   1.730   -0.18708E+02   0.00000E+00   0.13046E+05   0.00000E+00   0.20159E+02   0.00000E+00
  0.309   1.740   -0.20444E+02   0.00000E+00   0.11862E+05   0.00000E+00   0.26005E+02   0.00000E+00
  0.312   1.750   -0.21655E+02   0.00000E+00   0.10670E+05   0.00000E+00   0.30549E+02   0.00000E+00
  0.316   1.760   -0.22390E+02   0.00000E+00   0.94409E+04   0.00000E+00   0.34150E+02   0.00000E+00
  0.319   1.770   -0.22686E+02   0.00000E+00   0.81312E+04   0.00000E+00   0.37315E+02   0.00000E+00
  0.323   1.780   -0.22573E+02   0.00000E+00   0.66898E+04   0.00000E+00   0.40762E+02   0.00000E+00
  0.327   1.790   -0.22067E+02   0.00000E+00   0.51289E+04   0.00000E+00   0.45112E+02   0.00000E+00
  0.330   1.800   -0.21102E+02   0.00000E+00   0.38243E+04   0.00000E+00   0.48917E+02   0.00000E+00
  0.334   1.810   -0.19427E+02   0.00000E+00   0.37321E+04   0.00000E+00   0.46065E+02   0.00000E+00
  0.338   1.820   -0.17168E+02   0.00000E+00   0.48518E+04   0.00000E+00   0.35024E+02   0.00000E+00
  0.341   1.830   -0.15100E+02   0.00000E+00   0.59026E+04   0.00000E+00   0.23772E+02   0.00000E+00
  0.345   1.840   -0.13581E+02   0.00000E+00   0.64094E+04   0.00000E+00   0.16219E+02   0.00000E+00
  0.349   1.850   -0.12506E+02   0.00000E+00   0.65307E+04   0.00000E+00   0.11813E+02   0.00000E+00
  0.353   1.860   -0.11701E+02   0.00000E+00   0.64578E+04   0.00000E+00   0.93516E+01   0.00000E+00
  0.357   1.870   -0.11018E+02   0.00000E+00   0.63040E+04   0.00000E+00   0.79131E+01   0.00000E+00
  0.360   1.880   -0.10337E+02   0.00000E+00   0.61278E+04   0.00000E+00   0.68303E+01   0.00000E+00
  0.364   1.890   -0.95461E+01   0.00000E+00   0.59581E+04   0.00000E+00   0.55895E+01   0.00000E+00
  0.368   1.900   -0.85399E+01   0.00000E+00   0.58088E+04   0.00000E+00   0.37623E+01   0.00000E+00
  0.372   1.910   -0.72079E+01   0.00000E+00   0.56857E+04   0.00000E+00   0.95941E+00   0.00000E+00
  0.376   1.920   -0.54317E+01   0.00000E+00   0.55898E+04   0.00000E+00  -0.32002E+01   0.00000E+00
  0.380   1.930   -0.30815E+01   0.00000E+00   0.55196E+04   0.00000E+00  -0.91093E+01   0.00000E+00
  0.384   1.940   -0.16831E-01   0.00000E+00   0.54716E+04   0.00000E+00  -0.17175E+02   0.00000E+00
  0.388   1.950    0.39068E+01   0.00000E+00   0.54411E+04   0.00000E+00  -0.27800E+02   0.00000E+00
  0.392   1.960    0.88193E+01   0.00000E+00   0.54231E+04   0.00000E+00  -0.41330E+02   0.00000E+00
  0.396   1.970    0.14802E+02   0.00000E+00   0.54125E+04   0.00000E+00  -0.57960E+02   0.00000E+00
  0.400   1.980    0.21829E+02   0.00000E+00   0.54050E+04   0.00000E+00  -0.77576E+02   0.00000E+00
  0.404   1.990    0.29684E+02   0.00000E+00   0.53973E+04   0.00000E+00  -0.99518E+02   0.00000E+00
  0.408   2.000    0.37847E+02   0.00000E+00   0.53875E+04   0.00000E+00  -0.12229E+03   0.00000E+00
  0.412   2.010    0.45402E+02   0.00000E+00   0.53750E+04   0.00000E+00  -0.14330E+03   0.00000E+00
  0.416   2.020    0.51073E+02   0.00000E+00   0.53605E+04   0.00000E+00  -0.15901E+03   0.00000E+00
  0.420   2.030    0.53538E+02   0.00000E+00   0.53453E+04   0.00000E+00  -0.16581E+03   0.00000E+00
  0.424   2.040    0.52015E+02   0.00000E+00   0.53316E+04   0.00000E+00  -0.16168E+03   0.00000E+00
  0.429   2.050    0.46767E+02   0.00000E+00   0.53215E+04   0.00000E+00  -0.14747E+03   0.00000E+00
  0.433   2.060    0.39003E+02   0.00000E+00   0.53173E+04   0.00000E+00  -0.12661E+03   0.00000E+00
  0.437   2.070    0.30251E+02   0.00000E+00   0.53212E+04   0.00000E+00  -0.10327E+03   0.00000E+00
  0.441   2.080    0.21746E+02   0.00000E+00   0.53355E+04   0.00000E+00  -0.80746E+02   0.00000E+00
  0.445   2.090    0.14206E+02   0.00000E+00   0.53626E+04   0.00000E+00  -0.60885E+02   0.00000E+00
  0.450   2.100    0.79018E+01   0.00000E+00   0.54055E+04   0.00000E+00  -0.44334E+02   0.00000E+00
  0.454   2.110    0.28313E+01   0.00000E+00   0.54681E+04   0.00000E+00  -0.30998E+02   0.00000E+00
  0.458   2.120   -0.11425E+01   0.00000E+00   0.55560E+04   0.00000E+00  -0.20423E+02   0.00000E+00
  0.463   2.130   -0.41972E+01   0.00000E+00   0.56777E+04   0.00000E+00  -0.12024E+02   0.00000E+00
  0.467   2.140   -0.64987E+01   0.00000E+00   0.58459E+04   0.00000E+00  -0.51813E+01   0.00000E+00
  0.471   2.150   -0.81707E+01   0.00000E+00   0.60793E+04   0.00000E+00   0.73821E+00   0.00000E+00
  0.476   2.160   -0.92643E+01   0.00000E+00   0.64050E+04   0.00000E+00   0.64503E+01   0.00000E+00
  0.480   2.170   -0.97008E+01   0.00000E+00   0.68518E+04   0.00000E+00   0.12894E+02   0.00000E+00
  0.485   2.180   -0.91211E+01   0.00000E+00   0.74085E+04   0.00000E+00   0.21381E+02   0.00000E+00
  0.489   2.190   -0.65527E+01   0.00000E+00   0.78271E+04   0.00000E+00   0.32954E+02   0.00000E+00
  0.494   2.200   -0.65923E+00   0.00000E+00   0.71440E+04   0.00000E+00   0.43363E+02   0.00000E+00
  0.498   2.210    0.56263E+01   0.00000E+00   0.45617E+04   0.00000E+00   0.37511E+02   0.00000E+00
  0.503   2.220    0.57654E+01   0.00000E+00   0.23772E+04   0.00000E+00   0.19002E+02   0.00000E+00
  0.507   2.230    0.20757E+01   0.00000E+00   0.17664E+04   0.00000E+00   0.66427E+01   0.00000E+00
  0.512   2.240   -0.20142E+01   0.00000E+00   0.18186E+04   0.00000E+00   0.16729E+01   0.00000E+00
  0.516   2.250   -0.56419E+01   0.00000E+00   0.19989E+04   0.00000E+00   0.36521E+00   0.00000E+00
  0.521   2.260   -0.84821E+01   0.00000E+00   0.21643E+04   0.00000E+00   0.24755E+00   0.00000E+00
  0.525   2.270   -0.10174E+02   0.00000E+00   0.22930E+04   0.00000E+00  -0.12770E+00   0.00000E+00
  0.530   2.280   -0.10480E+02   0.00000E+00   0.23918E+04   0.00000E+00  -0.14657E+01   0.00000E+00
  0.535   2.290   -0.94078E+01   0.00000E+00   0.24728E+04   0.00000E+00  -0.38938E+01   0.00000E+00
  0.539   2.300   -0.71215E+01   0.00000E+00   0.25480E+04   0.00000E+00  -0.72509E+01   0.00000E+00
  0.544   2.310   -0.37972E+01   0.00000E+00   0.26292E+04   0.00000E+00  -0.11360E+02   0.00000E+00
  0.549   2.320    0.46243E+00   0.00000E+00   0.27280E+04   0.00000E+00  -0.16151E+02   0.00000E+00
  0.554   2.330    0.56193E+01   0.00000E+00   0.28559E+04   0.00000E+00  -0.21638E+02   0.00000E+00
  0.558   2.340    0.11605E+02   0.00000E+00   0.30234E+04   0.00000E+00  -0.27781E+02   0.00000E+00
  0.563   2.350    0.18153E+02   0.00000E+00   0.32369E+04   0.00000E+00  -0.34276E+02   0.00000E+00
  0.568   2.360    0.24629E+02   0.00000E+00   0.34942E+04   0.00000E+00  -0.40381E+02   0.00000E+00
  0.573   2.370    0.30048E+02   0.00000E+00   0.37776E+04   0.00000E+00  -0.45005E+02   0.00000E+00
  0.578   2.380    0.33406E+02   0.00000E+00   0.40466E+04   0.00000E+00  -0.47185E+02   0.00000E+00
  0.582   2.390    0.34196E+02   0.00000E+00   0.42315E+04   0.00000E+00  -0.46744E+02   0.00000E+00
  0.587   2.400    0.32731E+02   0.00000E+00   0.42305E+04   0.00000E+00  -0.44635E+02   0.00000E+00
  0.592   2.410    0.30059E+02   0.00000E+00   0.39081E+04   0.00000E+00  -0.42795E+02   0.00000E+00
  0.597   2.420    0.27584E+02   0.00000E+00   0.30902E+04   0.00000E+00  -0.43609E+02   0.00000E+00
  0.602   2.430    0.26596E+02   0.00000E+00   0.15504E+04   0.00000E+00  -0.49263E+02   0.00000E+00
  0.607   2.440    0.27995E+02   0.00000E+00  -0.10165E+04   0.00000E+00  -0.61461E+02   0.00000E+00
  0.612   2.450    0.32411E+02   0.00000E+00  -0.49931E+04   0.00000E+00  -0.82052E+02   0.00000E+00
  0.617   2.460    0.40072E+02   0.00000E+00  -0.10048E+05   0.00000E+00  -0.11399E+03   0.00000E+00
  0.622   2.470    0.34439E+02   0.00000E+00   0.48201E+03   0.00000E+00  -0.12823E+03   0.00000E+00
  0.627   2.480   -0.68184E+02   0.00000E+00   0.80170E+05   0.00000E+00   0.11939E+03   0.00000E+00
  0.632   2.490   -0.45337E+02   0.00000E+00   0.50856E+05   0.00000E+00   0.86715E+02   0.00000E+00
  0.637   2.500   -0.26289E+02   0.00000E+00   0.32041E+05   0.00000E+00   0.40367E+02   0.00000E+00
  0.642   2.510   -0.17662E+02   0.00000E+00   0.22596E+05   0.00000E+00   0.15954E+02   0.00000E+00
  0.648   2.520   -0.13479E+02   0.00000E+00   0.16846E+05   0.00000E+00   0.15620E+01   0.00000E+00
  0.653   2.530   -0.11528E+02   0.00000E+00   0.12888E+05   0.00000E+00  -0.79680E+01   0.00000E+00
  0.658   2.540   -0.10921E+02   0.00000E+00   0.99938E+04   0.00000E+00  -0.15029E+02   0.00000E+00
  0.663   2.550   -0.11306E+02   0.00000E+00   0.78579E+04   0.00000E+00  -0.20868E+02   0.00000E+00
  0.668   2.560   -0.12563E+02   0.00000E+00   0.63429E+04   0.00000E+00  -0.25882E+02   0.00000E+00
  0.674   2.570   -0.14466E+02   0.00000E+00   0.53594E+04   0.00000E+00  -0.29544E+02   0.00000E+00
  0.679   2.580   -0.16400E+02   0.00000E+00   0.48042E+04   0.00000E+00  -0.31309E+02   0.00000E+00
  0.684   2.590   -0.17829E+02   0.00000E+00   0.45490E+04   0.00000E+00  -0.31740E+02   0.00000E+00
  0.689   2.600   -0.18726E+02   0.00000E+00   0.44654E+04   0.00000E+00  -0.31539E+02   0.00000E+00
  0.695   2.610   -0.19242E+02   0.00000E+00   0.44540E+04   0.00000E+00  -0.30637E+02   0.00000E+00
  0.700   2.620   -0.19434E+02   0.00000E+00   0.44554E+04   0.00000E+00  -0.28596E+02   0.00000E+00
  0.705   2.630   -0.19252E+02   0.00000E+00   0.44433E+04   0.00000E+00  -0.25128E+02   0.00000E+00
  0.711   2.640   -0.18613E+02   0.00000E+00   0.44105E+04   0.00000E+00  -0.20321E+02   0.00000E+00
  0.716   2.650   -0.17454E+02   0.00000E+00   0.43575E+04   0.00000E+00  -0.14635E+02   0.00000E+00
  0.722   2.660   -0.15780E+02   0.00000E+00   0.42857E+04   0.00000E+00  -0.87541E+01   0.00000E+00
  0.727   2.670   -0.13707E+02   0.00000E+00   0.41945E+04   0.00000E+00  -0.33616E+01   0.00000E+00
  0.732   2.680   -0.11493E+02   0.00000E+00   0.40807E+04   0.00000E+00   0.10809E+01   0.00000E+00
  0.738   2.690   -0.94973E+01   0.00000E+00   0.39390E+04   0.00000E+00   0.44773E+01   0.00000E+00
  0.743   2.700   -0.80398E+01   0.00000E+00   0.37626E+04   0.00000E+00   0.70941E+01   0.00000E+00
  0.749   2.710   -0.72352E+01   0.00000E+00   0.35420E+04   0.00000E+00   0.93679E+01   0.00000E+00
  0.754   2.720   -0.69255E+01   0.00000E+00   0.32616E+04   0.00000E+00   0.11621E+02   0.00000E+00
  0.760   2.730   -0.67426E+01   0.00000E+00   0.28877E+04   0.00000E+00   0.13864E+02   0.00000E+00
  0.766   2.740   -0.62103E+01   0.00000E+00   0.23424E+04   0.00000E+00   0.15740E+02   0.00000E+00
  0.771   2.750   -0.47981E+01   0.00000E+00   0.14490E+04   0.00000E+00   0.16519E+02   0.00000E+00
  0.777   2.760   -0.19177E+01   0.00000E+00  -0.12742E+03   0.00000E+00   0.14781E+02   0.00000E+00
  0.782   2.770    0.26875E+01   0.00000E+00  -0.23491E+04   0.00000E+00   0.60811E+01   0.00000E+00
  0.788   2.780   -0.31873E+00   0.00000E+00   0.45426E+04   0.00000E+00  -0.24241E+02   0.00000E+00
  0.794   2.790   -0.23727E+02   0.00000E+00   0.25956E+05   0.00000E+00  -0.20119E+02   0.00000E+00
  0.799   2.800   -0.21880E+02   0.00000E+00   0.21222E+05   0.00000E+00   0.28893E+01   0.00000E+00
  0.805   2.810   -0.18441E+02   0.00000E+00   0.15982E+05   0.00000E+00   0.11388E+02   0.00000E+00
  0.811   2.820   -0.16689E+02   0.00000E+00   0.12478E+05   0.00000E+00   0.15784E+02   0.00000E+00
  0.817   2.830   -0.15927E+02   0.00000E+00   0.10014E+05   0.00000E+00   0.18888E+02   0.00000E+00
  0.822   2.840   -0.15716E+02   0.00000E+00   0.82137E+04   0.00000E+00   0.21402E+02   0.00000E+00
  0.828   2.850   -0.15995E+02   0.00000E+00   0.68897E+04   0.00000E+00   0.23509E+02   0.00000E+00
  0.834   2.860   -0.17020E+02   0.00000E+00   0.59530E+04   0.00000E+00   0.25231E+02   0.00000E+00
  0.840   2.870   -0.18999E+02   0.00000E+00   0.53676E+04   0.00000E+00   0.26551E+02   0.00000E+00
  0.846   2.880   -0.21802E+02   0.00000E+00   0.51283E+04   0.00000E+00   0.27401E+02   0.00000E+00
  0.852   2.890   -0.25179E+02   0.00000E+00   0.52380E+04   0.00000E+00   0.27640E+02   0.00000E+00
  0.858   2.900   -0.28951E+02   0.00000E+00   0.56667E+04   0.00000E+00   0.27107E+02   0.00000E+00
  0.864   2.910   -0.32941E+02   0.00000E+00   0.63101E+04   0.00000E+00   0.25602E+02   0.00000E+00
  0.869   2.920   -0.36941E+02   0.00000E+00   0.70106E+04   0.00000E+00   0.22817E+02   0.00000E+00
  0.875   2.930   -0.40712E+02   0.00000E+00   0.76374E+04   0.00000E+00   0.18398E+02   0.00000E+00
  0.881   2.940   -0.43806E+02   0.00000E+00   0.81372E+04   0.00000E+00   0.12149E+02   0.00000E+00
  0.887   2.950   -0.45239E+02   0.00000E+00   0.85216E+04   0.00000E+00   0.44663E+01   0.00000E+00
  0.893   2.960   -0.43473E+02   0.00000E+00   0.88272E+04   0.00000E+00  -0.29657E+01   0.00000E+00
  0.899   2.970   -0.37644E+02   0.00000E+00   0.90862E+04   0.00000E+00  -0.73945E+01   0.00000E+00
  0.906   2.980   -0.29315E+02   0.00000E+00   0.93121E+04   0.00000E+00  -0.78759E+01   0.00000E+00
  0.912   2.990   -0.21388E+02   0.00000E+00   0.95005E+04   0.00000E+00  -0.69720E+01   0.00000E+00
  0.918   3.000   -0.15518E+02   0.00000E+00   0.96388E+04   0.00000E+00  -0.74745E+01   0.00000E+00
  0.924   3.010   -0.11865E+02   0.00000E+00   0.97170E+04   0.00000E+00  -0.99004E+01   0.00000E+00
  0.930   3.020   -0.99531E+01   0.00000E+00   0.97348E+04   0.00000E+00  -0.13201E+02   0.00000E+00
  0.936   3.030   -0.91362E+01   0.00000E+00   0.97018E+04   0.00000E+00  -0.15745E+02   0.00000E+00
  0.942   3.040   -0.87243E+01   0.00000E+00   0.96340E+04   0.00000E+00  -0.15535E+02   0.00000E+00
  0.949   3.050   -0.80471E+01   0.00000E+00   0.95501E+04   0.00000E+00  -0.10768E+02   0.00000E+00
  0.955   3.060   -0.67176E+01   0.00000E+00   0.94695E+04   0.00000E+00  -0.16552E+01   0.00000E+00
  0.961   3.070   -0.49266E+01   0.00000E+00   0.94084E+04   0.00000E+00   0.86440E+01   0.00000E+00
  0.967   3.080   -0.32422E+01   0.00000E+00   0.93639E+04   0.00000E+00   0.16338E+02   0.00000E+00
  0.974   3.090   -0.22309E+01   0.00000E+00   0.92460E+04   0.00000E+00   0.18970E+02   0.00000E+00
  0.980   3.100   -0.24045E+01   0.00000E+00   0.87142E+04   0.00000E+00   0.15105E+02   0.00000E+00
  0.986   3.110   -0.33868E+01   0.00000E+00   0.75274E+04   0.00000E+00   0.85812E+01   0.00000E+00
  0.993   3.120   -0.36041E+01   0.00000E+00   0.65566E+04   0.00000E+00   0.76265E+01   0.00000E+00
  0.999   3.130   -0.30800E+01   0.00000E+00   0.61722E+04   0.00000E+00   0.10203E+02   0.00000E+00
  1.005   3.140   -0.21616E+01   0.00000E+00   0.60682E+04   0.00000E+00   0.13696E+02   0.00000E+00
  1.012   3.150   -0.10566E+01   0.00000E+00   0.61167E+04   0.00000E+00   0.18600E+02   0.00000E+00
  1.018   3.160   -0.18241E+00   0.00000E+00   0.63277E+04   0.00000E+00   0.25357E+02   0.00000E+00
  1.025   3.170    0.53442E-01   0.00000E+00   0.67619E+04   0.00000E+00   0.34032E+02   0.00000E+00
  1.031   3.180   -0.72682E+00   0.00000E+00   0.75115E+04   0.00000E+00   0.44579E+02   0.00000E+00
  1.038   3.190   -0.29620E+01   0.00000E+00   0.86995E+04   0.00000E+00   0.56893E+02   0.00000E+00
  1.044   3.200   -0.72495E+01   0.00000E+00   0.10476E+05   0.00000E+00   0.70913E+02   0.00000E+00
  1.051   3.210   -0.14460E+02   0.00000E+00   0.12986E+05   0.00000E+00   0.86734E+02   0.00000E+00
  1.057   3.220   -0.25727E+02   0.00000E+00   0.16280E+05   0.00000E+00   0.10435E+03   0.00000E+00
  1.064   3.230   -0.41462E+02   0.00000E+00   0.20166E+05   0.00000E+00   0.12145E+03   0.00000E+00
  1.070   3.240   -0.56614E+02   0.00000E+00   0.24095E+05   0.00000E+00   0.12572E+03   0.00000E+00
  1.077   3.250   -0.55840E+02   0.00000E+00   0.27273E+05   0.00000E+00   0.94047E+02   0.00000E+00
  1.084   3.260   -0.34870E+02   0.00000E+00   0.29023E+05   0.00000E+00   0.35172E+02   0.00000E+00
  1.090   3.270   -0.12631E+02   0.00000E+00   0.29109E+05   0.00000E+00  -0.11711E+02   0.00000E+00
  1.097   3.280    0.25794E+00   0.00000E+00   0.27747E+05   0.00000E+00  -0.34666E+02   0.00000E+00
  1.104   3.290    0.52889E+01   0.00000E+00   0.25366E+05   0.00000E+00  -0.40883E+02   0.00000E+00
  1.110   3.300    0.59996E+01   0.00000E+00   0.22387E+05   0.00000E+00  -0.37494E+02   0.00000E+00
  1.117   3.310    0.48305E+01   0.00000E+00   0.19116E+05   0.00000E+00  -0.28468E+02   0.00000E+00
  1.124   3.320    0.33602E+01   0.00000E+00   0.15739E+05   0.00000E+00  -0.17505E+02   0.00000E+00
  1.131   3.330    0.27303E+01   0.00000E+00   0.12384E+05   0.00000E+00  -0.13714E+02   0.00000E+00
  1.138   3.340    0.22781E+01   0.00000E+00   0.92101E+04   0.00000E+00  -0.22413E+02   0.00000E+00
  1.144   3.350    0.38769E+00   0.00000E+00   0.65153E+04   0.00000E+00  -0.28973E+02   0.00000E+00
  1.151   3.360   -0.25941E+01   0.00000E+00   0.47317E+04   0.00000E+00  -0.27090E+02   0.00000E+00
  1.158   3.370   -0.58982E+01   0.00000E+00   0.41265E+04   0.00000E+00  -0.20967E+02   0.00000E+00
  1.165   3.380   -0.92154E+01   0.00000E+00   0.44847E+04   0.00000E+00  -0.13963E+02   0.00000E+00
  1.172   3.390   -0.12423E+02   0.00000E+00   0.52967E+04   0.00000E+00  -0.41684E+01   0.00000E+00
  1.179   3.400   -0.14583E+02   0.00000E+00   0.61496E+04   0.00000E+00   0.12950E+02   0.00000E+00
  1.186   3.410   -0.14556E+02   0.00000E+00   0.68434E+04   0.00000E+00   0.33268E+02   0.00000E+00
  1.193   3.420   -0.13179E+02   0.00000E+00   0.73320E+04   0.00000E+00   0.47284E+02   0.00000E+00
  1.200   3.430   -0.11870E+02   0.00000E+00   0.76522E+04   0.00000E+00   0.53595E+02   0.00000E+00
  1.207   3.440   -0.11141E+02   0.00000E+00   0.78684E+04   0.00000E+00   0.55375E+02   0.00000E+00
  1.214   3.450   -0.11009E+02   0.00000E+00   0.80391E+04   0.00000E+00   0.55055E+02   0.00000E+00
  1.221   3.460   -0.11378E+02   0.00000E+00   0.82054E+04   0.00000E+00   0.53648E+02   0.00000E+00
  1.228   3.470   -0.12082E+02   0.00000E+00   0.83950E+04   0.00000E+00   0.51098E+02   0.00000E+00
  1.235   3.480   -0.12706E+02   0.00000E+00   0.86331E+04   0.00000E+00   0.46665E+02   0.00000E+00
  1.242   3.490   -0.12448E+02   0.00000E+00   0.89525E+04   0.00000E+00   0.40516E+02   0.00000E+00
  1.249   3.500   -0.10923E+02   0.00000E+00   0.94006E+04   0.00000E+00   0.36570E+02   0.00000E+00
  1.256   3.510   -0.92166E+01   0.00000E+00   0.10049E+05   0.00000E+00   0.38748E+02   0.00000E+00
  1.263   3.520   -0.82624E+01   0.00000E+00   0.10999E+05   0.00000E+00   0.45740E+02   0.00000E+00
  1.271   3.530   -0.79515E+01   0.00000E+00   0.12308E+05   0.00000E+00   0.55505E+02   0.00000E+00
  1.278   3.540   -0.78662E+01   0.00000E+00   0.13542E+05   0.00000E+00   0.66085E+02   0.00000E+00
  1.285   3.550   -0.78069E+01   0.00000E+00   0.13275E+05   0.00000E+00   0.72514E+02   0.00000E+00
  1.292   3.560   -0.81726E+01   0.00000E+00   0.11185E+05   0.00000E+00   0.72658E+02   0.00000E+00
  1.300   3.570   -0.93480E+01   0.00000E+00   0.90986E+04   0.00000E+00   0.70964E+02   0.00000E+00
  1.307   3.580   -0.11295E+02   0.00000E+00   0.81395E+04   0.00000E+00   0.68989E+02   0.00000E+00
  1.314   3.590   -0.13549E+02   0.00000E+00   0.83287E+04   0.00000E+00   0.64913E+02   0.00000E+00
  1.322   3.600   -0.14735E+02   0.00000E+00   0.92419E+04   0.00000E+00   0.57431E+02   0.00000E+00
  1.329   3.610   -0.13841E+02   0.00000E+00   0.10429E+05   0.00000E+00   0.49161E+02   0.00000E+00
  1.336   3.620   -0.12324E+02   0.00000E+00   0.11638E+05   0.00000E+00   0.43059E+02   0.00000E+00
  1.344   3.630   -0.11065E+02   0.00000E+00   0.12722E+05   0.00000E+00   0.36838E+02   0.00000E+00
  1.351   3.640   -0.96656E+01   0.00000E+00   0.13489E+05   0.00000E+00   0.27915E+02   0.00000E+00
  1.359   3.650   -0.77811E+01   0.00000E+00   0.13786E+05   0.00000E+00   0.16006E+02   0.00000E+00
  1.366   3.660   -0.53264E+01   0.00000E+00   0.13671E+05   0.00000E+00   0.25290E+01   0.00000E+00
  1.373   3.670   -0.24028E+01   0.00000E+00   0.13367E+05   0.00000E+00  -0.96060E+01   0.00000E+00
  1.381   3.680    0.24448E+00   0.00000E+00   0.13084E+05   0.00000E+00  -0.15051E+02   0.00000E+00
  1.388   3.690    0.61031E+00   0.00000E+00   0.12931E+05   0.00000E+00  -0.92165E+01   0.00000E+00
  1.396   3.700   -0.24576E+01   0.00000E+00   0.12933E+05   0.00000E+00   0.23588E+01   0.00000E+00
  1.404   3.710   -0.71380E+01   0.00000E+00   0.13060E+05   0.00000E+00   0.78854E+01   0.00000E+00
  1.411   3.720   -0.92375E+01   0.00000E+00   0.13280E+05   0.00000E+00  -0.40199E+00   0.00000E+00
  1.419   3.730    0.18470E+02   0.00000E+00   0.13630E+05   0.00000E+00   0.27744E+02   0.00000E+00
  1.426   3.740    0.36455E+02   0.00000E+00   0.14269E+05   0.00000E+00   0.11171E+03   0.00000E+00
  1.434   3.750    0.26652E+02   0.00000E+00   0.15549E+05   0.00000E+00   0.10952E+03   0.00000E+00
  1.442   3.760    0.22004E+02   0.00000E+00   0.18128E+05   0.00000E+00   0.89693E+02   0.00000E+00
  1.449   3.770    0.20013E+02   0.00000E+00   0.22573E+05   0.00000E+00   0.39540E+02   0.00000E+00
  1.457   3.780    0.15481E+02   0.00000E+00   0.23411E+05   0.00000E+00  -0.52229E+02   0.00000E+00
  1.465   3.790    0.66101E+01   0.00000E+00   0.12298E+05   0.00000E+00  -0.52882E+02   0.00000E+00
  1.472   3.800    0.13407E+01   0.00000E+00   0.60072E+04   0.00000E+00   0.54048E+01   0.00000E+00
  1.480   3.810   -0.10740E+01   0.00000E+00   0.67336E+04   0.00000E+00   0.47579E+02   0.00000E+00
  1.488   3.820    0.18922E+00   0.00000E+00   0.11048E+05   0.00000E+00   0.81206E+02   0.00000E+00
  1.496   3.830    0.40133E+01   0.00000E+00   0.15024E+05   0.00000E+00   0.91210E+02   0.00000E+00
  1.504   3.840    0.70640E+01   0.00000E+00   0.15842E+05   0.00000E+00   0.80333E+02   0.00000E+00
  1.511   3.850    0.91727E+01   0.00000E+00   0.15535E+05   0.00000E+00   0.68532E+02   0.00000E+00
  1.519   3.860    0.11789E+02   0.00000E+00   0.15594E+05   0.00000E+00   0.62706E+02   0.00000E+00
  1.527   3.870    0.16134E+02   0.00000E+00   0.16159E+05   0.00000E+00   0.63400E+02   0.00000E+00
  1.535   3.880    0.23161E+02   0.00000E+00   0.17036E+05   0.00000E+00   0.68419E+02   0.00000E+00
  1.543   3.890    0.30220E+02   0.00000E+00   0.18071E+05   0.00000E+00   0.64163E+02   0.00000E+00
  1.551   3.900    0.20772E+02   0.00000E+00   0.19148E+05   0.00000E+00   0.28389E+02   0.00000E+00
  1.559   3.910   -0.45953E+01   0.00000E+00   0.20084E+05   0.00000E+00   0.24314E+01   0.00000E+00
  1.567   3.920   -0.12020E+02   0.00000E+00   0.20608E+05   0.00000E+00   0.12189E+02   0.00000E+00
  1.575   3.930   -0.10989E+02   0.00000E+00   0.20523E+05   0.00000E+00   0.24090E+02   0.00000E+00
  1.583   3.940   -0.96901E+01   0.00000E+00   0.19792E+05   0.00000E+00   0.31613E+02   0.00000E+00
  1.591   3.950   -0.88805E+01   0.00000E+00   0.18345E+05   0.00000E+00   0.34784E+02   0.00000E+00
  1.599   3.960   -0.81779E+01   0.00000E+00   0.15756E+05   0.00000E+00   0.32352E+02   0.00000E+00
  1.607   3.970   -0.70790E+01   0.00000E+00   0.11026E+05   0.00000E+00   0.15978E+02   0.00000E+00
  1.615   3.980   -0.74818E+01   0.00000E+00   0.50695E+04   0.00000E+00  -0.40427E+01   0.00000E+00
  1.623   3.990   -0.94971E+01   0.00000E+00   0.24904E+04   0.00000E+00  -0.40886E+00   0.00000E+00
  1.632   4.000   -0.11127E+02   0.00000E+00   0.25347E+04   0.00000E+00   0.20893E+01   0.00000E+00
  1.640   4.010   -0.12871E+02   0.00000E+00   0.29655E+04   0.00000E+00  -0.87109E+00   0.00000E+00
  1.648   4.020   -0.14536E+02   0.00000E+00   0.32897E+04   0.00000E+00  -0.64878E+01   0.00000E+00
  1.656   4.030   -0.14933E+02   0.00000E+00   0.35761E+04   0.00000E+00  -0.66885E+01   0.00000E+00
  1.664   4.040   -0.12973E+02   0.00000E+00   0.39128E+04   0.00000E+00   0.12769E+02   0.00000E+00
  1.673   4.050   -0.89524E+01   0.00000E+00   0.43518E+04   0.00000E+00   0.61690E+02   0.00000E+00
  1.681   4.060   -0.51210E+01   0.00000E+00   0.50883E+04   0.00000E+00   0.10047E+03   0.00000E+00
  1.689   4.070   -0.21910E+01   0.00000E+00   0.67240E+04   0.00000E+00   0.10435E+03   0.00000E+00
  1.697   4.080    0.52213E+00   0.00000E+00   0.10351E+05   0.00000E+00   0.95766E+02   0.00000E+00
  1.706   4.090    0.12599E+01   0.00000E+00   0.15608E+05   0.00000E+00   0.85026E+02   0.00000E+00
  1.714   4.100   -0.30174E+01   0.00000E+00   0.19124E+05   0.00000E+00   0.79372E+02   0.00000E+00
  1.723   4.110   -0.88415E+01   0.00000E+00   0.20139E+05   0.00000E+00   0.83271E+02   0.00000E+00
  1.731   4.120   -0.12499E+02   0.00000E+00   0.19079E+05   0.00000E+00   0.89481E+02   0.00000E+00
  1.739   4.130   -0.13591E+02   0.00000E+00   0.16070E+05   0.00000E+00   0.91530E+02   0.00000E+00
  1.748   4.140   -0.13505E+02   0.00000E+00   0.12823E+05   0.00000E+00   0.90896E+02   0.00000E+00
  1.756   4.150   -0.13135E+02   0.00000E+00   0.99791E+04   0.00000E+00   0.90029E+02   0.00000E+00
  1.765   4.160   -0.12459E+02   0.00000E+00   0.69450E+04   0.00000E+00   0.88520E+02   0.00000E+00
  1.773   4.170   -0.10596E+02   0.00000E+00   0.40950E+04   0.00000E+00   0.80809E+02   0.00000E+00
  1.782   4.180   -0.74280E+01   0.00000E+00   0.60215E+04   0.00000E+00   0.57400E+02   0.00000E+00
  1.790   4.190   -0.59676E+01   0.00000E+00   0.86635E+04   0.00000E+00   0.28498E+02   0.00000E+00
  1.799   4.200   -0.74211E+01   0.00000E+00   0.10080E+05   0.00000E+00   0.29996E+01   0.00000E+00
  1.807   4.210   -0.12872E+02   0.00000E+00   0.10937E+05   0.00000E+00   0.52672E+00   0.00000E+00
  1.816   4.220   -0.16691E+02   0.00000E+00   0.11438E+05   0.00000E+00   0.51434E+02   0.00000E+00
  1.825   4.230   -0.14546E+02   0.00000E+00   0.11630E+05   0.00000E+00   0.73405E+02   0.00000E+00
  1.833   4.240   -0.13925E+02   0.00000E+00   0.11566E+05   0.00000E+00   0.69628E+02   0.00000E+00
  1.842   4.250   -0.15567E+02   0.00000E+00   0.11290E+05   0.00000E+00   0.67377E+02   0.00000E+00
  1.851   4.260   -0.20046E+02   0.00000E+00   0.10791E+05   0.00000E+00   0.72108E+02   0.00000E+00
  1.859   4.270   -0.28131E+02   0.00000E+00   0.10077E+05   0.00000E+00   0.94381E+02   0.00000E+00
  1.868   4.280   -0.31082E+02   0.00000E+00   0.92783E+04   0.00000E+00   0.12566E+03   0.00000E+00
  1.877   4.290   -0.21647E+02   0.00000E+00   0.85239E+04   0.00000E+00   0.12603E+03   0.00000E+00
  1.885   4.300   -0.61963E+01   0.00000E+00   0.78438E+04   0.00000E+00   0.92416E+02   0.00000E+00
  1.894   4.310    0.31463E+01   0.00000E+00   0.71918E+04   0.00000E+00   0.35401E+02   0.00000E+00
  1.903   4.320    0.14986E+01   0.00000E+00   0.64108E+04   0.00000E+00   0.70724E+01   0.00000E+00
  1.912   4.330   -0.25628E+01   0.00000E+00   0.50520E+04   0.00000E+00   0.29352E+01   0.00000E+00
  1.921   4.340   -0.62039E+01   0.00000E+00   0.18156E+04   0.00000E+00   0.12062E+02   0.00000E+00
  1.930   4.350   -0.11737E+02   0.00000E+00  -0.15646E+05   0.00000E+00   0.49077E+02   0.00000E+00
  1.938   4.360   -0.30838E+01   0.00000E+00   0.13315E+05   0.00000E+00  -0.53980E+02   0.00000E+00
  1.947   4.370   -0.13406E+01   0.00000E+00   0.83563E+04   0.00000E+00  -0.50329E+01   0.00000E+00
  1.956   4.380    0.49552E+01   0.00000E+00   0.71865E+04   0.00000E+00   0.71891E+01   0.00000E+00
  1.965   4.390    0.10989E+02   0.00000E+00   0.76816E+04   0.00000E+00   0.44093E+02   0.00000E+00
  1.974   4.400    0.12666E+02   0.00000E+00   0.91440E+04   0.00000E+00   0.99633E+02   0.00000E+00
  1.983   4.410    0.91344E+01   0.00000E+00   0.12415E+05   0.00000E+00   0.16326E+03   0.00000E+00
  1.992   4.420   -0.10408E+01   0.00000E+00   0.20801E+05   0.00000E+00   0.21303E+03   0.00000E+00
  2.001   4.430   -0.17843E+02   0.00000E+00   0.28548E+05   0.00000E+00   0.18900E+03   0.00000E+00
  2.010   4.440   -0.26162E+02   0.00000E+00   0.24388E+05   0.00000E+00   0.12109E+03   0.00000E+00
  2.019   4.450   -0.28349E+02   0.00000E+00   0.20865E+05   0.00000E+00   0.76966E+02   0.00000E+00
  2.028   4.460   -0.23552E+02   0.00000E+00   0.19238E+05   0.00000E+00   0.34246E+02   0.00000E+00
  2.037   4.470   -0.97866E+01   0.00000E+00   0.18490E+05   0.00000E+00   0.90594E+01   0.00000E+00
  2.047   4.480    0.16004E+01   0.00000E+00   0.18065E+05   0.00000E+00   0.20478E+02   0.00000E+00
  2.056   4.490    0.67752E+01   0.00000E+00   0.17709E+05   0.00000E+00   0.33180E+02   0.00000E+00
  2.065   4.500    0.71621E+01   0.00000E+00   0.17149E+05   0.00000E+00   0.32145E+02   0.00000E+00
  2.074   4.510    0.39214E+01   0.00000E+00   0.14080E+05   0.00000E+00   0.17715E+02   0.00000E+00
  2.083   4.520    0.18450E+01   0.00000E+00   0.24485E+04   0.00000E+00  -0.46734E+02   0.00000E+00
  2.093   4.530    0.49768E+01   0.00000E+00   0.64363E+03   0.00000E+00  -0.12109E+03   0.00000E+00
  2.102   4.540    0.14942E+02   0.00000E+00   0.35600E+04   0.00000E+00  -0.10886E+03   0.00000E+00
  2.111   4.550    0.10597E+02   0.00000E+00   0.54114E+04   0.00000E+00  -0.65863E+01   0.00000E+00
  2.120   4.560    0.52610E+01   0.00000E+00   0.67178E+04   0.00000E+00   0.21113E+02   0.00000E+00
  2.130   4.570    0.22137E+01   0.00000E+00   0.79956E+04   0.00000E+00   0.36300E+02   0.00000E+00
  2.139   4.580   -0.25396E+00   0.00000E+00   0.96623E+04   0.00000E+00   0.63984E+02   0.00000E+00
  2.148   4.590   -0.71145E+01   0.00000E+00   0.12353E+05   0.00000E+00   0.15913E+03   0.00000E+00
  2.158   4.600   -0.10850E+02   0.00000E+00   0.17915E+05   0.00000E+00   0.17342E+03   0.00000E+00
  2.167   4.610   -0.11593E+02   0.00000E+00   0.20569E+05   0.00000E+00   0.14276E+03   0.00000E+00
  2.177   4.620   -0.67857E+01   0.00000E+00   0.11237E+05   0.00000E+00   0.52883E+02   0.00000E+00
  2.186   4.630   -0.50842E+01   0.00000E+00   0.92540E+04   0.00000E+00   0.19282E+02   0.00000E+00
  2.195   4.640   -0.39439E+01   0.00000E+00   0.91154E+04   0.00000E+00  -0.50504E+01   0.00000E+00
  2.205   4.650   -0.38613E+01   0.00000E+00   0.71257E+04   0.00000E+00  -0.25851E+02   0.00000E+00
  2.214   4.660   -0.75734E+01   0.00000E+00   0.42953E+04   0.00000E+00  -0.28193E+02   0.00000E+00
  2.224   4.670   -0.86306E+01   0.00000E+00   0.23341E+04   0.00000E+00  -0.13918E+02   0.00000E+00
  2.233   4.680   -0.34853E+01   0.00000E+00   0.41919E+03   0.00000E+00   0.11831E+02   0.00000E+00
  2.243   4.690   -0.24291E+01   0.00000E+00   0.50673E+02   0.00000E+00   0.43947E+02   0.00000E+00
  2.253   4.700   -0.31845E+01   0.00000E+00   0.69844E+04   0.00000E+00   0.91481E+02   0.00000E+00
  2.262   4.710   -0.78025E+01   0.00000E+00   0.12514E+05   0.00000E+00   0.84947E+02   0.00000E+00
  2.272   4.720   -0.11639E+02   0.00000E+00   0.12715E+05   0.00000E+00   0.74286E+02   0.00000E+00
  2.281   4.730   -0.99740E+01   0.00000E+00   0.13492E+05   0.00000E+00   0.77090E+02   0.00000E+00
  2.291   4.740    0.59562E+01   0.00000E+00   0.14098E+05   0.00000E+00   0.12687E+03   0.00000E+00
  2.301   4.750    0.10970E+02   0.00000E+00   0.13666E+05   0.00000E+00   0.13864E+03   0.00000E+00
  2.310   4.760    0.10374E+02   0.00000E+00   0.12181E+05   0.00000E+00   0.12259E+03   0.00000E+00
  2.320   4.770    0.10394E+02   0.00000E+00   0.96304E+04   0.00000E+00   0.10170E+03   0.00000E+00
  2.330   4.780    0.13653E+02   0.00000E+00   0.65788E+04   0.00000E+00   0.80500E+02   0.00000E+00
  2.340   4.790    0.24293E+02   0.00000E+00   0.45805E+04   0.00000E+00   0.67707E+02   0.00000E+00
  2.349   4.800    0.49808E+02   0.00000E+00   0.48432E+04   0.00000E+00   0.61484E+02   0.00000E+00
  2.359   4.810   -0.35399E+02   0.00000E+00   0.55378E+04   0.00000E+00   0.50755E+02   0.00000E+00
  2.369   4.820   -0.47711E+02   0.00000E+00   0.35647E+04   0.00000E+00   0.43756E+02   0.00000E+00
  2.379   4.830   -0.35222E+02   0.00000E+00  -0.18535E+04   0.00000E+00   0.84920E+02   0.00000E+00
  2.389   4.840   -0.30478E+02   0.00000E+00  -0.11965E+05   0.00000E+00   0.17988E+03   0.00000E+00
  2.399   4.850   -0.28447E+02   0.00000E+00  -0.20666E+05   0.00000E+00   0.21992E+03   0.00000E+00
  2.409   4.860   -0.24995E+02   0.00000E+00  -0.19967E+05   0.00000E+00   0.16619E+03   0.00000E+00
  2.418   4.870   -0.20785E+02   0.00000E+00  -0.16384E+05   0.00000E+00   0.95495E+02   0.00000E+00
  2.428   4.880   -0.20713E+02   0.00000E+00  -0.12551E+05   0.00000E+00   0.57974E+01   0.00000E+00
  2.438   4.890   -0.20326E+02   0.00000E+00  -0.84504E+04   0.00000E+00  -0.23609E+02   0.00000E+00
  2.448   4.900   -0.15852E+02   0.00000E+00  -0.19746E+04   0.00000E+00  -0.35817E+02   0.00000E+00
  2.458   4.910   -0.11752E+02   0.00000E+00   0.75286E+04   0.00000E+00  -0.39649E+02   0.00000E+00
  2.468   4.920   -0.91915E+01   0.00000E+00   0.77271E+04   0.00000E+00  -0.64820E+02   0.00000E+00
  2.478   4.930   -0.46793E+01   0.00000E+00   0.92314E+04   0.00000E+00  -0.17256E+03   0.00000E+00
  2.488   4.940   -0.28580E+01   0.00000E+00   0.12471E+05   0.00000E+00  -0.24016E+03   0.00000E+00
  2.499   4.950   -0.11569E+02   0.00000E+00   0.17580E+05   0.00000E+00  -0.30258E+03   0.00000E+00
  2.509   4.960    0.40052E+02   0.00000E+00  -0.28098E+04   0.00000E+00  -0.10000E+04   0.00000E+00
  2.519   4.970    0.32901E+01   0.00000E+00  -0.35703E+05   0.00000E+00  -0.87019E+02   0.00000E+00
  2.529   4.980    0.76362E+00   0.00000E+00  -0.73919E+04   0.00000E+00  -0.18513E+03   0.00000E+00
  2.539   4.990   -0.90245E+00   0.00000E+00  -0.21160E+04   0.00000E+00  -0.18647E+03   0.00000E+00
