  0.000   0.010    0.00000E+00   0.13819E-08   0.00000E+00   0.88124E-08   0.00000E+00  -0.10404E-12
  0.000   0.020    0.00000E+00   0.17677E-06   0.00000E+00   0.11296E-05   0.00000E+00  -0.30509E-11
  0.000   0.030    0.00000E+00   0.30169E-05   0.00000E+00   0.19345E-04   0.00000E+00  -0.96687E-10
  0.000   0.040    0.00000E+00   0.22565E-04   0.00000E+00   0.14540E-03   0.00000E+00  -0.54813E-09
  0.000   0.050    0.00000E+00   0.10738E-03   0.00000E+00   0.69621E-03   0.00000E+00   0.14264E-09
  0.000   0.060    0.00000E+00   0.38382E-03   0.00000E+00   0.25072E-02   0.00000E+00   0.40327E-07
  0.000   0.070    0.00000E+00   0.11259E-02   0.00000E+00   0.74190E-02   0.00000E+00   0.48815E-06
  0.001   0.080    0.00000E+00   0.28573E-02   0.00000E+00   0.19018E-01   0.00000E+00   0.37676E-05
  0.001   0.090    0.00000E+00   0.64918E-02   0.00000E+00   0.43694E-01   0.00000E+00   0.22265E-04
  0.001   0.100    0.00000E+00   0.13515E-01   0.00000E+00   0.92089E-01   0.00000E+00   0.10820E-03
  0.001   0.110    0.00000E+00   0.26212E-01   0.00000E+00   0.18101E+00   0.00000E+00   0.45073E-03
  0.001   0.120    0.00000E+00   0.47948E-01   0.00000E+00   0.33592E+00   0.00000E+00   0.16552E-02
  0.002   0.130    0.00000E+00   0.83495E-01   0.00000E+00   0.59401E+00   0.00000E+00   0.54699E-02
  0.002   0.140    0.00000E+00   0.13941E+00   0.00000E+00   0.10081E+01   0.00000E+00   0.16526E-01
  0.002   0.150    0.00000E+00   0.22450E+00   0.00000E+00   0.16513E+01   0.00000E+00   0.46215E-01
  0.003   0.160    0.00000E+00   0.35025E+00   0.00000E+00   0.26227E+01   0.00000E+00   0.12083E+00
  0.003   0.170    0.00000E+00   0.53143E+00   0.00000E+00   0.40541E+01   0.00000E+00   0.29774E+00
  0.003   0.180    0.00000E+00   0.78664E+00   0.00000E+00   0.61176E+01   0.00000E+00   0.69615E+00
  0.004   0.190    0.00000E+00   0.11390E+01   0.00000E+00   0.90350E+01   0.00000E+00   0.15532E+01
  0.004   0.200    0.00000E+00   0.16167E+01   0.00000E+00   0.13088E+02   0.00000E+00   0.33225E+01
  0.004   0.210    0.00000E+00   0.22538E+01   0.00000E+00   0.18630E+02   0.00000E+00   0.68421E+01
  0.005   0.220    0.00000E+00   0.30910E+01   0.00000E+00   0.26099E+02   0.00000E+00   0.13611E+02
  0.005   0.230    0.00000E+00   0.41764E+01   0.00000E+00   0.36034E+02   0.00000E+00   0.26238E+02
  0.006   0.240    0.00000E+00   0.55660E+01   0.00000E+00   0.49089E+02   0.00000E+00   0.49137E+02
  0.006   0.250    0.00000E+00   0.73248E+01   0.00000E+00   0.66051E+02   0.00000E+00   0.89610E+02
  0.007   0.260    0.00000E+00   0.95273E+01   0.00000E+00   0.87861E+02   0.00000E+00   0.15946E+03
  0.007   0.270    0.00000E+00   0.12258E+02   0.00000E+00   0.11563E+03   0.00000E+00   0.27738E+03
  0.008   0.280    0.00000E+00   0.15614E+02   0.00000E+00   0.15067E+03   0.00000E+00   0.47243E+03
  0.009   0.290    0.00000E+00   0.19700E+02   0.00000E+00   0.19451E+03   0.00000E+00   0.78895E+03
  0.009   0.300    0.00000E+00   0.24638E+02   0.00000E+00   0.24890E+03   0.00000E+00   0.12936E+04
  0.010   0.310    0.00000E+00   0.30557E+02   0.00000E+00   0.31587E+03   0.00000E+00   0.20847E+04
  0.010   0.320    0.00000E+00   0.37602E+02   0.00000E+00   0.39773E+03   0.00000E+00   0.33060E+04
  0.011   0.330    0.00000E+00   0.45930E+02   0.00000E+00   0.49709E+03   0.00000E+00   0.51635E+04
  0.012   0.340    0.00000E+00   0.55709E+02   0.00000E+00   0.61690E+03   0.00000E+00   0.79500E+04
  0.012   0.350    0.00000E+00   0.67119E+02   0.00000E+00   0.76043E+03   0.00000E+00   0.12076E+05
  0.013   0.360    0.00000E+00   0.80353E+02   0.00000E+00   0.93132E+03   0.00000E+00   0.18109E+05
  0.014   0.370    0.00000E+00   0.95612E+02   0.00000E+00   0.11336E+04   0.00000E+00   0.26829E+05
  0.015   0.380    0.00000E+00   0.11311E+03   0.00000E+00   0.13715E+04   0.00000E+00   0.39292E+05
  0.016   0.390    0.00000E+00   0.13306E+03   0.00000E+00   0.16500E+04   0.00000E+00   0.56919E+05
  0.016   0.400    0.00000E+00   0.15569E+03   0.00000E+00   0.19739E+04   0.00000E+00   0.81596E+05
  0.017   0.410    0.00000E+00   0.18122E+03   0.00000E+00   0.23489E+04   0.00000E+00   0.11581E+06
  0.018   0.420    0.00000E+00   0.20987E+03   0.00000E+00   0.27806E+04   0.00000E+00   0.16283E+06
  0.019   0.430    0.00000E+00   0.24188E+03   0.00000E+00   0.32750E+04   0.00000E+00   0.22685E+06
  0.020   0.440    0.00000E+00   0.27744E+03   0.00000E+00   0.38383E+04   0.00000E+00   0.31331E+06
  0.021   0.450    0.00000E+00   0.31676E+03   0.00000E+00   0.44767E+04   0.00000E+00   0.42913E+06
  0.022   0.460    0.00000E+00   0.36001E+03   0.00000E+00   0.51968E+04   0.00000E+00   0.58308E+06
  0.023   0.470    0.00000E+00   0.40736E+03   0.00000E+00   0.60046E+04   0.00000E+00   0.78620E+06
  0.023   0.480    0.00000E+00   0.45892E+03   0.00000E+00   0.69064E+04   0.00000E+00   0.10523E+07
  0.024   0.490    0.00000E+00   0.51480E+03   0.00000E+00   0.79078E+04   0.00000E+00   0.13984E+07
  0.025   0.500    0.00000E+00   0.57505E+03   0.00000E+00   0.90144E+04   0.00000E+00   0.18457E+07
  0.027   0.510    0.00000E+00   0.63967E+03   0.00000E+00   0.10231E+05   0.00000E+00   0.24201E+07
  0.028   0.520    0.00000E+00   0.70863E+03   0.00000E+00   0.11561E+05   0.00000E+00   0.31531E+07
  0.029   0.530    0.00000E+00   0.78185E+03   0.00000E+00   0.13009E+05   0.00000E+00   0.40829E+07
  0.030   0.540    0.00000E+00   0.85917E+03   0.00000E+00   0.14576E+05   0.00000E+00   0.52557E+07
  0.031   0.550    0.00000E+00   0.94041E+03   0.00000E+00   0.16263E+05   0.00000E+00   0.67268E+07
  0.032   0.560    0.00000E+00   0.10253E+04   0.00000E+00   0.18072E+05   0.00000E+00   0.85620E+07
  0.033   0.570    0.00000E+00   0.11136E+04   0.00000E+00   0.20000E+05   0.00000E+00   0.10840E+08
  0.034   0.580    0.00000E+00   0.12048E+04   0.00000E+00   0.22046E+05   0.00000E+00   0.13652E+08
  0.035   0.590    0.00000E+00   0.12986E+04   0.00000E+00   0.24206E+05   0.00000E+00   0.17109E+08
  0.037   0.600    0.00000E+00   0.13946E+04   0.00000E+00   0.26476E+05   0.00000E+00   0.21336E+08
  0.038   0.610    0.00000E+00   0.14923E+04   0.00000E+00   0.28849E+05   0.00000E+00   0.26482E+08
  0.039   0.620    0.00000E+00   0.15910E+04   0.00000E+00   0.31319E+05   0.00000E+00   0.32719E+08
  0.040   0.630    0.00000E+00   0.16904E+04   0.00000E+00   0.33879E+05   0.00000E+00   0.40247E+08
  0.042   0.640    0.00000E+00   0.17897E+04   0.00000E+00   0.36519E+05   0.00000E+00   0.49292E+08
  0.043   0.650    0.00000E+00   0.18885E+04   0.00000E+00   0.39232E+05   0.00000E+00   0.60118E+08
  0.044   0.660    0.00000E+00   0.19859E+04   0.00000E+00   0.42006E+05   0.00000E+00   0.73022E+08
  0.046   0.670    0.00000E+00   0.20815E+04   0.00000E+00   0.44833E+05   0.00000E+00   0.88343E+08
  0.047   0.680    0.00000E+00   0.21743E+04   0.00000E+00   0.47701E+05   0.00000E+00   0.10646E+09
  0.049   0.690    0.00000E+00   0.22638E+04   0.00000E+00   0.50600E+05   0.00000E+00   0.12782E+09
  0.050   0.700    0.00000E+00   0.23490E+04   0.00000E+00   0.53519E+05   0.00000E+00   0.15289E+09
  0.051   0.710    0.00000E+00   0.24289E+04   0.00000E+00   0.56446E+05   0.00000E+00   0.18220E+09
  0.053   0.720    0.00000E+00   0.25026E+04   0.00000E+00   0.59370E+05   0.00000E+00   0.21637E+09
  0.054   0.730    0.00000E+00   0.25687E+04   0.00000E+00   0.62276E+05   0.00000E+00   0.25604E+09
  0.056   0.740    0.00000E+00   0.26259E+04   0.00000E+00   0.65152E+05   0.00000E+00   0.30193E+09
  0.057   0.750    0.00000E+00   0.26724E+04   0.00000E+00   0.67981E+05   0.00000E+00   0.35482E+09
  0.059   0.760    0.00000E+00   0.27062E+04   0.00000E+00   0.70747E+05   0.00000E+00   0.41553E+09
  0.060   0.770    0.00000E+00   0.27251E+04   0.00000E+00   0.73430E+05   0.00000E+00   0.48496E+09
  0.062   0.780    0.00000E+00   0.27262E+04   0.00000E+00   0.76005E+05   0.00000E+00   0.56404E+09
  0.064   0.790    0.00000E+00   0.27062E+04   0.00000E+00   0.78445E+05   0.00000E+00   0.65371E+09
  0.065   0.800    0.00000E+00   0.26612E+04   0.00000E+00   0.80716E+05   0.00000E+00   0.75495E+09
  0.067   0.810    0.00000E+00   0.25865E+04   0.00000E+00   0.82777E+05   0.00000E+00   0.86870E+09
  0.069   0.820    0.00000E+00   0.24768E+04   0.00000E+00   0.84577E+05   0.00000E+00   0.99586E+09
  0.070   0.830    0.00000E+00   0.23258E+04   0.00000E+00   0.86055E+05   0.00000E+00   0.11372E+10
  0.072   0.840    0.00000E+00   0.21261E+04   0.00000E+00   0.87137E+05   0.00000E+00   0.12934E+10
  0.074   0.850    0.00000E+00   0.18694E+04   0.00000E+00   0.87734E+05   0.00000E+00   0.14649E+10
  0.075   0.860    0.00000E+00   0.15462E+04   0.00000E+00   0.87738E+05   0.00000E+00   0.16519E+10
  0.077   0.870    0.00000E+00   0.11460E+04   0.00000E+00   0.87025E+05   0.00000E+00   0.18541E+10
  0.079   0.880    0.00000E+00   0.65724E+03   0.00000E+00   0.85446E+05   0.00000E+00   0.20710E+10
  0.081   0.890    0.00000E+00   0.68010E+02   0.00000E+00   0.82834E+05   0.00000E+00   0.23015E+10
  0.083   0.900    0.00000E+00  -0.63377E+03   0.00000E+00   0.79004E+05   0.00000E+00   0.25438E+10
  0.084   0.910    0.00000E+00  -0.14593E+04   0.00000E+00   0.73756E+05   0.00000E+00   0.27959E+10
  0.086   0.920    0.00000E+00  -0.24174E+04   0.00000E+00   0.66885E+05   0.00000E+00   0.30548E+10
  0.088   0.930    0.00000E+00  -0.35128E+04   0.00000E+00   0.58202E+05   0.00000E+00   0.33172E+10
  0.090   0.940    0.00000E+00  -0.47434E+04   0.00000E+00   0.47551E+05   0.00000E+00   0.35793E+10
  0.092   0.950    0.00000E+00  -0.60972E+04   0.00000E+00   0.34846E+05   0.00000E+00   0.38369E+10
  0.094   0.960    0.00000E+00  -0.75484E+04   0.00000E+00   0.20117E+05   0.00000E+00   0.40856E+10
  0.096   0.970    0.00000E+00  -0.90538E+04   0.00000E+00   0.35589E+04   0.00000E+00   0.43211E+10
  0.098   0.980    0.00000E+00  -0.10551E+05   0.00000E+00  -0.14420E+05   0.00000E+00   0.45392E+10
  0.100   0.990    0.00000E+00  -0.11958E+05   0.00000E+00  -0.33161E+05   0.00000E+00   0.47362E+10
  0.102   1.000    0.00000E+00  -0.13180E+05   0.00000E+00  -0.51764E+05   0.00000E+00   0.49091E+10
  0.104   1.010    0.00000E+00  -0.14120E+05   0.00000E+00  -0.69155E+05   0.00000E+00   0.50553E+10
  0.106   1.020    0.00000E+00  -0.14693E+05   0.00000E+00  -0.84222E+05   0.00000E+00   0.51733E+10
  0.108   1.030    0.00000E+00  -0.14846E+05   0.00000E+00  -0.96006E+05   0.00000E+00   0.52624E+10
  0.110   1.040    0.00000E+00  -0.14569E+05   0.00000E+00  -0.10388E+06   0.00000E+00   0.53225E+10
  0.112   1.050    0.00000E+00  -0.13898E+05   0.00000E+00  -0.10765E+06   0.00000E+00   0.53543E+10
  0.115   1.060    0.00000E+00  -0.12903E+05   0.00000E+00  -0.10755E+06   0.00000E+00   0.53593E+10
  0.117   1.070    0.00000E+00  -0.11676E+05   0.00000E+00  -0.10418E+06   0.00000E+00   0.53391E+10
  0.119   1.080    0.00000E+00  -0.10310E+05   0.00000E+00  -0.98294E+05   0.00000E+00   0.52958E+10
  0.121   1.090    0.00000E+00  -0.88887E+04   0.00000E+00  -0.90680E+05   0.00000E+00   0.52319E+10
  0.123   1.100    0.00000E+00  -0.74777E+04   0.00000E+00  -0.82063E+05   0.00000E+00   0.51496E+10
  0.126   1.110    0.00000E+00  -0.61246E+04   0.00000E+00  -0.73038E+05   0.00000E+00   0.50515E+10
  0.128   1.120    0.00000E+00  -0.48598E+04   0.00000E+00  -0.64056E+05   0.00000E+00   0.49397E+10
  0.130   1.130    0.00000E+00  -0.37004E+04   0.00000E+00  -0.55434E+05   0.00000E+00   0.48167E+10
  0.133   1.140    0.00000E+00  -0.26536E+04   0.00000E+00  -0.47381E+05   0.00000E+00   0.46843E+10
  0.135   1.150    0.00000E+00  -0.17202E+04   0.00000E+00  -0.40019E+05   0.00000E+00   0.45446E+10
  0.137   1.160    0.00000E+00  -0.89695E+03   0.00000E+00  -0.33409E+05   0.00000E+00   0.43993E+10
  0.140   1.170    0.00000E+00  -0.17857E+03   0.00000E+00  -0.27568E+05   0.00000E+00   0.42499E+10
  0.142   1.180    0.00000E+00   0.44122E+03   0.00000E+00  -0.22481E+05   0.00000E+00   0.40978E+10
  0.144   1.190    0.00000E+00   0.96893E+03   0.00000E+00  -0.18116E+05   0.00000E+00   0.39444E+10
  0.147   1.200    0.00000E+00   0.14108E+04   0.00000E+00  -0.14427E+05   0.00000E+00   0.37910E+10
  0.149   1.210    0.00000E+00   0.17730E+04   0.00000E+00  -0.11358E+05   0.00000E+00   0.36386E+10
  0.152   1.220    0.00000E+00   0.20610E+04   0.00000E+00  -0.88476E+04   0.00000E+00   0.34884E+10
  0.154   1.230    0.00000E+00   0.22804E+04   0.00000E+00  -0.68335E+04   0.00000E+00   0.33416E+10
  0.157   1.240    0.00000E+00   0.24362E+04   0.00000E+00  -0.52519E+04   0.00000E+00   0.31992E+10
  0.159   1.250    0.00000E+00   0.25336E+04   0.00000E+00  -0.40413E+04   0.00000E+00   0.30626E+10
  0.162   1.260    0.00000E+00   0.25774E+04   0.00000E+00  -0.31443E+04   0.00000E+00   0.29330E+10
  0.164   1.270    0.00000E+00   0.25725E+04   0.00000E+00  -0.25091E+04   0.00000E+00   0.28117E+10
  0.167   1.280    0.00000E+00   0.25234E+04   0.00000E+00  -0.20901E+04   0.00000E+00   0.27002E+10
  0.170   1.290    0.00000E+00   0.24349E+04   0.00000E+00  -0.18478E+04   0.00000E+00   0.26000E+10
  0.172   1.300    0.00000E+00   0.23120E+04   0.00000E+00  -0.17474E+04   0.00000E+00   0.25125E+10
  0.175   1.310    0.00000E+00   0.21598E+04   0.00000E+00  -0.17577E+04   0.00000E+00   0.24391E+10
  0.178   1.320    0.00000E+00   0.19843E+04   0.00000E+00  -0.18487E+04   0.00000E+00   0.23809E+10
  0.180   1.330    0.00000E+00   0.17920E+04   0.00000E+00  -0.19906E+04   0.00000E+00   0.23389E+10
  0.183   1.340    0.00000E+00   0.15904E+04   0.00000E+00  -0.21525E+04   0.00000E+00   0.23133E+10
  0.186   1.350    0.00000E+00   0.13874E+04   0.00000E+00  -0.23030E+04   0.00000E+00   0.23040E+10
  0.189   1.360    0.00000E+00   0.11912E+04   0.00000E+00  -0.24107E+04   0.00000E+00   0.23101E+10
  0.191   1.370    0.00000E+00   0.10096E+04   0.00000E+00  -0.24469E+04   0.00000E+00   0.23303E+10
  0.194   1.380    0.00000E+00   0.84914E+03   0.00000E+00  -0.23875E+04   0.00000E+00   0.23624E+10
  0.197   1.390    0.00000E+00   0.71468E+03   0.00000E+00  -0.22166E+04   0.00000E+00   0.24038E+10
  0.200   1.400    0.00000E+00   0.60846E+03   0.00000E+00  -0.19290E+04   0.00000E+00   0.24518E+10
  0.203   1.410    0.00000E+00   0.52975E+03   0.00000E+00  -0.15323E+04   0.00000E+00   0.25035E+10
  0.206   1.420    0.00000E+00   0.47490E+03   0.00000E+00  -0.10467E+04   0.00000E+00   0.25561E+10
  0.209   1.430    0.00000E+00   0.43768E+03   0.00000E+00  -0.50452E+03   0.00000E+00   0.26074E+10
  0.211   1.440    0.00000E+00   0.41019E+03   0.00000E+00   0.53844E+02   0.00000E+00   0.26553E+10
  0.214   1.450    0.00000E+00   0.38399E+03   0.00000E+00   0.58462E+03   0.00000E+00   0.26984E+10
  0.217   1.460    0.00000E+00   0.35126E+03   0.00000E+00   0.10466E+04   0.00000E+00   0.27358E+10
  0.220   1.470    0.00000E+00   0.30588E+03   0.00000E+00   0.14062E+04   0.00000E+00   0.27668E+10
  0.223   1.480    0.00000E+00   0.24384E+03   0.00000E+00   0.16416E+04   0.00000E+00   0.27913E+10
  0.226   1.490    0.00000E+00   0.16327E+03   0.00000E+00   0.17426E+04   0.00000E+00   0.28094E+10
  0.229   1.500    0.00000E+00   0.63843E+02   0.00000E+00   0.17098E+04   0.00000E+00   0.28213E+10
  0.233   1.510    0.00000E+00  -0.53952E+02   0.00000E+00   0.15507E+04   0.00000E+00   0.28273E+10
  0.236   1.520    0.00000E+00  -0.18960E+03   0.00000E+00   0.12760E+04   0.00000E+00   0.28278E+10
  0.239   1.530    0.00000E+00  -0.34307E+03   0.00000E+00   0.89589E+03   0.00000E+00   0.28229E+10
  0.242   1.540    0.00000E+00  -0.51490E+03   0.00000E+00   0.41895E+03   0.00000E+00   0.28130E+10
  0.245   1.550    0.00000E+00  -0.70592E+03   0.00000E+00  -0.14849E+03   0.00000E+00   0.27979E+10
  0.248   1.560    0.00000E+00  -0.91637E+03   0.00000E+00  -0.80048E+03   0.00000E+00   0.27775E+10
  0.251   1.570    0.00000E+00  -0.11447E+04   0.00000E+00  -0.15283E+04   0.00000E+00   0.27514E+10
  0.255   1.580    0.00000E+00  -0.13859E+04   0.00000E+00  -0.23165E+04   0.00000E+00   0.27187E+10
  0.258   1.590    0.00000E+00  -0.16307E+04   0.00000E+00  -0.31396E+04   0.00000E+00   0.26785E+10
  0.261   1.600    0.00000E+00  -0.18646E+04   0.00000E+00  -0.39603E+04   0.00000E+00   0.26295E+10
  0.264   1.610    0.00000E+00  -0.20692E+04   0.00000E+00  -0.47317E+04   0.00000E+00   0.25705E+10
  0.268   1.620    0.00000E+00  -0.22243E+04   0.00000E+00  -0.54027E+04   0.00000E+00   0.25000E+10
  0.271   1.630    0.00000E+00  -0.23117E+04   0.00000E+00  -0.59254E+04   0.00000E+00   0.24175E+10
  0.274   1.640    0.00000E+00  -0.23183E+04   0.00000E+00  -0.62633E+04   0.00000E+00   0.23229E+10
  0.278   1.650    0.00000E+00  -0.22394E+04   0.00000E+00  -0.63969E+04   0.00000E+00   0.22178E+10
  0.281   1.660    0.00000E+00  -0.20799E+04   0.00000E+00  -0.63277E+04   0.00000E+00   0.21050E+10
  0.284   1.670    0.00000E+00  -0.18542E+04   0.00000E+00  -0.60779E+04   0.00000E+00   0.19890E+10
  0.288   1.680    0.00000E+00  -0.15842E+04   0.00000E+00  -0.56870E+04   0.00000E+00   0.18749E+10
  0.291   1.690    0.00000E+00  -0.12946E+04   0.00000E+00  -0.52044E+04   0.00000E+00   0.17677E+10
  0.295   1.700    0.00000E+00  -0.10087E+04   0.00000E+00  -0.46805E+04   0.00000E+00   0.16714E+10
  0.298   1.710    0.00000E+00  -0.74489E+03   0.00000E+00  -0.41585E+04   0.00000E+00   0.15883E+10
  0.302   1.720    0.00000E+00  -0.51451E+03   0.00000E+00  -0.36698E+04   0.00000E+00   0.15190E+10
  0.305   1.730    0.00000E+00  -0.32238E+03   0.00000E+00  -0.32324E+04   0.00000E+00   0.14628E+10
  0.309   1.740    0.00000E+00  -0.16816E+03   0.00000E+00  -0.28533E+04   0.00000E+00   0.14182E+10
  0.312   1.750    0.00000E+00  -0.48205E+02   0.00000E+00  -0.25306E+04   0.00000E+00   0.13833E+10
  0.316   1.760    0.00000E+00   0.42782E+02   0.00000E+00  -0.22575E+04   0.00000E+00   0.13564E+10
  0.319   1.770    0.00000E+00   0.11057E+03   0.00000E+00  -0.20241E+04   0.00000E+00   0.13358E+10
  0.323   1.780    0.00000E+00   0.16065E+03   0.00000E+00  -0.18196E+04   0.00000E+00   0.13202E+10
  0.327   1.790    0.00000E+00   0.19786E+03   0.00000E+00  -0.16336E+04   0.00000E+00   0.13086E+10
  0.330   1.800    0.00000E+00   0.22616E+03   0.00000E+00  -0.14566E+04   0.00000E+00   0.13003E+10
  0.334   1.810    0.00000E+00   0.24850E+03   0.00000E+00  -0.12814E+04   0.00000E+00   0.12948E+10
  0.338   1.820    0.00000E+00   0.26671E+03   0.00000E+00  -0.11035E+04   0.00000E+00   0.12918E+10
  0.341   1.830    0.00000E+00   0.28138E+03   0.00000E+00  -0.92191E+03   0.00000E+00   0.12913E+10
  0.345   1.840    0.00000E+00   0.29179E+03   0.00000E+00  -0.73904E+03   0.00000E+00   0.12931E+10
  0.349   1.850    0.00000E+00   0.29615E+03   0.00000E+00  -0.56015E+03   0.00000E+00   0.12972E+10
  0.353   1.860    0.00000E+00   0.29183E+03   0.00000E+00  -0.39204E+03   0.00000E+00   0.13038E+10
  0.357   1.870    0.00000E+00   0.27584E+03   0.00000E+00  -0.24170E+03   0.00000E+00   0.13128E+10
  0.360   1.880    0.00000E+00   0.24529E+03   0.00000E+00  -0.11524E+03   0.00000E+00   0.13241E+10
  0.364   1.890    0.00000E+00   0.19783E+03   0.00000E+00  -0.16967E+02   0.00000E+00   0.13374E+10
  0.368   1.900    0.00000E+00   0.13210E+03   0.00000E+00   0.51239E+02   0.00000E+00   0.13524E+10
  0.372   1.910    0.00000E+00   0.48174E+02   0.00000E+00   0.90745E+02   0.00000E+00   0.13683E+10
  0.376   1.920    0.00000E+00  -0.51931E+02   0.00000E+00   0.10707E+03   0.00000E+00   0.13842E+10
  0.380   1.930    0.00000E+00  -0.16383E+03   0.00000E+00   0.11090E+03   0.00000E+00   0.13991E+10
  0.384   1.940    0.00000E+00  -0.28050E+03   0.00000E+00   0.11892E+03   0.00000E+00   0.14117E+10
  0.388   1.950    0.00000E+00  -0.39225E+03   0.00000E+00   0.15405E+03   0.00000E+00   0.14208E+10
  0.392   1.960    0.00000E+00  -0.48720E+03   0.00000E+00   0.24476E+03   0.00000E+00   0.14253E+10
  0.396   1.970    0.00000E+00  -0.55222E+03   0.00000E+00   0.42294E+03   0.00000E+00   0.14246E+10
  0.400   1.980    0.00000E+00  -0.57442E+03   0.00000E+00   0.72006E+03   0.00000E+00   0.14180E+10
  0.404   1.990    0.00000E+00  -0.54350E+03   0.00000E+00   0.11608E+04   0.00000E+00   0.14057E+10
  0.408   2.000    0.00000E+00  -0.45530E+03   0.00000E+00   0.17528E+04   0.00000E+00   0.13878E+10
  0.412   2.010    0.00000E+00  -0.31666E+03   0.00000E+00   0.24728E+04   0.00000E+00   0.13648E+10
  0.416   2.020    0.00000E+00  -0.14995E+03   0.00000E+00   0.32537E+04   0.00000E+00   0.13370E+10
  0.420   2.030    0.00000E+00   0.80523E+01   0.00000E+00   0.39871E+04   0.00000E+00   0.13047E+10
  0.424   2.040    0.00000E+00   0.11851E+03   0.00000E+00   0.45572E+04   0.00000E+00   0.12681E+10
  0.429   2.050    0.00000E+00   0.16049E+03   0.00000E+00   0.48928E+04   0.00000E+00   0.12271E+10
  0.433   2.060    0.00000E+00   0.14293E+03   0.00000E+00   0.49951E+04   0.00000E+00   0.11817E+10
  0.437   2.070    0.00000E+00   0.98943E+02   0.00000E+00   0.49186E+04   0.00000E+00   0.11318E+10
  0.441   2.080    0.00000E+00   0.70169E+02   0.00000E+00   0.47296E+04   0.00000E+00   0.10780E+10
  0.445   2.090    0.00000E+00   0.93507E+02   0.00000E+00   0.44790E+04   0.00000E+00   0.10216E+10
  0.450   2.100    0.00000E+00   0.19343E+03   0.00000E+00   0.41963E+04   0.00000E+00   0.96485E+09
  0.454   2.110    0.00000E+00   0.37792E+03   0.00000E+00   0.38968E+04   0.00000E+00   0.91115E+09
  0.458   2.120    0.00000E+00   0.63724E+03   0.00000E+00   0.35902E+04   0.00000E+00   0.86417E+09
  0.463   2.130    0.00000E+00   0.94700E+03   0.00000E+00   0.32876E+04   0.00000E+00   0.82687E+09
  0.467   2.140    0.00000E+00   0.12758E+04   0.00000E+00   0.30024E+04   0.00000E+00   0.80070E+09
  0.471   2.150    0.00000E+00   0.15944E+04   0.00000E+00   0.27477E+04   0.00000E+00   0.78519E+09
  0.476   2.160    0.00000E+00   0.18828E+04   0.00000E+00   0.25336E+04   0.00000E+00   0.77854E+09
  0.480   2.170    0.00000E+00   0.21321E+04   0.00000E+00   0.23657E+04   0.00000E+00   0.77835E+09
  0.485   2.180    0.00000E+00   0.23428E+04   0.00000E+00   0.22459E+04   0.00000E+00   0.78231E+09
  0.489   2.190    0.00000E+00   0.25215E+04   0.00000E+00   0.21749E+04   0.00000E+00   0.78856E+09
  0.494   2.200    0.00000E+00   0.26780E+04   0.00000E+00   0.21534E+04   0.00000E+00   0.79581E+09
  0.498   2.210    0.00000E+00   0.28234E+04   0.00000E+00   0.21837E+04   0.00000E+00   0.80322E+09
  0.503   2.220    0.00000E+00   0.29686E+04   0.00000E+00   0.22689E+04   0.00000E+00   0.81032E+09
  0.507   2.230    0.00000E+00   0.31224E+04   0.00000E+00   0.24100E+04   0.00000E+00   0.81691E+09
  0.512   2.240    0.00000E+00   0.32880E+04   0.00000E+00   0.25998E+04   0.00000E+00   0.82295E+09
  0.516   2.250    0.00000E+00   0.34581E+04   0.00000E+00   0.28157E+04   0.00000E+00   0.82849E+09
  0.521   2.260    0.00000E+00   0.36122E+04   0.00000E+00   0.30188E+04   0.00000E+00   0.83366E+09
  0.525   2.270    0.00000E+00   0.37242E+04   0.00000E+00   0.31702E+04   0.00000E+00   0.83861E+09
  0.530   2.280    0.00000E+00   0.37766E+04   0.00000E+00   0.32520E+04   0.00000E+00   0.84346E+09
  0.535   2.290    0.00000E+00   0.37683E+04   0.00000E+00   0.32756E+04   0.00000E+00   0.84833E+09
  0.539   2.300    0.00000E+00   0.37099E+04   0.00000E+00   0.32691E+04   0.00000E+00   0.85325E+09
  0.544   2.310    0.00000E+00   0.36145E+04   0.00000E+00   0.32608E+04   0.00000E+00   0.85821E+09
  0.549   2.320    0.00000E+00   0.34916E+04   0.00000E+00   0.32694E+04   0.00000E+00   0.86305E+09
  0.554   2.330    0.00000E+00   0.33457E+04   0.00000E+00   0.33038E+04   0.00000E+00   0.86746E+09
  0.558   2.340    0.00000E+00   0.31800E+04   0.00000E+00   0.33691E+04   0.00000E+00   0.87090E+09
  0.563   2.350    0.00000E+00   0.30038E+04   0.00000E+00   0.34761E+04   0.00000E+00   0.87253E+09
  0.568   2.360    0.00000E+00   0.28377E+04   0.00000E+00   0.36469E+04   0.00000E+00   0.87120E+09
  0.573   2.370    0.00000E+00   0.27110E+04   0.00000E+00   0.39057E+04   0.00000E+00   0.86546E+09
  0.578   2.380    0.00000E+00   0.26422E+04   0.00000E+00   0.42507E+04   0.00000E+00   0.85373E+09
  0.582   2.390    0.00000E+00   0.26162E+04   0.00000E+00   0.46238E+04   0.00000E+00   0.83474E+09
  0.587   2.400    0.00000E+00   0.25792E+04   0.00000E+00   0.49080E+04   0.00000E+00   0.80805E+09
  0.592   2.410    0.00000E+00   0.24620E+04   0.00000E+00   0.49657E+04   0.00000E+00   0.77448E+09
  0.597   2.420    0.00000E+00   0.22167E+04   0.00000E+00   0.46977E+04   0.00000E+00   0.73614E+09
  0.602   2.430    0.00000E+00   0.18417E+04   0.00000E+00   0.40837E+04   0.00000E+00   0.69586E+09
  0.607   2.440    0.00000E+00   0.13769E+04   0.00000E+00   0.31754E+04   0.00000E+00   0.65650E+09
  0.612   2.450    0.00000E+00   0.87856E+03   0.00000E+00   0.20564E+04   0.00000E+00   0.62049E+09
  0.617   2.460    0.00000E+00   0.39670E+03   0.00000E+00   0.80549E+03   0.00000E+00   0.58960E+09
  0.622   2.470    0.00000E+00  -0.32054E+02   0.00000E+00  -0.51236E+03   0.00000E+00   0.56497E+09
  0.627   2.480    0.00000E+00  -0.38270E+03   0.00000E+00  -0.18399E+04   0.00000E+00   0.54711E+09
  0.632   2.490    0.00000E+00  -0.63891E+03   0.00000E+00  -0.31210E+04   0.00000E+00   0.53587E+09
  0.637   2.500    0.00000E+00  -0.79197E+03   0.00000E+00  -0.43013E+04   0.00000E+00   0.53051E+09
  0.642   2.510    0.00000E+00  -0.84024E+03   0.00000E+00  -0.53330E+04   0.00000E+00   0.52989E+09
  0.648   2.520    0.00000E+00  -0.78795E+03   0.00000E+00  -0.61792E+04   0.00000E+00   0.53269E+09
  0.653   2.530    0.00000E+00  -0.64303E+03   0.00000E+00  -0.68168E+04   0.00000E+00   0.53772E+09
  0.658   2.540    0.00000E+00  -0.41380E+03   0.00000E+00  -0.72424E+04   0.00000E+00   0.54400E+09
  0.663   2.550    0.00000E+00  -0.10335E+03   0.00000E+00  -0.74689E+04   0.00000E+00   0.55083E+09
  0.668   2.560    0.00000E+00   0.29062E+03   0.00000E+00  -0.74868E+04   0.00000E+00   0.55774E+09
  0.674   2.570    0.00000E+00   0.74264E+03   0.00000E+00  -0.72093E+04   0.00000E+00   0.56445E+09
  0.679   2.580    0.00000E+00   0.11570E+04   0.00000E+00  -0.65832E+04   0.00000E+00   0.57081E+09
  0.684   2.590    0.00000E+00   0.14384E+04   0.00000E+00  -0.57789E+04   0.00000E+00   0.57673E+09
  0.689   2.600    0.00000E+00   0.15808E+04   0.00000E+00  -0.50381E+04   0.00000E+00   0.58220E+09
  0.695   2.610    0.00000E+00   0.16286E+04   0.00000E+00  -0.44646E+04   0.00000E+00   0.58721E+09
  0.700   2.620    0.00000E+00   0.16209E+04   0.00000E+00  -0.40369E+04   0.00000E+00   0.59181E+09
  0.705   2.630    0.00000E+00   0.15774E+04   0.00000E+00  -0.36864E+04   0.00000E+00   0.59605E+09
  0.711   2.640    0.00000E+00   0.15012E+04   0.00000E+00  -0.33495E+04   0.00000E+00   0.59996E+09
  0.716   2.650    0.00000E+00   0.13846E+04   0.00000E+00  -0.29926E+04   0.00000E+00   0.60354E+09
  0.722   2.660    0.00000E+00   0.12150E+04   0.00000E+00  -0.26171E+04   0.00000E+00   0.60667E+09
  0.727   2.670    0.00000E+00   0.98236E+03   0.00000E+00  -0.22518E+04   0.00000E+00   0.60908E+09
  0.732   2.680    0.00000E+00   0.68972E+03   0.00000E+00  -0.19370E+04   0.00000E+00   0.61017E+09
  0.738   2.690    0.00000E+00   0.36290E+03   0.00000E+00  -0.17017E+04   0.00000E+00   0.60893E+09
  0.743   2.700    0.00000E+00   0.52267E+02   0.00000E+00  -0.15419E+04   0.00000E+00   0.60380E+09
  0.749   2.710    0.00000E+00  -0.18206E+03   0.00000E+00  -0.14145E+04   0.00000E+00   0.59267E+09
  0.754   2.720    0.00000E+00  -0.29949E+03   0.00000E+00  -0.12675E+04   0.00000E+00   0.57346E+09
  0.760   2.730    0.00000E+00  -0.31032E+03   0.00000E+00  -0.11002E+04   0.00000E+00   0.54540E+09
  0.766   2.740    0.00000E+00  -0.28259E+03   0.00000E+00  -0.10017E+04   0.00000E+00   0.51081E+09
  0.771   2.750    0.00000E+00  -0.29935E+03   0.00000E+00  -0.10986E+04   0.00000E+00   0.47510E+09
  0.777   2.760    0.00000E+00  -0.39458E+03   0.00000E+00  -0.14384E+04   0.00000E+00   0.44420E+09
  0.782   2.770    0.00000E+00  -0.53834E+03   0.00000E+00  -0.19451E+04   0.00000E+00   0.42146E+09
  0.788   2.780    0.00000E+00  -0.67765E+03   0.00000E+00  -0.24877E+04   0.00000E+00   0.40701E+09
  0.794   2.790    0.00000E+00  -0.77597E+03   0.00000E+00  -0.29628E+04   0.00000E+00   0.39921E+09
  0.799   2.800    0.00000E+00  -0.82315E+03   0.00000E+00  -0.33232E+04   0.00000E+00   0.39603E+09
  0.805   2.810    0.00000E+00  -0.82738E+03   0.00000E+00  -0.35669E+04   0.00000E+00   0.39583E+09
  0.811   2.820    0.00000E+00  -0.80581E+03   0.00000E+00  -0.37146E+04   0.00000E+00   0.39744E+09
  0.817   2.830    0.00000E+00  -0.77949E+03   0.00000E+00  -0.37929E+04   0.00000E+00   0.40015E+09
  0.822   2.840    0.00000E+00  -0.76979E+03   0.00000E+00  -0.38264E+04   0.00000E+00   0.40353E+09
  0.828   2.850    0.00000E+00  -0.78604E+03   0.00000E+00  -0.38362E+04   0.00000E+00   0.40735E+09
  0.834   2.860    0.00000E+00  -0.80707E+03   0.00000E+00  -0.38385E+04   0.00000E+00   0.41148E+09
  0.840   2.870    0.00000E+00  -0.79704E+03   0.00000E+00  -0.38388E+04   0.00000E+00   0.41586E+09
  0.846   2.880    0.00000E+00  -0.74858E+03   0.00000E+00  -0.38321E+04   0.00000E+00   0.42048E+09
  0.852   2.890    0.00000E+00  -0.68001E+03   0.00000E+00  -0.38146E+04   0.00000E+00   0.42535E+09
  0.858   2.900    0.00000E+00  -0.60661E+03   0.00000E+00  -0.37896E+04   0.00000E+00   0.43047E+09
  0.864   2.910    0.00000E+00  -0.53142E+03   0.00000E+00  -0.37675E+04   0.00000E+00   0.43588E+09
  0.869   2.920    0.00000E+00  -0.44921E+03   0.00000E+00  -0.37654E+04   0.00000E+00   0.44155E+09
  0.875   2.930    0.00000E+00  -0.35114E+03   0.00000E+00  -0.38107E+04   0.00000E+00   0.44745E+09
  0.881   2.940    0.00000E+00  -0.22887E+03   0.00000E+00  -0.39455E+04   0.00000E+00   0.45350E+09
  0.887   2.950    0.00000E+00  -0.83343E+02   0.00000E+00  -0.42284E+04   0.00000E+00   0.45952E+09
  0.893   2.960    0.00000E+00   0.55529E+02   0.00000E+00  -0.47105E+04   0.00000E+00   0.46514E+09
  0.899   2.970    0.00000E+00   0.12018E+03   0.00000E+00  -0.53561E+04   0.00000E+00   0.46967E+09
  0.906   2.980    0.00000E+00   0.69387E+02   0.00000E+00  -0.59779E+04   0.00000E+00   0.47175E+09
  0.912   2.990    0.00000E+00  -0.32602E+02   0.00000E+00  -0.63118E+04   0.00000E+00   0.46887E+09
  0.918   3.000    0.00000E+00  -0.79794E+02   0.00000E+00  -0.61371E+04   0.00000E+00   0.45730E+09
  0.924   3.010    0.00000E+00  -0.46257E+02   0.00000E+00  -0.54103E+04   0.00000E+00   0.43431E+09
  0.930   3.020    0.00000E+00   0.12063E+01   0.00000E+00  -0.44136E+04   0.00000E+00   0.40292E+09
  0.936   3.030    0.00000E+00   0.18699E+01   0.00000E+00  -0.36047E+04   0.00000E+00   0.37202E+09
  0.942   3.040    0.00000E+00  -0.31842E+02   0.00000E+00  -0.32892E+04   0.00000E+00   0.34863E+09
  0.949   3.050    0.00000E+00  -0.46313E+02   0.00000E+00  -0.35559E+04   0.00000E+00   0.33400E+09
  0.955   3.060    0.00000E+00  -0.43508E+01   0.00000E+00  -0.42932E+04   0.00000E+00   0.32621E+09
  0.961   3.070    0.00000E+00   0.83816E+02   0.00000E+00  -0.52061E+04   0.00000E+00   0.32299E+09
  0.967   3.080    0.00000E+00   0.18015E+03   0.00000E+00  -0.60182E+04   0.00000E+00   0.32263E+09
  0.974   3.090    0.00000E+00   0.25509E+03   0.00000E+00  -0.66389E+04   0.00000E+00   0.32402E+09
  0.980   3.100    0.00000E+00   0.29266E+03   0.00000E+00  -0.71151E+04   0.00000E+00   0.32648E+09
  0.986   3.110    0.00000E+00   0.27499E+03   0.00000E+00  -0.75163E+04   0.00000E+00   0.32956E+09
  0.993   3.120    0.00000E+00   0.17361E+03   0.00000E+00  -0.78486E+04   0.00000E+00   0.33299E+09
  0.999   3.130    0.00000E+00  -0.19606E+02   0.00000E+00  -0.80390E+04   0.00000E+00   0.33656E+09
  1.005   3.140    0.00000E+00  -0.24542E+03   0.00000E+00  -0.80940E+04   0.00000E+00   0.34018E+09
  1.012   3.150    0.00000E+00  -0.44199E+03   0.00000E+00  -0.81478E+04   0.00000E+00   0.34380E+09
  1.018   3.160    0.00000E+00  -0.61368E+03   0.00000E+00  -0.82675E+04   0.00000E+00   0.34749E+09
  1.025   3.170    0.00000E+00  -0.79221E+03   0.00000E+00  -0.84274E+04   0.00000E+00   0.35131E+09
  1.031   3.180    0.00000E+00  -0.99986E+03   0.00000E+00  -0.85816E+04   0.00000E+00   0.35540E+09
  1.038   3.190    0.00000E+00  -0.12425E+04   0.00000E+00  -0.86861E+04   0.00000E+00   0.35989E+09
  1.044   3.200    0.00000E+00  -0.15068E+04   0.00000E+00  -0.86831E+04   0.00000E+00   0.36491E+09
  1.051   3.210    0.00000E+00  -0.17448E+04   0.00000E+00  -0.84572E+04   0.00000E+00   0.37051E+09
  1.057   3.220    0.00000E+00  -0.18289E+04   0.00000E+00  -0.77644E+04   0.00000E+00   0.37662E+09
  1.064   3.230    0.00000E+00  -0.14900E+04   0.00000E+00  -0.62019E+04   0.00000E+00   0.38281E+09
  1.070   3.240    0.00000E+00  -0.42826E+03   0.00000E+00  -0.35885E+04   0.00000E+00   0.38778E+09
  1.077   3.250    0.00000E+00   0.10002E+04   0.00000E+00  -0.10451E+04   0.00000E+00   0.38835E+09
  1.084   3.260    0.00000E+00   0.17156E+04   0.00000E+00  -0.12099E+03   0.00000E+00   0.37856E+09
  1.090   3.270    0.00000E+00   0.15190E+04   0.00000E+00  -0.25057E+03   0.00000E+00   0.35490E+09
  1.097   3.280    0.00000E+00   0.99709E+03   0.00000E+00  -0.47044E+03   0.00000E+00   0.32735E+09
  1.104   3.290    0.00000E+00   0.57853E+03   0.00000E+00  -0.65029E+03   0.00000E+00   0.30798E+09
  1.110   3.300    0.00000E+00   0.31297E+03   0.00000E+00  -0.89664E+03   0.00000E+00   0.29735E+09
  1.117   3.310    0.00000E+00   0.11576E+03   0.00000E+00  -0.13437E+04   0.00000E+00   0.29201E+09
  1.124   3.320    0.00000E+00  -0.84344E+02   0.00000E+00  -0.22824E+04   0.00000E+00   0.28953E+09
  1.131   3.330    0.00000E+00  -0.28008E+03   0.00000E+00  -0.40209E+04   0.00000E+00   0.28858E+09
  1.138   3.340    0.00000E+00  -0.34639E+03   0.00000E+00  -0.56547E+04   0.00000E+00   0.28852E+09
  1.144   3.350    0.00000E+00  -0.28655E+03   0.00000E+00  -0.61393E+04   0.00000E+00   0.28908E+09
  1.151   3.360    0.00000E+00  -0.19868E+03   0.00000E+00  -0.59553E+04   0.00000E+00   0.29014E+09
  1.158   3.370    0.00000E+00  -0.10813E+03   0.00000E+00  -0.55979E+04   0.00000E+00   0.29170E+09
  1.165   3.380    0.00000E+00  -0.59426E+01   0.00000E+00  -0.52680E+04   0.00000E+00   0.29377E+09
  1.172   3.390    0.00000E+00   0.11941E+03   0.00000E+00  -0.50004E+04   0.00000E+00   0.29635E+09
  1.179   3.400    0.00000E+00   0.25267E+03   0.00000E+00  -0.46374E+04   0.00000E+00   0.29936E+09
  1.186   3.410    0.00000E+00   0.34112E+03   0.00000E+00  -0.40536E+04   0.00000E+00   0.30266E+09
  1.193   3.420    0.00000E+00   0.36369E+03   0.00000E+00  -0.34038E+04   0.00000E+00   0.30609E+09
  1.200   3.430    0.00000E+00   0.34914E+03   0.00000E+00  -0.28301E+04   0.00000E+00   0.30951E+09
  1.207   3.440    0.00000E+00   0.32919E+03   0.00000E+00  -0.23243E+04   0.00000E+00   0.31283E+09
  1.214   3.450    0.00000E+00   0.32967E+03   0.00000E+00  -0.18223E+04   0.00000E+00   0.31605E+09
  1.221   3.460    0.00000E+00   0.38378E+03   0.00000E+00  -0.12572E+04   0.00000E+00   0.31915E+09
  1.228   3.470    0.00000E+00   0.54523E+03   0.00000E+00  -0.59401E+03   0.00000E+00   0.32201E+09
  1.235   3.480    0.00000E+00   0.87801E+03   0.00000E+00   0.74694E+02   0.00000E+00   0.32399E+09
  1.242   3.490    0.00000E+00   0.13522E+04   0.00000E+00   0.37856E+03   0.00000E+00   0.32330E+09
  1.249   3.500    0.00000E+00   0.16798E+04   0.00000E+00   0.15328E+01   0.00000E+00   0.31638E+09
  1.256   3.510    0.00000E+00   0.15598E+04   0.00000E+00  -0.58092E+03   0.00000E+00   0.30077E+09
  1.263   3.520    0.00000E+00   0.11621E+04   0.00000E+00  -0.91027E+03   0.00000E+00   0.28339E+09
  1.271   3.530    0.00000E+00   0.82872E+03   0.00000E+00  -0.10749E+04   0.00000E+00   0.27225E+09
  1.278   3.540    0.00000E+00   0.63052E+03   0.00000E+00  -0.11965E+04   0.00000E+00   0.26646E+09
  1.285   3.550    0.00000E+00   0.51639E+03   0.00000E+00  -0.13072E+04   0.00000E+00   0.26332E+09
  1.292   3.560    0.00000E+00   0.44417E+03   0.00000E+00  -0.14038E+04   0.00000E+00   0.26146E+09
  1.300   3.570    0.00000E+00   0.39431E+03   0.00000E+00  -0.14717E+04   0.00000E+00   0.26037E+09
  1.307   3.580    0.00000E+00   0.36754E+03   0.00000E+00  -0.14937E+04   0.00000E+00   0.25988E+09
  1.314   3.590    0.00000E+00   0.38197E+03   0.00000E+00  -0.14710E+04   0.00000E+00   0.25989E+09
  1.322   3.600    0.00000E+00   0.44233E+03   0.00000E+00  -0.14742E+04   0.00000E+00   0.26028E+09
  1.329   3.610    0.00000E+00   0.49363E+03   0.00000E+00  -0.15845E+04   0.00000E+00   0.26094E+09
  1.336   3.620    0.00000E+00   0.50851E+03   0.00000E+00  -0.17212E+04   0.00000E+00   0.26174E+09
  1.344   3.630    0.00000E+00   0.51961E+03   0.00000E+00  -0.18128E+04   0.00000E+00   0.26262E+09
  1.351   3.640    0.00000E+00   0.54607E+03   0.00000E+00  -0.18719E+04   0.00000E+00   0.26359E+09
  1.359   3.650    0.00000E+00   0.59635E+03   0.00000E+00  -0.19316E+04   0.00000E+00   0.26475E+09
  1.366   3.660    0.00000E+00   0.67863E+03   0.00000E+00  -0.20464E+04   0.00000E+00   0.26626E+09
  1.373   3.670    0.00000E+00   0.79537E+03   0.00000E+00  -0.23086E+04   0.00000E+00   0.26834E+09
  1.381   3.680    0.00000E+00   0.92549E+03   0.00000E+00  -0.27733E+04   0.00000E+00   0.27112E+09
  1.388   3.690    0.00000E+00   0.10418E+04   0.00000E+00  -0.31367E+04   0.00000E+00   0.27442E+09
  1.396   3.700    0.00000E+00   0.12357E+04   0.00000E+00  -0.27988E+04   0.00000E+00   0.27688E+09
  1.404   3.710    0.00000E+00   0.17970E+04   0.00000E+00  -0.19262E+04   0.00000E+00   0.27465E+09
  1.411   3.720    0.00000E+00   0.35418E+04   0.00000E+00  -0.26014E+04   0.00000E+00   0.26430E+09
  1.419   3.730    0.00000E+00   0.73716E+04   0.00000E+00  -0.12841E+05   0.00000E+00   0.25230E+09
  1.426   3.740    0.00000E+00   0.35597E+04   0.00000E+00  -0.12038E+05   0.00000E+00   0.24451E+09
  1.434   3.750    0.00000E+00   0.14100E+04   0.00000E+00  -0.67869E+04   0.00000E+00   0.24008E+09
  1.442   3.760    0.00000E+00   0.84112E+03   0.00000E+00  -0.46210E+04   0.00000E+00   0.23751E+09
  1.449   3.770    0.00000E+00   0.66948E+03   0.00000E+00  -0.36133E+04   0.00000E+00   0.23603E+09
  1.457   3.780    0.00000E+00   0.62392E+03   0.00000E+00  -0.30330E+04   0.00000E+00   0.23529E+09
  1.465   3.790    0.00000E+00   0.63411E+03   0.00000E+00  -0.25848E+04   0.00000E+00   0.23508E+09
  1.472   3.800    0.00000E+00   0.66495E+03   0.00000E+00  -0.20034E+04   0.00000E+00   0.23519E+09
  1.480   3.810    0.00000E+00   0.63375E+03   0.00000E+00  -0.12418E+04   0.00000E+00   0.23540E+09
  1.488   3.820    0.00000E+00   0.57384E+03   0.00000E+00  -0.94728E+03   0.00000E+00   0.23554E+09
  1.496   3.830    0.00000E+00   0.57298E+03   0.00000E+00  -0.10818E+04   0.00000E+00   0.23561E+09
  1.504   3.840    0.00000E+00   0.61708E+03   0.00000E+00  -0.13436E+04   0.00000E+00   0.23584E+09
  1.511   3.850    0.00000E+00   0.68024E+03   0.00000E+00  -0.15955E+04   0.00000E+00   0.23665E+09
  1.519   3.860    0.00000E+00   0.74875E+03   0.00000E+00  -0.17794E+04   0.00000E+00   0.23849E+09
  1.527   3.870    0.00000E+00   0.81393E+03   0.00000E+00  -0.18385E+04   0.00000E+00   0.24177E+09
  1.535   3.880    0.00000E+00   0.83923E+03   0.00000E+00  -0.16270E+04   0.00000E+00   0.24674E+09
  1.543   3.890    0.00000E+00   0.65643E+03   0.00000E+00  -0.85331E+03   0.00000E+00   0.25320E+09
  1.551   3.900    0.00000E+00  -0.39147E+02   0.00000E+00   0.27477E+03   0.00000E+00   0.25855E+09
  1.559   3.910    0.00000E+00  -0.56847E+03   0.00000E+00  -0.17711E+03   0.00000E+00   0.25277E+09
  1.567   3.920    0.00000E+00  -0.30660E+03   0.00000E+00  -0.18471E+04   0.00000E+00   0.23489E+09
  1.575   3.930    0.00000E+00  -0.34705E+02   0.00000E+00  -0.28772E+04   0.00000E+00   0.22526E+09
  1.583   3.940    0.00000E+00   0.10571E+03   0.00000E+00  -0.33533E+04   0.00000E+00   0.22162E+09
  1.591   3.950    0.00000E+00   0.16941E+03   0.00000E+00  -0.37101E+04   0.00000E+00   0.21940E+09
  1.599   3.960    0.00000E+00   0.17361E+03   0.00000E+00  -0.43636E+04   0.00000E+00   0.21790E+09
  1.607   3.970    0.00000E+00   0.17396E+03   0.00000E+00  -0.55698E+04   0.00000E+00   0.21721E+09
  1.615   3.980    0.00000E+00   0.35022E+03   0.00000E+00  -0.56858E+04   0.00000E+00   0.21739E+09
  1.623   3.990    0.00000E+00   0.56662E+03   0.00000E+00  -0.43267E+04   0.00000E+00   0.21830E+09
  1.632   4.000    0.00000E+00   0.68965E+03   0.00000E+00  -0.34867E+04   0.00000E+00   0.21965E+09
  1.640   4.010    0.00000E+00   0.76645E+03   0.00000E+00  -0.31646E+04   0.00000E+00   0.22124E+09
  1.648   4.020    0.00000E+00   0.79486E+03   0.00000E+00  -0.30475E+04   0.00000E+00   0.22303E+09
  1.656   4.030    0.00000E+00   0.74150E+03   0.00000E+00  -0.28909E+04   0.00000E+00   0.22509E+09
  1.664   4.040    0.00000E+00   0.59467E+03   0.00000E+00  -0.25531E+04   0.00000E+00   0.22761E+09
  1.673   4.050    0.00000E+00   0.38019E+03   0.00000E+00  -0.16102E+04   0.00000E+00   0.23082E+09
  1.681   4.060    0.00000E+00   0.16919E+03   0.00000E+00  -0.29270E+03   0.00000E+00   0.23502E+09
  1.689   4.070    0.00000E+00  -0.18478E+01   0.00000E+00   0.37831E+03   0.00000E+00   0.24045E+09
  1.697   4.080    0.00000E+00  -0.16558E+03   0.00000E+00   0.32990E+03   0.00000E+00   0.24702E+09
  1.706   4.090    0.00000E+00  -0.32285E+03   0.00000E+00  -0.33543E+03   0.00000E+00   0.25353E+09
  1.714   4.100    0.00000E+00  -0.38985E+03   0.00000E+00  -0.13377E+04   0.00000E+00   0.25699E+09
  1.723   4.110    0.00000E+00  -0.37624E+03   0.00000E+00  -0.21824E+04   0.00000E+00   0.25516E+09
  1.731   4.120    0.00000E+00  -0.50521E+03   0.00000E+00  -0.30112E+04   0.00000E+00   0.24747E+09
  1.739   4.130    0.00000E+00  -0.97384E+03   0.00000E+00  -0.42044E+04   0.00000E+00   0.21812E+09
  1.748   4.140    0.00000E+00  -0.68957E+03   0.00000E+00  -0.43368E+04   0.00000E+00   0.19854E+09
  1.756   4.150    0.00000E+00  -0.25607E+03   0.00000E+00  -0.39527E+04   0.00000E+00   0.20322E+09
  1.765   4.160    0.00000E+00   0.16503E+02   0.00000E+00  -0.33785E+04   0.00000E+00   0.20587E+09
  1.773   4.170    0.00000E+00   0.20329E+03   0.00000E+00  -0.27469E+04   0.00000E+00   0.20738E+09
  1.782   4.180    0.00000E+00   0.29739E+03   0.00000E+00  -0.23708E+04   0.00000E+00   0.20845E+09
  1.790   4.190    0.00000E+00   0.30687E+03   0.00000E+00  -0.24646E+04   0.00000E+00   0.20921E+09
  1.799   4.200    0.00000E+00   0.26797E+03   0.00000E+00  -0.30647E+04   0.00000E+00   0.20976E+09
  1.807   4.210    0.00000E+00   0.27038E+03   0.00000E+00  -0.39328E+04   0.00000E+00   0.21028E+09
  1.816   4.220    0.00000E+00   0.37478E+03   0.00000E+00  -0.33005E+04   0.00000E+00   0.21102E+09
  1.825   4.230    0.00000E+00   0.33172E+03   0.00000E+00  -0.18633E+04   0.00000E+00   0.21215E+09
  1.833   4.240    0.00000E+00   0.24521E+03   0.00000E+00  -0.14182E+04   0.00000E+00   0.21371E+09
  1.842   4.250    0.00000E+00   0.18548E+03   0.00000E+00  -0.15256E+04   0.00000E+00   0.21571E+09
  1.851   4.260    0.00000E+00   0.14533E+03   0.00000E+00  -0.18287E+04   0.00000E+00   0.21824E+09
  1.859   4.270    0.00000E+00   0.13345E+03   0.00000E+00  -0.18434E+04   0.00000E+00   0.22174E+09
  1.868   4.280    0.00000E+00   0.45950E+02   0.00000E+00  -0.13459E+04   0.00000E+00   0.22718E+09
  1.877   4.290    0.00000E+00  -0.21305E+03   0.00000E+00  -0.13959E+04   0.00000E+00   0.23624E+09
  1.885   4.300    0.00000E+00  -0.31555E+03   0.00000E+00  -0.19652E+04   0.00000E+00   0.25013E+09
  1.894   4.310    0.00000E+00  -0.76066E+02   0.00000E+00  -0.22848E+04   0.00000E+00   0.24953E+09
  1.903   4.320    0.00000E+00  -0.73895E+01   0.00000E+00  -0.43431E+04   0.00000E+00   0.20679E+09
  1.912   4.330    0.00000E+00   0.21249E+03   0.00000E+00  -0.53747E+04   0.00000E+00   0.18821E+09
  1.921   4.340    0.00000E+00   0.47979E+03   0.00000E+00  -0.58236E+04   0.00000E+00   0.18279E+09
  1.930   4.350    0.00000E+00   0.72612E+03   0.00000E+00  -0.60315E+04   0.00000E+00   0.18097E+09
  1.938   4.360    0.00000E+00   0.87388E+03   0.00000E+00  -0.60037E+04   0.00000E+00   0.18042E+09
  1.947   4.370    0.00000E+00   0.82205E+03   0.00000E+00  -0.63247E+04   0.00000E+00   0.18040E+09
  1.956   4.380    0.00000E+00   0.42838E+03   0.00000E+00  -0.66422E+04   0.00000E+00   0.18061E+09
  1.965   4.390    0.00000E+00  -0.40397E+02   0.00000E+00  -0.52607E+04   0.00000E+00   0.18094E+09
  1.974   4.400    0.00000E+00  -0.27430E+03   0.00000E+00  -0.33299E+04   0.00000E+00   0.18141E+09
  1.983   4.410    0.00000E+00  -0.32633E+03   0.00000E+00  -0.13131E+04   0.00000E+00   0.18210E+09
  1.992   4.420    0.00000E+00  -0.22149E+03   0.00000E+00  -0.25425E+03   0.00000E+00   0.18318E+09
  2.001   4.430    0.00000E+00  -0.10743E+03   0.00000E+00   0.50423E+02   0.00000E+00   0.18493E+09
  2.010   4.440    0.00000E+00   0.41746E+01   0.00000E+00   0.35301E+03   0.00000E+00   0.18794E+09
  2.019   4.450    0.00000E+00   0.20408E+03   0.00000E+00   0.82334E+03   0.00000E+00   0.19375E+09
  2.028   4.460    0.00000E+00   0.50778E+03   0.00000E+00   0.25192E+03   0.00000E+00   0.20591E+09
  2.037   4.470    0.00000E+00   0.54549E+03   0.00000E+00  -0.10507E+04   0.00000E+00   0.20508E+09
  2.047   4.480    0.00000E+00   0.60082E+03   0.00000E+00  -0.14220E+04   0.00000E+00   0.20038E+09
  2.056   4.490    0.00000E+00   0.54243E+03   0.00000E+00  -0.22360E+04   0.00000E+00   0.20023E+09
  2.065   4.500    0.00000E+00   0.51363E+03   0.00000E+00  -0.29016E+04   0.00000E+00   0.19857E+09
  2.074   4.510    0.00000E+00   0.49333E+03   0.00000E+00  -0.36525E+04   0.00000E+00   0.19263E+09
  2.083   4.520    0.00000E+00   0.44680E+03   0.00000E+00  -0.48992E+04   0.00000E+00   0.18228E+09
  2.093   4.530    0.00000E+00   0.29964E+03   0.00000E+00  -0.75801E+04   0.00000E+00   0.17050E+09
  2.102   4.540    0.00000E+00  -0.15070E+03   0.00000E+00  -0.63837E+04   0.00000E+00   0.16360E+09
  2.111   4.550    0.00000E+00  -0.53307E+02   0.00000E+00  -0.27856E+04   0.00000E+00   0.16338E+09
  2.120   4.560    0.00000E+00   0.16169E+02   0.00000E+00  -0.21438E+04   0.00000E+00   0.16582E+09
  2.130   4.570    0.00000E+00   0.35391E+02   0.00000E+00  -0.18351E+04   0.00000E+00   0.16851E+09
  2.139   4.580    0.00000E+00   0.72311E+02   0.00000E+00  -0.90309E+03   0.00000E+00   0.17133E+09
  2.148   4.590    0.00000E+00   0.35639E+03   0.00000E+00   0.35816E+04   0.00000E+00   0.17493E+09
  2.158   4.600    0.00000E+00   0.38249E+03   0.00000E+00   0.25604E+04   0.00000E+00   0.17930E+09
  2.167   4.610    0.00000E+00   0.21434E+03   0.00000E+00   0.84275E+00   0.00000E+00   0.18370E+09
  2.177   4.620    0.00000E+00   0.20329E+03   0.00000E+00  -0.63445E+03   0.00000E+00   0.18763E+09
  2.186   4.630    0.00000E+00   0.25187E+03   0.00000E+00  -0.10106E+04   0.00000E+00   0.19138E+09
  2.195   4.640    0.00000E+00   0.40260E+03   0.00000E+00  -0.13594E+04   0.00000E+00   0.19645E+09
  2.205   4.650    0.00000E+00   0.88536E+03   0.00000E+00  -0.19649E+04   0.00000E+00   0.20415E+09
  2.214   4.660    0.00000E+00   0.83223E+03   0.00000E+00  -0.20873E+04   0.00000E+00   0.19980E+09
  2.224   4.670    0.00000E+00   0.53565E+03   0.00000E+00  -0.21496E+04   0.00000E+00   0.19558E+09
  2.233   4.680    0.00000E+00   0.41691E+03   0.00000E+00  -0.19157E+04   0.00000E+00   0.19778E+09
  2.243   4.690    0.00000E+00   0.31978E+03   0.00000E+00  -0.18736E+04   0.00000E+00   0.20069E+09
  2.253   4.700    0.00000E+00   0.29456E+03   0.00000E+00  -0.23869E+04   0.00000E+00   0.19495E+09
  2.262   4.710    0.00000E+00   0.18671E+03   0.00000E+00  -0.24314E+04   0.00000E+00   0.17218E+09
  2.272   4.720    0.00000E+00   0.32104E+03   0.00000E+00  -0.23237E+04   0.00000E+00   0.16596E+09
  2.281   4.730    0.00000E+00   0.63839E+03   0.00000E+00  -0.26434E+04   0.00000E+00   0.17044E+09
  2.291   4.740    0.00000E+00   0.62058E+03   0.00000E+00  -0.22262E+04   0.00000E+00   0.17502E+09
  2.301   4.750    0.00000E+00   0.24639E+03   0.00000E+00  -0.90077E+03   0.00000E+00   0.17889E+09
  2.310   4.760    0.00000E+00  -0.10090E+03   0.00000E+00  -0.93634E+03   0.00000E+00   0.18167E+09
  2.320   4.770    0.00000E+00  -0.13066E+03   0.00000E+00  -0.28830E+04   0.00000E+00   0.18324E+09
  2.330   4.780    0.00000E+00   0.24456E+03   0.00000E+00  -0.39684E+04   0.00000E+00   0.18412E+09
  2.340   4.790    0.00000E+00   0.44597E+03   0.00000E+00  -0.36064E+04   0.00000E+00   0.18475E+09
  2.349   4.800    0.00000E+00   0.68493E+03   0.00000E+00  -0.32088E+04   0.00000E+00   0.18557E+09
  2.359   4.810    0.00000E+00   0.28755E+04   0.00000E+00  -0.32309E+04   0.00000E+00   0.18758E+09
  2.369   4.820    0.00000E+00   0.14549E+04   0.00000E+00  -0.33333E+04   0.00000E+00   0.19325E+09
  2.379   4.830    0.00000E+00   0.16412E+04   0.00000E+00  -0.32335E+04   0.00000E+00   0.20797E+09
  2.389   4.840    0.00000E+00   0.99148E+03   0.00000E+00  -0.12664E+04   0.00000E+00   0.20333E+09
  2.399   4.850    0.00000E+00   0.45827E+03   0.00000E+00  -0.15949E+04   0.00000E+00   0.18095E+09
  2.409   4.860    0.00000E+00   0.45193E+03   0.00000E+00  -0.18500E+04   0.00000E+00   0.17886E+09
  2.418   4.870    0.00000E+00   0.16038E+03   0.00000E+00  -0.18167E+04   0.00000E+00   0.17605E+09
  2.428   4.880    0.00000E+00  -0.16446E+03   0.00000E+00  -0.27114E+04   0.00000E+00   0.16913E+09
  2.438   4.890    0.00000E+00   0.10288E+03   0.00000E+00  -0.10338E+04   0.00000E+00   0.16809E+09
  2.448   4.900    0.00000E+00   0.25690E+03   0.00000E+00  -0.12499E+03   0.00000E+00   0.16887E+09
  2.458   4.910    0.00000E+00   0.39134E+03   0.00000E+00   0.38908E+03   0.00000E+00   0.16828E+09
  2.468   4.920    0.00000E+00   0.54231E+03   0.00000E+00   0.93118E+03   0.00000E+00   0.16642E+09
  2.478   4.930    0.00000E+00   0.46586E+03   0.00000E+00  -0.17629E+04   0.00000E+00   0.16384E+09
  2.488   4.940    0.00000E+00   0.49501E+03   0.00000E+00  -0.17131E+04   0.00000E+00   0.16144E+09
  2.499   4.950    0.00000E+00   0.67238E+03   0.00000E+00  -0.12791E+04   0.00000E+00   0.15993E+09
  2.509   4.960    0.00000E+00   0.30029E+01   0.00000E+00  -0.89871E+03   0.00000E+00   0.15965E+09
  2.519   4.970    0.00000E+00  -0.25553E+02   0.00000E+00  -0.51291E+03   0.00000E+00   0.16088E+09
  2.529   4.980    0.00000E+00  -0.53416E+02   0.00000E+00  -0.11978E+04   0.00000E+00   0.16366E+09
  2.539   4.990    0.00000E+00   0.35381E+02   0.00000E+00  -0.31367E+04   0.00000E+00   0.16927E+09
