  0.000   0.010   -0.85256E-05   0.00000E+00  -0.12406E-02   0.00000E+00   0.54233E-04   0.00000E+00
  0.000   0.020   -0.10935E-02   0.00000E+00  -0.98820E-02   0.00000E+00   0.69805E-02   0.00000E+00
  0.000   0.030   -0.18730E-01   0.00000E+00  -0.33111E-01   0.00000E+00   0.11999E+00   0.00000E+00
  0.000   0.040   -0.14080E+00   0.00000E+00  -0.77692E-01   0.00000E+00   0.90641E+00   0.00000E+00
  0.000   0.050   -0.67432E+00   0.00000E+00  -0.14977E+00   0.00000E+00   0.43680E+01   0.00000E+00
  0.000   0.060   -0.24290E+01   0.00000E+00  -0.25472E+00   0.00000E+00   0.15852E+02   0.00000E+00
  0.000   0.070   -0.71897E+01   0.00000E+00  -0.39694E+00   0.00000E+00   0.47336E+02   0.00000E+00
  0.001   0.080   -0.18436E+02   0.00000E+00  -0.57980E+00   0.00000E+00   0.12260E+03   0.00000E+00
  0.001   0.090   -0.42372E+02   0.00000E+00  -0.80553E+00   0.00000E+00   0.28494E+03   0.00000E+00
  0.001   0.100   -0.89336E+02   0.00000E+00  -0.10752E+01   0.00000E+00   0.60821E+03   0.00000E+00
  0.001   0.110   -0.17567E+03   0.00000E+00  -0.13887E+01   0.00000E+00   0.12121E+04   0.00000E+00
  0.001   0.120   -0.32613E+03   0.00000E+00  -0.17448E+01   0.00000E+00   0.22830E+04   0.00000E+00
  0.002   0.130   -0.57692E+03   0.00000E+00  -0.21413E+01   0.00000E+00   0.41013E+04   0.00000E+00
  0.002   0.140   -0.97946E+03   0.00000E+00  -0.25750E+01   0.00000E+00   0.70773E+04   0.00000E+00
  0.002   0.150   -0.16050E+04   0.00000E+00  -0.30421E+01   0.00000E+00   0.11797E+05   0.00000E+00
  0.003   0.160   -0.25500E+04   0.00000E+00  -0.35383E+01   0.00000E+00   0.19082E+05   0.00000E+00
  0.003   0.170   -0.39427E+04   0.00000E+00  -0.40589E+01   0.00000E+00   0.30060E+05   0.00000E+00
  0.003   0.180   -0.59509E+04   0.00000E+00  -0.45990E+01   0.00000E+00   0.46253E+05   0.00000E+00
  0.004   0.190   -0.87902E+04   0.00000E+00  -0.51539E+01   0.00000E+00   0.69693E+05   0.00000E+00
  0.004   0.200   -0.12735E+05   0.00000E+00  -0.57192E+01   0.00000E+00   0.10305E+06   0.00000E+00
  0.004   0.210   -0.18127E+05   0.00000E+00  -0.62907E+01   0.00000E+00   0.14978E+06   0.00000E+00
  0.005   0.220   -0.25393E+05   0.00000E+00  -0.68644E+01   0.00000E+00   0.21432E+06   0.00000E+00
  0.005   0.230   -0.35051E+05   0.00000E+00  -0.74367E+01   0.00000E+00   0.30231E+06   0.00000E+00
  0.006   0.240   -0.47733E+05   0.00000E+00  -0.80040E+01   0.00000E+00   0.42083E+06   0.00000E+00
  0.006   0.250   -0.64195E+05   0.00000E+00  -0.85625E+01   0.00000E+00   0.57868E+06   0.00000E+00
  0.007   0.260   -0.85336E+05   0.00000E+00  -0.91081E+01   0.00000E+00   0.78671E+06   0.00000E+00
  0.007   0.270   -0.11221E+06   0.00000E+00  -0.96359E+01   0.00000E+00   0.10582E+07   0.00000E+00
  0.008   0.280   -0.14607E+06   0.00000E+00  -0.10140E+02   0.00000E+00   0.14091E+07   0.00000E+00
  0.009   0.290   -0.18833E+06   0.00000E+00  -0.10612E+02   0.00000E+00   0.18587E+07   0.00000E+00
  0.009   0.300   -0.24063E+06   0.00000E+00  -0.11042E+02   0.00000E+00   0.24300E+07   0.00000E+00
  0.010   0.310   -0.30485E+06   0.00000E+00  -0.11418E+02   0.00000E+00   0.31499E+07   0.00000E+00
  0.010   0.320   -0.38309E+06   0.00000E+00  -0.11723E+02   0.00000E+00   0.40502E+07   0.00000E+00
  0.011   0.330   -0.47770E+06   0.00000E+00  -0.11939E+02   0.00000E+00   0.51676E+07   0.00000E+00
  0.012   0.340   -0.59130E+06   0.00000E+00  -0.12041E+02   0.00000E+00   0.65443E+07   0.00000E+00
  0.012   0.350   -0.72674E+06   0.00000E+00  -0.12004E+02   0.00000E+00   0.82286E+07   0.00000E+00
  0.013   0.360   -0.88713E+06   0.00000E+00  -0.11799E+02   0.00000E+00   0.10275E+08   0.00000E+00
  0.014   0.370   -0.10758E+07   0.00000E+00  -0.11400E+02   0.00000E+00   0.12745E+08   0.00000E+00
  0.015   0.380   -0.12964E+07   0.00000E+00  -0.10781E+02   0.00000E+00   0.15707E+08   0.00000E+00
  0.016   0.390   -0.15525E+07   0.00000E+00  -0.99207E+01   0.00000E+00   0.19234E+08   0.00000E+00
  0.016   0.400   -0.18481E+07   0.00000E+00  -0.88095E+01   0.00000E+00   0.23410E+08   0.00000E+00
  0.017   0.410   -0.21871E+07   0.00000E+00  -0.74500E+01   0.00000E+00   0.28321E+08   0.00000E+00
  0.018   0.420   -0.25736E+07   0.00000E+00  -0.58632E+01   0.00000E+00   0.34061E+08   0.00000E+00
  0.019   0.430   -0.30113E+07   0.00000E+00  -0.40935E+01   0.00000E+00   0.40728E+08   0.00000E+00
  0.020   0.440   -0.35041E+07   0.00000E+00  -0.22140E+01   0.00000E+00   0.48423E+08   0.00000E+00
  0.021   0.450   -0.40554E+07   0.00000E+00  -0.33194E+00   0.00000E+00   0.57248E+08   0.00000E+00
  0.022   0.460   -0.46682E+07   0.00000E+00   0.14057E+01   0.00000E+00   0.67307E+08   0.00000E+00
  0.023   0.470   -0.53450E+07   0.00000E+00   0.28075E+01   0.00000E+00   0.78697E+08   0.00000E+00
  0.023   0.480   -0.60875E+07   0.00000E+00   0.36330E+01   0.00000E+00   0.91511E+08   0.00000E+00
  0.024   0.490   -0.68967E+07   0.00000E+00   0.35900E+01   0.00000E+00   0.10583E+09   0.00000E+00
  0.025   0.500   -0.77726E+07   0.00000E+00   0.23339E+01   0.00000E+00   0.12173E+09   0.00000E+00
  0.027   0.510   -0.87140E+07   0.00000E+00  -0.53117E+00   0.00000E+00   0.13927E+09   0.00000E+00
  0.028   0.520   -0.97185E+07   0.00000E+00  -0.54472E+01   0.00000E+00   0.15847E+09   0.00000E+00
  0.029   0.530   -0.10782E+08   0.00000E+00  -0.12894E+02   0.00000E+00   0.17934E+09   0.00000E+00
  0.030   0.540   -0.11900E+08   0.00000E+00  -0.23379E+02   0.00000E+00   0.20188E+09   0.00000E+00
  0.031   0.550   -0.13066E+08   0.00000E+00  -0.37419E+02   0.00000E+00   0.22604E+09   0.00000E+00
  0.032   0.560   -0.14270E+08   0.00000E+00  -0.55520E+02   0.00000E+00   0.25173E+09   0.00000E+00
  0.033   0.570   -0.15505E+08   0.00000E+00  -0.78157E+02   0.00000E+00   0.27885E+09   0.00000E+00
  0.034   0.580   -0.16759E+08   0.00000E+00  -0.10575E+03   0.00000E+00   0.30725E+09   0.00000E+00
  0.035   0.590   -0.18020E+08   0.00000E+00  -0.13862E+03   0.00000E+00   0.33676E+09   0.00000E+00
  0.037   0.600   -0.19275E+08   0.00000E+00  -0.17698E+03   0.00000E+00   0.36717E+09   0.00000E+00
  0.038   0.610   -0.20510E+08   0.00000E+00  -0.22089E+03   0.00000E+00   0.39823E+09   0.00000E+00
  0.039   0.620   -0.21710E+08   0.00000E+00  -0.27024E+03   0.00000E+00   0.42968E+09   0.00000E+00
  0.040   0.630   -0.22861E+08   0.00000E+00  -0.32470E+03   0.00000E+00   0.46122E+09   0.00000E+00
  0.042   0.640   -0.23947E+08   0.00000E+00  -0.38372E+03   0.00000E+00   0.49256E+09   0.00000E+00
  0.043   0.650   -0.24954E+08   0.00000E+00  -0.44648E+03   0.00000E+00   0.52336E+09   0.00000E+00
  0.044   0.660   -0.25868E+08   0.00000E+00  -0.51192E+03   0.00000E+00   0.55330E+09   0.00000E+00
  0.046   0.670   -0.26673E+08   0.00000E+00  -0.57872E+03   0.00000E+00   0.58205E+09   0.00000E+00
  0.047   0.680   -0.27359E+08   0.00000E+00  -0.64528E+03   0.00000E+00   0.60930E+09   0.00000E+00
  0.049   0.690   -0.27912E+08   0.00000E+00  -0.70983E+03   0.00000E+00   0.63472E+09   0.00000E+00
  0.050   0.700   -0.28322E+08   0.00000E+00  -0.77041E+03   0.00000E+00   0.65803E+09   0.00000E+00
  0.051   0.710   -0.28581E+08   0.00000E+00  -0.82497E+03   0.00000E+00   0.67895E+09   0.00000E+00
  0.053   0.720   -0.28681E+08   0.00000E+00  -0.87147E+03   0.00000E+00   0.69725E+09   0.00000E+00
  0.054   0.730   -0.28616E+08   0.00000E+00  -0.90798E+03   0.00000E+00   0.71270E+09   0.00000E+00
  0.056   0.740   -0.28382E+08   0.00000E+00  -0.93281E+03   0.00000E+00   0.72513E+09   0.00000E+00
  0.057   0.750   -0.27978E+08   0.00000E+00  -0.94462E+03   0.00000E+00   0.73439E+09   0.00000E+00
  0.059   0.760   -0.27403E+08   0.00000E+00  -0.94255E+03   0.00000E+00   0.74037E+09   0.00000E+00
  0.060   0.770   -0.26659E+08   0.00000E+00  -0.92626E+03   0.00000E+00   0.74300E+09   0.00000E+00
  0.062   0.780   -0.25749E+08   0.00000E+00  -0.89601E+03   0.00000E+00   0.74223E+09   0.00000E+00
  0.064   0.790   -0.24681E+08   0.00000E+00  -0.85265E+03   0.00000E+00   0.73808E+09   0.00000E+00
  0.065   0.800   -0.23463E+08   0.00000E+00  -0.79753E+03   0.00000E+00   0.73056E+09   0.00000E+00
  0.067   0.810   -0.22104E+08   0.00000E+00  -0.73247E+03   0.00000E+00   0.71974E+09   0.00000E+00
  0.069   0.820   -0.20621E+08   0.00000E+00  -0.65958E+03   0.00000E+00   0.70573E+09   0.00000E+00
  0.070   0.830   -0.19028E+08   0.00000E+00  -0.58115E+03   0.00000E+00   0.68865E+09   0.00000E+00
  0.072   0.840   -0.17346E+08   0.00000E+00  -0.49950E+03   0.00000E+00   0.66868E+09   0.00000E+00
  0.074   0.850   -0.15600E+08   0.00000E+00  -0.41688E+03   0.00000E+00   0.64602E+09   0.00000E+00
  0.075   0.860   -0.13817E+08   0.00000E+00  -0.33537E+03   0.00000E+00   0.62091E+09   0.00000E+00
  0.077   0.870   -0.12032E+08   0.00000E+00  -0.25680E+03   0.00000E+00   0.59366E+09   0.00000E+00
  0.079   0.880   -0.10285E+08   0.00000E+00  -0.18276E+03   0.00000E+00   0.56463E+09   0.00000E+00
  0.081   0.890   -0.86257E+07   0.00000E+00  -0.11456E+03   0.00000E+00   0.53426E+09   0.00000E+00
  0.083   0.900   -0.71106E+07   0.00000E+00  -0.53295E+02   0.00000E+00   0.50310E+09   0.00000E+00
  0.084   0.910   -0.58078E+07   0.00000E+00   0.16320E+00   0.00000E+00   0.47180E+09   0.00000E+00
  0.086   0.920   -0.47967E+07   0.00000E+00   0.45091E+02   0.00000E+00   0.44117E+09   0.00000E+00
  0.088   0.930   -0.41682E+07   0.00000E+00   0.80887E+02   0.00000E+00   0.41217E+09   0.00000E+00
  0.090   0.940   -0.40237E+07   0.00000E+00   0.10704E+03   0.00000E+00   0.38596E+09   0.00000E+00
  0.092   0.950   -0.44713E+07   0.00000E+00   0.12313E+03   0.00000E+00   0.36386E+09   0.00000E+00
  0.094   0.960   -0.56191E+07   0.00000E+00   0.12883E+03   0.00000E+00   0.34733E+09   0.00000E+00
  0.096   0.970   -0.75625E+07   0.00000E+00   0.12399E+03   0.00000E+00   0.33790E+09   0.00000E+00
  0.098   0.980   -0.10367E+08   0.00000E+00   0.10872E+03   0.00000E+00   0.33700E+09   0.00000E+00
  0.100   0.990   -0.14049E+08   0.00000E+00   0.83543E+02   0.00000E+00   0.34574E+09   0.00000E+00
  0.102   1.000   -0.18547E+08   0.00000E+00   0.49520E+02   0.00000E+00   0.36467E+09   0.00000E+00
  0.104   1.010   -0.23715E+08   0.00000E+00   0.83923E+01   0.00000E+00   0.39345E+09   0.00000E+00
  0.106   1.020   -0.29312E+08   0.00000E+00  -0.37409E+02   0.00000E+00   0.43075E+09   0.00000E+00
  0.108   1.030   -0.35030E+08   0.00000E+00  -0.84904E+02   0.00000E+00   0.47420E+09   0.00000E+00
  0.110   1.040   -0.40536E+08   0.00000E+00  -0.13088E+03   0.00000E+00   0.52072E+09   0.00000E+00
  0.112   1.050   -0.45521E+08   0.00000E+00  -0.17235E+03   0.00000E+00   0.56697E+09   0.00000E+00
  0.115   1.060   -0.49750E+08   0.00000E+00  -0.20691E+03   0.00000E+00   0.60990E+09   0.00000E+00
  0.117   1.070   -0.53089E+08   0.00000E+00  -0.23308E+03   0.00000E+00   0.64715E+09   0.00000E+00
  0.119   1.080   -0.55498E+08   0.00000E+00  -0.25027E+03   0.00000E+00   0.67725E+09   0.00000E+00
  0.121   1.090   -0.57018E+08   0.00000E+00  -0.25870E+03   0.00000E+00   0.69958E+09   0.00000E+00
  0.123   1.100   -0.57743E+08   0.00000E+00  -0.25916E+03   0.00000E+00   0.71424E+09   0.00000E+00
  0.126   1.110   -0.57796E+08   0.00000E+00  -0.25276E+03   0.00000E+00   0.72180E+09   0.00000E+00
  0.128   1.120   -0.57303E+08   0.00000E+00  -0.24077E+03   0.00000E+00   0.72308E+09   0.00000E+00
  0.130   1.130   -0.56386E+08   0.00000E+00  -0.22444E+03   0.00000E+00   0.71902E+09   0.00000E+00
  0.133   1.140   -0.55153E+08   0.00000E+00  -0.20497E+03   0.00000E+00   0.71055E+09   0.00000E+00
  0.135   1.150   -0.53696E+08   0.00000E+00  -0.18344E+03   0.00000E+00   0.69853E+09   0.00000E+00
  0.137   1.160   -0.52087E+08   0.00000E+00  -0.16083E+03   0.00000E+00   0.68371E+09   0.00000E+00
  0.140   1.170   -0.50387E+08   0.00000E+00  -0.13799E+03   0.00000E+00   0.66670E+09   0.00000E+00
  0.142   1.180   -0.48638E+08   0.00000E+00  -0.11570E+03   0.00000E+00   0.64803E+09   0.00000E+00
  0.144   1.190   -0.46875E+08   0.00000E+00  -0.94684E+02   0.00000E+00   0.62809E+09   0.00000E+00
  0.147   1.200   -0.45120E+08   0.00000E+00  -0.75622E+02   0.00000E+00   0.60720E+09   0.00000E+00
  0.149   1.210   -0.43387E+08   0.00000E+00  -0.59243E+02   0.00000E+00   0.58560E+09   0.00000E+00
  0.152   1.220   -0.41685E+08   0.00000E+00  -0.46417E+02   0.00000E+00   0.56346E+09   0.00000E+00
  0.154   1.230   -0.40016E+08   0.00000E+00  -0.38339E+02   0.00000E+00   0.54091E+09   0.00000E+00
  0.157   1.240   -0.38380E+08   0.00000E+00  -0.36797E+02   0.00000E+00   0.51808E+09   0.00000E+00
  0.159   1.250   -0.36777E+08   0.00000E+00  -0.44550E+02   0.00000E+00   0.49507E+09   0.00000E+00
  0.162   1.260   -0.35204E+08   0.00000E+00  -0.65753E+02   0.00000E+00   0.47198E+09   0.00000E+00
  0.164   1.270   -0.33661E+08   0.00000E+00  -0.10616E+03   0.00000E+00   0.44891E+09   0.00000E+00
  0.167   1.280   -0.32148E+08   0.00000E+00  -0.17243E+03   0.00000E+00   0.42598E+09   0.00000E+00
  0.170   1.290   -0.30668E+08   0.00000E+00  -0.26917E+03   0.00000E+00   0.40329E+09   0.00000E+00
  0.172   1.300   -0.29226E+08   0.00000E+00  -0.39316E+03   0.00000E+00   0.38097E+09   0.00000E+00
  0.175   1.310   -0.27828E+08   0.00000E+00  -0.52770E+03   0.00000E+00   0.35913E+09   0.00000E+00
  0.178   1.320   -0.26483E+08   0.00000E+00  -0.64594E+03   0.00000E+00   0.33788E+09   0.00000E+00
  0.180   1.330   -0.25201E+08   0.00000E+00  -0.72561E+03   0.00000E+00   0.31731E+09   0.00000E+00
  0.183   1.340   -0.23994E+08   0.00000E+00  -0.76091E+03   0.00000E+00   0.29752E+09   0.00000E+00
  0.186   1.350   -0.22874E+08   0.00000E+00  -0.75992E+03   0.00000E+00   0.27860E+09   0.00000E+00
  0.189   1.360   -0.21857E+08   0.00000E+00  -0.73479E+03   0.00000E+00   0.26065E+09   0.00000E+00
  0.191   1.370   -0.20958E+08   0.00000E+00  -0.69544E+03   0.00000E+00   0.24376E+09   0.00000E+00
  0.194   1.380   -0.20195E+08   0.00000E+00  -0.64804E+03   0.00000E+00   0.22802E+09   0.00000E+00
  0.197   1.390   -0.19583E+08   0.00000E+00  -0.59582E+03   0.00000E+00   0.21352E+09   0.00000E+00
  0.200   1.400   -0.19136E+08   0.00000E+00  -0.54017E+03   0.00000E+00   0.20037E+09   0.00000E+00
  0.203   1.410   -0.18863E+08   0.00000E+00  -0.48163E+03   0.00000E+00   0.18863E+09   0.00000E+00
  0.206   1.420   -0.18766E+08   0.00000E+00  -0.42040E+03   0.00000E+00   0.17833E+09   0.00000E+00
  0.209   1.430   -0.18836E+08   0.00000E+00  -0.35680E+03   0.00000E+00   0.16948E+09   0.00000E+00
  0.211   1.440   -0.19051E+08   0.00000E+00  -0.29147E+03   0.00000E+00   0.16199E+09   0.00000E+00
  0.214   1.450   -0.19378E+08   0.00000E+00  -0.22548E+03   0.00000E+00   0.15574E+09   0.00000E+00
  0.217   1.460   -0.19773E+08   0.00000E+00  -0.16031E+03   0.00000E+00   0.15051E+09   0.00000E+00
  0.220   1.470   -0.20188E+08   0.00000E+00  -0.97646E+02   0.00000E+00   0.14605E+09   0.00000E+00
  0.223   1.480   -0.20577E+08   0.00000E+00  -0.39205E+02   0.00000E+00   0.14210E+09   0.00000E+00
  0.226   1.490   -0.20900E+08   0.00000E+00   0.13542E+02   0.00000E+00   0.13842E+09   0.00000E+00
  0.229   1.500   -0.21128E+08   0.00000E+00   0.59523E+02   0.00000E+00   0.13479E+09   0.00000E+00
  0.233   1.510   -0.21242E+08   0.00000E+00   0.98134E+02   0.00000E+00   0.13107E+09   0.00000E+00
  0.236   1.520   -0.21233E+08   0.00000E+00   0.12919E+03   0.00000E+00   0.12716E+09   0.00000E+00
  0.239   1.530   -0.21097E+08   0.00000E+00   0.15284E+03   0.00000E+00   0.12300E+09   0.00000E+00
  0.242   1.540   -0.20834E+08   0.00000E+00   0.16941E+03   0.00000E+00   0.11858E+09   0.00000E+00
  0.245   1.550   -0.20441E+08   0.00000E+00   0.17932E+03   0.00000E+00   0.11387E+09   0.00000E+00
  0.248   1.560   -0.19918E+08   0.00000E+00   0.18307E+03   0.00000E+00   0.10889E+09   0.00000E+00
  0.251   1.570   -0.19263E+08   0.00000E+00   0.18116E+03   0.00000E+00   0.10364E+09   0.00000E+00
  0.255   1.580   -0.18479E+08   0.00000E+00   0.17423E+03   0.00000E+00   0.98152E+08   0.00000E+00
  0.258   1.590   -0.17578E+08   0.00000E+00   0.16303E+03   0.00000E+00   0.92464E+08   0.00000E+00
  0.261   1.600   -0.16579E+08   0.00000E+00   0.14853E+03   0.00000E+00   0.86648E+08   0.00000E+00
  0.264   1.610   -0.15514E+08   0.00000E+00   0.13181E+03   0.00000E+00   0.80802E+08   0.00000E+00
  0.268   1.620   -0.14422E+08   0.00000E+00   0.11404E+03   0.00000E+00   0.75035E+08   0.00000E+00
  0.271   1.630   -0.13340E+08   0.00000E+00   0.96300E+02   0.00000E+00   0.69454E+08   0.00000E+00
  0.274   1.640   -0.12302E+08   0.00000E+00   0.79464E+02   0.00000E+00   0.64151E+08   0.00000E+00
  0.278   1.650   -0.11332E+08   0.00000E+00   0.64153E+02   0.00000E+00   0.59190E+08   0.00000E+00
  0.281   1.660   -0.10447E+08   0.00000E+00   0.50726E+02   0.00000E+00   0.54607E+08   0.00000E+00
  0.284   1.670   -0.96509E+07   0.00000E+00   0.39326E+02   0.00000E+00   0.50413E+08   0.00000E+00
  0.288   1.680   -0.89451E+07   0.00000E+00   0.29946E+02   0.00000E+00   0.46602E+08   0.00000E+00
  0.291   1.690   -0.83249E+07   0.00000E+00   0.22484E+02   0.00000E+00   0.43154E+08   0.00000E+00
  0.295   1.700   -0.77836E+07   0.00000E+00   0.16794E+02   0.00000E+00   0.40042E+08   0.00000E+00
  0.298   1.710   -0.73132E+07   0.00000E+00   0.12710E+02   0.00000E+00   0.37239E+08   0.00000E+00
  0.302   1.720   -0.69055E+07   0.00000E+00   0.10061E+02   0.00000E+00   0.34712E+08   0.00000E+00
  0.305   1.730   -0.65521E+07   0.00000E+00   0.86682E+01   0.00000E+00   0.32430E+08   0.00000E+00
  0.309   1.740   -0.62448E+07   0.00000E+00   0.83276E+01   0.00000E+00   0.30363E+08   0.00000E+00
  0.312   1.750   -0.59757E+07   0.00000E+00   0.87755E+01   0.00000E+00   0.28478E+08   0.00000E+00
  0.316   1.760   -0.57367E+07   0.00000E+00   0.96092E+01   0.00000E+00   0.26747E+08   0.00000E+00
  0.319   1.770   -0.55201E+07   0.00000E+00   0.10130E+02   0.00000E+00   0.25139E+08   0.00000E+00
  0.323   1.780   -0.53187E+07   0.00000E+00   0.90470E+01   0.00000E+00   0.23628E+08   0.00000E+00
  0.327   1.790   -0.51260E+07   0.00000E+00   0.41296E+01   0.00000E+00   0.22191E+08   0.00000E+00
  0.330   1.800   -0.49369E+07   0.00000E+00  -0.68171E+01   0.00000E+00   0.20812E+08   0.00000E+00
  0.334   1.810   -0.47484E+07   0.00000E+00  -0.20623E+02   0.00000E+00   0.19485E+08   0.00000E+00
  0.338   1.820   -0.45600E+07   0.00000E+00  -0.28839E+02   0.00000E+00   0.18210E+08   0.00000E+00
  0.341   1.830   -0.43738E+07   0.00000E+00  -0.30735E+02   0.00000E+00   0.16998E+08   0.00000E+00
  0.345   1.840   -0.41934E+07   0.00000E+00  -0.30264E+02   0.00000E+00   0.15862E+08   0.00000E+00
  0.349   1.850   -0.40234E+07   0.00000E+00  -0.29643E+02   0.00000E+00   0.14817E+08   0.00000E+00
  0.353   1.860   -0.38681E+07   0.00000E+00  -0.29545E+02   0.00000E+00   0.13873E+08   0.00000E+00
  0.357   1.870   -0.37310E+07   0.00000E+00  -0.30004E+02   0.00000E+00   0.13035E+08   0.00000E+00
  0.360   1.880   -0.36150E+07   0.00000E+00  -0.30846E+02   0.00000E+00   0.12308E+08   0.00000E+00
  0.364   1.890   -0.35222E+07   0.00000E+00  -0.31850E+02   0.00000E+00   0.11691E+08   0.00000E+00
  0.368   1.900   -0.34549E+07   0.00000E+00  -0.32791E+02   0.00000E+00   0.11184E+08   0.00000E+00
  0.372   1.910   -0.34151E+07   0.00000E+00  -0.33448E+02   0.00000E+00   0.10790E+08   0.00000E+00
  0.376   1.920   -0.34054E+07   0.00000E+00  -0.33590E+02   0.00000E+00   0.10508E+08   0.00000E+00
  0.380   1.930   -0.34285E+07   0.00000E+00  -0.32965E+02   0.00000E+00   0.10344E+08   0.00000E+00
  0.384   1.940   -0.34868E+07   0.00000E+00  -0.31301E+02   0.00000E+00   0.10298E+08   0.00000E+00
  0.388   1.950   -0.35825E+07   0.00000E+00  -0.28322E+02   0.00000E+00   0.10374E+08   0.00000E+00
  0.392   1.960   -0.37163E+07   0.00000E+00  -0.23774E+02   0.00000E+00   0.10569E+08   0.00000E+00
  0.396   1.970   -0.38866E+07   0.00000E+00  -0.17483E+02   0.00000E+00   0.10875E+08   0.00000E+00
  0.400   1.980   -0.40881E+07   0.00000E+00  -0.94294E+01   0.00000E+00   0.11275E+08   0.00000E+00
  0.404   1.990   -0.43102E+07   0.00000E+00   0.14760E+00   0.00000E+00   0.11735E+08   0.00000E+00
  0.408   2.000   -0.45344E+07   0.00000E+00   0.10633E+02   0.00000E+00   0.12204E+08   0.00000E+00
  0.412   2.010   -0.47335E+07   0.00000E+00   0.20948E+02   0.00000E+00   0.12604E+08   0.00000E+00
  0.416   2.020   -0.48735E+07   0.00000E+00   0.29613E+02   0.00000E+00   0.12842E+08   0.00000E+00
  0.420   2.030   -0.49218E+07   0.00000E+00   0.35101E+02   0.00000E+00   0.12831E+08   0.00000E+00
  0.424   2.040   -0.48612E+07   0.00000E+00   0.36459E+02   0.00000E+00   0.12527E+08   0.00000E+00
  0.429   2.050   -0.47008E+07   0.00000E+00   0.33811E+02   0.00000E+00   0.11958E+08   0.00000E+00
  0.433   2.060   -0.44721E+07   0.00000E+00   0.28266E+02   0.00000E+00   0.11217E+08   0.00000E+00
  0.437   2.070   -0.42135E+07   0.00000E+00   0.21303E+02   0.00000E+00   0.10408E+08   0.00000E+00
  0.441   2.080   -0.39558E+07   0.00000E+00   0.14178E+02   0.00000E+00   0.96145E+07   0.00000E+00
  0.445   2.090   -0.37168E+07   0.00000E+00   0.76853E+01   0.00000E+00   0.88843E+07   0.00000E+00
  0.450   2.100   -0.35036E+07   0.00000E+00   0.22022E+01   0.00000E+00   0.82344E+07   0.00000E+00
  0.454   2.110   -0.33168E+07   0.00000E+00  -0.21641E+01   0.00000E+00   0.76648E+07   0.00000E+00
  0.458   2.120   -0.31537E+07   0.00000E+00  -0.54425E+01   0.00000E+00   0.71669E+07   0.00000E+00
  0.463   2.130   -0.30105E+07   0.00000E+00  -0.76989E+01   0.00000E+00   0.67293E+07   0.00000E+00
  0.467   2.140   -0.28836E+07   0.00000E+00  -0.89688E+01   0.00000E+00   0.63410E+07   0.00000E+00
  0.471   2.150   -0.27693E+07   0.00000E+00  -0.92022E+01   0.00000E+00   0.59922E+07   0.00000E+00
  0.476   2.160   -0.26649E+07   0.00000E+00  -0.82097E+01   0.00000E+00   0.56750E+07   0.00000E+00
  0.480   2.170   -0.25683E+07   0.00000E+00  -0.56138E+01   0.00000E+00   0.53837E+07   0.00000E+00
  0.485   2.180   -0.24781E+07   0.00000E+00  -0.90013E+00   0.00000E+00   0.51144E+07   0.00000E+00
  0.489   2.190   -0.23936E+07   0.00000E+00   0.59451E+01   0.00000E+00   0.48652E+07   0.00000E+00
  0.494   2.200   -0.23150E+07   0.00000E+00   0.11803E+02   0.00000E+00   0.46360E+07   0.00000E+00
  0.498   2.210   -0.22436E+07   0.00000E+00   0.92471E+01   0.00000E+00   0.44286E+07   0.00000E+00
  0.503   2.220   -0.21812E+07   0.00000E+00   0.73927E+00   0.00000E+00   0.42464E+07   0.00000E+00
  0.507   2.230   -0.21299E+07   0.00000E+00  -0.59504E+01   0.00000E+00   0.40930E+07   0.00000E+00
  0.512   2.240   -0.20912E+07   0.00000E+00  -0.10728E+02   0.00000E+00   0.39706E+07   0.00000E+00
  0.516   2.250   -0.20637E+07   0.00000E+00  -0.14778E+02   0.00000E+00   0.38769E+07   0.00000E+00
  0.521   2.260   -0.20431E+07   0.00000E+00  -0.18394E+02   0.00000E+00   0.38048E+07   0.00000E+00
  0.525   2.270   -0.20237E+07   0.00000E+00  -0.21425E+02   0.00000E+00   0.37453E+07   0.00000E+00
  0.530   2.280   -0.20022E+07   0.00000E+00  -0.23720E+02   0.00000E+00   0.36927E+07   0.00000E+00
  0.535   2.290   -0.19788E+07   0.00000E+00  -0.25318E+02   0.00000E+00   0.36458E+07   0.00000E+00
  0.539   2.300   -0.19554E+07   0.00000E+00  -0.26429E+02   0.00000E+00   0.36055E+07   0.00000E+00
  0.544   2.310   -0.19331E+07   0.00000E+00  -0.27314E+02   0.00000E+00   0.35715E+07   0.00000E+00
  0.549   2.320   -0.19112E+07   0.00000E+00  -0.28201E+02   0.00000E+00   0.35410E+07   0.00000E+00
  0.554   2.330   -0.18866E+07   0.00000E+00  -0.29235E+02   0.00000E+00   0.35083E+07   0.00000E+00
  0.558   2.340   -0.18541E+07   0.00000E+00  -0.30487E+02   0.00000E+00   0.34663E+07   0.00000E+00
  0.563   2.350   -0.18080E+07   0.00000E+00  -0.31973E+02   0.00000E+00   0.34079E+07   0.00000E+00
  0.568   2.360   -0.17453E+07   0.00000E+00  -0.33711E+02   0.00000E+00   0.33302E+07   0.00000E+00
  0.573   2.370   -0.16681E+07   0.00000E+00  -0.35797E+02   0.00000E+00   0.32371E+07   0.00000E+00
  0.578   2.380   -0.15841E+07   0.00000E+00  -0.38456E+02   0.00000E+00   0.31385E+07   0.00000E+00
  0.582   2.390   -0.15026E+07   0.00000E+00  -0.42040E+02   0.00000E+00   0.30449E+07   0.00000E+00
  0.587   2.400   -0.14300E+07   0.00000E+00  -0.47013E+02   0.00000E+00   0.29625E+07   0.00000E+00
  0.592   2.410   -0.13686E+07   0.00000E+00  -0.53974E+02   0.00000E+00   0.28926E+07   0.00000E+00
  0.597   2.420   -0.13182E+07   0.00000E+00  -0.63773E+02   0.00000E+00   0.28339E+07   0.00000E+00
  0.602   2.430   -0.12776E+07   0.00000E+00  -0.77827E+02   0.00000E+00   0.27849E+07   0.00000E+00
  0.607   2.440   -0.12456E+07   0.00000E+00  -0.99072E+02   0.00000E+00   0.27451E+07   0.00000E+00
  0.612   2.450   -0.12204E+07   0.00000E+00  -0.13494E+03   0.00000E+00   0.27137E+07   0.00000E+00
  0.617   2.460   -0.12003E+07   0.00000E+00  -0.20778E+03   0.00000E+00   0.26893E+07   0.00000E+00
  0.622   2.470   -0.11831E+07   0.00000E+00  -0.36809E+03   0.00000E+00   0.26699E+07   0.00000E+00
  0.627   2.480   -0.11668E+07   0.00000E+00  -0.87620E+02   0.00000E+00   0.26531E+07   0.00000E+00
  0.632   2.490   -0.11498E+07   0.00000E+00   0.77430E+02   0.00000E+00   0.26361E+07   0.00000E+00
  0.637   2.500   -0.11308E+07   0.00000E+00   0.64998E+02   0.00000E+00   0.26162E+07   0.00000E+00
  0.642   2.510   -0.11094E+07   0.00000E+00   0.48791E+02   0.00000E+00   0.25908E+07   0.00000E+00
  0.648   2.520   -0.10854E+07   0.00000E+00   0.37283E+02   0.00000E+00   0.25587E+07   0.00000E+00
  0.653   2.530   -0.10591E+07   0.00000E+00   0.29373E+02   0.00000E+00   0.25225E+07   0.00000E+00
  0.658   2.540   -0.10299E+07   0.00000E+00   0.23874E+02   0.00000E+00   0.24914E+07   0.00000E+00
  0.663   2.550   -0.99305E+06   0.00000E+00   0.19785E+02   0.00000E+00   0.24806E+07   0.00000E+00
  0.668   2.560   -0.93791E+06   0.00000E+00   0.16127E+02   0.00000E+00   0.24936E+07   0.00000E+00
  0.674   2.570   -0.85844E+06   0.00000E+00   0.12260E+02   0.00000E+00   0.24910E+07   0.00000E+00
  0.679   2.580   -0.77553E+06   0.00000E+00   0.83613E+01   0.00000E+00   0.24176E+07   0.00000E+00
  0.684   2.590   -0.72178E+06   0.00000E+00   0.49060E+01   0.00000E+00   0.22890E+07   0.00000E+00
  0.689   2.600   -0.70503E+06   0.00000E+00   0.20002E+01   0.00000E+00   0.21693E+07   0.00000E+00
  0.695   2.610   -0.71370E+06   0.00000E+00  -0.42607E+00   0.00000E+00   0.20951E+07   0.00000E+00
  0.700   2.620   -0.73553E+06   0.00000E+00  -0.24302E+01   0.00000E+00   0.20666E+07   0.00000E+00
  0.705   2.630   -0.76364E+06   0.00000E+00  -0.40839E+01   0.00000E+00   0.20685E+07   0.00000E+00
  0.711   2.640   -0.79573E+06   0.00000E+00  -0.54831E+01   0.00000E+00   0.20844E+07   0.00000E+00
  0.716   2.650   -0.83223E+06   0.00000E+00  -0.67128E+01   0.00000E+00   0.21035E+07   0.00000E+00
  0.722   2.660   -0.87479E+06   0.00000E+00  -0.78194E+01   0.00000E+00   0.21224E+07   0.00000E+00
  0.727   2.670   -0.92503E+06   0.00000E+00  -0.88130E+01   0.00000E+00   0.21444E+07   0.00000E+00
  0.732   2.680   -0.98351E+06   0.00000E+00  -0.97001E+01   0.00000E+00   0.21759E+07   0.00000E+00
  0.738   2.690   -0.10487E+07   0.00000E+00  -0.10533E+02   0.00000E+00   0.22235E+07   0.00000E+00
  0.743   2.700   -0.11163E+07   0.00000E+00  -0.11462E+02   0.00000E+00   0.22900E+07   0.00000E+00
  0.749   2.710   -0.11797E+07   0.00000E+00  -0.12763E+02   0.00000E+00   0.23717E+07   0.00000E+00
  0.754   2.720   -0.12308E+07   0.00000E+00  -0.14855E+02   0.00000E+00   0.24586E+07   0.00000E+00
  0.760   2.730   -0.12623E+07   0.00000E+00  -0.18321E+02   0.00000E+00   0.25354E+07   0.00000E+00
  0.766   2.740   -0.12696E+07   0.00000E+00  -0.24057E+02   0.00000E+00   0.25869E+07   0.00000E+00
  0.771   2.750   -0.12523E+07   0.00000E+00  -0.33765E+02   0.00000E+00   0.26025E+07   0.00000E+00
  0.777   2.760   -0.12145E+07   0.00000E+00  -0.51703E+02   0.00000E+00   0.25788E+07   0.00000E+00
  0.782   2.770   -0.11626E+07   0.00000E+00  -0.91656E+02   0.00000E+00   0.25197E+07   0.00000E+00
  0.788   2.780   -0.11040E+07   0.00000E+00  -0.17500E+03   0.00000E+00   0.24333E+07   0.00000E+00
  0.794   2.790   -0.10451E+07   0.00000E+00  -0.98392E+02   0.00000E+00   0.23296E+07   0.00000E+00
  0.799   2.800   -0.99072E+06   0.00000E+00  -0.32824E+02   0.00000E+00   0.22179E+07   0.00000E+00
  0.805   2.810   -0.94395E+06   0.00000E+00  -0.18547E+02   0.00000E+00   0.21057E+07   0.00000E+00
  0.811   2.820   -0.90620E+06   0.00000E+00  -0.14509E+02   0.00000E+00   0.19980E+07   0.00000E+00
  0.817   2.830   -0.87739E+06   0.00000E+00  -0.13323E+02   0.00000E+00   0.18977E+07   0.00000E+00
  0.822   2.840   -0.85561E+06   0.00000E+00  -0.13744E+02   0.00000E+00   0.18061E+07   0.00000E+00
  0.828   2.850   -0.83710E+06   0.00000E+00  -0.15657E+02   0.00000E+00   0.17227E+07   0.00000E+00
  0.834   2.860   -0.81875E+06   0.00000E+00  -0.18879E+02   0.00000E+00   0.16458E+07   0.00000E+00
  0.840   2.870   -0.80162E+06   0.00000E+00  -0.22963E+02   0.00000E+00   0.15724E+07   0.00000E+00
  0.846   2.880   -0.78852E+06   0.00000E+00  -0.27600E+02   0.00000E+00   0.14998E+07   0.00000E+00
  0.852   2.890   -0.77961E+06   0.00000E+00  -0.32655E+02   0.00000E+00   0.14264E+07   0.00000E+00
  0.858   2.900   -0.77272E+06   0.00000E+00  -0.37832E+02   0.00000E+00   0.13508E+07   0.00000E+00
  0.864   2.910   -0.76518E+06   0.00000E+00  -0.42691E+02   0.00000E+00   0.12727E+07   0.00000E+00
  0.869   2.920   -0.75428E+06   0.00000E+00  -0.46960E+02   0.00000E+00   0.11929E+07   0.00000E+00
  0.875   2.930   -0.73666E+06   0.00000E+00  -0.50620E+02   0.00000E+00   0.11146E+07   0.00000E+00
  0.881   2.940   -0.70748E+06   0.00000E+00  -0.53517E+02   0.00000E+00   0.10453E+07   0.00000E+00
  0.887   2.950   -0.66146E+06   0.00000E+00  -0.54752E+02   0.00000E+00   0.10007E+07   0.00000E+00
  0.893   2.960   -0.59959E+06   0.00000E+00  -0.52565E+02   0.00000E+00   0.10026E+07   0.00000E+00
  0.899   2.970   -0.53993E+06   0.00000E+00  -0.46000E+02   0.00000E+00   0.10604E+07   0.00000E+00
  0.906   2.980   -0.50983E+06   0.00000E+00  -0.37242E+02   0.00000E+00   0.11466E+07   0.00000E+00
  0.912   2.990   -0.51629E+06   0.00000E+00  -0.29819E+02   0.00000E+00   0.12197E+07   0.00000E+00
  0.918   3.000   -0.54313E+06   0.00000E+00  -0.24937E+02   0.00000E+00   0.12660E+07   0.00000E+00
  0.924   3.010   -0.57253E+06   0.00000E+00  -0.21505E+02   0.00000E+00   0.12994E+07   0.00000E+00
  0.930   3.020   -0.59419E+06   0.00000E+00  -0.17618E+02   0.00000E+00   0.13479E+07   0.00000E+00
  0.936   3.030   -0.60195E+06   0.00000E+00  -0.11243E+02   0.00000E+00   0.14491E+07   0.00000E+00
  0.942   3.040   -0.58984E+06   0.00000E+00  -0.77585E+00   0.00000E+00   0.16434E+07   0.00000E+00
  0.949   3.050   -0.55357E+06   0.00000E+00   0.13513E+02   0.00000E+00   0.19426E+07   0.00000E+00
  0.955   3.060   -0.49856E+06   0.00000E+00   0.28031E+02   0.00000E+00   0.22867E+07   0.00000E+00
  0.961   3.070   -0.44194E+06   0.00000E+00   0.37759E+02   0.00000E+00   0.25681E+07   0.00000E+00
  0.967   3.080   -0.39968E+06   0.00000E+00   0.40252E+02   0.00000E+00   0.27265E+07   0.00000E+00
  0.974   3.090   -0.37715E+06   0.00000E+00   0.35431E+02   0.00000E+00   0.27771E+07   0.00000E+00
  0.980   3.100   -0.37360E+06   0.00000E+00   0.22414E+02   0.00000E+00   0.27608E+07   0.00000E+00
  0.986   3.110   -0.38834E+06   0.00000E+00   0.30217E+01   0.00000E+00   0.27027E+07   0.00000E+00
  0.993   3.120   -0.41983E+06   0.00000E+00  -0.14168E+02   0.00000E+00   0.26065E+07   0.00000E+00
  0.999   3.130   -0.45721E+06   0.00000E+00  -0.29568E+02   0.00000E+00   0.24815E+07   0.00000E+00
  1.005   3.140   -0.48476E+06   0.00000E+00  -0.44203E+02   0.00000E+00   0.23732E+07   0.00000E+00
  1.012   3.150   -0.50283E+06   0.00000E+00  -0.56017E+02   0.00000E+00   0.23199E+07   0.00000E+00
  1.018   3.160   -0.52281E+06   0.00000E+00  -0.65288E+02   0.00000E+00   0.23179E+07   0.00000E+00
  1.025   3.170   -0.55296E+06   0.00000E+00  -0.73099E+02   0.00000E+00   0.23489E+07   0.00000E+00
  1.031   3.180   -0.59735E+06   0.00000E+00  -0.79901E+02   0.00000E+00   0.23992E+07   0.00000E+00
  1.038   3.190   -0.65817E+06   0.00000E+00  -0.85400E+02   0.00000E+00   0.24604E+07   0.00000E+00
  1.044   3.200   -0.73690E+06   0.00000E+00  -0.88282E+02   0.00000E+00   0.25279E+07   0.00000E+00
  1.051   3.210   -0.83427E+06   0.00000E+00  -0.85517E+02   0.00000E+00   0.25975E+07   0.00000E+00
  1.057   3.220   -0.94652E+06   0.00000E+00  -0.71861E+02   0.00000E+00   0.26545E+07   0.00000E+00
  1.064   3.230   -0.10518E+07   0.00000E+00  -0.41600E+02   0.00000E+00   0.26493E+07   0.00000E+00
  1.070   3.240   -0.10839E+07   0.00000E+00   0.31231E+01   0.00000E+00   0.24707E+07   0.00000E+00
  1.077   3.250   -0.96542E+06   0.00000E+00   0.42278E+02   0.00000E+00   0.20554E+07   0.00000E+00
  1.084   3.260   -0.76473E+06   0.00000E+00   0.60703E+02   0.00000E+00   0.16166E+07   0.00000E+00
  1.090   3.270   -0.61768E+06   0.00000E+00   0.68682E+02   0.00000E+00   0.13660E+07   0.00000E+00
  1.097   3.280   -0.54832E+06   0.00000E+00   0.74524E+02   0.00000E+00   0.12822E+07   0.00000E+00
  1.104   3.290   -0.53143E+06   0.00000E+00   0.79278E+02   0.00000E+00   0.13025E+07   0.00000E+00
  1.110   3.300   -0.54911E+06   0.00000E+00   0.83851E+02   0.00000E+00   0.14196E+07   0.00000E+00
  1.117   3.310   -0.59613E+06   0.00000E+00   0.89819E+02   0.00000E+00   0.17116E+07   0.00000E+00
  1.124   3.320   -0.66802E+06   0.00000E+00   0.94670E+02   0.00000E+00   0.23674E+07   0.00000E+00
  1.131   3.330   -0.71586E+06   0.00000E+00   0.81579E+02   0.00000E+00   0.33757E+07   0.00000E+00
  1.138   3.340   -0.66188E+06   0.00000E+00   0.42471E+02   0.00000E+00   0.38413E+07   0.00000E+00
  1.144   3.350   -0.56928E+06   0.00000E+00   0.10661E+02   0.00000E+00   0.34745E+07   0.00000E+00
  1.151   3.360   -0.50854E+06   0.00000E+00  -0.16046E+01   0.00000E+00   0.29392E+07   0.00000E+00
  1.158   3.370   -0.47878E+06   0.00000E+00  -0.35707E+01   0.00000E+00   0.25268E+07   0.00000E+00
  1.165   3.380   -0.46606E+06   0.00000E+00  -0.38641E+01   0.00000E+00   0.22775E+07   0.00000E+00
  1.172   3.390   -0.45664E+06   0.00000E+00  -0.58885E+01   0.00000E+00   0.21812E+07   0.00000E+00
  1.179   3.400   -0.43819E+06   0.00000E+00  -0.81739E+01   0.00000E+00   0.21712E+07   0.00000E+00
  1.186   3.410   -0.41402E+06   0.00000E+00  -0.86626E+01   0.00000E+00   0.21227E+07   0.00000E+00
  1.193   3.420   -0.39927E+06   0.00000E+00  -0.81217E+01   0.00000E+00   0.19921E+07   0.00000E+00
  1.200   3.430   -0.39755E+06   0.00000E+00  -0.77958E+01   0.00000E+00   0.18248E+07   0.00000E+00
  1.207   3.440   -0.40380E+06   0.00000E+00  -0.79072E+01   0.00000E+00   0.16549E+07   0.00000E+00
  1.214   3.450   -0.41245E+06   0.00000E+00  -0.82333E+01   0.00000E+00   0.14889E+07   0.00000E+00
  1.221   3.460   -0.41782E+06   0.00000E+00  -0.84955E+01   0.00000E+00   0.13204E+07   0.00000E+00
  1.228   3.470   -0.41161E+06   0.00000E+00  -0.84860E+01   0.00000E+00   0.11400E+07   0.00000E+00
  1.235   3.480   -0.38164E+06   0.00000E+00  -0.82708E+01   0.00000E+00   0.95068E+06   0.00000E+00
  1.242   3.490   -0.32099E+06   0.00000E+00  -0.84965E+01   0.00000E+00   0.80345E+06   0.00000E+00
  1.249   3.500   -0.25312E+06   0.00000E+00  -0.98775E+01   0.00000E+00   0.78804E+06   0.00000E+00
  1.256   3.510   -0.21706E+06   0.00000E+00  -0.11766E+02   0.00000E+00   0.88255E+06   0.00000E+00
  1.263   3.520   -0.21502E+06   0.00000E+00  -0.12295E+02   0.00000E+00   0.97951E+06   0.00000E+00
  1.271   3.530   -0.22925E+06   0.00000E+00  -0.86822E+01   0.00000E+00   0.10374E+07   0.00000E+00
  1.278   3.540   -0.24814E+06   0.00000E+00   0.17724E+01   0.00000E+00   0.10628E+07   0.00000E+00
  1.285   3.550   -0.26670E+06   0.00000E+00   0.14629E+02   0.00000E+00   0.10682E+07   0.00000E+00
  1.292   3.560   -0.28255E+06   0.00000E+00   0.19191E+02   0.00000E+00   0.10619E+07   0.00000E+00
  1.300   3.570   -0.29411E+06   0.00000E+00   0.16173E+02   0.00000E+00   0.10486E+07   0.00000E+00
  1.307   3.580   -0.30038E+06   0.00000E+00   0.11241E+02   0.00000E+00   0.10327E+07   0.00000E+00
  1.314   3.590   -0.30292E+06   0.00000E+00   0.66678E+01   0.00000E+00   0.10213E+07   0.00000E+00
  1.322   3.600   -0.30884E+06   0.00000E+00   0.43428E+01   0.00000E+00   0.10210E+07   0.00000E+00
  1.329   3.610   -0.32360E+06   0.00000E+00   0.54186E+01   0.00000E+00   0.10187E+07   0.00000E+00
  1.336   3.620   -0.33944E+06   0.00000E+00   0.74752E+01   0.00000E+00   0.99421E+06   0.00000E+00
  1.344   3.630   -0.35064E+06   0.00000E+00   0.88758E+01   0.00000E+00   0.94966E+06   0.00000E+00
  1.351   3.640   -0.35675E+06   0.00000E+00   0.89350E+01   0.00000E+00   0.89148E+06   0.00000E+00
  1.359   3.650   -0.35732E+06   0.00000E+00   0.71941E+01   0.00000E+00   0.82893E+06   0.00000E+00
  1.366   3.660   -0.35296E+06   0.00000E+00   0.48347E+01   0.00000E+00   0.78691E+06   0.00000E+00
  1.373   3.670   -0.35004E+06   0.00000E+00   0.43944E+01   0.00000E+00   0.80946E+06   0.00000E+00
  1.381   3.680   -0.36487E+06   0.00000E+00   0.65712E+01   0.00000E+00   0.91525E+06   0.00000E+00
  1.388   3.690   -0.40923E+06   0.00000E+00   0.73034E+01   0.00000E+00   0.98235E+06   0.00000E+00
  1.396   3.700   -0.46119E+06   0.00000E+00   0.33688E+01   0.00000E+00   0.80017E+06   0.00000E+00
  1.404   3.710   -0.48964E+06   0.00000E+00  -0.17151E+01   0.00000E+00   0.33022E+06   0.00000E+00
  1.411   3.720   -0.36697E+06   0.00000E+00   0.59693E+01   0.00000E+00  -0.27901E+06   0.00000E+00
  1.419   3.730    0.74918E+06   0.00000E+00   0.10819E+03   0.00000E+00   0.10795E+07   0.00000E+00
  1.426   3.740    0.93365E+06   0.00000E+00   0.13668E+03   0.00000E+00   0.32377E+07   0.00000E+00
  1.434   3.750    0.44646E+06   0.00000E+00   0.96797E+02   0.00000E+00   0.27314E+07   0.00000E+00
  1.442   3.760    0.22529E+06   0.00000E+00   0.80298E+02   0.00000E+00   0.23149E+07   0.00000E+00
  1.449   3.770    0.11839E+06   0.00000E+00   0.70006E+02   0.00000E+00   0.20469E+07   0.00000E+00
  1.457   3.780    0.59505E+05   0.00000E+00   0.39236E+02   0.00000E+00   0.18313E+07   0.00000E+00
  1.465   3.790    0.20817E+05   0.00000E+00  -0.58505E+01   0.00000E+00   0.16059E+07   0.00000E+00
  1.472   3.800   -0.19724E+05   0.00000E+00  -0.26110E+02   0.00000E+00   0.13418E+07   0.00000E+00
  1.480   3.810   -0.71466E+05   0.00000E+00  -0.31987E+02   0.00000E+00   0.11653E+07   0.00000E+00
  1.488   3.820   -0.10021E+06   0.00000E+00  -0.16465E+02   0.00000E+00   0.11552E+07   0.00000E+00
  1.496   3.830   -0.10595E+06   0.00000E+00   0.63257E+01   0.00000E+00   0.11716E+07   0.00000E+00
  1.504   3.840   -0.10180E+06   0.00000E+00   0.19523E+02   0.00000E+00   0.11836E+07   0.00000E+00
  1.511   3.850   -0.91251E+05   0.00000E+00   0.25543E+02   0.00000E+00   0.11975E+07   0.00000E+00
  1.519   3.860   -0.73782E+05   0.00000E+00   0.30644E+02   0.00000E+00   0.12159E+07   0.00000E+00
  1.527   3.870   -0.48026E+05   0.00000E+00   0.37551E+02   0.00000E+00   0.12323E+07   0.00000E+00
  1.535   3.880   -0.18268E+05   0.00000E+00   0.46366E+02   0.00000E+00   0.12129E+07   0.00000E+00
  1.543   3.890   -0.21592E+05   0.00000E+00   0.53570E+02   0.00000E+00   0.10680E+07   0.00000E+00
  1.551   3.900   -0.15804E+06   0.00000E+00   0.51929E+02   0.00000E+00   0.76382E+06   0.00000E+00
  1.559   3.910   -0.34444E+06   0.00000E+00   0.49121E+02   0.00000E+00   0.67265E+06   0.00000E+00
  1.567   3.920   -0.38097E+06   0.00000E+00   0.56962E+02   0.00000E+00   0.83458E+06   0.00000E+00
  1.575   3.930   -0.36917E+06   0.00000E+00   0.65116E+02   0.00000E+00   0.10037E+07   0.00000E+00
  1.583   3.940   -0.36290E+06   0.00000E+00   0.67853E+02   0.00000E+00   0.11711E+07   0.00000E+00
  1.591   3.950   -0.36903E+06   0.00000E+00   0.64779E+02   0.00000E+00   0.13901E+07   0.00000E+00
  1.599   3.960   -0.38991E+06   0.00000E+00   0.54704E+02   0.00000E+00   0.17762E+07   0.00000E+00
  1.607   3.970   -0.40568E+06   0.00000E+00   0.29351E+02   0.00000E+00   0.24061E+07   0.00000E+00
  1.615   3.980   -0.33423E+06   0.00000E+00   0.52198E+01   0.00000E+00   0.24155E+07   0.00000E+00
  1.623   3.990   -0.25292E+06   0.00000E+00   0.66440E+01   0.00000E+00   0.17036E+07   0.00000E+00
  1.632   4.000   -0.21919E+06   0.00000E+00   0.90900E+01   0.00000E+00   0.12816E+07   0.00000E+00
  1.640   4.010   -0.19897E+06   0.00000E+00   0.83501E+01   0.00000E+00   0.11147E+07   0.00000E+00
  1.648   4.020   -0.18071E+06   0.00000E+00   0.55754E+01   0.00000E+00   0.11074E+07   0.00000E+00
  1.656   4.030   -0.16790E+06   0.00000E+00   0.12451E+01   0.00000E+00   0.12541E+07   0.00000E+00
  1.664   4.040   -0.16404E+06   0.00000E+00  -0.47490E+01   0.00000E+00   0.16360E+07   0.00000E+00
  1.673   4.050   -0.17262E+06   0.00000E+00  -0.10839E+02   0.00000E+00   0.21388E+07   0.00000E+00
  1.681   4.060   -0.20162E+06   0.00000E+00  -0.10835E+02   0.00000E+00   0.21175E+07   0.00000E+00
  1.689   4.070   -0.24121E+06   0.00000E+00  -0.32013E+01   0.00000E+00   0.16868E+07   0.00000E+00
  1.697   4.080   -0.29716E+06   0.00000E+00   0.13563E+02   0.00000E+00   0.12966E+07   0.00000E+00
  1.706   4.090   -0.39171E+06   0.00000E+00   0.35481E+02   0.00000E+00   0.11274E+07   0.00000E+00
  1.714   4.100   -0.50875E+06   0.00000E+00   0.45141E+02   0.00000E+00   0.12652E+07   0.00000E+00
  1.723   4.110   -0.57771E+06   0.00000E+00   0.42031E+02   0.00000E+00   0.15387E+07   0.00000E+00
  1.731   4.120   -0.58962E+06   0.00000E+00   0.38328E+02   0.00000E+00   0.17639E+07   0.00000E+00
  1.739   4.130   -0.57233E+06   0.00000E+00   0.37026E+02   0.00000E+00   0.19204E+07   0.00000E+00
  1.748   4.140   -0.54037E+06   0.00000E+00   0.33672E+02   0.00000E+00   0.20065E+07   0.00000E+00
  1.756   4.150   -0.49876E+06   0.00000E+00   0.28559E+02   0.00000E+00   0.20164E+07   0.00000E+00
  1.765   4.160   -0.44833E+06   0.00000E+00   0.25031E+02   0.00000E+00   0.19394E+07   0.00000E+00
  1.773   4.170   -0.39193E+06   0.00000E+00   0.32859E+02   0.00000E+00   0.17623E+07   0.00000E+00
  1.782   4.180   -0.34221E+06   0.00000E+00   0.45634E+02   0.00000E+00   0.15191E+07   0.00000E+00
  1.790   4.190   -0.31224E+06   0.00000E+00   0.45103E+02   0.00000E+00   0.12895E+07   0.00000E+00
  1.799   4.200   -0.30490E+06   0.00000E+00   0.41808E+02   0.00000E+00   0.11178E+07   0.00000E+00
  1.807   4.210   -0.32301E+06   0.00000E+00   0.39687E+02   0.00000E+00   0.10678E+07   0.00000E+00
  1.816   4.220   -0.34250E+06   0.00000E+00   0.42088E+02   0.00000E+00   0.12877E+07   0.00000E+00
  1.825   4.230   -0.33418E+06   0.00000E+00   0.44843E+02   0.00000E+00   0.13822E+07   0.00000E+00
  1.833   4.240   -0.32938E+06   0.00000E+00   0.46287E+02   0.00000E+00   0.13247E+07   0.00000E+00
  1.842   4.250   -0.32957E+06   0.00000E+00   0.46910E+02   0.00000E+00   0.12660E+07   0.00000E+00
  1.851   4.260   -0.33313E+06   0.00000E+00   0.46446E+02   0.00000E+00   0.12327E+07   0.00000E+00
  1.859   4.270   -0.34661E+06   0.00000E+00   0.45479E+02   0.00000E+00   0.12261E+07   0.00000E+00
  1.868   4.280   -0.38076E+06   0.00000E+00   0.45055E+02   0.00000E+00   0.12935E+07   0.00000E+00
  1.877   4.290   -0.41516E+06   0.00000E+00   0.43065E+02   0.00000E+00   0.14483E+07   0.00000E+00
  1.885   4.300   -0.41259E+06   0.00000E+00   0.35676E+02   0.00000E+00   0.16344E+07   0.00000E+00
  1.894   4.310   -0.35381E+06   0.00000E+00   0.24760E+02   0.00000E+00   0.16390E+07   0.00000E+00
  1.903   4.320   -0.30311E+06   0.00000E+00   0.19401E+02   0.00000E+00   0.15270E+07   0.00000E+00
  1.912   4.330   -0.27343E+06   0.00000E+00   0.17302E+02   0.00000E+00   0.14841E+07   0.00000E+00
  1.921   4.340   -0.24703E+06   0.00000E+00   0.12913E+02   0.00000E+00   0.15271E+07   0.00000E+00
  1.930   4.350   -0.21352E+06   0.00000E+00  -0.23372E+02   0.00000E+00   0.16350E+07   0.00000E+00
  1.938   4.360   -0.17195E+06   0.00000E+00   0.30015E+02   0.00000E+00   0.17685E+07   0.00000E+00
  1.947   4.370   -0.13214E+06   0.00000E+00   0.22006E+02   0.00000E+00   0.19306E+07   0.00000E+00
  1.956   4.380   -0.11618E+06   0.00000E+00   0.11604E+02   0.00000E+00   0.21760E+07   0.00000E+00
  1.965   4.390   -0.13365E+06   0.00000E+00   0.29686E+01   0.00000E+00   0.24097E+07   0.00000E+00
  1.974   4.400   -0.17391E+06   0.00000E+00   0.29529E+01   0.00000E+00   0.26280E+07   0.00000E+00
  1.983   4.410   -0.25183E+06   0.00000E+00   0.25311E+02   0.00000E+00   0.26520E+07   0.00000E+00
  1.992   4.420   -0.33529E+06   0.00000E+00   0.75403E+02   0.00000E+00   0.24599E+07   0.00000E+00
  2.001   4.430   -0.40951E+06   0.00000E+00   0.11347E+03   0.00000E+00   0.22553E+07   0.00000E+00
  2.010   4.440   -0.47922E+06   0.00000E+00   0.85717E+02   0.00000E+00   0.20405E+07   0.00000E+00
  2.019   4.450   -0.53392E+06   0.00000E+00   0.60363E+02   0.00000E+00   0.17233E+07   0.00000E+00
  2.028   4.460   -0.50986E+06   0.00000E+00   0.45852E+02   0.00000E+00   0.11867E+07   0.00000E+00
  2.037   4.470   -0.34023E+06   0.00000E+00   0.49752E+02   0.00000E+00   0.75020E+06   0.00000E+00
  2.047   4.480   -0.18041E+06   0.00000E+00   0.65117E+02   0.00000E+00   0.96222E+06   0.00000E+00
  2.056   4.490   -0.10569E+06   0.00000E+00   0.67558E+02   0.00000E+00   0.14496E+07   0.00000E+00
  2.065   4.500   -0.73128E+05   0.00000E+00   0.55096E+02   0.00000E+00   0.17683E+07   0.00000E+00
  2.074   4.510   -0.80640E+05   0.00000E+00   0.24961E+02   0.00000E+00   0.19398E+07   0.00000E+00
  2.083   4.520   -0.11958E+06   0.00000E+00  -0.39202E+02   0.00000E+00   0.21108E+07   0.00000E+00
  2.093   4.530   -0.19806E+06   0.00000E+00  -0.32307E+02   0.00000E+00   0.21133E+07   0.00000E+00
  2.102   4.540   -0.22441E+06   0.00000E+00   0.27993E+02   0.00000E+00   0.94544E+06   0.00000E+00
  2.111   4.550   -0.20307E+06   0.00000E+00   0.35889E+02   0.00000E+00   0.10749E+07   0.00000E+00
  2.120   4.560   -0.23919E+06   0.00000E+00   0.28234E+02   0.00000E+00   0.14218E+07   0.00000E+00
  2.130   4.570   -0.28270E+06   0.00000E+00   0.21133E+02   0.00000E+00   0.17390E+07   0.00000E+00
  2.139   4.580   -0.33229E+06   0.00000E+00   0.14183E+02   0.00000E+00   0.21727E+07   0.00000E+00
  2.148   4.590   -0.36497E+06   0.00000E+00   0.21030E+02   0.00000E+00   0.21806E+07   0.00000E+00
  2.158   4.600   -0.21896E+06   0.00000E+00   0.65556E+02   0.00000E+00   0.78161E+05   0.00000E+00
  2.167   4.610   -0.23054E+06   0.00000E+00   0.38976E+02   0.00000E+00   0.39397E+06   0.00000E+00
  2.177   4.620   -0.24595E+06   0.00000E+00   0.13324E+02   0.00000E+00   0.65193E+06   0.00000E+00
  2.186   4.630   -0.24953E+06   0.00000E+00   0.66194E+01   0.00000E+00   0.81779E+06   0.00000E+00
  2.195   4.640   -0.23777E+06   0.00000E+00  -0.13476E+01   0.00000E+00   0.96804E+06   0.00000E+00
  2.205   4.650   -0.19304E+06   0.00000E+00  -0.21829E+01   0.00000E+00   0.11785E+07   0.00000E+00
  2.214   4.660   -0.72934E+05   0.00000E+00   0.52886E+01   0.00000E+00   0.15226E+07   0.00000E+00
  2.224   4.670    0.40543E+05   0.00000E+00   0.12316E+02   0.00000E+00   0.16631E+07   0.00000E+00
  2.233   4.680   -0.54593E+05   0.00000E+00   0.15504E+02   0.00000E+00   0.13384E+07   0.00000E+00
  2.243   4.690   -0.17567E+06   0.00000E+00   0.22444E+02   0.00000E+00   0.10864E+07   0.00000E+00
  2.253   4.700   -0.25440E+06   0.00000E+00   0.46468E+02   0.00000E+00   0.97868E+06   0.00000E+00
  2.262   4.710   -0.28773E+06   0.00000E+00   0.45665E+02   0.00000E+00   0.95653E+06   0.00000E+00
  2.272   4.720   -0.27782E+06   0.00000E+00   0.33036E+02   0.00000E+00   0.92533E+06   0.00000E+00
  2.281   4.730   -0.22657E+06   0.00000E+00   0.46715E+02   0.00000E+00   0.85915E+06   0.00000E+00
  2.291   4.740   -0.13228E+06   0.00000E+00   0.69243E+02   0.00000E+00   0.93618E+06   0.00000E+00
  2.301   4.750   -0.16059E+06   0.00000E+00   0.62792E+02   0.00000E+00   0.61890E+06   0.00000E+00
  2.310   4.760   -0.24820E+06   0.00000E+00   0.62813E+02   0.00000E+00   0.34331E+06   0.00000E+00
  2.320   4.770   -0.28904E+06   0.00000E+00   0.68171E+02   0.00000E+00   0.58023E+06   0.00000E+00
  2.330   4.780   -0.20031E+06   0.00000E+00   0.72892E+02   0.00000E+00   0.80175E+06   0.00000E+00
  2.340   4.790   -0.41327E+05   0.00000E+00   0.77244E+02   0.00000E+00   0.67565E+06   0.00000E+00
  2.349   4.800    0.24877E+06   0.00000E+00   0.77827E+02   0.00000E+00   0.38905E+06   0.00000E+00
  2.359   4.810   -0.37903E+05   0.00000E+00  -0.87503E+02   0.00000E+00   0.44802E+05   0.00000E+00
  2.369   4.820   -0.34342E+06   0.00000E+00   0.57592E+01   0.00000E+00  -0.34762E+06   0.00000E+00
  2.379   4.830   -0.27494E+06   0.00000E+00   0.24500E+02   0.00000E+00  -0.65170E+06   0.00000E+00
  2.389   4.840   -0.22164E+06   0.00000E+00   0.11428E+02   0.00000E+00  -0.82983E+06   0.00000E+00
  2.399   4.850   -0.16666E+06   0.00000E+00  -0.86264E+01   0.00000E+00  -0.95949E+06   0.00000E+00
  2.409   4.860   -0.13639E+06   0.00000E+00  -0.55749E+01   0.00000E+00  -0.11351E+07   0.00000E+00
  2.418   4.870   -0.31842E+06   0.00000E+00   0.34662E+01   0.00000E+00  -0.13116E+07   0.00000E+00
  2.428   4.880   -0.59133E+06   0.00000E+00   0.17051E+02   0.00000E+00  -0.83764E+06   0.00000E+00
  2.438   4.890   -0.52186E+06   0.00000E+00   0.12468E+02   0.00000E+00  -0.13804E+07   0.00000E+00
  2.448   4.900   -0.43358E+06   0.00000E+00   0.12931E+01   0.00000E+00  -0.14372E+07   0.00000E+00
  2.458   4.910   -0.37149E+06   0.00000E+00   0.46284E+01   0.00000E+00  -0.12908E+07   0.00000E+00
  2.468   4.920   -0.32651E+06   0.00000E+00   0.18133E+02   0.00000E+00  -0.11972E+07   0.00000E+00
  2.478   4.930   -0.30502E+06   0.00000E+00   0.28126E+02   0.00000E+00  -0.77259E+06   0.00000E+00
  2.488   4.940   -0.31630E+06   0.00000E+00   0.19558E+02   0.00000E+00  -0.37262E+06   0.00000E+00
  2.499   4.950   -0.31248E+06   0.00000E+00  -0.64878E+01   0.00000E+00  -0.20292E+06   0.00000E+00
  2.509   4.960   -0.26694E+06   0.00000E+00  -0.90773E+02   0.00000E+00  -0.10167E+06   0.00000E+00
  2.519   4.970   -0.29651E+06   0.00000E+00  -0.64575E+02   0.00000E+00  -0.12878E+06   0.00000E+00
  2.529   4.980   -0.34690E+06   0.00000E+00  -0.32320E+02   0.00000E+00  -0.16033E+06   0.00000E+00
  2.539   4.990   -0.36696E+06   0.00000E+00  -0.29394E+02   0.00000E+00   0.26034E+06   0.00000E+00
