  0.000   0.010    0.13377E-05   0.00000E+00   0.45782E-02   0.00000E+00  -0.82249E-05   0.00000E+00
  0.000   0.020    0.17319E-03   0.00000E+00   0.36524E-01   0.00000E+00  -0.11047E-02   0.00000E+00
  0.000   0.030    0.29578E-02   0.00000E+00   0.12270E+00   0.00000E+00  -0.18967E-01   0.00000E+00
  0.000   0.040    0.22129E-01   0.00000E+00   0.28894E+00   0.00000E+00  -0.14263E+00   0.00000E+00
  0.000   0.050    0.10532E+00   0.00000E+00   0.55960E+00   0.00000E+00  -0.68309E+00   0.00000E+00
  0.000   0.060    0.37651E+00   0.00000E+00   0.95703E+00   0.00000E+00  -0.24604E+01   0.00000E+00
  0.000   0.070    0.11046E+01   0.00000E+00   0.15012E+01   0.00000E+00  -0.72820E+01   0.00000E+00
  0.001   0.080    0.28040E+01   0.00000E+00   0.22091E+01   0.00000E+00  -0.18670E+02   0.00000E+00
  0.001   0.090    0.63719E+01   0.00000E+00   0.30945E+01   0.00000E+00  -0.42904E+02   0.00000E+00
  0.001   0.100    0.13268E+02   0.00000E+00   0.41678E+01   0.00000E+00  -0.90444E+02   0.00000E+00
  0.001   0.110    0.25739E+02   0.00000E+00   0.54352E+01   0.00000E+00  -0.17782E+03   0.00000E+00
  0.001   0.120    0.47091E+02   0.00000E+00   0.68989E+01   0.00000E+00  -0.33006E+03   0.00000E+00
  0.002   0.130    0.82019E+02   0.00000E+00   0.85566E+01   0.00000E+00  -0.58376E+03   0.00000E+00
  0.002   0.140    0.13697E+03   0.00000E+00   0.10402E+02   0.00000E+00  -0.99087E+03   0.00000E+00
  0.002   0.150    0.22060E+03   0.00000E+00   0.12423E+02   0.00000E+00  -0.16233E+04   0.00000E+00
  0.003   0.160    0.34420E+03   0.00000E+00   0.14604E+02   0.00000E+00  -0.25786E+04   0.00000E+00
  0.003   0.170    0.52228E+03   0.00000E+00   0.16925E+02   0.00000E+00  -0.39862E+04   0.00000E+00
  0.003   0.180    0.77311E+03   0.00000E+00   0.19361E+02   0.00000E+00  -0.60152E+04   0.00000E+00
  0.004   0.190    0.11193E+04   0.00000E+00   0.21882E+02   0.00000E+00  -0.88833E+04   0.00000E+00
  0.004   0.200    0.15885E+04   0.00000E+00   0.24454E+02   0.00000E+00  -0.12867E+05   0.00000E+00
  0.004   0.210    0.22141E+04   0.00000E+00   0.27040E+02   0.00000E+00  -0.18311E+05   0.00000E+00
  0.005   0.220    0.30356E+04   0.00000E+00   0.29598E+02   0.00000E+00  -0.25645E+05   0.00000E+00
  0.005   0.230    0.40998E+04   0.00000E+00   0.32084E+02   0.00000E+00  -0.35391E+05   0.00000E+00
  0.006   0.240    0.54608E+04   0.00000E+00   0.34448E+02   0.00000E+00  -0.48187E+05   0.00000E+00
  0.006   0.250    0.71812E+04   0.00000E+00   0.36642E+02   0.00000E+00  -0.64792E+05   0.00000E+00
  0.007   0.260    0.93325E+04   0.00000E+00   0.38610E+02   0.00000E+00  -0.86112E+05   0.00000E+00
  0.007   0.270    0.11995E+05   0.00000E+00   0.40298E+02   0.00000E+00  -0.11321E+06   0.00000E+00
  0.008   0.280    0.15260E+05   0.00000E+00   0.41650E+02   0.00000E+00  -0.14734E+06   0.00000E+00
  0.009   0.290    0.19226E+05   0.00000E+00   0.42608E+02   0.00000E+00  -0.18994E+06   0.00000E+00
  0.009   0.300    0.24005E+05   0.00000E+00   0.43112E+02   0.00000E+00  -0.24265E+06   0.00000E+00
  0.010   0.310    0.29715E+05   0.00000E+00   0.43106E+02   0.00000E+00  -0.30735E+06   0.00000E+00
  0.010   0.320    0.36487E+05   0.00000E+00   0.42532E+02   0.00000E+00  -0.38617E+06   0.00000E+00
  0.011   0.330    0.44459E+05   0.00000E+00   0.41334E+02   0.00000E+00  -0.48147E+06   0.00000E+00
  0.012   0.340    0.53776E+05   0.00000E+00   0.39457E+02   0.00000E+00  -0.59586E+06   0.00000E+00
  0.012   0.350    0.64592E+05   0.00000E+00   0.36851E+02   0.00000E+00  -0.73224E+06   0.00000E+00
  0.013   0.360    0.77064E+05   0.00000E+00   0.33467E+02   0.00000E+00  -0.89373E+06   0.00000E+00
  0.014   0.370    0.91352E+05   0.00000E+00   0.29261E+02   0.00000E+00  -0.10837E+07   0.00000E+00
  0.015   0.380    0.10762E+06   0.00000E+00   0.24195E+02   0.00000E+00  -0.13057E+07   0.00000E+00
  0.016   0.390    0.12602E+06   0.00000E+00   0.18236E+02   0.00000E+00  -0.15636E+07   0.00000E+00
  0.016   0.400    0.14671E+06   0.00000E+00   0.11357E+02   0.00000E+00  -0.18611E+07   0.00000E+00
  0.017   0.410    0.16983E+06   0.00000E+00   0.35409E+01   0.00000E+00  -0.22024E+07   0.00000E+00
  0.018   0.420    0.19550E+06   0.00000E+00  -0.52223E+01   0.00000E+00  -0.25914E+07   0.00000E+00
  0.019   0.430    0.22385E+06   0.00000E+00  -0.14932E+02   0.00000E+00  -0.30320E+07   0.00000E+00
  0.020   0.440    0.25493E+06   0.00000E+00  -0.25578E+02   0.00000E+00  -0.35280E+07   0.00000E+00
  0.021   0.450    0.28883E+06   0.00000E+00  -0.37137E+02   0.00000E+00  -0.40828E+07   0.00000E+00
  0.022   0.460    0.32553E+06   0.00000E+00  -0.49573E+02   0.00000E+00  -0.46996E+07   0.00000E+00
  0.023   0.470    0.36504E+06   0.00000E+00  -0.62836E+02   0.00000E+00  -0.53808E+07   0.00000E+00
  0.023   0.480    0.40727E+06   0.00000E+00  -0.76865E+02   0.00000E+00  -0.61281E+07   0.00000E+00
  0.024   0.490    0.45212E+06   0.00000E+00  -0.91581E+02   0.00000E+00  -0.69427E+07   0.00000E+00
  0.025   0.500    0.49939E+06   0.00000E+00  -0.10689E+03   0.00000E+00  -0.78243E+07   0.00000E+00
  0.027   0.510    0.54888E+06   0.00000E+00  -0.12269E+03   0.00000E+00  -0.87719E+07   0.00000E+00
  0.028   0.520    0.60029E+06   0.00000E+00  -0.13886E+03   0.00000E+00  -0.97830E+07   0.00000E+00
  0.029   0.530    0.65327E+06   0.00000E+00  -0.15527E+03   0.00000E+00  -0.10854E+08   0.00000E+00
  0.030   0.540    0.70742E+06   0.00000E+00  -0.17176E+03   0.00000E+00  -0.11979E+08   0.00000E+00
  0.031   0.550    0.76230E+06   0.00000E+00  -0.18817E+03   0.00000E+00  -0.13153E+08   0.00000E+00
  0.032   0.560    0.81739E+06   0.00000E+00  -0.20435E+03   0.00000E+00  -0.14366E+08   0.00000E+00
  0.033   0.570    0.87216E+06   0.00000E+00  -0.22009E+03   0.00000E+00  -0.15609E+08   0.00000E+00
  0.034   0.580    0.92604E+06   0.00000E+00  -0.23522E+03   0.00000E+00  -0.16871E+08   0.00000E+00
  0.035   0.590    0.97844E+06   0.00000E+00  -0.24953E+03   0.00000E+00  -0.18141E+08   0.00000E+00
  0.037   0.600    0.10287E+07   0.00000E+00  -0.26280E+03   0.00000E+00  -0.19404E+08   0.00000E+00
  0.038   0.610    0.10764E+07   0.00000E+00  -0.27482E+03   0.00000E+00  -0.20646E+08   0.00000E+00
  0.039   0.620    0.11207E+07   0.00000E+00  -0.28537E+03   0.00000E+00  -0.21854E+08   0.00000E+00
  0.040   0.630    0.11612E+07   0.00000E+00  -0.29424E+03   0.00000E+00  -0.23012E+08   0.00000E+00
  0.042   0.640    0.11974E+07   0.00000E+00  -0.30119E+03   0.00000E+00  -0.24104E+08   0.00000E+00
  0.043   0.650    0.12288E+07   0.00000E+00  -0.30602E+03   0.00000E+00  -0.25115E+08   0.00000E+00
  0.044   0.660    0.12549E+07   0.00000E+00  -0.30853E+03   0.00000E+00  -0.26031E+08   0.00000E+00
  0.046   0.670    0.12754E+07   0.00000E+00  -0.30855E+03   0.00000E+00  -0.26838E+08   0.00000E+00
  0.047   0.680    0.12900E+07   0.00000E+00  -0.30594E+03   0.00000E+00  -0.27523E+08   0.00000E+00
  0.049   0.690    0.12984E+07   0.00000E+00  -0.30059E+03   0.00000E+00  -0.28074E+08   0.00000E+00
  0.050   0.700    0.13006E+07   0.00000E+00  -0.29247E+03   0.00000E+00  -0.28479E+08   0.00000E+00
  0.051   0.710    0.12964E+07   0.00000E+00  -0.28159E+03   0.00000E+00  -0.28731E+08   0.00000E+00
  0.053   0.720    0.12859E+07   0.00000E+00  -0.26806E+03   0.00000E+00  -0.28821E+08   0.00000E+00
  0.054   0.730    0.12690E+07   0.00000E+00  -0.25205E+03   0.00000E+00  -0.28742E+08   0.00000E+00
  0.056   0.740    0.12459E+07   0.00000E+00  -0.23384E+03   0.00000E+00  -0.28492E+08   0.00000E+00
  0.057   0.750    0.12168E+07   0.00000E+00  -0.21378E+03   0.00000E+00  -0.28067E+08   0.00000E+00
  0.059   0.760    0.11822E+07   0.00000E+00  -0.19227E+03   0.00000E+00  -0.27468E+08   0.00000E+00
  0.060   0.770    0.11423E+07   0.00000E+00  -0.16981E+03   0.00000E+00  -0.26695E+08   0.00000E+00
  0.062   0.780    0.10977E+07   0.00000E+00  -0.14690E+03   0.00000E+00  -0.25752E+08   0.00000E+00
  0.064   0.790    0.10492E+07   0.00000E+00  -0.12404E+03   0.00000E+00  -0.24646E+08   0.00000E+00
  0.065   0.800    0.99754E+06   0.00000E+00  -0.10173E+03   0.00000E+00  -0.23383E+08   0.00000E+00
  0.067   0.810    0.94387E+06   0.00000E+00  -0.80388E+02   0.00000E+00  -0.21976E+08   0.00000E+00
  0.069   0.820    0.88947E+06   0.00000E+00  -0.60385E+02   0.00000E+00  -0.20435E+08   0.00000E+00
  0.070   0.830    0.83596E+06   0.00000E+00  -0.41992E+02   0.00000E+00  -0.18779E+08   0.00000E+00
  0.072   0.840    0.78528E+06   0.00000E+00  -0.25393E+02   0.00000E+00  -0.17027E+08   0.00000E+00
  0.074   0.850    0.73980E+06   0.00000E+00  -0.10675E+02   0.00000E+00  -0.15202E+08   0.00000E+00
  0.075   0.860    0.70234E+06   0.00000E+00   0.21555E+01   0.00000E+00  -0.13333E+08   0.00000E+00
  0.077   0.870    0.67632E+06   0.00000E+00   0.13170E+02   0.00000E+00  -0.11453E+08   0.00000E+00
  0.079   0.880    0.66580E+06   0.00000E+00   0.22498E+02   0.00000E+00  -0.96041E+07   0.00000E+00
  0.081   0.890    0.67557E+06   0.00000E+00   0.30316E+02   0.00000E+00  -0.78354E+07   0.00000E+00
  0.083   0.900    0.71125E+06   0.00000E+00   0.36833E+02   0.00000E+00  -0.62062E+07   0.00000E+00
  0.084   0.910    0.77933E+06   0.00000E+00   0.42278E+02   0.00000E+00  -0.47875E+07   0.00000E+00
  0.086   0.920    0.88711E+06   0.00000E+00   0.46889E+02   0.00000E+00  -0.36632E+07   0.00000E+00
  0.088   0.930    0.10426E+07   0.00000E+00   0.50906E+02   0.00000E+00  -0.29309E+07   0.00000E+00
  0.090   0.940    0.12540E+07   0.00000E+00   0.54561E+02   0.00000E+00  -0.27013E+07   0.00000E+00
  0.092   0.950    0.15294E+07   0.00000E+00   0.58069E+02   0.00000E+00  -0.30940E+07   0.00000E+00
  0.094   0.960    0.18751E+07   0.00000E+00   0.61620E+02   0.00000E+00  -0.42307E+07   0.00000E+00
  0.096   0.970    0.22947E+07   0.00000E+00   0.65364E+02   0.00000E+00  -0.62211E+07   0.00000E+00
  0.098   0.980    0.27868E+07   0.00000E+00   0.69395E+02   0.00000E+00  -0.91435E+07   0.00000E+00
  0.100   0.990    0.33427E+07   0.00000E+00   0.73735E+02   0.00000E+00  -0.13019E+08   0.00000E+00
  0.102   1.000    0.39456E+07   0.00000E+00   0.78318E+02   0.00000E+00  -0.17787E+08   0.00000E+00
  0.104   1.010    0.45693E+07   0.00000E+00   0.82983E+02   0.00000E+00  -0.23282E+08   0.00000E+00
  0.106   1.020    0.51811E+07   0.00000E+00   0.87488E+02   0.00000E+00  -0.29239E+08   0.00000E+00
  0.108   1.030    0.57455E+07   0.00000E+00   0.91538E+02   0.00000E+00  -0.35314E+08   0.00000E+00
  0.110   1.040    0.62302E+07   0.00000E+00   0.94841E+02   0.00000E+00  -0.41141E+08   0.00000E+00
  0.112   1.050    0.66117E+07   0.00000E+00   0.97154E+02   0.00000E+00  -0.46384E+08   0.00000E+00
  0.115   1.060    0.68783E+07   0.00000E+00   0.98329E+02   0.00000E+00  -0.50798E+08   0.00000E+00
  0.117   1.070    0.70302E+07   0.00000E+00   0.98322E+02   0.00000E+00  -0.54245E+08   0.00000E+00
  0.119   1.080    0.70772E+07   0.00000E+00   0.97179E+02   0.00000E+00  -0.56697E+08   0.00000E+00
  0.121   1.090    0.70349E+07   0.00000E+00   0.95011E+02   0.00000E+00  -0.58211E+08   0.00000E+00
  0.123   1.100    0.69212E+07   0.00000E+00   0.91959E+02   0.00000E+00  -0.58895E+08   0.00000E+00
  0.126   1.110    0.67540E+07   0.00000E+00   0.88169E+02   0.00000E+00  -0.58885E+08   0.00000E+00
  0.128   1.120    0.65491E+07   0.00000E+00   0.83773E+02   0.00000E+00  -0.58320E+08   0.00000E+00
  0.130   1.130    0.63200E+07   0.00000E+00   0.78884E+02   0.00000E+00  -0.57327E+08   0.00000E+00
  0.133   1.140    0.60772E+07   0.00000E+00   0.73590E+02   0.00000E+00  -0.56020E+08   0.00000E+00
  0.135   1.150    0.58291E+07   0.00000E+00   0.67954E+02   0.00000E+00  -0.54491E+08   0.00000E+00
  0.137   1.160    0.55819E+07   0.00000E+00   0.62022E+02   0.00000E+00  -0.52817E+08   0.00000E+00
  0.140   1.170    0.53401E+07   0.00000E+00   0.55822E+02   0.00000E+00  -0.51056E+08   0.00000E+00
  0.142   1.180    0.51069E+07   0.00000E+00   0.49368E+02   0.00000E+00  -0.49252E+08   0.00000E+00
  0.144   1.190    0.48845E+07   0.00000E+00   0.42663E+02   0.00000E+00  -0.47439E+08   0.00000E+00
  0.147   1.200    0.46742E+07   0.00000E+00   0.35704E+02   0.00000E+00  -0.45637E+08   0.00000E+00
  0.149   1.210    0.44767E+07   0.00000E+00   0.28484E+02   0.00000E+00  -0.43861E+08   0.00000E+00
  0.152   1.220    0.42921E+07   0.00000E+00   0.21004E+02   0.00000E+00  -0.42118E+08   0.00000E+00
  0.154   1.230    0.41202E+07   0.00000E+00   0.13290E+02   0.00000E+00  -0.40411E+08   0.00000E+00
  0.157   1.240    0.39607E+07   0.00000E+00   0.54279E+01   0.00000E+00  -0.38740E+08   0.00000E+00
  0.159   1.250    0.38129E+07   0.00000E+00  -0.23768E+01   0.00000E+00  -0.37105E+08   0.00000E+00
  0.162   1.260    0.36761E+07   0.00000E+00  -0.97099E+01   0.00000E+00  -0.35503E+08   0.00000E+00
  0.164   1.270    0.35499E+07   0.00000E+00  -0.15833E+02   0.00000E+00  -0.33933E+08   0.00000E+00
  0.167   1.280    0.34339E+07   0.00000E+00  -0.19595E+02   0.00000E+00  -0.32396E+08   0.00000E+00
  0.170   1.290    0.33279E+07   0.00000E+00  -0.19523E+02   0.00000E+00  -0.30896E+08   0.00000E+00
  0.172   1.300    0.32323E+07   0.00000E+00  -0.14339E+02   0.00000E+00  -0.29436E+08   0.00000E+00
  0.175   1.310    0.31476E+07   0.00000E+00  -0.39431E+01   0.00000E+00  -0.28024E+08   0.00000E+00
  0.178   1.320    0.30747E+07   0.00000E+00   0.98528E+01   0.00000E+00  -0.26666E+08   0.00000E+00
  0.180   1.330    0.30150E+07   0.00000E+00   0.23966E+02   0.00000E+00  -0.25374E+08   0.00000E+00
  0.183   1.340    0.29702E+07   0.00000E+00   0.35724E+02   0.00000E+00  -0.24159E+08   0.00000E+00
  0.186   1.350    0.29422E+07   0.00000E+00   0.43870E+02   0.00000E+00  -0.23034E+08   0.00000E+00
  0.189   1.360    0.29334E+07   0.00000E+00   0.48336E+02   0.00000E+00  -0.22014E+08   0.00000E+00
  0.191   1.370    0.29463E+07   0.00000E+00   0.49595E+02   0.00000E+00  -0.21115E+08   0.00000E+00
  0.194   1.380    0.29834E+07   0.00000E+00   0.48202E+02   0.00000E+00  -0.20353E+08   0.00000E+00
  0.197   1.390    0.30469E+07   0.00000E+00   0.44623E+02   0.00000E+00  -0.19745E+08   0.00000E+00
  0.200   1.400    0.31383E+07   0.00000E+00   0.39205E+02   0.00000E+00  -0.19306E+08   0.00000E+00
  0.203   1.410    0.32581E+07   0.00000E+00   0.32214E+02   0.00000E+00  -0.19046E+08   0.00000E+00
  0.206   1.420    0.34049E+07   0.00000E+00   0.23885E+02   0.00000E+00  -0.18966E+08   0.00000E+00
  0.209   1.430    0.35752E+07   0.00000E+00   0.14470E+02   0.00000E+00  -0.19059E+08   0.00000E+00
  0.211   1.440    0.37632E+07   0.00000E+00   0.42751E+01   0.00000E+00  -0.19303E+08   0.00000E+00
  0.214   1.450    0.39610E+07   0.00000E+00  -0.63317E+01   0.00000E+00  -0.19664E+08   0.00000E+00
  0.217   1.460    0.41592E+07   0.00000E+00  -0.16928E+02   0.00000E+00  -0.20098E+08   0.00000E+00
  0.220   1.470    0.43486E+07   0.00000E+00  -0.27077E+02   0.00000E+00  -0.20553E+08   0.00000E+00
  0.223   1.480    0.45205E+07   0.00000E+00  -0.36371E+02   0.00000E+00  -0.20982E+08   0.00000E+00
  0.226   1.490    0.46686E+07   0.00000E+00  -0.44483E+02   0.00000E+00  -0.21341E+08   0.00000E+00
  0.229   1.500    0.47886E+07   0.00000E+00  -0.51189E+02   0.00000E+00  -0.21600E+08   0.00000E+00
  0.233   1.510    0.48781E+07   0.00000E+00  -0.56375E+02   0.00000E+00  -0.21740E+08   0.00000E+00
  0.236   1.520    0.49362E+07   0.00000E+00  -0.60012E+02   0.00000E+00  -0.21750E+08   0.00000E+00
  0.239   1.530    0.49621E+07   0.00000E+00  -0.62128E+02   0.00000E+00  -0.21627E+08   0.00000E+00
  0.242   1.540    0.49547E+07   0.00000E+00  -0.62781E+02   0.00000E+00  -0.21371E+08   0.00000E+00
  0.245   1.550    0.49116E+07   0.00000E+00  -0.62033E+02   0.00000E+00  -0.20982E+08   0.00000E+00
  0.248   1.560    0.48300E+07   0.00000E+00  -0.59950E+02   0.00000E+00  -0.20459E+08   0.00000E+00
  0.251   1.570    0.47066E+07   0.00000E+00  -0.56608E+02   0.00000E+00  -0.19802E+08   0.00000E+00
  0.255   1.580    0.45396E+07   0.00000E+00  -0.52114E+02   0.00000E+00  -0.19012E+08   0.00000E+00
  0.258   1.590    0.43298E+07   0.00000E+00  -0.46631E+02   0.00000E+00  -0.18101E+08   0.00000E+00
  0.261   1.600    0.40822E+07   0.00000E+00  -0.40389E+02   0.00000E+00  -0.17088E+08   0.00000E+00
  0.264   1.610    0.38061E+07   0.00000E+00  -0.33686E+02   0.00000E+00  -0.16004E+08   0.00000E+00
  0.268   1.620    0.35141E+07   0.00000E+00  -0.26851E+02   0.00000E+00  -0.14886E+08   0.00000E+00
  0.271   1.630    0.32197E+07   0.00000E+00  -0.20202E+02   0.00000E+00  -0.13775E+08   0.00000E+00
  0.274   1.640    0.29356E+07   0.00000E+00  -0.14004E+02   0.00000E+00  -0.12705E+08   0.00000E+00
  0.278   1.650    0.26712E+07   0.00000E+00  -0.84419E+01   0.00000E+00  -0.11703E+08   0.00000E+00
  0.281   1.660    0.24329E+07   0.00000E+00  -0.36153E+01   0.00000E+00  -0.10785E+08   0.00000E+00
  0.284   1.670    0.22234E+07   0.00000E+00   0.44733E+00   0.00000E+00  -0.99601E+07   0.00000E+00
  0.288   1.680    0.20432E+07   0.00000E+00   0.37683E+01   0.00000E+00  -0.92279E+07   0.00000E+00
  0.291   1.690    0.18912E+07   0.00000E+00   0.63998E+01   0.00000E+00  -0.85848E+07   0.00000E+00
  0.295   1.700    0.17650E+07   0.00000E+00   0.84064E+01   0.00000E+00  -0.80241E+07   0.00000E+00
  0.298   1.710    0.16621E+07   0.00000E+00   0.98525E+01   0.00000E+00  -0.75375E+07   0.00000E+00
  0.302   1.720    0.15794E+07   0.00000E+00   0.10794E+02   0.00000E+00  -0.71165E+07   0.00000E+00
  0.305   1.730    0.15143E+07   0.00000E+00   0.11270E+02   0.00000E+00  -0.67523E+07   0.00000E+00
  0.309   1.740    0.14639E+07   0.00000E+00   0.11300E+02   0.00000E+00  -0.64362E+07   0.00000E+00
  0.312   1.750    0.14255E+07   0.00000E+00   0.10863E+02   0.00000E+00  -0.61599E+07   0.00000E+00
  0.316   1.760    0.13967E+07   0.00000E+00   0.98811E+01   0.00000E+00  -0.59149E+07   0.00000E+00
  0.319   1.770    0.13749E+07   0.00000E+00   0.81660E+01   0.00000E+00  -0.56932E+07   0.00000E+00
  0.323   1.780    0.13577E+07   0.00000E+00   0.53367E+01   0.00000E+00  -0.54872E+07   0.00000E+00
  0.327   1.790    0.13430E+07   0.00000E+00   0.77687E+00   0.00000E+00  -0.52903E+07   0.00000E+00
  0.330   1.800    0.13290E+07   0.00000E+00  -0.57727E+01   0.00000E+00  -0.50974E+07   0.00000E+00
  0.334   1.810    0.13144E+07   0.00000E+00  -0.11945E+02   0.00000E+00  -0.49055E+07   0.00000E+00
  0.338   1.820    0.12985E+07   0.00000E+00  -0.13791E+02   0.00000E+00  -0.47143E+07   0.00000E+00
  0.341   1.830    0.12816E+07   0.00000E+00  -0.11980E+02   0.00000E+00  -0.45262E+07   0.00000E+00
  0.345   1.840    0.12644E+07   0.00000E+00  -0.91020E+01   0.00000E+00  -0.43451E+07   0.00000E+00
  0.349   1.850    0.12483E+07   0.00000E+00  -0.63514E+01   0.00000E+00  -0.41756E+07   0.00000E+00
  0.353   1.860    0.12344E+07   0.00000E+00  -0.40024E+01   0.00000E+00  -0.40222E+07   0.00000E+00
  0.357   1.870    0.12243E+07   0.00000E+00  -0.20468E+01   0.00000E+00  -0.38885E+07   0.00000E+00
  0.360   1.880    0.12190E+07   0.00000E+00  -0.42766E+00   0.00000E+00  -0.37775E+07   0.00000E+00
  0.364   1.890    0.12199E+07   0.00000E+00   0.89900E+00   0.00000E+00  -0.36917E+07   0.00000E+00
  0.368   1.900    0.12281E+07   0.00000E+00   0.19538E+01   0.00000E+00  -0.36336E+07   0.00000E+00
  0.372   1.910    0.12449E+07   0.00000E+00   0.27337E+01   0.00000E+00  -0.36057E+07   0.00000E+00
  0.376   1.920    0.12719E+07   0.00000E+00   0.32125E+01   0.00000E+00  -0.36110E+07   0.00000E+00
  0.380   1.930    0.13104E+07   0.00000E+00   0.33419E+01   0.00000E+00  -0.36528E+07   0.00000E+00
  0.384   1.940    0.13621E+07   0.00000E+00   0.30539E+01   0.00000E+00  -0.37343E+07   0.00000E+00
  0.388   1.950    0.14283E+07   0.00000E+00   0.22673E+01   0.00000E+00  -0.38579E+07   0.00000E+00
  0.392   1.960    0.15097E+07   0.00000E+00   0.90040E+00   0.00000E+00  -0.40246E+07   0.00000E+00
  0.396   1.970    0.16061E+07   0.00000E+00  -0.11067E+01   0.00000E+00  -0.42326E+07   0.00000E+00
  0.400   1.980    0.17156E+07   0.00000E+00  -0.37587E+01   0.00000E+00  -0.44755E+07   0.00000E+00
  0.404   1.990    0.18337E+07   0.00000E+00  -0.69577E+01   0.00000E+00  -0.47399E+07   0.00000E+00
  0.408   2.000    0.19523E+07   0.00000E+00  -0.10449E+02   0.00000E+00  -0.50030E+07   0.00000E+00
  0.412   2.010    0.20594E+07   0.00000E+00  -0.13784E+02   0.00000E+00  -0.52314E+07   0.00000E+00
  0.416   2.020    0.21399E+07   0.00000E+00  -0.16348E+02   0.00000E+00  -0.53841E+07   0.00000E+00
  0.420   2.030    0.21798E+07   0.00000E+00  -0.17523E+02   0.00000E+00  -0.54243E+07   0.00000E+00
  0.424   2.040    0.21727E+07   0.00000E+00  -0.16952E+02   0.00000E+00  -0.53364E+07   0.00000E+00
  0.429   2.050    0.21236E+07   0.00000E+00  -0.14730E+02   0.00000E+00  -0.51367E+07   0.00000E+00
  0.433   2.060    0.20469E+07   0.00000E+00  -0.11339E+02   0.00000E+00  -0.48661E+07   0.00000E+00
  0.437   2.070    0.19590E+07   0.00000E+00  -0.73712E+01   0.00000E+00  -0.45697E+07   0.00000E+00
  0.441   2.080    0.18722E+07   0.00000E+00  -0.33030E+01   0.00000E+00  -0.42809E+07   0.00000E+00
  0.445   2.090    0.17935E+07   0.00000E+00   0.58695E+00   0.00000E+00  -0.40177E+07   0.00000E+00
  0.450   2.100    0.17255E+07   0.00000E+00   0.41878E+01   0.00000E+00  -0.37862E+07   0.00000E+00
  0.454   2.110    0.16680E+07   0.00000E+00   0.74993E+01   0.00000E+00  -0.35855E+07   0.00000E+00
  0.458   2.120    0.16198E+07   0.00000E+00   0.10584E+02   0.00000E+00  -0.34119E+07   0.00000E+00
  0.463   2.130    0.15794E+07   0.00000E+00   0.13534E+02   0.00000E+00  -0.32606E+07   0.00000E+00
  0.467   2.140    0.15451E+07   0.00000E+00   0.16458E+02   0.00000E+00  -0.31272E+07   0.00000E+00
  0.471   2.150    0.15156E+07   0.00000E+00   0.19461E+02   0.00000E+00  -0.30078E+07   0.00000E+00
  0.476   2.160    0.14897E+07   0.00000E+00   0.22628E+02   0.00000E+00  -0.28994E+07   0.00000E+00
  0.480   2.170    0.14667E+07   0.00000E+00   0.25976E+02   0.00000E+00  -0.27996E+07   0.00000E+00
  0.485   2.180    0.14461E+07   0.00000E+00   0.29303E+02   0.00000E+00  -0.27072E+07   0.00000E+00
  0.489   2.190    0.14279E+07   0.00000E+00   0.31660E+02   0.00000E+00  -0.26220E+07   0.00000E+00
  0.494   2.200    0.14125E+07   0.00000E+00   0.29838E+02   0.00000E+00  -0.25446E+07   0.00000E+00
  0.498   2.210    0.14009E+07   0.00000E+00   0.20129E+02   0.00000E+00  -0.24770E+07   0.00000E+00
  0.503   2.220    0.13947E+07   0.00000E+00   0.95403E+01   0.00000E+00  -0.24220E+07   0.00000E+00
  0.507   2.230    0.13957E+07   0.00000E+00   0.46791E+01   0.00000E+00  -0.23828E+07   0.00000E+00
  0.512   2.240    0.14050E+07   0.00000E+00   0.38557E+01   0.00000E+00  -0.23612E+07   0.00000E+00
  0.516   2.250    0.14217E+07   0.00000E+00   0.49505E+01   0.00000E+00  -0.23558E+07   0.00000E+00
  0.521   2.260    0.14426E+07   0.00000E+00   0.67933E+01   0.00000E+00  -0.23608E+07   0.00000E+00
  0.525   2.270    0.14628E+07   0.00000E+00   0.86638E+01   0.00000E+00  -0.23689E+07   0.00000E+00
  0.530   2.280    0.14792E+07   0.00000E+00   0.10123E+02   0.00000E+00  -0.23753E+07   0.00000E+00
  0.535   2.290    0.14913E+07   0.00000E+00   0.10994E+02   0.00000E+00  -0.23792E+07   0.00000E+00
  0.539   2.300    0.15007E+07   0.00000E+00   0.11287E+02   0.00000E+00  -0.23831E+07   0.00000E+00
  0.544   2.310    0.15092E+07   0.00000E+00   0.11096E+02   0.00000E+00  -0.23885E+07   0.00000E+00
  0.549   2.320    0.15166E+07   0.00000E+00   0.10512E+02   0.00000E+00  -0.23948E+07   0.00000E+00
  0.554   2.330    0.15205E+07   0.00000E+00   0.95777E+01   0.00000E+00  -0.23976E+07   0.00000E+00
  0.558   2.340    0.15152E+07   0.00000E+00   0.82745E+01   0.00000E+00  -0.23888E+07   0.00000E+00
  0.563   2.350    0.14928E+07   0.00000E+00   0.65399E+01   0.00000E+00  -0.23581E+07   0.00000E+00
  0.568   2.360    0.14459E+07   0.00000E+00   0.43266E+01   0.00000E+00  -0.22966E+07   0.00000E+00
  0.573   2.370    0.13721E+07   0.00000E+00   0.17017E+01   0.00000E+00  -0.22021E+07   0.00000E+00
  0.578   2.380    0.12759E+07   0.00000E+00  -0.10684E+01   0.00000E+00  -0.20810E+07   0.00000E+00
  0.582   2.390    0.11673E+07   0.00000E+00  -0.35238E+01   0.00000E+00  -0.19451E+07   0.00000E+00
  0.587   2.400    0.10568E+07   0.00000E+00  -0.51330E+01   0.00000E+00  -0.18059E+07   0.00000E+00
  0.592   2.410    0.95244E+06   0.00000E+00  -0.54951E+01   0.00000E+00  -0.16722E+07   0.00000E+00
  0.597   2.420    0.86012E+06   0.00000E+00  -0.45647E+01   0.00000E+00  -0.15509E+07   0.00000E+00
  0.602   2.430    0.78359E+06   0.00000E+00  -0.27867E+01   0.00000E+00  -0.14477E+07   0.00000E+00
  0.607   2.440    0.72438E+06   0.00000E+00  -0.98713E+00   0.00000E+00  -0.13660E+07   0.00000E+00
  0.612   2.450    0.68157E+06   0.00000E+00   0.12889E+00   0.00000E+00  -0.13059E+07   0.00000E+00
  0.617   2.460    0.65235E+06   0.00000E+00   0.21923E+01   0.00000E+00  -0.12643E+07   0.00000E+00
  0.622   2.470    0.63310E+06   0.00000E+00   0.32365E+02   0.00000E+00  -0.12365E+07   0.00000E+00
  0.627   2.480    0.62041E+06   0.00000E+00   0.12464E+03   0.00000E+00  -0.12178E+07   0.00000E+00
  0.632   2.490    0.61147E+06   0.00000E+00   0.71592E+02   0.00000E+00  -0.12039E+07   0.00000E+00
  0.637   2.500    0.60417E+06   0.00000E+00   0.46798E+02   0.00000E+00  -0.11914E+07   0.00000E+00
  0.642   2.510    0.59697E+06   0.00000E+00   0.35205E+02   0.00000E+00  -0.11773E+07   0.00000E+00
  0.648   2.520    0.58882E+06   0.00000E+00   0.28304E+02   0.00000E+00  -0.11588E+07   0.00000E+00
  0.653   2.530    0.57913E+06   0.00000E+00   0.23638E+02   0.00000E+00  -0.11320E+07   0.00000E+00
  0.658   2.540    0.56827E+06   0.00000E+00   0.20366E+02   0.00000E+00  -0.10904E+07   0.00000E+00
  0.663   2.550    0.55930E+06   0.00000E+00   0.18131E+02   0.00000E+00  -0.10235E+07   0.00000E+00
  0.668   2.560    0.56117E+06   0.00000E+00   0.16638E+02   0.00000E+00  -0.92246E+06   0.00000E+00
  0.674   2.570    0.58704E+06   0.00000E+00   0.15582E+02   0.00000E+00  -0.80275E+06   0.00000E+00
  0.679   2.580    0.63841E+06   0.00000E+00   0.14890E+02   0.00000E+00  -0.71347E+06   0.00000E+00
  0.684   2.590    0.69851E+06   0.00000E+00   0.14659E+02   0.00000E+00  -0.68601E+06   0.00000E+00
  0.689   2.600    0.75287E+06   0.00000E+00   0.14772E+02   0.00000E+00  -0.70563E+06   0.00000E+00
  0.695   2.610    0.79882E+06   0.00000E+00   0.14961E+02   0.00000E+00  -0.74633E+06   0.00000E+00
  0.700   2.620    0.83906E+06   0.00000E+00   0.15027E+02   0.00000E+00  -0.79317E+06   0.00000E+00
  0.705   2.630    0.87665E+06   0.00000E+00   0.14873E+02   0.00000E+00  -0.84155E+06   0.00000E+00
  0.711   2.640    0.91354E+06   0.00000E+00   0.14456E+02   0.00000E+00  -0.89242E+06   0.00000E+00
  0.716   2.650    0.95035E+06   0.00000E+00   0.13748E+02   0.00000E+00  -0.94892E+06   0.00000E+00
  0.722   2.660    0.98621E+06   0.00000E+00   0.12726E+02   0.00000E+00  -0.10141E+07   0.00000E+00
  0.727   2.670    0.10187E+07   0.00000E+00   0.11399E+02   0.00000E+00  -0.10894E+07   0.00000E+00
  0.732   2.680    0.10439E+07   0.00000E+00   0.98315E+01   0.00000E+00  -0.11731E+07   0.00000E+00
  0.738   2.690    0.10576E+07   0.00000E+00   0.81562E+01   0.00000E+00  -0.12595E+07   0.00000E+00
  0.743   2.700    0.10565E+07   0.00000E+00   0.65390E+01   0.00000E+00  -0.13400E+07   0.00000E+00
  0.749   2.710    0.10394E+07   0.00000E+00   0.51105E+01   0.00000E+00  -0.14048E+07   0.00000E+00
  0.754   2.720    0.10070E+07   0.00000E+00   0.39174E+01   0.00000E+00  -0.14454E+07   0.00000E+00
  0.760   2.730    0.96138E+06   0.00000E+00   0.29267E+01   0.00000E+00  -0.14566E+07   0.00000E+00
  0.766   2.740    0.90565E+06   0.00000E+00   0.20568E+01   0.00000E+00  -0.14372E+07   0.00000E+00
  0.771   2.750    0.84420E+06   0.00000E+00   0.11757E+01   0.00000E+00  -0.13905E+07   0.00000E+00
  0.777   2.760    0.78191E+06   0.00000E+00  -0.86446E-02   0.00000E+00  -0.13232E+07   0.00000E+00
  0.782   2.770    0.72336E+06   0.00000E+00  -0.21313E+01   0.00000E+00  -0.12440E+07   0.00000E+00
  0.788   2.780    0.67198E+06   0.00000E+00  -0.21418E+01   0.00000E+00  -0.11612E+07   0.00000E+00
  0.794   2.790    0.62980E+06   0.00000E+00   0.12057E+02   0.00000E+00  -0.10813E+07   0.00000E+00
  0.799   2.800    0.59750E+06   0.00000E+00   0.14121E+02   0.00000E+00  -0.10089E+07   0.00000E+00
  0.805   2.810    0.57478E+06   0.00000E+00   0.13049E+02   0.00000E+00  -0.94628E+06   0.00000E+00
  0.811   2.820    0.56081E+06   0.00000E+00   0.11915E+02   0.00000E+00  -0.89391E+06   0.00000E+00
  0.817   2.830    0.55456E+06   0.00000E+00   0.10950E+02   0.00000E+00  -0.85117E+06   0.00000E+00
  0.822   2.840    0.55487E+06   0.00000E+00   0.10251E+02   0.00000E+00  -0.81683E+06   0.00000E+00
  0.828   2.850    0.56017E+06   0.00000E+00   0.99672E+01   0.00000E+00  -0.78958E+06   0.00000E+00
  0.834   2.860    0.56842E+06   0.00000E+00   0.10279E+02   0.00000E+00  -0.76814E+06   0.00000E+00
  0.840   2.870    0.57800E+06   0.00000E+00   0.11326E+02   0.00000E+00  -0.75108E+06   0.00000E+00
  0.846   2.880    0.58853E+06   0.00000E+00   0.13205E+02   0.00000E+00  -0.73685E+06   0.00000E+00
  0.852   2.890    0.60030E+06   0.00000E+00   0.15948E+02   0.00000E+00  -0.72400E+06   0.00000E+00
  0.858   2.900    0.61376E+06   0.00000E+00   0.19393E+02   0.00000E+00  -0.71140E+06   0.00000E+00
  0.864   2.910    0.62942E+06   0.00000E+00   0.23127E+02   0.00000E+00  -0.69827E+06   0.00000E+00
  0.869   2.920    0.64786E+06   0.00000E+00   0.26662E+02   0.00000E+00  -0.68392E+06   0.00000E+00
  0.875   2.930    0.66932E+06   0.00000E+00   0.29707E+02   0.00000E+00  -0.66740E+06   0.00000E+00
  0.881   2.940    0.69264E+06   0.00000E+00   0.32235E+02   0.00000E+00  -0.64728E+06   0.00000E+00
  0.887   2.950    0.71313E+06   0.00000E+00   0.34268E+02   0.00000E+00  -0.62308E+06   0.00000E+00
  0.893   2.960    0.72076E+06   0.00000E+00   0.35377E+02   0.00000E+00  -0.59971E+06   0.00000E+00
  0.899   2.970    0.70428E+06   0.00000E+00   0.34377E+02   0.00000E+00  -0.59088E+06   0.00000E+00
  0.906   2.980    0.66341E+06   0.00000E+00   0.30483E+02   0.00000E+00  -0.60743E+06   0.00000E+00
  0.912   2.990    0.61078E+06   0.00000E+00   0.24905E+02   0.00000E+00  -0.64071E+06   0.00000E+00
  0.918   3.000    0.55894E+06   0.00000E+00   0.19774E+02   0.00000E+00  -0.67299E+06   0.00000E+00
  0.924   3.010    0.51413E+06   0.00000E+00   0.16200E+02   0.00000E+00  -0.69556E+06   0.00000E+00
  0.930   3.020    0.47815E+06   0.00000E+00   0.14142E+02   0.00000E+00  -0.70932E+06   0.00000E+00
  0.936   3.030    0.45062E+06   0.00000E+00   0.13198E+02   0.00000E+00  -0.71709E+06   0.00000E+00
  0.942   3.040    0.43055E+06   0.00000E+00   0.13157E+02   0.00000E+00  -0.71798E+06   0.00000E+00
  0.949   3.050    0.41741E+06   0.00000E+00   0.14056E+02   0.00000E+00  -0.70673E+06   0.00000E+00
  0.955   3.060    0.41087E+06   0.00000E+00   0.15852E+02   0.00000E+00  -0.67972E+06   0.00000E+00
  0.961   3.070    0.40966E+06   0.00000E+00   0.18113E+02   0.00000E+00  -0.64236E+06   0.00000E+00
  0.967   3.080    0.41137E+06   0.00000E+00   0.20212E+02   0.00000E+00  -0.60548E+06   0.00000E+00
  0.974   3.090    0.41377E+06   0.00000E+00   0.21580E+02   0.00000E+00  -0.57615E+06   0.00000E+00
  0.980   3.100    0.41548E+06   0.00000E+00   0.21391E+02   0.00000E+00  -0.55583E+06   0.00000E+00
  0.986   3.110    0.41568E+06   0.00000E+00   0.19094E+02   0.00000E+00  -0.54409E+06   0.00000E+00
  0.993   3.120    0.41426E+06   0.00000E+00   0.16815E+02   0.00000E+00  -0.54154E+06   0.00000E+00
  0.999   3.130    0.41295E+06   0.00000E+00   0.15904E+02   0.00000E+00  -0.54874E+06   0.00000E+00
  1.005   3.140    0.41499E+06   0.00000E+00   0.16154E+02   0.00000E+00  -0.56237E+06   0.00000E+00
  1.012   3.150    0.42173E+06   0.00000E+00   0.17768E+02   0.00000E+00  -0.57960E+06   0.00000E+00
  1.018   3.160    0.43248E+06   0.00000E+00   0.20780E+02   0.00000E+00  -0.60272E+06   0.00000E+00
  1.025   3.170    0.44689E+06   0.00000E+00   0.25015E+02   0.00000E+00  -0.63537E+06   0.00000E+00
  1.031   3.180    0.46579E+06   0.00000E+00   0.30329E+02   0.00000E+00  -0.67983E+06   0.00000E+00
  1.038   3.190    0.49099E+06   0.00000E+00   0.36655E+02   0.00000E+00  -0.73738E+06   0.00000E+00
  1.044   3.200    0.52523E+06   0.00000E+00   0.43840E+02   0.00000E+00  -0.80937E+06   0.00000E+00
  1.051   3.210    0.57211E+06   0.00000E+00   0.51169E+02   0.00000E+00  -0.89762E+06   0.00000E+00
  1.057   3.220    0.63558E+06   0.00000E+00   0.56531E+02   0.00000E+00  -0.10024E+07   0.00000E+00
  1.064   3.230    0.71521E+06   0.00000E+00   0.55716E+02   0.00000E+00  -0.11125E+07   0.00000E+00
  1.070   3.240    0.78926E+06   0.00000E+00   0.44669E+02   0.00000E+00  -0.11779E+07   0.00000E+00
  1.077   3.250    0.80094E+06   0.00000E+00   0.27984E+02   0.00000E+00  -0.11141E+07   0.00000E+00
  1.084   3.260    0.73127E+06   0.00000E+00   0.17214E+02   0.00000E+00  -0.94528E+06   0.00000E+00
  1.090   3.270    0.64004E+06   0.00000E+00   0.12968E+02   0.00000E+00  -0.80006E+06   0.00000E+00
  1.097   3.280    0.56775E+06   0.00000E+00   0.10396E+02   0.00000E+00  -0.72959E+06   0.00000E+00
  1.104   3.290    0.51839E+06   0.00000E+00   0.77066E+01   0.00000E+00  -0.72652E+06   0.00000E+00
  1.110   3.300    0.48605E+06   0.00000E+00   0.50666E+01   0.00000E+00  -0.78273E+06   0.00000E+00
  1.117   3.310    0.46368E+06   0.00000E+00   0.36200E+01   0.00000E+00  -0.89827E+06   0.00000E+00
  1.124   3.320    0.44000E+06   0.00000E+00   0.59885E+01   0.00000E+00  -0.10430E+07   0.00000E+00
  1.131   3.330    0.39808E+06   0.00000E+00   0.14025E+02   0.00000E+00  -0.10450E+07   0.00000E+00
  1.138   3.340    0.34979E+06   0.00000E+00   0.19185E+02   0.00000E+00  -0.76776E+06   0.00000E+00
  1.144   3.350    0.32716E+06   0.00000E+00   0.15383E+02   0.00000E+00  -0.49473E+06   0.00000E+00
  1.151   3.360    0.32324E+06   0.00000E+00   0.94357E+01   0.00000E+00  -0.37036E+06   0.00000E+00
  1.158   3.370    0.32443E+06   0.00000E+00   0.60018E+01   0.00000E+00  -0.33750E+06   0.00000E+00
  1.165   3.380    0.32541E+06   0.00000E+00   0.55161E+01   0.00000E+00  -0.33975E+06   0.00000E+00
  1.172   3.390    0.32577E+06   0.00000E+00   0.65711E+01   0.00000E+00  -0.34140E+06   0.00000E+00
  1.179   3.400    0.32858E+06   0.00000E+00   0.79946E+01   0.00000E+00  -0.32429E+06   0.00000E+00
  1.186   3.410    0.33644E+06   0.00000E+00   0.95565E+01   0.00000E+00  -0.30156E+06   0.00000E+00
  1.193   3.420    0.34710E+06   0.00000E+00   0.11133E+02   0.00000E+00  -0.29539E+06   0.00000E+00
  1.200   3.430    0.35819E+06   0.00000E+00   0.12497E+02   0.00000E+00  -0.30658E+06   0.00000E+00
  1.207   3.440    0.36997E+06   0.00000E+00   0.13618E+02   0.00000E+00  -0.32738E+06   0.00000E+00
  1.214   3.450    0.38392E+06   0.00000E+00   0.14572E+02   0.00000E+00  -0.35234E+06   0.00000E+00
  1.221   3.460    0.40185E+06   0.00000E+00   0.15400E+02   0.00000E+00  -0.37749E+06   0.00000E+00
  1.228   3.470    0.42520E+06   0.00000E+00   0.16035E+02   0.00000E+00  -0.39617E+06   0.00000E+00
  1.235   3.480    0.45258E+06   0.00000E+00   0.16252E+02   0.00000E+00  -0.39310E+06   0.00000E+00
  1.242   3.490    0.47456E+06   0.00000E+00   0.15781E+02   0.00000E+00  -0.34555E+06   0.00000E+00
  1.249   3.500    0.47565E+06   0.00000E+00   0.14775E+02   0.00000E+00  -0.26102E+06   0.00000E+00
  1.256   3.510    0.45612E+06   0.00000E+00   0.13809E+02   0.00000E+00  -0.19524E+06   0.00000E+00
  1.263   3.520    0.43131E+06   0.00000E+00   0.13189E+02   0.00000E+00  -0.17144E+06   0.00000E+00
  1.271   3.530    0.40979E+06   0.00000E+00   0.12919E+02   0.00000E+00  -0.17254E+06   0.00000E+00
  1.278   3.540    0.39246E+06   0.00000E+00   0.12823E+02   0.00000E+00  -0.18245E+06   0.00000E+00
  1.285   3.550    0.37809E+06   0.00000E+00   0.12539E+02   0.00000E+00  -0.19402E+06   0.00000E+00
  1.292   3.560    0.36559E+06   0.00000E+00   0.12064E+02   0.00000E+00  -0.20521E+06   0.00000E+00
  1.300   3.570    0.35477E+06   0.00000E+00   0.11958E+02   0.00000E+00  -0.21665E+06   0.00000E+00
  1.307   3.580    0.34689E+06   0.00000E+00   0.12574E+02   0.00000E+00  -0.23071E+06   0.00000E+00
  1.314   3.590    0.34500E+06   0.00000E+00   0.13529E+02   0.00000E+00  -0.24995E+06   0.00000E+00
  1.322   3.600    0.35216E+06   0.00000E+00   0.13793E+02   0.00000E+00  -0.27117E+06   0.00000E+00
  1.329   3.610    0.36447E+06   0.00000E+00   0.13802E+02   0.00000E+00  -0.28217E+06   0.00000E+00
  1.336   3.620    0.37458E+06   0.00000E+00   0.14725E+02   0.00000E+00  -0.28279E+06   0.00000E+00
  1.344   3.630    0.38267E+06   0.00000E+00   0.15895E+02   0.00000E+00  -0.28332E+06   0.00000E+00
  1.351   3.640    0.39126E+06   0.00000E+00   0.16669E+02   0.00000E+00  -0.28819E+06   0.00000E+00
  1.359   3.650    0.40232E+06   0.00000E+00   0.17096E+02   0.00000E+00  -0.29931E+06   0.00000E+00
  1.366   3.660    0.41826E+06   0.00000E+00   0.17561E+02   0.00000E+00  -0.31997E+06   0.00000E+00
  1.373   3.670    0.44252E+06   0.00000E+00   0.18718E+02   0.00000E+00  -0.35221E+06   0.00000E+00
  1.381   3.680    0.47662E+06   0.00000E+00   0.21583E+02   0.00000E+00  -0.38616E+06   0.00000E+00
  1.388   3.690    0.51315E+06   0.00000E+00   0.26386E+02   0.00000E+00  -0.40264E+06   0.00000E+00
  1.396   3.700    0.54388E+06   0.00000E+00   0.31510E+02   0.00000E+00  -0.39829E+06   0.00000E+00
  1.404   3.710    0.58949E+06   0.00000E+00   0.37386E+02   0.00000E+00  -0.35485E+06   0.00000E+00
  1.411   3.720    0.74544E+06   0.00000E+00   0.52771E+02   0.00000E+00  -0.11521E+06   0.00000E+00
  1.419   3.730    0.10952E+07   0.00000E+00   0.88748E+02   0.00000E+00   0.10310E+07   0.00000E+00
  1.426   3.740    0.67058E+06   0.00000E+00   0.53869E+02   0.00000E+00   0.92767E+06   0.00000E+00
  1.434   3.750    0.44369E+06   0.00000E+00   0.34369E+02   0.00000E+00   0.41009E+06   0.00000E+00
  1.442   3.760    0.37463E+06   0.00000E+00   0.29896E+02   0.00000E+00   0.19647E+06   0.00000E+00
  1.449   3.770    0.34594E+06   0.00000E+00   0.27045E+02   0.00000E+00   0.93742E+05   0.00000E+00
  1.457   3.780    0.33216E+06   0.00000E+00   0.15442E+02   0.00000E+00   0.35325E+05   0.00000E+00
  1.465   3.790    0.32629E+06   0.00000E+00   0.40240E+01   0.00000E+00  -0.41727E+04   0.00000E+00
  1.472   3.800    0.32496E+06   0.00000E+00   0.55572E+01   0.00000E+00  -0.44730E+05   0.00000E+00
  1.480   3.810    0.32219E+06   0.00000E+00   0.83952E+01   0.00000E+00  -0.93462E+05   0.00000E+00
  1.488   3.820    0.31894E+06   0.00000E+00   0.11141E+02   0.00000E+00  -0.11356E+06   0.00000E+00
  1.496   3.830    0.32036E+06   0.00000E+00   0.13165E+02   0.00000E+00  -0.10921E+06   0.00000E+00
  1.504   3.840    0.32614E+06   0.00000E+00   0.13748E+02   0.00000E+00  -0.99848E+05   0.00000E+00
  1.511   3.850    0.33576E+06   0.00000E+00   0.14454E+02   0.00000E+00  -0.92024E+05   0.00000E+00
  1.519   3.860    0.34955E+06   0.00000E+00   0.15965E+02   0.00000E+00  -0.86694E+05   0.00000E+00
  1.527   3.870    0.36835E+06   0.00000E+00   0.18390E+02   0.00000E+00  -0.86625E+05   0.00000E+00
  1.535   3.880    0.39124E+06   0.00000E+00   0.21413E+02   0.00000E+00  -0.10676E+06   0.00000E+00
  1.543   3.890    0.40498E+06   0.00000E+00   0.23492E+02   0.00000E+00  -0.18559E+06   0.00000E+00
  1.551   3.900    0.37079E+06   0.00000E+00   0.21747E+02   0.00000E+00  -0.34113E+06   0.00000E+00
  1.559   3.910    0.30392E+06   0.00000E+00   0.18163E+02   0.00000E+00  -0.44053E+06   0.00000E+00
  1.567   3.920    0.28018E+06   0.00000E+00   0.17500E+02   0.00000E+00  -0.43874E+06   0.00000E+00
  1.575   3.930    0.28025E+06   0.00000E+00   0.17524E+02   0.00000E+00  -0.42398E+06   0.00000E+00
  1.583   3.940    0.28535E+06   0.00000E+00   0.16735E+02   0.00000E+00  -0.41930E+06   0.00000E+00
  1.591   3.950    0.29084E+06   0.00000E+00   0.14808E+02   0.00000E+00  -0.42565E+06   0.00000E+00
  1.599   3.960    0.29361E+06   0.00000E+00   0.12292E+02   0.00000E+00  -0.43319E+06   0.00000E+00
  1.607   3.970    0.28629E+06   0.00000E+00   0.99060E+01   0.00000E+00  -0.36784E+06   0.00000E+00
  1.615   3.980    0.27364E+06   0.00000E+00   0.62441E+01   0.00000E+00  -0.14154E+06   0.00000E+00
  1.623   3.990    0.27927E+06   0.00000E+00   0.56098E+01   0.00000E+00  -0.27100E+05   0.00000E+00
  1.632   4.000    0.28914E+06   0.00000E+00   0.64834E+01   0.00000E+00  -0.21818E+05   0.00000E+00
  1.640   4.010    0.29776E+06   0.00000E+00   0.67273E+01   0.00000E+00  -0.37993E+05   0.00000E+00
  1.648   4.020    0.30713E+06   0.00000E+00   0.64067E+01   0.00000E+00  -0.64765E+05   0.00000E+00
  1.656   4.030    0.31887E+06   0.00000E+00   0.59448E+01   0.00000E+00  -0.10283E+06   0.00000E+00
  1.664   4.040    0.33235E+06   0.00000E+00   0.54148E+01   0.00000E+00  -0.13805E+06   0.00000E+00
  1.673   4.050    0.34578E+06   0.00000E+00   0.49455E+01   0.00000E+00  -0.15300E+06   0.00000E+00
  1.681   4.060    0.36090E+06   0.00000E+00   0.55525E+01   0.00000E+00  -0.18850E+06   0.00000E+00
  1.689   4.070    0.38534E+06   0.00000E+00   0.85718E+01   0.00000E+00  -0.28539E+06   0.00000E+00
  1.697   4.080    0.42529E+06   0.00000E+00   0.14593E+02   0.00000E+00  -0.44842E+06   0.00000E+00
  1.706   4.090    0.47028E+06   0.00000E+00   0.19769E+02   0.00000E+00  -0.68815E+06   0.00000E+00
  1.714   4.100    0.47565E+06   0.00000E+00   0.18832E+02   0.00000E+00  -0.91270E+06   0.00000E+00
  1.723   4.110    0.42517E+06   0.00000E+00   0.15759E+02   0.00000E+00  -0.95494E+06   0.00000E+00
  1.731   4.120    0.36412E+06   0.00000E+00   0.12613E+02   0.00000E+00  -0.86309E+06   0.00000E+00
  1.739   4.130    0.31405E+06   0.00000E+00   0.10416E+02   0.00000E+00  -0.73002E+06   0.00000E+00
  1.748   4.140    0.27642E+06   0.00000E+00   0.92727E+01   0.00000E+00  -0.59117E+06   0.00000E+00
  1.756   4.150    0.24960E+06   0.00000E+00   0.80230E+01   0.00000E+00  -0.46180E+06   0.00000E+00
  1.765   4.160    0.23194E+06   0.00000E+00   0.66792E+01   0.00000E+00  -0.34792E+06   0.00000E+00
  1.773   4.170    0.22326E+06   0.00000E+00   0.87917E+01   0.00000E+00  -0.25528E+06   0.00000E+00
  1.782   4.180    0.22399E+06   0.00000E+00   0.15798E+02   0.00000E+00  -0.19609E+06   0.00000E+00
  1.790   4.190    0.23225E+06   0.00000E+00   0.18530E+02   0.00000E+00  -0.17438E+06   0.00000E+00
  1.799   4.200    0.24525E+06   0.00000E+00   0.19260E+02   0.00000E+00  -0.18381E+06   0.00000E+00
  1.807   4.210    0.25977E+06   0.00000E+00   0.18882E+02   0.00000E+00  -0.23777E+06   0.00000E+00
  1.816   4.220    0.26436E+06   0.00000E+00   0.17492E+02   0.00000E+00  -0.30216E+06   0.00000E+00
  1.825   4.230    0.26583E+06   0.00000E+00   0.16823E+02   0.00000E+00  -0.27796E+06   0.00000E+00
  1.833   4.240    0.27307E+06   0.00000E+00   0.16290E+02   0.00000E+00  -0.26014E+06   0.00000E+00
  1.842   4.250    0.28563E+06   0.00000E+00   0.15498E+02   0.00000E+00  -0.27113E+06   0.00000E+00
  1.851   4.260    0.30742E+06   0.00000E+00   0.14019E+02   0.00000E+00  -0.30333E+06   0.00000E+00
  1.859   4.270    0.34068E+06   0.00000E+00   0.11788E+02   0.00000E+00  -0.36286E+06   0.00000E+00
  1.868   4.280    0.36217E+06   0.00000E+00   0.10915E+02   0.00000E+00  -0.41112E+06   0.00000E+00
  1.877   4.290    0.35479E+06   0.00000E+00   0.12176E+02   0.00000E+00  -0.39224E+06   0.00000E+00
  1.885   4.300    0.32820E+06   0.00000E+00   0.15210E+02   0.00000E+00  -0.34367E+06   0.00000E+00
  1.894   4.310    0.29783E+06   0.00000E+00   0.17753E+02   0.00000E+00  -0.24056E+06   0.00000E+00
  1.903   4.320    0.28491E+06   0.00000E+00   0.18440E+02   0.00000E+00  -0.15696E+06   0.00000E+00
  1.912   4.330    0.28058E+06   0.00000E+00   0.19044E+02   0.00000E+00  -0.11527E+06   0.00000E+00
  1.921   4.340    0.27722E+06   0.00000E+00   0.20088E+02   0.00000E+00  -0.91415E+05   0.00000E+00
  1.930   4.350    0.27276E+06   0.00000E+00   0.21812E+02   0.00000E+00  -0.71742E+05   0.00000E+00
  1.938   4.360    0.26661E+06   0.00000E+00  -0.15291E+02   0.00000E+00  -0.51526E+05   0.00000E+00
  1.947   4.370    0.25731E+06   0.00000E+00   0.18592E+01   0.00000E+00  -0.36119E+05   0.00000E+00
  1.956   4.380    0.24424E+06   0.00000E+00   0.50119E+01   0.00000E+00  -0.54353E+05   0.00000E+00
  1.965   4.390    0.23571E+06   0.00000E+00   0.86167E+01   0.00000E+00  -0.11420E+06   0.00000E+00
  1.974   4.400    0.23382E+06   0.00000E+00   0.14225E+02   0.00000E+00  -0.19352E+06   0.00000E+00
  1.983   4.410    0.24132E+06   0.00000E+00   0.21228E+02   0.00000E+00  -0.28648E+06   0.00000E+00
  1.992   4.420    0.25961E+06   0.00000E+00   0.29572E+02   0.00000E+00  -0.33248E+06   0.00000E+00
  2.001   4.430    0.28256E+06   0.00000E+00   0.30682E+02   0.00000E+00  -0.34213E+06   0.00000E+00
  2.010   4.440    0.31109E+06   0.00000E+00   0.22591E+02   0.00000E+00  -0.34578E+06   0.00000E+00
  2.019   4.450    0.35122E+06   0.00000E+00   0.19664E+02   0.00000E+00  -0.34289E+06   0.00000E+00
  2.028   4.460    0.40127E+06   0.00000E+00   0.21907E+02   0.00000E+00  -0.26850E+06   0.00000E+00
  2.037   4.470    0.41760E+06   0.00000E+00   0.25755E+02   0.00000E+00  -0.43309E+05   0.00000E+00
  2.047   4.480    0.38500E+06   0.00000E+00   0.23826E+02   0.00000E+00   0.13543E+06   0.00000E+00
  2.056   4.490    0.34837E+06   0.00000E+00   0.19167E+02   0.00000E+00   0.12454E+06   0.00000E+00
  2.065   4.500    0.31289E+06   0.00000E+00   0.17724E+02   0.00000E+00   0.29259E+05   0.00000E+00
  2.074   4.510    0.28277E+06   0.00000E+00   0.16817E+02   0.00000E+00  -0.45983E+05   0.00000E+00
  2.083   4.520    0.26421E+06   0.00000E+00   0.10549E+02   0.00000E+00  -0.10672E+06   0.00000E+00
  2.093   4.530    0.25876E+06   0.00000E+00   0.86893E+01   0.00000E+00  -0.11952E+06   0.00000E+00
  2.102   4.540    0.24264E+06   0.00000E+00   0.10044E+01   0.00000E+00   0.11641E+06   0.00000E+00
  2.111   4.550    0.21938E+06   0.00000E+00   0.22349E+01   0.00000E+00   0.54746E+05   0.00000E+00
  2.120   4.560    0.21505E+06   0.00000E+00   0.56483E+01   0.00000E+00  -0.48287E+05   0.00000E+00
  2.130   4.570    0.21930E+06   0.00000E+00   0.90064E+01   0.00000E+00  -0.13606E+06   0.00000E+00
  2.139   4.580    0.22964E+06   0.00000E+00   0.13372E+02   0.00000E+00  -0.25761E+06   0.00000E+00
  2.148   4.590    0.24917E+06   0.00000E+00   0.19652E+02   0.00000E+00  -0.44991E+06   0.00000E+00
  2.158   4.600    0.22907E+06   0.00000E+00   0.17850E+02   0.00000E+00  -0.61887E+05   0.00000E+00
  2.167   4.610    0.22887E+06   0.00000E+00   0.16438E+02   0.00000E+00  -0.17952E+05   0.00000E+00
  2.177   4.620    0.23773E+06   0.00000E+00   0.65463E+01   0.00000E+00  -0.38626E+05   0.00000E+00
  2.186   4.630    0.24861E+06   0.00000E+00   0.36796E+01   0.00000E+00  -0.49249E+05   0.00000E+00
  2.195   4.640    0.26161E+06   0.00000E+00   0.22712E+01   0.00000E+00  -0.57434E+05   0.00000E+00
  2.205   4.650    0.28070E+06   0.00000E+00   0.26545E+01   0.00000E+00  -0.45472E+05   0.00000E+00
  2.214   4.660    0.31611E+06   0.00000E+00   0.32880E+01   0.00000E+00   0.17436E+05   0.00000E+00
  2.224   4.670    0.35985E+06   0.00000E+00   0.38004E+01   0.00000E+00   0.73417E+05   0.00000E+00
  2.233   4.680    0.34783E+06   0.00000E+00   0.37234E+01   0.00000E+00  -0.24849E+04   0.00000E+00
  2.243   4.690    0.31118E+06   0.00000E+00   0.36058E+01   0.00000E+00  -0.97634E+05   0.00000E+00
  2.253   4.700    0.27703E+06   0.00000E+00   0.96644E+01   0.00000E+00  -0.16067E+06   0.00000E+00
  2.262   4.710    0.25307E+06   0.00000E+00   0.13197E+02   0.00000E+00  -0.17884E+06   0.00000E+00
  2.272   4.720    0.24751E+06   0.00000E+00   0.11983E+02   0.00000E+00  -0.16299E+06   0.00000E+00
  2.281   4.730    0.26631E+06   0.00000E+00   0.16849E+02   0.00000E+00  -0.12638E+06   0.00000E+00
  2.291   4.740    0.30507E+06   0.00000E+00   0.22702E+02   0.00000E+00  -0.44522E+05   0.00000E+00
  2.301   4.750    0.30387E+06   0.00000E+00   0.19277E+02   0.00000E+00  -0.13056E+06   0.00000E+00
  2.310   4.760    0.28586E+06   0.00000E+00   0.19086E+02   0.00000E+00  -0.24405E+06   0.00000E+00
  2.320   4.770    0.26739E+06   0.00000E+00   0.21646E+02   0.00000E+00  -0.22548E+06   0.00000E+00
  2.330   4.780    0.28265E+06   0.00000E+00   0.24073E+02   0.00000E+00  -0.13634E+06   0.00000E+00
  2.340   4.790    0.31359E+06   0.00000E+00   0.27534E+02   0.00000E+00  -0.10861E+06   0.00000E+00
  2.349   4.800    0.40176E+06   0.00000E+00   0.44660E+02   0.00000E+00  -0.11597E+06   0.00000E+00
  2.359   4.810    0.70078E+06   0.00000E+00  -0.15434E+02   0.00000E+00  -0.10993E+06   0.00000E+00
  2.369   4.820    0.30022E+06   0.00000E+00  -0.12496E+02   0.00000E+00  -0.15856E+06   0.00000E+00
  2.379   4.830    0.28251E+06   0.00000E+00  -0.30526E+01   0.00000E+00  -0.18527E+06   0.00000E+00
  2.389   4.840    0.29009E+06   0.00000E+00  -0.28464E+01   0.00000E+00  -0.17647E+06   0.00000E+00
  2.399   4.850    0.30609E+06   0.00000E+00  -0.58902E+01   0.00000E+00  -0.12827E+06   0.00000E+00
  2.409   4.860    0.31700E+06   0.00000E+00  -0.46620E+01   0.00000E+00  -0.72899E+05   0.00000E+00
  2.418   4.870    0.30240E+06   0.00000E+00  -0.21743E+01   0.00000E+00  -0.98555E+05   0.00000E+00
  2.428   4.880    0.23351E+06   0.00000E+00   0.64515E+00   0.00000E+00  -0.13405E+06   0.00000E+00
  2.438   4.890    0.20858E+06   0.00000E+00   0.20069E+01   0.00000E+00  -0.21083E+06   0.00000E+00
  2.448   4.900    0.20731E+06   0.00000E+00   0.33868E+01   0.00000E+00  -0.23279E+06   0.00000E+00
  2.458   4.910    0.20929E+06   0.00000E+00   0.10687E+02   0.00000E+00  -0.22503E+06   0.00000E+00
  2.468   4.920    0.20995E+06   0.00000E+00   0.13897E+02   0.00000E+00  -0.18567E+06   0.00000E+00
  2.478   4.930    0.20870E+06   0.00000E+00   0.14114E+02   0.00000E+00  -0.15409E+06   0.00000E+00
  2.488   4.940    0.21125E+06   0.00000E+00   0.15981E+02   0.00000E+00  -0.16173E+06   0.00000E+00
  2.499   4.950    0.22460E+06   0.00000E+00   0.21448E+02   0.00000E+00  -0.15870E+06   0.00000E+00
  2.509   4.960    0.22860E+06   0.00000E+00   0.25789E+02   0.00000E+00  -0.14840E+06   0.00000E+00
  2.519   4.970    0.22612E+06   0.00000E+00  -0.17957E+02   0.00000E+00  -0.16554E+06   0.00000E+00
  2.529   4.980    0.22240E+06   0.00000E+00   0.20488E+01   0.00000E+00  -0.24673E+06   0.00000E+00
  2.539   4.990    0.21949E+06   0.00000E+00   0.42167E+01   0.00000E+00  -0.28847E+06   0.00000E+00
