  0.000   0.010    0.00000E+00   0.85328E-05   0.00000E+00   0.54362E-04   0.00000E+00  -0.28814E-09
  0.000   0.020    0.00000E+00   0.10938E-02   0.00000E+00   0.69833E-02   0.00000E+00  -0.36882E-07
  0.000   0.030    0.00000E+00   0.18735E-01   0.00000E+00   0.12003E+00   0.00000E+00  -0.63016E-06
  0.000   0.040    0.00000E+00   0.14084E+00   0.00000E+00   0.90667E+00   0.00000E+00  -0.47205E-05
  0.000   0.050    0.00000E+00   0.67451E+00   0.00000E+00   0.43692E+01   0.00000E+00  -0.22505E-04
  0.000   0.060    0.00000E+00   0.24297E+01   0.00000E+00   0.15857E+02   0.00000E+00  -0.80616E-04
  0.000   0.070    0.00000E+00   0.71917E+01   0.00000E+00   0.47349E+02   0.00000E+00  -0.23705E-03
  0.001   0.080    0.00000E+00   0.18441E+02   0.00000E+00   0.12263E+03   0.00000E+00  -0.60319E-03
  0.001   0.090    0.00000E+00   0.42383E+02   0.00000E+00   0.28502E+03   0.00000E+00  -0.13742E-02
  0.001   0.100    0.00000E+00   0.89360E+02   0.00000E+00   0.60837E+03   0.00000E+00  -0.28689E-02
  0.001   0.110    0.00000E+00   0.17572E+03   0.00000E+00   0.12124E+04   0.00000E+00  -0.55796E-02
  0.001   0.120    0.00000E+00   0.32621E+03   0.00000E+00   0.22836E+04   0.00000E+00  -0.10233E-01
  0.002   0.130    0.00000E+00   0.57707E+03   0.00000E+00   0.41023E+04   0.00000E+00  -0.17862E-01
  0.002   0.140    0.00000E+00   0.97971E+03   0.00000E+00   0.70790E+04   0.00000E+00  -0.29886E-01
  0.002   0.150    0.00000E+00   0.16054E+04   0.00000E+00   0.11800E+05   0.00000E+00  -0.48201E-01
  0.003   0.160    0.00000E+00   0.25506E+04   0.00000E+00   0.19087E+05   0.00000E+00  -0.75278E-01
  0.003   0.170    0.00000E+00   0.39436E+04   0.00000E+00   0.30067E+05   0.00000E+00  -0.11426E+00
  0.003   0.180    0.00000E+00   0.59523E+04   0.00000E+00   0.46264E+05   0.00000E+00  -0.16904E+00
  0.004   0.190    0.00000E+00   0.87923E+04   0.00000E+00   0.69708E+05   0.00000E+00  -0.24440E+00
  0.004   0.200    0.00000E+00   0.12738E+05   0.00000E+00   0.10307E+06   0.00000E+00  -0.34601E+00
  0.004   0.210    0.00000E+00   0.18131E+05   0.00000E+00   0.14981E+06   0.00000E+00  -0.48054E+00
  0.005   0.220    0.00000E+00   0.25398E+05   0.00000E+00   0.21436E+06   0.00000E+00  -0.65561E+00
  0.005   0.230    0.00000E+00   0.35059E+05   0.00000E+00   0.30237E+06   0.00000E+00  -0.87978E+00
  0.006   0.240    0.00000E+00   0.47743E+05   0.00000E+00   0.42092E+06   0.00000E+00  -0.11625E+01
  0.006   0.250    0.00000E+00   0.64208E+05   0.00000E+00   0.57879E+06   0.00000E+00  -0.15137E+01
  0.007   0.260    0.00000E+00   0.85352E+05   0.00000E+00   0.78686E+06   0.00000E+00  -0.19440E+01
  0.007   0.270    0.00000E+00   0.11224E+06   0.00000E+00   0.10584E+07   0.00000E+00  -0.24637E+01
  0.008   0.280    0.00000E+00   0.14609E+06   0.00000E+00   0.14093E+07   0.00000E+00  -0.30827E+01
  0.009   0.290    0.00000E+00   0.18836E+06   0.00000E+00   0.18591E+07   0.00000E+00  -0.38097E+01
  0.009   0.300    0.00000E+00   0.24067E+06   0.00000E+00   0.24304E+07   0.00000E+00  -0.46512E+01
  0.010   0.310    0.00000E+00   0.30490E+06   0.00000E+00   0.31505E+07   0.00000E+00  -0.56110E+01
  0.010   0.320    0.00000E+00   0.38315E+06   0.00000E+00   0.40509E+07   0.00000E+00  -0.66880E+01
  0.011   0.330    0.00000E+00   0.47778E+06   0.00000E+00   0.51684E+07   0.00000E+00  -0.78758E+01
  0.012   0.340    0.00000E+00   0.59139E+06   0.00000E+00   0.65453E+07   0.00000E+00  -0.91603E+01
  0.012   0.350    0.00000E+00   0.72685E+06   0.00000E+00   0.82298E+07   0.00000E+00  -0.10518E+02
  0.013   0.360    0.00000E+00   0.88726E+06   0.00000E+00   0.10277E+08   0.00000E+00  -0.11916E+02
  0.014   0.370    0.00000E+00   0.10760E+07   0.00000E+00   0.12747E+08   0.00000E+00  -0.13304E+02
  0.015   0.380    0.00000E+00   0.12965E+07   0.00000E+00   0.15709E+08   0.00000E+00  -0.14620E+02
  0.016   0.390    0.00000E+00   0.15527E+07   0.00000E+00   0.19237E+08   0.00000E+00  -0.15782E+02
  0.016   0.400    0.00000E+00   0.18484E+07   0.00000E+00   0.23413E+08   0.00000E+00  -0.16687E+02
  0.017   0.410    0.00000E+00   0.21874E+07   0.00000E+00   0.28325E+08   0.00000E+00  -0.17210E+02
  0.018   0.420    0.00000E+00   0.25739E+07   0.00000E+00   0.34066E+08   0.00000E+00  -0.17200E+02
  0.019   0.430    0.00000E+00   0.30118E+07   0.00000E+00   0.40733E+08   0.00000E+00  -0.16477E+02
  0.020   0.440    0.00000E+00   0.35046E+07   0.00000E+00   0.48429E+08   0.00000E+00  -0.14835E+02
  0.021   0.450    0.00000E+00   0.40559E+07   0.00000E+00   0.57256E+08   0.00000E+00  -0.12033E+02
  0.022   0.460    0.00000E+00   0.46688E+07   0.00000E+00   0.67315E+08   0.00000E+00  -0.77995E+01
  0.023   0.470    0.00000E+00   0.53456E+07   0.00000E+00   0.78706E+08   0.00000E+00  -0.18312E+01
  0.023   0.480    0.00000E+00   0.60882E+07   0.00000E+00   0.91522E+08   0.00000E+00   0.62078E+01
  0.024   0.490    0.00000E+00   0.68976E+07   0.00000E+00   0.10585E+09   0.00000E+00   0.16683E+02
  0.025   0.500    0.00000E+00   0.77736E+07   0.00000E+00   0.12175E+09   0.00000E+00   0.29989E+02
  0.027   0.510    0.00000E+00   0.87151E+07   0.00000E+00   0.13928E+09   0.00000E+00   0.46542E+02
  0.028   0.520    0.00000E+00   0.97196E+07   0.00000E+00   0.15849E+09   0.00000E+00   0.66780E+02
  0.029   0.530    0.00000E+00   0.10784E+08   0.00000E+00   0.17936E+09   0.00000E+00   0.91155E+02
  0.030   0.540    0.00000E+00   0.11902E+08   0.00000E+00   0.20191E+09   0.00000E+00   0.12012E+03
  0.031   0.550    0.00000E+00   0.13067E+08   0.00000E+00   0.22606E+09   0.00000E+00   0.15415E+03
  0.032   0.560    0.00000E+00   0.14272E+08   0.00000E+00   0.25176E+09   0.00000E+00   0.19367E+03
  0.033   0.570    0.00000E+00   0.15507E+08   0.00000E+00   0.27888E+09   0.00000E+00   0.23912E+03
  0.034   0.580    0.00000E+00   0.16761E+08   0.00000E+00   0.30729E+09   0.00000E+00   0.29092E+03
  0.035   0.590    0.00000E+00   0.18022E+08   0.00000E+00   0.33680E+09   0.00000E+00   0.34943E+03
  0.037   0.600    0.00000E+00   0.19277E+08   0.00000E+00   0.36721E+09   0.00000E+00   0.41497E+03
  0.038   0.610    0.00000E+00   0.20512E+08   0.00000E+00   0.39828E+09   0.00000E+00   0.48783E+03
  0.039   0.620    0.00000E+00   0.21712E+08   0.00000E+00   0.42973E+09   0.00000E+00   0.56821E+03
  0.040   0.630    0.00000E+00   0.22863E+08   0.00000E+00   0.46128E+09   0.00000E+00   0.65628E+03
  0.042   0.640    0.00000E+00   0.23950E+08   0.00000E+00   0.49261E+09   0.00000E+00   0.75211E+03
  0.043   0.650    0.00000E+00   0.24957E+08   0.00000E+00   0.52342E+09   0.00000E+00   0.85570E+03
  0.044   0.660    0.00000E+00   0.25870E+08   0.00000E+00   0.55336E+09   0.00000E+00   0.96698E+03
  0.046   0.670    0.00000E+00   0.26676E+08   0.00000E+00   0.58212E+09   0.00000E+00   0.10858E+04
  0.047   0.680    0.00000E+00   0.27361E+08   0.00000E+00   0.60936E+09   0.00000E+00   0.12119E+04
  0.049   0.690    0.00000E+00   0.27914E+08   0.00000E+00   0.63479E+09   0.00000E+00   0.13450E+04
  0.050   0.700    0.00000E+00   0.28325E+08   0.00000E+00   0.65810E+09   0.00000E+00   0.14847E+04
  0.051   0.710    0.00000E+00   0.28583E+08   0.00000E+00   0.67903E+09   0.00000E+00   0.16305E+04
  0.053   0.720    0.00000E+00   0.28683E+08   0.00000E+00   0.69732E+09   0.00000E+00   0.17819E+04
  0.054   0.730    0.00000E+00   0.28618E+08   0.00000E+00   0.71278E+09   0.00000E+00   0.19382E+04
  0.056   0.740    0.00000E+00   0.28385E+08   0.00000E+00   0.72521E+09   0.00000E+00   0.20987E+04
  0.057   0.750    0.00000E+00   0.27980E+08   0.00000E+00   0.73447E+09   0.00000E+00   0.22626E+04
  0.059   0.760    0.00000E+00   0.27405E+08   0.00000E+00   0.74045E+09   0.00000E+00   0.24292E+04
  0.060   0.770    0.00000E+00   0.26660E+08   0.00000E+00   0.74307E+09   0.00000E+00   0.25973E+04
  0.062   0.780    0.00000E+00   0.25751E+08   0.00000E+00   0.74231E+09   0.00000E+00   0.27660E+04
  0.064   0.790    0.00000E+00   0.24682E+08   0.00000E+00   0.73814E+09   0.00000E+00   0.29342E+04
  0.065   0.800    0.00000E+00   0.23463E+08   0.00000E+00   0.73062E+09   0.00000E+00   0.31004E+04
  0.067   0.810    0.00000E+00   0.22105E+08   0.00000E+00   0.71980E+09   0.00000E+00   0.32635E+04
  0.069   0.820    0.00000E+00   0.20621E+08   0.00000E+00   0.70579E+09   0.00000E+00   0.34217E+04
  0.070   0.830    0.00000E+00   0.19027E+08   0.00000E+00   0.68871E+09   0.00000E+00   0.35733E+04
  0.072   0.840    0.00000E+00   0.17345E+08   0.00000E+00   0.66873E+09   0.00000E+00   0.37162E+04
  0.074   0.850    0.00000E+00   0.15598E+08   0.00000E+00   0.64606E+09   0.00000E+00   0.38483E+04
  0.075   0.860    0.00000E+00   0.13815E+08   0.00000E+00   0.62095E+09   0.00000E+00   0.39670E+04
  0.077   0.870    0.00000E+00   0.12029E+08   0.00000E+00   0.59369E+09   0.00000E+00   0.40696E+04
  0.079   0.880    0.00000E+00   0.10283E+08   0.00000E+00   0.56465E+09   0.00000E+00   0.41530E+04
  0.081   0.890    0.00000E+00   0.86226E+07   0.00000E+00   0.53428E+09   0.00000E+00   0.42143E+04
  0.083   0.900    0.00000E+00   0.71070E+07   0.00000E+00   0.50311E+09   0.00000E+00   0.42502E+04
  0.084   0.910    0.00000E+00   0.58039E+07   0.00000E+00   0.47181E+09   0.00000E+00   0.42579E+04
  0.086   0.920    0.00000E+00   0.47924E+07   0.00000E+00   0.44117E+09   0.00000E+00   0.42348E+04
  0.088   0.930    0.00000E+00   0.41636E+07   0.00000E+00   0.41217E+09   0.00000E+00   0.41791E+04
  0.090   0.940    0.00000E+00   0.40188E+07   0.00000E+00   0.38595E+09   0.00000E+00   0.40895E+04
  0.092   0.950    0.00000E+00   0.44664E+07   0.00000E+00   0.36385E+09   0.00000E+00   0.39663E+04
  0.094   0.960    0.00000E+00   0.56141E+07   0.00000E+00   0.34732E+09   0.00000E+00   0.38108E+04
  0.096   0.970    0.00000E+00   0.75575E+07   0.00000E+00   0.33788E+09   0.00000E+00   0.36268E+04
  0.098   0.980    0.00000E+00   0.10363E+08   0.00000E+00   0.33698E+09   0.00000E+00   0.34206E+04
  0.100   0.990    0.00000E+00   0.14044E+08   0.00000E+00   0.34572E+09   0.00000E+00   0.32032E+04
  0.102   1.000    0.00000E+00   0.18543E+08   0.00000E+00   0.36465E+09   0.00000E+00   0.29918E+04
  0.104   1.010    0.00000E+00   0.23710E+08   0.00000E+00   0.39344E+09   0.00000E+00   0.28109E+04
  0.106   1.020    0.00000E+00   0.29307E+08   0.00000E+00   0.43074E+09   0.00000E+00   0.26916E+04
  0.108   1.030    0.00000E+00   0.35026E+08   0.00000E+00   0.47419E+09   0.00000E+00   0.26674E+04
  0.110   1.040    0.00000E+00   0.40531E+08   0.00000E+00   0.52071E+09   0.00000E+00   0.27670E+04
  0.112   1.050    0.00000E+00   0.45515E+08   0.00000E+00   0.56696E+09   0.00000E+00   0.30068E+04
  0.115   1.060    0.00000E+00   0.49745E+08   0.00000E+00   0.60988E+09   0.00000E+00   0.33861E+04
  0.117   1.070    0.00000E+00   0.53083E+08   0.00000E+00   0.64713E+09   0.00000E+00   0.38876E+04
  0.119   1.080    0.00000E+00   0.55492E+08   0.00000E+00   0.67722E+09   0.00000E+00   0.44814E+04
  0.121   1.090    0.00000E+00   0.57012E+08   0.00000E+00   0.69955E+09   0.00000E+00   0.51324E+04
  0.123   1.100    0.00000E+00   0.57738E+08   0.00000E+00   0.71422E+09   0.00000E+00   0.58065E+04
  0.126   1.110    0.00000E+00   0.57790E+08   0.00000E+00   0.72177E+09   0.00000E+00   0.64743E+04
  0.128   1.120    0.00000E+00   0.57298E+08   0.00000E+00   0.72305E+09   0.00000E+00   0.71138E+04
  0.130   1.130    0.00000E+00   0.56382E+08   0.00000E+00   0.71899E+09   0.00000E+00   0.77101E+04
  0.133   1.140    0.00000E+00   0.55149E+08   0.00000E+00   0.71053E+09   0.00000E+00   0.82549E+04
  0.135   1.150    0.00000E+00   0.53692E+08   0.00000E+00   0.69851E+09   0.00000E+00   0.87449E+04
  0.137   1.160    0.00000E+00   0.52084E+08   0.00000E+00   0.68369E+09   0.00000E+00   0.91810E+04
  0.140   1.170    0.00000E+00   0.50384E+08   0.00000E+00   0.66668E+09   0.00000E+00   0.95664E+04
  0.142   1.180    0.00000E+00   0.48636E+08   0.00000E+00   0.64801E+09   0.00000E+00   0.99059E+04
  0.144   1.190    0.00000E+00   0.46873E+08   0.00000E+00   0.62808E+09   0.00000E+00   0.10205E+05
  0.147   1.200    0.00000E+00   0.45119E+08   0.00000E+00   0.60719E+09   0.00000E+00   0.10469E+05
  0.149   1.210    0.00000E+00   0.43386E+08   0.00000E+00   0.58559E+09   0.00000E+00   0.10703E+05
  0.152   1.220    0.00000E+00   0.41684E+08   0.00000E+00   0.56344E+09   0.00000E+00   0.10909E+05
  0.154   1.230    0.00000E+00   0.40015E+08   0.00000E+00   0.54090E+09   0.00000E+00   0.11087E+05
  0.157   1.240    0.00000E+00   0.38380E+08   0.00000E+00   0.51807E+09   0.00000E+00   0.11236E+05
  0.159   1.250    0.00000E+00   0.36776E+08   0.00000E+00   0.49506E+09   0.00000E+00   0.11350E+05
  0.162   1.260    0.00000E+00   0.35204E+08   0.00000E+00   0.47197E+09   0.00000E+00   0.11421E+05
  0.164   1.270    0.00000E+00   0.33661E+08   0.00000E+00   0.44890E+09   0.00000E+00   0.11438E+05
  0.167   1.280    0.00000E+00   0.32148E+08   0.00000E+00   0.42597E+09   0.00000E+00   0.11388E+05
  0.170   1.290    0.00000E+00   0.30668E+08   0.00000E+00   0.40329E+09   0.00000E+00   0.11258E+05
  0.172   1.300    0.00000E+00   0.29226E+08   0.00000E+00   0.38097E+09   0.00000E+00   0.11035E+05
  0.175   1.310    0.00000E+00   0.27829E+08   0.00000E+00   0.35913E+09   0.00000E+00   0.10705E+05
  0.178   1.320    0.00000E+00   0.26484E+08   0.00000E+00   0.33787E+09   0.00000E+00   0.10259E+05
  0.180   1.330    0.00000E+00   0.25202E+08   0.00000E+00   0.31730E+09   0.00000E+00   0.96909E+04
  0.183   1.340    0.00000E+00   0.23995E+08   0.00000E+00   0.29752E+09   0.00000E+00   0.89989E+04
  0.186   1.350    0.00000E+00   0.22875E+08   0.00000E+00   0.27860E+09   0.00000E+00   0.81867E+04
  0.189   1.360    0.00000E+00   0.21858E+08   0.00000E+00   0.26065E+09   0.00000E+00   0.72641E+04
  0.191   1.370    0.00000E+00   0.20960E+08   0.00000E+00   0.24376E+09   0.00000E+00   0.62467E+04
  0.194   1.380    0.00000E+00   0.20197E+08   0.00000E+00   0.22802E+09   0.00000E+00   0.51556E+04
  0.197   1.390    0.00000E+00   0.19585E+08   0.00000E+00   0.21352E+09   0.00000E+00   0.40164E+04
  0.200   1.400    0.00000E+00   0.19138E+08   0.00000E+00   0.20037E+09   0.00000E+00   0.28584E+04
  0.203   1.410    0.00000E+00   0.18865E+08   0.00000E+00   0.18863E+09   0.00000E+00   0.17126E+04
  0.206   1.420    0.00000E+00   0.18768E+08   0.00000E+00   0.17833E+09   0.00000E+00   0.61042E+03
  0.209   1.430    0.00000E+00   0.18838E+08   0.00000E+00   0.16948E+09   0.00000E+00  -0.41839E+03
  0.211   1.440    0.00000E+00   0.19053E+08   0.00000E+00   0.16200E+09   0.00000E+00  -0.13480E+04
  0.214   1.450    0.00000E+00   0.19379E+08   0.00000E+00   0.15574E+09   0.00000E+00  -0.21588E+04
  0.217   1.460    0.00000E+00   0.19774E+08   0.00000E+00   0.15051E+09   0.00000E+00  -0.28389E+04
  0.220   1.470    0.00000E+00   0.20189E+08   0.00000E+00   0.14606E+09   0.00000E+00  -0.33853E+04
  0.223   1.480    0.00000E+00   0.20578E+08   0.00000E+00   0.14211E+09   0.00000E+00  -0.38032E+04
  0.226   1.490    0.00000E+00   0.20901E+08   0.00000E+00   0.13842E+09   0.00000E+00  -0.41047E+04
  0.229   1.500    0.00000E+00   0.21129E+08   0.00000E+00   0.13479E+09   0.00000E+00  -0.43053E+04
  0.233   1.510    0.00000E+00   0.21243E+08   0.00000E+00   0.13107E+09   0.00000E+00  -0.44218E+04
  0.236   1.520    0.00000E+00   0.21234E+08   0.00000E+00   0.12716E+09   0.00000E+00  -0.44697E+04
  0.239   1.530    0.00000E+00   0.21098E+08   0.00000E+00   0.12300E+09   0.00000E+00  -0.44617E+04
  0.242   1.540    0.00000E+00   0.20835E+08   0.00000E+00   0.11858E+09   0.00000E+00  -0.44073E+04
  0.245   1.550    0.00000E+00   0.20442E+08   0.00000E+00   0.11387E+09   0.00000E+00  -0.43132E+04
  0.248   1.560    0.00000E+00   0.19918E+08   0.00000E+00   0.10889E+09   0.00000E+00  -0.41841E+04
  0.251   1.570    0.00000E+00   0.19263E+08   0.00000E+00   0.10364E+09   0.00000E+00  -0.40240E+04
  0.255   1.580    0.00000E+00   0.18479E+08   0.00000E+00   0.98152E+08   0.00000E+00  -0.38373E+04
  0.258   1.590    0.00000E+00   0.17578E+08   0.00000E+00   0.92463E+08   0.00000E+00  -0.36300E+04
  0.261   1.600    0.00000E+00   0.16579E+08   0.00000E+00   0.86648E+08   0.00000E+00  -0.34091E+04
  0.264   1.610    0.00000E+00   0.15515E+08   0.00000E+00   0.80801E+08   0.00000E+00  -0.31813E+04
  0.268   1.620    0.00000E+00   0.14422E+08   0.00000E+00   0.75033E+08   0.00000E+00  -0.29519E+04
  0.271   1.630    0.00000E+00   0.13340E+08   0.00000E+00   0.69452E+08   0.00000E+00  -0.27226E+04
  0.274   1.640    0.00000E+00   0.12302E+08   0.00000E+00   0.64149E+08   0.00000E+00  -0.24916E+04
  0.278   1.650    0.00000E+00   0.11332E+08   0.00000E+00   0.59188E+08   0.00000E+00  -0.22551E+04
  0.281   1.660    0.00000E+00   0.10447E+08   0.00000E+00   0.54605E+08   0.00000E+00  -0.20094E+04
  0.284   1.670    0.00000E+00   0.96509E+07   0.00000E+00   0.50411E+08   0.00000E+00  -0.17532E+04
  0.288   1.680    0.00000E+00   0.89451E+07   0.00000E+00   0.46600E+08   0.00000E+00  -0.14888E+04
  0.291   1.690    0.00000E+00   0.83249E+07   0.00000E+00   0.43152E+08   0.00000E+00  -0.12217E+04
  0.295   1.700    0.00000E+00   0.77835E+07   0.00000E+00   0.40041E+08   0.00000E+00  -0.95919E+03
  0.298   1.710    0.00000E+00   0.73131E+07   0.00000E+00   0.37237E+08   0.00000E+00  -0.70800E+03
  0.302   1.720    0.00000E+00   0.69053E+07   0.00000E+00   0.34710E+08   0.00000E+00  -0.47302E+03
  0.305   1.730    0.00000E+00   0.65519E+07   0.00000E+00   0.32429E+08   0.00000E+00  -0.25652E+03
  0.309   1.740    0.00000E+00   0.62446E+07   0.00000E+00   0.30361E+08   0.00000E+00  -0.58246E+02
  0.312   1.750    0.00000E+00   0.59754E+07   0.00000E+00   0.28476E+08   0.00000E+00   0.12389E+03
  0.316   1.760    0.00000E+00   0.57364E+07   0.00000E+00   0.26745E+08   0.00000E+00   0.29297E+03
  0.319   1.770    0.00000E+00   0.55198E+07   0.00000E+00   0.25137E+08   0.00000E+00   0.45228E+03
  0.323   1.780    0.00000E+00   0.53183E+07   0.00000E+00   0.23626E+08   0.00000E+00   0.60443E+03
  0.327   1.790    0.00000E+00   0.51256E+07   0.00000E+00   0.22189E+08   0.00000E+00   0.75064E+03
  0.330   1.800    0.00000E+00   0.49365E+07   0.00000E+00   0.20810E+08   0.00000E+00   0.89000E+03
  0.334   1.810    0.00000E+00   0.47479E+07   0.00000E+00   0.19483E+08   0.00000E+00   0.10191E+04
  0.338   1.820    0.00000E+00   0.45596E+07   0.00000E+00   0.18208E+08   0.00000E+00   0.11320E+04
  0.341   1.830    0.00000E+00   0.43733E+07   0.00000E+00   0.16996E+08   0.00000E+00   0.12212E+04
  0.345   1.840    0.00000E+00   0.41930E+07   0.00000E+00   0.15861E+08   0.00000E+00   0.12788E+04
  0.349   1.850    0.00000E+00   0.40230E+07   0.00000E+00   0.14816E+08   0.00000E+00   0.12978E+04
  0.353   1.860    0.00000E+00   0.38678E+07   0.00000E+00   0.13872E+08   0.00000E+00   0.12727E+04
  0.357   1.870    0.00000E+00   0.37308E+07   0.00000E+00   0.13035E+08   0.00000E+00   0.11996E+04
  0.360   1.880    0.00000E+00   0.36148E+07   0.00000E+00   0.12308E+08   0.00000E+00   0.10759E+04
  0.364   1.890    0.00000E+00   0.35222E+07   0.00000E+00   0.11691E+08   0.00000E+00   0.89959E+03
  0.368   1.900    0.00000E+00   0.34549E+07   0.00000E+00   0.11185E+08   0.00000E+00   0.66965E+03
  0.372   1.910    0.00000E+00   0.34152E+07   0.00000E+00   0.10790E+08   0.00000E+00   0.38644E+03
  0.376   1.920    0.00000E+00   0.34056E+07   0.00000E+00   0.10509E+08   0.00000E+00   0.52418E+02
  0.380   1.930    0.00000E+00   0.34288E+07   0.00000E+00   0.10344E+08   0.00000E+00  -0.32695E+03
  0.384   1.940    0.00000E+00   0.34872E+07   0.00000E+00   0.10299E+08   0.00000E+00  -0.74264E+03
  0.388   1.950    0.00000E+00   0.35829E+07   0.00000E+00   0.10375E+08   0.00000E+00  -0.11820E+04
  0.392   1.960    0.00000E+00   0.37167E+07   0.00000E+00   0.10570E+08   0.00000E+00  -0.16296E+04
  0.396   1.970    0.00000E+00   0.38870E+07   0.00000E+00   0.10876E+08   0.00000E+00  -0.20684E+04
  0.400   1.980    0.00000E+00   0.40885E+07   0.00000E+00   0.11275E+08   0.00000E+00  -0.24810E+04
  0.404   1.990    0.00000E+00   0.43105E+07   0.00000E+00   0.11735E+08   0.00000E+00  -0.28510E+04
  0.408   2.000    0.00000E+00   0.45346E+07   0.00000E+00   0.12203E+08   0.00000E+00  -0.31626E+04
  0.412   2.010    0.00000E+00   0.47336E+07   0.00000E+00   0.12603E+08   0.00000E+00  -0.34016E+04
  0.416   2.020    0.00000E+00   0.48735E+07   0.00000E+00   0.12841E+08   0.00000E+00  -0.35582E+04
  0.420   2.030    0.00000E+00   0.49217E+07   0.00000E+00   0.12830E+08   0.00000E+00  -0.36349E+04
  0.424   2.040    0.00000E+00   0.48611E+07   0.00000E+00   0.12525E+08   0.00000E+00  -0.36548E+04
  0.429   2.050    0.00000E+00   0.47006E+07   0.00000E+00   0.11957E+08   0.00000E+00  -0.36589E+04
  0.433   2.060    0.00000E+00   0.44720E+07   0.00000E+00   0.11216E+08   0.00000E+00  -0.36867E+04
  0.437   2.070    0.00000E+00   0.42134E+07   0.00000E+00   0.10407E+08   0.00000E+00  -0.37515E+04
  0.441   2.080    0.00000E+00   0.39557E+07   0.00000E+00   0.96139E+07   0.00000E+00  -0.38294E+04
  0.445   2.090    0.00000E+00   0.37167E+07   0.00000E+00   0.88837E+07   0.00000E+00  -0.38665E+04
  0.450   2.100    0.00000E+00   0.35035E+07   0.00000E+00   0.82339E+07   0.00000E+00  -0.37973E+04
  0.454   2.110    0.00000E+00   0.33166E+07   0.00000E+00   0.76643E+07   0.00000E+00  -0.35676E+04
  0.458   2.120    0.00000E+00   0.31536E+07   0.00000E+00   0.71664E+07   0.00000E+00  -0.31555E+04
  0.463   2.130    0.00000E+00   0.30104E+07   0.00000E+00   0.67289E+07   0.00000E+00  -0.25825E+04
  0.467   2.140    0.00000E+00   0.28835E+07   0.00000E+00   0.63406E+07   0.00000E+00  -0.19057E+04
  0.471   2.150    0.00000E+00   0.27692E+07   0.00000E+00   0.59918E+07   0.00000E+00  -0.11965E+04
  0.476   2.160    0.00000E+00   0.26648E+07   0.00000E+00   0.56747E+07   0.00000E+00  -0.51764E+03
  0.480   2.170    0.00000E+00   0.25683E+07   0.00000E+00   0.53835E+07   0.00000E+00   0.90085E+02
  0.485   2.180    0.00000E+00   0.24780E+07   0.00000E+00   0.51142E+07   0.00000E+00   0.60904E+03
  0.489   2.190    0.00000E+00   0.23936E+07   0.00000E+00   0.48650E+07   0.00000E+00   0.10391E+04
  0.494   2.200    0.00000E+00   0.23151E+07   0.00000E+00   0.46359E+07   0.00000E+00   0.13903E+04
  0.498   2.210    0.00000E+00   0.22437E+07   0.00000E+00   0.44285E+07   0.00000E+00   0.16772E+04
  0.503   2.220    0.00000E+00   0.21813E+07   0.00000E+00   0.42464E+07   0.00000E+00   0.19144E+04
  0.507   2.230    0.00000E+00   0.21302E+07   0.00000E+00   0.40931E+07   0.00000E+00   0.21142E+04
  0.512   2.240    0.00000E+00   0.20916E+07   0.00000E+00   0.39707E+07   0.00000E+00   0.22847E+04
  0.516   2.250    0.00000E+00   0.20642E+07   0.00000E+00   0.38771E+07   0.00000E+00   0.24286E+04
  0.521   2.260    0.00000E+00   0.20436E+07   0.00000E+00   0.38050E+07   0.00000E+00   0.25438E+04
  0.525   2.270    0.00000E+00   0.20242E+07   0.00000E+00   0.37455E+07   0.00000E+00   0.26260E+04
  0.530   2.280    0.00000E+00   0.20028E+07   0.00000E+00   0.36929E+07   0.00000E+00   0.26712E+04
  0.535   2.290    0.00000E+00   0.19795E+07   0.00000E+00   0.36460E+07   0.00000E+00   0.26770E+04
  0.539   2.300    0.00000E+00   0.19560E+07   0.00000E+00   0.36057E+07   0.00000E+00   0.26412E+04
  0.544   2.310    0.00000E+00   0.19337E+07   0.00000E+00   0.35717E+07   0.00000E+00   0.25603E+04
  0.549   2.320    0.00000E+00   0.19119E+07   0.00000E+00   0.35412E+07   0.00000E+00   0.24291E+04
  0.554   2.330    0.00000E+00   0.18873E+07   0.00000E+00   0.35087E+07   0.00000E+00   0.22411E+04
  0.558   2.340    0.00000E+00   0.18548E+07   0.00000E+00   0.34667E+07   0.00000E+00   0.19896E+04
  0.563   2.350    0.00000E+00   0.18087E+07   0.00000E+00   0.34084E+07   0.00000E+00   0.16703E+04
  0.568   2.360    0.00000E+00   0.17460E+07   0.00000E+00   0.33307E+07   0.00000E+00   0.12845E+04
  0.573   2.370    0.00000E+00   0.16688E+07   0.00000E+00   0.32377E+07   0.00000E+00   0.83916E+03
  0.578   2.380    0.00000E+00   0.15847E+07   0.00000E+00   0.31390E+07   0.00000E+00   0.34610E+03
  0.582   2.390    0.00000E+00   0.15031E+07   0.00000E+00   0.30454E+07   0.00000E+00  -0.17847E+03
  0.587   2.400    0.00000E+00   0.14304E+07   0.00000E+00   0.29630E+07   0.00000E+00  -0.71025E+03
  0.592   2.410    0.00000E+00   0.13689E+07   0.00000E+00   0.28929E+07   0.00000E+00  -0.12145E+04
  0.597   2.420    0.00000E+00   0.13184E+07   0.00000E+00   0.28341E+07   0.00000E+00  -0.16508E+04
  0.602   2.430    0.00000E+00   0.12778E+07   0.00000E+00   0.27851E+07   0.00000E+00  -0.19818E+04
  0.607   2.440    0.00000E+00   0.12457E+07   0.00000E+00   0.27452E+07   0.00000E+00  -0.21802E+04
  0.612   2.450    0.00000E+00   0.12205E+07   0.00000E+00   0.27138E+07   0.00000E+00  -0.22288E+04
  0.617   2.460    0.00000E+00   0.12004E+07   0.00000E+00   0.26894E+07   0.00000E+00  -0.21198E+04
  0.622   2.470    0.00000E+00   0.11832E+07   0.00000E+00   0.26700E+07   0.00000E+00  -0.18565E+04
  0.627   2.480    0.00000E+00   0.11669E+07   0.00000E+00   0.26533E+07   0.00000E+00  -0.14568E+04
  0.632   2.490    0.00000E+00   0.11498E+07   0.00000E+00   0.26364E+07   0.00000E+00  -0.95566E+03
  0.637   2.500    0.00000E+00   0.11309E+07   0.00000E+00   0.26166E+07   0.00000E+00  -0.39952E+03
  0.642   2.510    0.00000E+00   0.11094E+07   0.00000E+00   0.25913E+07   0.00000E+00   0.16540E+03
  0.648   2.520    0.00000E+00   0.10854E+07   0.00000E+00   0.25594E+07   0.00000E+00   0.70747E+03
  0.653   2.530    0.00000E+00   0.10591E+07   0.00000E+00   0.25234E+07   0.00000E+00   0.12206E+04
  0.658   2.540    0.00000E+00   0.10298E+07   0.00000E+00   0.24926E+07   0.00000E+00   0.17259E+04
  0.663   2.550    0.00000E+00   0.99289E+06   0.00000E+00   0.24819E+07   0.00000E+00   0.22527E+04
  0.668   2.560    0.00000E+00   0.93760E+06   0.00000E+00   0.24949E+07   0.00000E+00   0.27814E+04
  0.674   2.570    0.00000E+00   0.85805E+06   0.00000E+00   0.24920E+07   0.00000E+00   0.31857E+04
  0.679   2.580    0.00000E+00   0.77521E+06   0.00000E+00   0.24180E+07   0.00000E+00   0.33466E+04
  0.684   2.590    0.00000E+00   0.72164E+06   0.00000E+00   0.22889E+07   0.00000E+00   0.33398E+04
  0.689   2.600    0.00000E+00   0.70504E+06   0.00000E+00   0.21691E+07   0.00000E+00   0.33199E+04
  0.695   2.610    0.00000E+00   0.71383E+06   0.00000E+00   0.20948E+07   0.00000E+00   0.33543E+04
  0.700   2.620    0.00000E+00   0.73575E+06   0.00000E+00   0.20663E+07   0.00000E+00   0.34349E+04
  0.705   2.630    0.00000E+00   0.76392E+06   0.00000E+00   0.20682E+07   0.00000E+00   0.35323E+04
  0.711   2.640    0.00000E+00   0.79605E+06   0.00000E+00   0.20841E+07   0.00000E+00   0.36225E+04
  0.716   2.650    0.00000E+00   0.83259E+06   0.00000E+00   0.21032E+07   0.00000E+00   0.36949E+04
  0.722   2.660    0.00000E+00   0.87516E+06   0.00000E+00   0.21223E+07   0.00000E+00   0.37497E+04
  0.727   2.670    0.00000E+00   0.92540E+06   0.00000E+00   0.21443E+07   0.00000E+00   0.37900E+04
  0.732   2.680    0.00000E+00   0.98386E+06   0.00000E+00   0.21760E+07   0.00000E+00   0.38114E+04
  0.738   2.690    0.00000E+00   0.10490E+07   0.00000E+00   0.22237E+07   0.00000E+00   0.37927E+04
  0.743   2.700    0.00000E+00   0.11166E+07   0.00000E+00   0.22902E+07   0.00000E+00   0.36897E+04
  0.749   2.710    0.00000E+00   0.11799E+07   0.00000E+00   0.23720E+07   0.00000E+00   0.34385E+04
  0.754   2.720    0.00000E+00   0.12310E+07   0.00000E+00   0.24588E+07   0.00000E+00   0.29789E+04
  0.760   2.730    0.00000E+00   0.12624E+07   0.00000E+00   0.25356E+07   0.00000E+00   0.23053E+04
  0.766   2.740    0.00000E+00   0.12696E+07   0.00000E+00   0.25870E+07   0.00000E+00   0.15138E+04
  0.771   2.750    0.00000E+00   0.12523E+07   0.00000E+00   0.26025E+07   0.00000E+00   0.77629E+03
  0.777   2.760    0.00000E+00   0.12144E+07   0.00000E+00   0.25787E+07   0.00000E+00   0.23235E+03
  0.782   2.770    0.00000E+00   0.11625E+07   0.00000E+00   0.25195E+07   0.00000E+00  -0.85052E+02
  0.788   2.780    0.00000E+00   0.11039E+07   0.00000E+00   0.24330E+07   0.00000E+00  -0.22426E+03
  0.794   2.790    0.00000E+00   0.10450E+07   0.00000E+00   0.23293E+07   0.00000E+00  -0.25373E+03
  0.799   2.800    0.00000E+00   0.99060E+06   0.00000E+00   0.22176E+07   0.00000E+00  -0.22783E+03
  0.805   2.810    0.00000E+00   0.94383E+06   0.00000E+00   0.21053E+07   0.00000E+00  -0.18110E+03
  0.811   2.820    0.00000E+00   0.90608E+06   0.00000E+00   0.19976E+07   0.00000E+00  -0.13192E+03
  0.817   2.830    0.00000E+00   0.87725E+06   0.00000E+00   0.18974E+07   0.00000E+00  -0.83359E+02
  0.822   2.840    0.00000E+00   0.85545E+06   0.00000E+00   0.18058E+07   0.00000E+00  -0.16813E+02
  0.828   2.850    0.00000E+00   0.83691E+06   0.00000E+00   0.17225E+07   0.00000E+00   0.11129E+03
  0.834   2.860    0.00000E+00   0.81852E+06   0.00000E+00   0.16457E+07   0.00000E+00   0.33657E+03
  0.840   2.870    0.00000E+00   0.80136E+06   0.00000E+00   0.15723E+07   0.00000E+00   0.63319E+03
  0.846   2.880    0.00000E+00   0.78824E+06   0.00000E+00   0.14997E+07   0.00000E+00   0.93834E+03
  0.852   2.890    0.00000E+00   0.77933E+06   0.00000E+00   0.14263E+07   0.00000E+00   0.12178E+04
  0.858   2.900    0.00000E+00   0.77243E+06   0.00000E+00   0.13508E+07   0.00000E+00   0.14762E+04
  0.864   2.910    0.00000E+00   0.76488E+06   0.00000E+00   0.12727E+07   0.00000E+00   0.17392E+04
  0.869   2.920    0.00000E+00   0.75397E+06   0.00000E+00   0.11930E+07   0.00000E+00   0.20458E+04
  0.875   2.930    0.00000E+00   0.73633E+06   0.00000E+00   0.11146E+07   0.00000E+00   0.24511E+04
  0.881   2.940    0.00000E+00   0.70717E+06   0.00000E+00   0.10455E+07   0.00000E+00   0.30321E+04
  0.887   2.950    0.00000E+00   0.66122E+06   0.00000E+00   0.10009E+07   0.00000E+00   0.38758E+04
  0.893   2.960    0.00000E+00   0.59952E+06   0.00000E+00   0.10030E+07   0.00000E+00   0.50038E+04
  0.899   2.970    0.00000E+00   0.54009E+06   0.00000E+00   0.10609E+07   0.00000E+00   0.62466E+04
  0.906   2.980    0.00000E+00   0.51015E+06   0.00000E+00   0.11471E+07   0.00000E+00   0.72886E+04
  0.912   2.990    0.00000E+00   0.51665E+06   0.00000E+00   0.12203E+07   0.00000E+00   0.78963E+04
  0.918   3.000    0.00000E+00   0.54344E+06   0.00000E+00   0.12668E+07   0.00000E+00   0.78866E+04
  0.924   3.010    0.00000E+00   0.57278E+06   0.00000E+00   0.13004E+07   0.00000E+00   0.70482E+04
  0.930   3.020    0.00000E+00   0.59437E+06   0.00000E+00   0.13491E+07   0.00000E+00   0.54708E+04
  0.936   3.030    0.00000E+00   0.60208E+06   0.00000E+00   0.14505E+07   0.00000E+00   0.36814E+04
  0.942   3.040    0.00000E+00   0.58992E+06   0.00000E+00   0.16449E+07   0.00000E+00   0.21472E+04
  0.949   3.050    0.00000E+00   0.55364E+06   0.00000E+00   0.19439E+07   0.00000E+00   0.10275E+04
  0.955   3.060    0.00000E+00   0.49867E+06   0.00000E+00   0.22873E+07   0.00000E+00   0.34062E+03
  0.961   3.070    0.00000E+00   0.44214E+06   0.00000E+00   0.25679E+07   0.00000E+00   0.31107E+02
  0.967   3.080    0.00000E+00   0.39995E+06   0.00000E+00   0.27257E+07   0.00000E+00  -0.33547E+02
  0.974   3.090    0.00000E+00   0.37747E+06   0.00000E+00   0.27759E+07   0.00000E+00   0.83655E+01
  0.980   3.100    0.00000E+00   0.37392E+06   0.00000E+00   0.27592E+07   0.00000E+00   0.70440E+02
  0.986   3.110    0.00000E+00   0.38864E+06   0.00000E+00   0.27009E+07   0.00000E+00   0.12338E+03
  0.993   3.120    0.00000E+00   0.42005E+06   0.00000E+00   0.26045E+07   0.00000E+00   0.19521E+03
  0.999   3.130    0.00000E+00   0.45732E+06   0.00000E+00   0.24796E+07   0.00000E+00   0.35117E+03
  1.005   3.140    0.00000E+00   0.48478E+06   0.00000E+00   0.23714E+07   0.00000E+00   0.59216E+03
  1.012   3.150    0.00000E+00   0.50281E+06   0.00000E+00   0.23182E+07   0.00000E+00   0.83723E+03
  1.018   3.160    0.00000E+00   0.52277E+06   0.00000E+00   0.23161E+07   0.00000E+00   0.10403E+04
  1.025   3.170    0.00000E+00   0.55290E+06   0.00000E+00   0.23470E+07   0.00000E+00   0.12068E+04
  1.031   3.180    0.00000E+00   0.59726E+06   0.00000E+00   0.23971E+07   0.00000E+00   0.13567E+04
  1.038   3.190    0.00000E+00   0.65803E+06   0.00000E+00   0.24581E+07   0.00000E+00   0.15117E+04
  1.044   3.200    0.00000E+00   0.73671E+06   0.00000E+00   0.25255E+07   0.00000E+00   0.16972E+04
  1.051   3.210    0.00000E+00   0.83404E+06   0.00000E+00   0.25950E+07   0.00000E+00   0.19501E+04
  1.057   3.220    0.00000E+00   0.94627E+06   0.00000E+00   0.26521E+07   0.00000E+00   0.23282E+04
  1.064   3.230    0.00000E+00   0.10516E+07   0.00000E+00   0.26472E+07   0.00000E+00   0.29204E+04
  1.070   3.240    0.00000E+00   0.10840E+07   0.00000E+00   0.24694E+07   0.00000E+00   0.38071E+04
  1.077   3.250    0.00000E+00   0.96582E+06   0.00000E+00   0.20553E+07   0.00000E+00   0.48646E+04
  1.084   3.260    0.00000E+00   0.76527E+06   0.00000E+00   0.16173E+07   0.00000E+00   0.56439E+04
  1.090   3.270    0.00000E+00   0.61819E+06   0.00000E+00   0.13669E+07   0.00000E+00   0.56634E+04
  1.097   3.280    0.00000E+00   0.54879E+06   0.00000E+00   0.12834E+07   0.00000E+00   0.48939E+04
  1.104   3.290    0.00000E+00   0.53190E+06   0.00000E+00   0.13040E+07   0.00000E+00   0.39082E+04
  1.110   3.300    0.00000E+00   0.54960E+06   0.00000E+00   0.14219E+07   0.00000E+00   0.30874E+04
  1.117   3.310    0.00000E+00   0.59664E+06   0.00000E+00   0.17152E+07   0.00000E+00   0.24207E+04
  1.124   3.320    0.00000E+00   0.66837E+06   0.00000E+00   0.23724E+07   0.00000E+00   0.16855E+04
  1.131   3.330    0.00000E+00   0.71557E+06   0.00000E+00   0.33778E+07   0.00000E+00   0.68718E+03
  1.138   3.340    0.00000E+00   0.66118E+06   0.00000E+00   0.38366E+07   0.00000E+00  -0.89617E+02
  1.144   3.350    0.00000E+00   0.56886E+06   0.00000E+00   0.34685E+07   0.00000E+00  -0.24286E+03
  1.151   3.360    0.00000E+00   0.50839E+06   0.00000E+00   0.29347E+07   0.00000E+00  -0.12965E+03
  1.158   3.370    0.00000E+00   0.47877E+06   0.00000E+00   0.25236E+07   0.00000E+00   0.22926E+02
  1.165   3.380    0.00000E+00   0.46611E+06   0.00000E+00   0.22752E+07   0.00000E+00   0.18125E+03
  1.172   3.390    0.00000E+00   0.45671E+06   0.00000E+00   0.21794E+07   0.00000E+00   0.36338E+03
  1.179   3.400    0.00000E+00   0.43827E+06   0.00000E+00   0.21697E+07   0.00000E+00   0.57630E+03
  1.186   3.410    0.00000E+00   0.41411E+06   0.00000E+00   0.21214E+07   0.00000E+00   0.77374E+03
  1.193   3.420    0.00000E+00   0.39936E+06   0.00000E+00   0.19911E+07   0.00000E+00   0.90951E+03
  1.200   3.430    0.00000E+00   0.39763E+06   0.00000E+00   0.18241E+07   0.00000E+00   0.99354E+03
  1.207   3.440    0.00000E+00   0.40388E+06   0.00000E+00   0.16543E+07   0.00000E+00   0.10546E+04
  1.214   3.450    0.00000E+00   0.41254E+06   0.00000E+00   0.14885E+07   0.00000E+00   0.11190E+04
  1.221   3.460    0.00000E+00   0.41792E+06   0.00000E+00   0.13202E+07   0.00000E+00   0.12174E+04
  1.228   3.470    0.00000E+00   0.41173E+06   0.00000E+00   0.11400E+07   0.00000E+00   0.13990E+04
  1.235   3.480    0.00000E+00   0.38179E+06   0.00000E+00   0.95078E+06   0.00000E+00   0.17556E+04
  1.242   3.490    0.00000E+00   0.32118E+06   0.00000E+00   0.80361E+06   0.00000E+00   0.24210E+04
  1.249   3.500    0.00000E+00   0.25335E+06   0.00000E+00   0.78807E+06   0.00000E+00   0.34291E+04
  1.256   3.510    0.00000E+00   0.21730E+06   0.00000E+00   0.88236E+06   0.00000E+00   0.43232E+04
  1.263   3.520    0.00000E+00   0.21524E+06   0.00000E+00   0.97917E+06   0.00000E+00   0.42813E+04
  1.271   3.530    0.00000E+00   0.22945E+06   0.00000E+00   0.10370E+07   0.00000E+00   0.35374E+04
  1.278   3.540    0.00000E+00   0.24833E+06   0.00000E+00   0.10624E+07   0.00000E+00   0.27564E+04
  1.285   3.550    0.00000E+00   0.26686E+06   0.00000E+00   0.10678E+07   0.00000E+00   0.21552E+04
  1.292   3.560    0.00000E+00   0.28271E+06   0.00000E+00   0.10615E+07   0.00000E+00   0.17323E+04
  1.300   3.570    0.00000E+00   0.29425E+06   0.00000E+00   0.10482E+07   0.00000E+00   0.14514E+04
  1.307   3.580    0.00000E+00   0.30053E+06   0.00000E+00   0.10324E+07   0.00000E+00   0.12809E+04
  1.314   3.590    0.00000E+00   0.30308E+06   0.00000E+00   0.10210E+07   0.00000E+00   0.11938E+04
  1.322   3.600    0.00000E+00   0.30903E+06   0.00000E+00   0.10207E+07   0.00000E+00   0.11555E+04
  1.329   3.610    0.00000E+00   0.32379E+06   0.00000E+00   0.10183E+07   0.00000E+00   0.11150E+04
  1.336   3.620    0.00000E+00   0.33959E+06   0.00000E+00   0.99375E+06   0.00000E+00   0.10544E+04
  1.344   3.630    0.00000E+00   0.35074E+06   0.00000E+00   0.94923E+06   0.00000E+00   0.99052E+03
  1.351   3.640    0.00000E+00   0.35682E+06   0.00000E+00   0.89114E+06   0.00000E+00   0.93295E+03
  1.359   3.650    0.00000E+00   0.35736E+06   0.00000E+00   0.82873E+06   0.00000E+00   0.88133E+03
  1.366   3.660    0.00000E+00   0.35297E+06   0.00000E+00   0.78692E+06   0.00000E+00   0.82081E+03
  1.373   3.670    0.00000E+00   0.35000E+06   0.00000E+00   0.80963E+06   0.00000E+00   0.71220E+03
  1.381   3.680    0.00000E+00   0.36475E+06   0.00000E+00   0.91539E+06   0.00000E+00   0.50808E+03
  1.388   3.690    0.00000E+00   0.40900E+06   0.00000E+00   0.98243E+06   0.00000E+00   0.22990E+03
  1.396   3.700    0.00000E+00   0.46090E+06   0.00000E+00   0.80054E+06   0.00000E+00   0.22472E+02
  1.404   3.710    0.00000E+00   0.48911E+06   0.00000E+00   0.33121E+06   0.00000E+00   0.37641E+03
  1.411   3.720    0.00000E+00   0.36535E+06   0.00000E+00  -0.27569E+06   0.00000E+00   0.21063E+04
  1.419   3.730    0.00000E+00  -0.74801E+06   0.00000E+00   0.10830E+07   0.00000E+00   0.56180E+04
  1.426   3.740    0.00000E+00  -0.92994E+06   0.00000E+00   0.32277E+07   0.00000E+00   0.58773E+04
  1.434   3.750    0.00000E+00  -0.44518E+06   0.00000E+00   0.27264E+07   0.00000E+00   0.45128E+04
  1.442   3.760    0.00000E+00  -0.22461E+06   0.00000E+00   0.23119E+07   0.00000E+00   0.36262E+04
  1.449   3.770    0.00000E+00  -0.11791E+06   0.00000E+00   0.20448E+07   0.00000E+00   0.29874E+04
  1.457   3.780    0.00000E+00  -0.59103E+05   0.00000E+00   0.18296E+07   0.00000E+00   0.25448E+04
  1.465   3.790    0.00000E+00  -0.20445E+05   0.00000E+00   0.16045E+07   0.00000E+00   0.23408E+04
  1.472   3.800    0.00000E+00   0.20068E+05   0.00000E+00   0.13408E+07   0.00000E+00   0.24885E+04
  1.480   3.810    0.00000E+00   0.71748E+05   0.00000E+00   0.11646E+07   0.00000E+00   0.27252E+04
  1.488   3.820    0.00000E+00   0.10045E+06   0.00000E+00   0.11546E+07   0.00000E+00   0.24902E+04
  1.496   3.830    0.00000E+00   0.10618E+06   0.00000E+00   0.11710E+07   0.00000E+00   0.20798E+04
  1.504   3.840    0.00000E+00   0.10204E+06   0.00000E+00   0.11829E+07   0.00000E+00   0.16996E+04
  1.511   3.850    0.00000E+00   0.91513E+05   0.00000E+00   0.11969E+07   0.00000E+00   0.13693E+04
  1.519   3.860    0.00000E+00   0.74054E+05   0.00000E+00   0.12154E+07   0.00000E+00   0.10798E+04
  1.527   3.870    0.00000E+00   0.48292E+05   0.00000E+00   0.12318E+07   0.00000E+00   0.80544E+03
  1.535   3.880    0.00000E+00   0.18483E+05   0.00000E+00   0.12128E+07   0.00000E+00   0.47846E+03
  1.543   3.890    0.00000E+00   0.21635E+05   0.00000E+00   0.10685E+07   0.00000E+00  -0.27655E+02
  1.551   3.900    0.00000E+00   0.15786E+06   0.00000E+00   0.76468E+06   0.00000E+00  -0.71241E+03
  1.559   3.910    0.00000E+00   0.34438E+06   0.00000E+00   0.67303E+06   0.00000E+00  -0.10228E+04
  1.567   3.920    0.00000E+00   0.38104E+06   0.00000E+00   0.83463E+06   0.00000E+00  -0.41923E+02
  1.575   3.930    0.00000E+00   0.36929E+06   0.00000E+00   0.10037E+07   0.00000E+00   0.13167E+04
  1.583   3.940    0.00000E+00   0.36306E+06   0.00000E+00   0.11712E+07   0.00000E+00   0.21279E+04
  1.591   3.950    0.00000E+00   0.36923E+06   0.00000E+00   0.13905E+07   0.00000E+00   0.26476E+04
  1.599   3.960    0.00000E+00   0.39012E+06   0.00000E+00   0.17767E+07   0.00000E+00   0.32363E+04
  1.607   3.970    0.00000E+00   0.40575E+06   0.00000E+00   0.24046E+07   0.00000E+00   0.39453E+04
  1.615   3.980    0.00000E+00   0.33427E+06   0.00000E+00   0.24103E+07   0.00000E+00   0.37805E+04
  1.623   3.990    0.00000E+00   0.25318E+06   0.00000E+00   0.17002E+07   0.00000E+00   0.31490E+04
  1.632   4.000    0.00000E+00   0.21951E+06   0.00000E+00   0.12795E+07   0.00000E+00   0.29562E+04
  1.640   4.010    0.00000E+00   0.19932E+06   0.00000E+00   0.11131E+07   0.00000E+00   0.29762E+04
  1.648   4.020    0.00000E+00   0.18111E+06   0.00000E+00   0.11061E+07   0.00000E+00   0.30778E+04
  1.656   4.030    0.00000E+00   0.16832E+06   0.00000E+00   0.12531E+07   0.00000E+00   0.32426E+04
  1.664   4.040    0.00000E+00   0.16445E+06   0.00000E+00   0.16353E+07   0.00000E+00   0.34429E+04
  1.673   4.050    0.00000E+00   0.17293E+06   0.00000E+00   0.21384E+07   0.00000E+00   0.34266E+04
  1.681   4.060    0.00000E+00   0.20178E+06   0.00000E+00   0.21172E+07   0.00000E+00   0.30741E+04
  1.689   4.070    0.00000E+00   0.24126E+06   0.00000E+00   0.16868E+07   0.00000E+00   0.28362E+04
  1.697   4.080    0.00000E+00   0.29714E+06   0.00000E+00   0.12966E+07   0.00000E+00   0.27879E+04
  1.706   4.090    0.00000E+00   0.39160E+06   0.00000E+00   0.11271E+07   0.00000E+00   0.26926E+04
  1.714   4.100    0.00000E+00   0.50859E+06   0.00000E+00   0.12644E+07   0.00000E+00   0.22017E+04
  1.723   4.110    0.00000E+00   0.57755E+06   0.00000E+00   0.15375E+07   0.00000E+00   0.10939E+04
  1.731   4.120    0.00000E+00   0.58950E+06   0.00000E+00   0.17626E+07   0.00000E+00  -0.89764E+03
  1.739   4.130    0.00000E+00   0.57226E+06   0.00000E+00   0.19190E+07   0.00000E+00  -0.41669E+04
  1.748   4.140    0.00000E+00   0.54032E+06   0.00000E+00   0.20051E+07   0.00000E+00  -0.15690E+04
  1.756   4.150    0.00000E+00   0.49874E+06   0.00000E+00   0.20151E+07   0.00000E+00   0.12020E+04
  1.765   4.160    0.00000E+00   0.44833E+06   0.00000E+00   0.19381E+07   0.00000E+00   0.24392E+04
  1.773   4.170    0.00000E+00   0.39195E+06   0.00000E+00   0.17611E+07   0.00000E+00   0.30529E+04
  1.782   4.180    0.00000E+00   0.34225E+06   0.00000E+00   0.15179E+07   0.00000E+00   0.33322E+04
  1.790   4.190    0.00000E+00   0.31228E+06   0.00000E+00   0.12883E+07   0.00000E+00   0.33979E+04
  1.799   4.200    0.00000E+00   0.30495E+06   0.00000E+00   0.11163E+07   0.00000E+00   0.33011E+04
  1.807   4.210    0.00000E+00   0.32310E+06   0.00000E+00   0.10662E+07   0.00000E+00   0.30919E+04
  1.816   4.220    0.00000E+00   0.34261E+06   0.00000E+00   0.12862E+07   0.00000E+00   0.30097E+04
  1.825   4.230    0.00000E+00   0.33428E+06   0.00000E+00   0.13812E+07   0.00000E+00   0.28683E+04
  1.833   4.240    0.00000E+00   0.32946E+06   0.00000E+00   0.13239E+07   0.00000E+00   0.26679E+04
  1.842   4.250    0.00000E+00   0.32964E+06   0.00000E+00   0.12652E+07   0.00000E+00   0.25860E+04
  1.851   4.260    0.00000E+00   0.33319E+06   0.00000E+00   0.12318E+07   0.00000E+00   0.26557E+04
  1.859   4.270    0.00000E+00   0.34669E+06   0.00000E+00   0.12251E+07   0.00000E+00   0.28755E+04
  1.868   4.280    0.00000E+00   0.38090E+06   0.00000E+00   0.12928E+07   0.00000E+00   0.32545E+04
  1.877   4.290    0.00000E+00   0.41528E+06   0.00000E+00   0.14479E+07   0.00000E+00   0.37955E+04
  1.885   4.300    0.00000E+00   0.41259E+06   0.00000E+00   0.16338E+07   0.00000E+00   0.45396E+04
  1.894   4.310    0.00000E+00   0.35377E+06   0.00000E+00   0.16374E+07   0.00000E+00   0.36843E+04
  1.903   4.320    0.00000E+00   0.30317E+06   0.00000E+00   0.15252E+07   0.00000E+00  -0.75691E+03
  1.912   4.330    0.00000E+00   0.27357E+06   0.00000E+00   0.14824E+07   0.00000E+00  -0.12276E+04
  1.921   4.340    0.00000E+00   0.24725E+06   0.00000E+00   0.15255E+07   0.00000E+00  -0.58895E+03
  1.930   4.350    0.00000E+00   0.21380E+06   0.00000E+00   0.16333E+07   0.00000E+00   0.13664E+03
  1.938   4.360    0.00000E+00   0.17227E+06   0.00000E+00   0.17666E+07   0.00000E+00   0.86079E+03
  1.947   4.370    0.00000E+00   0.13244E+06   0.00000E+00   0.19283E+07   0.00000E+00   0.14797E+04
  1.956   4.380    0.00000E+00   0.11634E+06   0.00000E+00   0.21735E+07   0.00000E+00   0.19842E+04
  1.965   4.390    0.00000E+00   0.13368E+06   0.00000E+00   0.24077E+07   0.00000E+00   0.25588E+04
  1.974   4.400    0.00000E+00   0.17387E+06   0.00000E+00   0.26266E+07   0.00000E+00   0.29036E+04
  1.983   4.410    0.00000E+00   0.25177E+06   0.00000E+00   0.26516E+07   0.00000E+00   0.26833E+04
  1.992   4.420    0.00000E+00   0.33530E+06   0.00000E+00   0.24600E+07   0.00000E+00   0.22292E+04
  2.001   4.430    0.00000E+00   0.40959E+06   0.00000E+00   0.22555E+07   0.00000E+00   0.19672E+04
  2.010   4.440    0.00000E+00   0.47934E+06   0.00000E+00   0.20408E+07   0.00000E+00   0.19683E+04
  2.019   4.450    0.00000E+00   0.53408E+06   0.00000E+00   0.17238E+07   0.00000E+00   0.24031E+04
  2.028   4.460    0.00000E+00   0.51008E+06   0.00000E+00   0.11874E+07   0.00000E+00   0.41912E+04
  2.037   4.470    0.00000E+00   0.34051E+06   0.00000E+00   0.75055E+06   0.00000E+00   0.51702E+04
  2.047   4.480    0.00000E+00   0.18075E+06   0.00000E+00   0.96177E+06   0.00000E+00   0.40462E+04
  2.056   4.490    0.00000E+00   0.10601E+06   0.00000E+00   0.14477E+07   0.00000E+00   0.30314E+04
  2.065   4.500    0.00000E+00   0.73420E+05   0.00000E+00   0.17653E+07   0.00000E+00   0.16148E+04
  2.074   4.510    0.00000E+00   0.80910E+05   0.00000E+00   0.19364E+07   0.00000E+00  -0.23699E+02
  2.083   4.520    0.00000E+00   0.11982E+06   0.00000E+00   0.21069E+07   0.00000E+00  -0.13621E+04
  2.093   4.530    0.00000E+00   0.19818E+06   0.00000E+00   0.21085E+07   0.00000E+00  -0.19789E+04
  2.102   4.540    0.00000E+00   0.22439E+06   0.00000E+00   0.94463E+06   0.00000E+00  -0.12314E+04
  2.111   4.550    0.00000E+00   0.20311E+06   0.00000E+00   0.10740E+07   0.00000E+00   0.54444E+03
  2.120   4.560    0.00000E+00   0.23923E+06   0.00000E+00   0.14206E+07   0.00000E+00   0.16569E+04
  2.130   4.570    0.00000E+00   0.28274E+06   0.00000E+00   0.17379E+07   0.00000E+00   0.24631E+04
  2.139   4.580    0.00000E+00   0.33234E+06   0.00000E+00   0.21720E+07   0.00000E+00   0.31753E+04
  2.148   4.590    0.00000E+00   0.36530E+06   0.00000E+00   0.21841E+07   0.00000E+00   0.37283E+04
  2.158   4.600    0.00000E+00   0.21917E+06   0.00000E+00   0.77995E+05   0.00000E+00   0.19689E+04
  2.167   4.610    0.00000E+00   0.23064E+06   0.00000E+00   0.39259E+06   0.00000E+00   0.14880E+04
  2.177   4.620    0.00000E+00   0.24605E+06   0.00000E+00   0.65058E+06   0.00000E+00   0.14320E+04
  2.186   4.630    0.00000E+00   0.24964E+06   0.00000E+00   0.81654E+06   0.00000E+00   0.15855E+04
  2.195   4.640    0.00000E+00   0.23788E+06   0.00000E+00   0.96704E+06   0.00000E+00   0.21899E+04
  2.205   4.650    0.00000E+00   0.19316E+06   0.00000E+00   0.11778E+07   0.00000E+00   0.43005E+04
  2.214   4.660    0.00000E+00   0.73123E+05   0.00000E+00   0.15223E+07   0.00000E+00   0.53832E+04
  2.224   4.670    0.00000E+00  -0.40223E+05   0.00000E+00   0.16627E+07   0.00000E+00   0.37495E+04
  2.233   4.680    0.00000E+00   0.54884E+05   0.00000E+00   0.13378E+07   0.00000E+00   0.23456E+04
  2.243   4.690    0.00000E+00   0.17589E+06   0.00000E+00   0.10856E+07   0.00000E+00   0.94463E+03
  2.253   4.700    0.00000E+00   0.25458E+06   0.00000E+00   0.97779E+06   0.00000E+00  -0.14213E+04
  2.262   4.710    0.00000E+00   0.28789E+06   0.00000E+00   0.95542E+06   0.00000E+00  -0.23090E+04
  2.272   4.720    0.00000E+00   0.27799E+06   0.00000E+00   0.92391E+06   0.00000E+00   0.98434E+02
  2.281   4.730    0.00000E+00   0.22679E+06   0.00000E+00   0.85740E+06   0.00000E+00   0.15820E+04
  2.291   4.740    0.00000E+00   0.13251E+06   0.00000E+00   0.93473E+06   0.00000E+00   0.22669E+04
  2.301   4.750    0.00000E+00   0.16065E+06   0.00000E+00   0.61833E+06   0.00000E+00   0.20267E+04
  2.310   4.760    0.00000E+00   0.24811E+06   0.00000E+00   0.34285E+06   0.00000E+00   0.15287E+04
  2.320   4.770    0.00000E+00   0.28891E+06   0.00000E+00   0.57884E+06   0.00000E+00   0.10734E+04
  2.330   4.780    0.00000E+00   0.20034E+06   0.00000E+00   0.79940E+06   0.00000E+00   0.88755E+03
  2.340   4.790    0.00000E+00   0.41439E+05   0.00000E+00   0.67334E+06   0.00000E+00   0.91988E+03
  2.349   4.800    0.00000E+00  -0.24869E+06   0.00000E+00   0.38656E+06   0.00000E+00   0.86750E+03
  2.359   4.810    0.00000E+00   0.39859E+05   0.00000E+00   0.44841E+05   0.00000E+00   0.13649E+04
  2.369   4.820    0.00000E+00   0.34387E+06   0.00000E+00  -0.34824E+06   0.00000E+00   0.17031E+04
  2.379   4.830    0.00000E+00   0.27530E+06   0.00000E+00  -0.65298E+06   0.00000E+00   0.29692E+04
  2.389   4.840    0.00000E+00   0.22195E+06   0.00000E+00  -0.83172E+06   0.00000E+00   0.86629E+04
  2.399   4.850    0.00000E+00   0.16691E+06   0.00000E+00  -0.96222E+06   0.00000E+00   0.44914E+04
  2.409   4.860    0.00000E+00   0.13658E+06   0.00000E+00  -0.11386E+07   0.00000E+00   0.25730E+04
  2.418   4.870    0.00000E+00   0.31844E+06   0.00000E+00  -0.13148E+07   0.00000E+00   0.10881E+04
  2.428   4.880    0.00000E+00   0.59128E+06   0.00000E+00  -0.84161E+06   0.00000E+00  -0.17436E+03
  2.438   4.890    0.00000E+00   0.52180E+06   0.00000E+00  -0.13845E+07   0.00000E+00   0.63859E+03
  2.448   4.900    0.00000E+00   0.43347E+06   0.00000E+00  -0.14417E+07   0.00000E+00   0.11407E+04
  2.458   4.910    0.00000E+00   0.37136E+06   0.00000E+00  -0.12956E+07   0.00000E+00   0.95914E+03
  2.468   4.920    0.00000E+00   0.32638E+06   0.00000E+00  -0.12021E+07   0.00000E+00   0.43725E+03
  2.478   4.930    0.00000E+00   0.30495E+06   0.00000E+00  -0.77771E+06   0.00000E+00   0.88447E+02
  2.488   4.940    0.00000E+00   0.31630E+06   0.00000E+00  -0.37786E+06   0.00000E+00  -0.32550E+03
  2.499   4.950    0.00000E+00   0.31253E+06   0.00000E+00  -0.20756E+06   0.00000E+00  -0.61325E+03
  2.509   4.960    0.00000E+00   0.26675E+06   0.00000E+00  -0.10633E+06   0.00000E+00  -0.47310E+03
  2.519   4.970    0.00000E+00   0.29635E+06   0.00000E+00  -0.13300E+06   0.00000E+00  -0.30682E+03
  2.529   4.980    0.00000E+00   0.34676E+06   0.00000E+00  -0.16372E+06   0.00000E+00  -0.63273E+02
  2.539   4.990    0.00000E+00   0.36688E+06   0.00000E+00   0.25774E+06   0.00000E+00   0.80332E+03
