  0.000   0.010    0.00000E+00   0.13550E-05   0.00000E+00   0.86439E-05   0.00000E+00  -0.39752E-10
  0.000   0.020    0.00000E+00   0.17333E-03   0.00000E+00   0.11080E-02   0.00000E+00  -0.50750E-08
  0.000   0.030    0.00000E+00   0.29583E-02   0.00000E+00   0.18978E-01   0.00000E+00  -0.86352E-07
  0.000   0.040    0.00000E+00   0.22130E-01   0.00000E+00   0.14265E+00   0.00000E+00  -0.64316E-06
  0.000   0.050    0.00000E+00   0.10532E+00   0.00000E+00   0.68314E+00   0.00000E+00  -0.30439E-05
  0.000   0.060    0.00000E+00   0.37652E+00   0.00000E+00   0.24605E+01   0.00000E+00  -0.10807E-04
  0.000   0.070    0.00000E+00   0.11046E+01   0.00000E+00   0.72822E+01   0.00000E+00  -0.31446E-04
  0.001   0.080    0.00000E+00   0.28040E+01   0.00000E+00   0.18671E+02   0.00000E+00  -0.79065E-04
  0.001   0.090    0.00000E+00   0.63720E+01   0.00000E+00   0.42904E+02   0.00000E+00  -0.17772E-03
  0.001   0.100    0.00000E+00   0.13268E+02   0.00000E+00   0.90444E+02   0.00000E+00  -0.36555E-03
  0.001   0.110    0.00000E+00   0.25739E+02   0.00000E+00   0.17782E+03   0.00000E+00  -0.69947E-03
  0.001   0.120    0.00000E+00   0.47092E+02   0.00000E+00   0.33006E+03   0.00000E+00  -0.12604E-02
  0.002   0.130    0.00000E+00   0.82020E+02   0.00000E+00   0.58376E+03   0.00000E+00  -0.21588E-02
  0.002   0.140    0.00000E+00   0.13698E+03   0.00000E+00   0.99088E+03   0.00000E+00  -0.35397E-02
  0.002   0.150    0.00000E+00   0.22060E+03   0.00000E+00   0.16234E+04   0.00000E+00  -0.55878E-02
  0.003   0.160    0.00000E+00   0.34421E+03   0.00000E+00   0.25786E+04   0.00000E+00  -0.85308E-02
  0.003   0.170    0.00000E+00   0.52229E+03   0.00000E+00   0.39862E+04   0.00000E+00  -0.12642E-01
  0.003   0.180    0.00000E+00   0.77313E+03   0.00000E+00   0.60152E+04   0.00000E+00  -0.18240E-01
  0.004   0.190    0.00000E+00   0.11193E+04   0.00000E+00   0.88834E+04   0.00000E+00  -0.25687E-01
  0.004   0.200    0.00000E+00   0.15886E+04   0.00000E+00   0.12867E+05   0.00000E+00  -0.35380E-01
  0.004   0.210    0.00000E+00   0.22141E+04   0.00000E+00   0.18311E+05   0.00000E+00  -0.47742E-01
  0.005   0.220    0.00000E+00   0.30357E+04   0.00000E+00   0.25645E+05   0.00000E+00  -0.63207E-01
  0.005   0.230    0.00000E+00   0.40998E+04   0.00000E+00   0.35392E+05   0.00000E+00  -0.82197E-01
  0.006   0.240    0.00000E+00   0.54609E+04   0.00000E+00   0.48187E+05   0.00000E+00  -0.10510E+00
  0.006   0.250    0.00000E+00   0.71814E+04   0.00000E+00   0.64792E+05   0.00000E+00  -0.13221E+00
  0.007   0.260    0.00000E+00   0.93327E+04   0.00000E+00   0.86113E+05   0.00000E+00  -0.16375E+00
  0.007   0.270    0.00000E+00   0.11995E+05   0.00000E+00   0.11322E+06   0.00000E+00  -0.19972E+00
  0.008   0.280    0.00000E+00   0.15260E+05   0.00000E+00   0.14734E+06   0.00000E+00  -0.23995E+00
  0.009   0.290    0.00000E+00   0.19226E+05   0.00000E+00   0.18994E+06   0.00000E+00  -0.28395E+00
  0.009   0.300    0.00000E+00   0.24005E+05   0.00000E+00   0.24265E+06   0.00000E+00  -0.33086E+00
  0.010   0.310    0.00000E+00   0.29716E+05   0.00000E+00   0.30735E+06   0.00000E+00  -0.37938E+00
  0.010   0.320    0.00000E+00   0.36488E+05   0.00000E+00   0.38617E+06   0.00000E+00  -0.42766E+00
  0.011   0.330    0.00000E+00   0.44460E+05   0.00000E+00   0.48147E+06   0.00000E+00  -0.47320E+00
  0.012   0.340    0.00000E+00   0.53777E+05   0.00000E+00   0.59587E+06   0.00000E+00  -0.51277E+00
  0.012   0.350    0.00000E+00   0.64593E+05   0.00000E+00   0.73225E+06   0.00000E+00  -0.54226E+00
  0.013   0.360    0.00000E+00   0.77065E+05   0.00000E+00   0.89375E+06   0.00000E+00  -0.55664E+00
  0.014   0.370    0.00000E+00   0.91354E+05   0.00000E+00   0.10837E+07   0.00000E+00  -0.54980E+00
  0.015   0.380    0.00000E+00   0.10762E+06   0.00000E+00   0.13057E+07   0.00000E+00  -0.51446E+00
  0.016   0.390    0.00000E+00   0.12602E+06   0.00000E+00   0.15636E+07   0.00000E+00  -0.44212E+00
  0.016   0.400    0.00000E+00   0.14671E+06   0.00000E+00   0.18611E+07   0.00000E+00  -0.32293E+00
  0.017   0.410    0.00000E+00   0.16983E+06   0.00000E+00   0.22024E+07   0.00000E+00  -0.14570E+00
  0.018   0.420    0.00000E+00   0.19551E+06   0.00000E+00   0.25914E+07   0.00000E+00   0.10222E+00
  0.019   0.430    0.00000E+00   0.22385E+06   0.00000E+00   0.30320E+07   0.00000E+00   0.43489E+00
  0.020   0.440    0.00000E+00   0.25494E+06   0.00000E+00   0.35281E+07   0.00000E+00   0.86775E+00
  0.021   0.450    0.00000E+00   0.28883E+06   0.00000E+00   0.40829E+07   0.00000E+00   0.14176E+01
  0.022   0.460    0.00000E+00   0.32554E+06   0.00000E+00   0.46997E+07   0.00000E+00   0.21025E+01
  0.023   0.470    0.00000E+00   0.36505E+06   0.00000E+00   0.53809E+07   0.00000E+00   0.29415E+01
  0.023   0.480    0.00000E+00   0.40728E+06   0.00000E+00   0.61283E+07   0.00000E+00   0.39546E+01
  0.024   0.490    0.00000E+00   0.45213E+06   0.00000E+00   0.69428E+07   0.00000E+00   0.51623E+01
  0.025   0.500    0.00000E+00   0.49941E+06   0.00000E+00   0.78245E+07   0.00000E+00   0.65856E+01
  0.027   0.510    0.00000E+00   0.54890E+06   0.00000E+00   0.87721E+07   0.00000E+00   0.82453E+01
  0.028   0.520    0.00000E+00   0.60030E+06   0.00000E+00   0.97833E+07   0.00000E+00   0.10162E+02
  0.029   0.530    0.00000E+00   0.65328E+06   0.00000E+00   0.10854E+08   0.00000E+00   0.12354E+02
  0.030   0.540    0.00000E+00   0.70744E+06   0.00000E+00   0.11980E+08   0.00000E+00   0.14842E+02
  0.031   0.550    0.00000E+00   0.76232E+06   0.00000E+00   0.13153E+08   0.00000E+00   0.17639E+02
  0.032   0.560    0.00000E+00   0.81741E+06   0.00000E+00   0.14366E+08   0.00000E+00   0.20761E+02
  0.033   0.570    0.00000E+00   0.87219E+06   0.00000E+00   0.15609E+08   0.00000E+00   0.24219E+02
  0.034   0.580    0.00000E+00   0.92607E+06   0.00000E+00   0.16872E+08   0.00000E+00   0.28019E+02
  0.035   0.590    0.00000E+00   0.97846E+06   0.00000E+00   0.18141E+08   0.00000E+00   0.32166E+02
  0.037   0.600    0.00000E+00   0.10288E+07   0.00000E+00   0.19404E+08   0.00000E+00   0.36660E+02
  0.038   0.610    0.00000E+00   0.10764E+07   0.00000E+00   0.20647E+08   0.00000E+00   0.41495E+02
  0.039   0.620    0.00000E+00   0.11207E+07   0.00000E+00   0.21855E+08   0.00000E+00   0.46661E+02
  0.040   0.630    0.00000E+00   0.11613E+07   0.00000E+00   0.23012E+08   0.00000E+00   0.52142E+02
  0.042   0.640    0.00000E+00   0.11974E+07   0.00000E+00   0.24105E+08   0.00000E+00   0.57917E+02
  0.043   0.650    0.00000E+00   0.12288E+07   0.00000E+00   0.25116E+08   0.00000E+00   0.63956E+02
  0.044   0.660    0.00000E+00   0.12549E+07   0.00000E+00   0.26032E+08   0.00000E+00   0.70224E+02
  0.046   0.670    0.00000E+00   0.12754E+07   0.00000E+00   0.26839E+08   0.00000E+00   0.76679E+02
  0.047   0.680    0.00000E+00   0.12900E+07   0.00000E+00   0.27524E+08   0.00000E+00   0.83267E+02
  0.049   0.690    0.00000E+00   0.12985E+07   0.00000E+00   0.28075E+08   0.00000E+00   0.89929E+02
  0.050   0.700    0.00000E+00   0.13006E+07   0.00000E+00   0.28481E+08   0.00000E+00   0.96591E+02
  0.051   0.710    0.00000E+00   0.12964E+07   0.00000E+00   0.28732E+08   0.00000E+00   0.10317E+03
  0.053   0.720    0.00000E+00   0.12859E+07   0.00000E+00   0.28822E+08   0.00000E+00   0.10957E+03
  0.054   0.730    0.00000E+00   0.12690E+07   0.00000E+00   0.28743E+08   0.00000E+00   0.11567E+03
  0.056   0.740    0.00000E+00   0.12459E+07   0.00000E+00   0.28493E+08   0.00000E+00   0.12134E+03
  0.057   0.750    0.00000E+00   0.12168E+07   0.00000E+00   0.28068E+08   0.00000E+00   0.12643E+03
  0.059   0.760    0.00000E+00   0.11821E+07   0.00000E+00   0.27469E+08   0.00000E+00   0.13077E+03
  0.060   0.770    0.00000E+00   0.11422E+07   0.00000E+00   0.26696E+08   0.00000E+00   0.13416E+03
  0.062   0.780    0.00000E+00   0.10977E+07   0.00000E+00   0.25753E+08   0.00000E+00   0.13638E+03
  0.064   0.790    0.00000E+00   0.10491E+07   0.00000E+00   0.24646E+08   0.00000E+00   0.13716E+03
  0.065   0.800    0.00000E+00   0.99749E+06   0.00000E+00   0.23384E+08   0.00000E+00   0.13623E+03
  0.067   0.810    0.00000E+00   0.94380E+06   0.00000E+00   0.21976E+08   0.00000E+00   0.13327E+03
  0.069   0.820    0.00000E+00   0.88940E+06   0.00000E+00   0.20436E+08   0.00000E+00   0.12792E+03
  0.070   0.830    0.00000E+00   0.83588E+06   0.00000E+00   0.18779E+08   0.00000E+00   0.11978E+03
  0.072   0.840    0.00000E+00   0.78519E+06   0.00000E+00   0.17027E+08   0.00000E+00   0.10844E+03
  0.074   0.850    0.00000E+00   0.73970E+06   0.00000E+00   0.15202E+08   0.00000E+00   0.93438E+02
  0.075   0.860    0.00000E+00   0.70223E+06   0.00000E+00   0.13332E+08   0.00000E+00   0.74271E+02
  0.077   0.870    0.00000E+00   0.67621E+06   0.00000E+00   0.11452E+08   0.00000E+00   0.50426E+02
  0.079   0.880    0.00000E+00   0.66569E+06   0.00000E+00   0.96036E+07   0.00000E+00   0.21368E+02
  0.081   0.890    0.00000E+00   0.67546E+06   0.00000E+00   0.78349E+07   0.00000E+00  -0.13439E+02
  0.083   0.900    0.00000E+00   0.71115E+06   0.00000E+00   0.62058E+07   0.00000E+00  -0.54513E+02
  0.084   0.910    0.00000E+00   0.77924E+06   0.00000E+00   0.47872E+07   0.00000E+00  -0.10233E+03
  0.086   0.920    0.00000E+00   0.88704E+06   0.00000E+00   0.36631E+07   0.00000E+00  -0.15727E+03
  0.088   0.930    0.00000E+00   0.10425E+07   0.00000E+00   0.29311E+07   0.00000E+00  -0.21958E+03
  0.090   0.940    0.00000E+00   0.12540E+07   0.00000E+00   0.27018E+07   0.00000E+00  -0.28930E+03
  0.092   0.950    0.00000E+00   0.15294E+07   0.00000E+00   0.30950E+07   0.00000E+00  -0.36615E+03
  0.094   0.960    0.00000E+00   0.18751E+07   0.00000E+00   0.42323E+07   0.00000E+00  -0.44937E+03
  0.096   0.970    0.00000E+00   0.22948E+07   0.00000E+00   0.62233E+07   0.00000E+00  -0.53751E+03
  0.098   0.980    0.00000E+00   0.27868E+07   0.00000E+00   0.91463E+07   0.00000E+00  -0.62824E+03
  0.100   0.990    0.00000E+00   0.33428E+07   0.00000E+00   0.13023E+08   0.00000E+00  -0.71807E+03
  0.102   1.000    0.00000E+00   0.39456E+07   0.00000E+00   0.17790E+08   0.00000E+00  -0.80226E+03
  0.104   1.010    0.00000E+00   0.45692E+07   0.00000E+00   0.23286E+08   0.00000E+00  -0.87508E+03
  0.106   1.020    0.00000E+00   0.51809E+07   0.00000E+00   0.29242E+08   0.00000E+00  -0.93043E+03
  0.108   1.030    0.00000E+00   0.57452E+07   0.00000E+00   0.35317E+08   0.00000E+00  -0.96295E+03
  0.110   1.040    0.00000E+00   0.62298E+07   0.00000E+00   0.41142E+08   0.00000E+00  -0.96922E+03
  0.112   1.050    0.00000E+00   0.66112E+07   0.00000E+00   0.46385E+08   0.00000E+00  -0.94865E+03
  0.115   1.060    0.00000E+00   0.68778E+07   0.00000E+00   0.50797E+08   0.00000E+00  -0.90356E+03
  0.117   1.070    0.00000E+00   0.70296E+07   0.00000E+00   0.54244E+08   0.00000E+00  -0.83856E+03
  0.119   1.080    0.00000E+00   0.70766E+07   0.00000E+00   0.56695E+08   0.00000E+00  -0.75944E+03
  0.121   1.090    0.00000E+00   0.70342E+07   0.00000E+00   0.58209E+08   0.00000E+00  -0.67212E+03
  0.123   1.100    0.00000E+00   0.69206E+07   0.00000E+00   0.58893E+08   0.00000E+00  -0.58179E+03
  0.126   1.110    0.00000E+00   0.67534E+07   0.00000E+00   0.58883E+08   0.00000E+00  -0.49256E+03
  0.128   1.120    0.00000E+00   0.65486E+07   0.00000E+00   0.58317E+08   0.00000E+00  -0.40736E+03
  0.130   1.130    0.00000E+00   0.63195E+07   0.00000E+00   0.57325E+08   0.00000E+00  -0.32804E+03
  0.133   1.140    0.00000E+00   0.60768E+07   0.00000E+00   0.56018E+08   0.00000E+00  -0.25561E+03
  0.135   1.150    0.00000E+00   0.58288E+07   0.00000E+00   0.54489E+08   0.00000E+00  -0.19046E+03
  0.137   1.160    0.00000E+00   0.55816E+07   0.00000E+00   0.52815E+08   0.00000E+00  -0.13251E+03
  0.140   1.170    0.00000E+00   0.53399E+07   0.00000E+00   0.51055E+08   0.00000E+00  -0.81413E+02
  0.142   1.180    0.00000E+00   0.51068E+07   0.00000E+00   0.49251E+08   0.00000E+00  -0.36601E+02
  0.144   1.190    0.00000E+00   0.48844E+07   0.00000E+00   0.47438E+08   0.00000E+00   0.25848E+01
  0.147   1.200    0.00000E+00   0.46741E+07   0.00000E+00   0.45636E+08   0.00000E+00   0.36848E+02
  0.149   1.210    0.00000E+00   0.44766E+07   0.00000E+00   0.43860E+08   0.00000E+00   0.66876E+02
  0.152   1.220    0.00000E+00   0.42920E+07   0.00000E+00   0.42117E+08   0.00000E+00   0.93277E+02
  0.154   1.230    0.00000E+00   0.41202E+07   0.00000E+00   0.40411E+08   0.00000E+00   0.11652E+03
  0.157   1.240    0.00000E+00   0.39607E+07   0.00000E+00   0.38740E+08   0.00000E+00   0.13687E+03
  0.159   1.250    0.00000E+00   0.38129E+07   0.00000E+00   0.37105E+08   0.00000E+00   0.15432E+03
  0.162   1.260    0.00000E+00   0.36762E+07   0.00000E+00   0.35503E+08   0.00000E+00   0.16858E+03
  0.164   1.270    0.00000E+00   0.35499E+07   0.00000E+00   0.33933E+08   0.00000E+00   0.17905E+03
  0.167   1.280    0.00000E+00   0.34339E+07   0.00000E+00   0.32396E+08   0.00000E+00   0.18484E+03
  0.170   1.290    0.00000E+00   0.33280E+07   0.00000E+00   0.30896E+08   0.00000E+00   0.18484E+03
  0.172   1.300    0.00000E+00   0.32324E+07   0.00000E+00   0.29436E+08   0.00000E+00   0.17780E+03
  0.175   1.310    0.00000E+00   0.31477E+07   0.00000E+00   0.28024E+08   0.00000E+00   0.16243E+03
  0.178   1.320    0.00000E+00   0.30748E+07   0.00000E+00   0.26666E+08   0.00000E+00   0.13755E+03
  0.180   1.330    0.00000E+00   0.30152E+07   0.00000E+00   0.25374E+08   0.00000E+00   0.10224E+03
  0.183   1.340    0.00000E+00   0.29703E+07   0.00000E+00   0.24159E+08   0.00000E+00   0.55941E+02
  0.186   1.350    0.00000E+00   0.29423E+07   0.00000E+00   0.23034E+08   0.00000E+00  -0.13459E+01
  0.189   1.360    0.00000E+00   0.29335E+07   0.00000E+00   0.22014E+08   0.00000E+00  -0.68983E+02
  0.191   1.370    0.00000E+00   0.29464E+07   0.00000E+00   0.21115E+08   0.00000E+00  -0.14559E+03
  0.194   1.380    0.00000E+00   0.29835E+07   0.00000E+00   0.20353E+08   0.00000E+00  -0.22898E+03
  0.197   1.390    0.00000E+00   0.30470E+07   0.00000E+00   0.19745E+08   0.00000E+00  -0.31619E+03
  0.200   1.400    0.00000E+00   0.31384E+07   0.00000E+00   0.19306E+08   0.00000E+00  -0.40357E+03
  0.203   1.410    0.00000E+00   0.32582E+07   0.00000E+00   0.19046E+08   0.00000E+00  -0.48687E+03
  0.206   1.420    0.00000E+00   0.34050E+07   0.00000E+00   0.18966E+08   0.00000E+00  -0.56162E+03
  0.209   1.430    0.00000E+00   0.35753E+07   0.00000E+00   0.19059E+08   0.00000E+00  -0.62340E+03
  0.211   1.440    0.00000E+00   0.37633E+07   0.00000E+00   0.19304E+08   0.00000E+00  -0.66837E+03
  0.214   1.450    0.00000E+00   0.39610E+07   0.00000E+00   0.19665E+08   0.00000E+00  -0.69371E+03
  0.217   1.460    0.00000E+00   0.41593E+07   0.00000E+00   0.20098E+08   0.00000E+00  -0.69802E+03
  0.220   1.470    0.00000E+00   0.43486E+07   0.00000E+00   0.20554E+08   0.00000E+00  -0.68143E+03
  0.223   1.480    0.00000E+00   0.45205E+07   0.00000E+00   0.20982E+08   0.00000E+00  -0.64545E+03
  0.226   1.490    0.00000E+00   0.46686E+07   0.00000E+00   0.21341E+08   0.00000E+00  -0.59253E+03
  0.229   1.500    0.00000E+00   0.47885E+07   0.00000E+00   0.21600E+08   0.00000E+00  -0.52551E+03
  0.233   1.510    0.00000E+00   0.48780E+07   0.00000E+00   0.21740E+08   0.00000E+00  -0.44702E+03
  0.236   1.520    0.00000E+00   0.49361E+07   0.00000E+00   0.21750E+08   0.00000E+00  -0.35915E+03
  0.239   1.530    0.00000E+00   0.49620E+07   0.00000E+00   0.21627E+08   0.00000E+00  -0.26328E+03
  0.242   1.540    0.00000E+00   0.49546E+07   0.00000E+00   0.21371E+08   0.00000E+00  -0.16012E+03
  0.245   1.550    0.00000E+00   0.49115E+07   0.00000E+00   0.20982E+08   0.00000E+00  -0.50081E+02
  0.248   1.560    0.00000E+00   0.48299E+07   0.00000E+00   0.20459E+08   0.00000E+00   0.66349E+02
  0.251   1.570    0.00000E+00   0.47065E+07   0.00000E+00   0.19801E+08   0.00000E+00   0.18797E+03
  0.255   1.580    0.00000E+00   0.45394E+07   0.00000E+00   0.19012E+08   0.00000E+00   0.31227E+03
  0.258   1.590    0.00000E+00   0.43296E+07   0.00000E+00   0.18101E+08   0.00000E+00   0.43500E+03
  0.261   1.600    0.00000E+00   0.40820E+07   0.00000E+00   0.17088E+08   0.00000E+00   0.55005E+03
  0.264   1.610    0.00000E+00   0.38059E+07   0.00000E+00   0.16003E+08   0.00000E+00   0.64995E+03
  0.268   1.620    0.00000E+00   0.35139E+07   0.00000E+00   0.14886E+08   0.00000E+00   0.72682E+03
  0.271   1.630    0.00000E+00   0.32196E+07   0.00000E+00   0.13774E+08   0.00000E+00   0.77364E+03
  0.274   1.640    0.00000E+00   0.29355E+07   0.00000E+00   0.12704E+08   0.00000E+00   0.78556E+03
  0.278   1.650    0.00000E+00   0.26712E+07   0.00000E+00   0.11702E+08   0.00000E+00   0.76097E+03
  0.281   1.660    0.00000E+00   0.24328E+07   0.00000E+00   0.10785E+08   0.00000E+00   0.70209E+03
  0.284   1.670    0.00000E+00   0.22233E+07   0.00000E+00   0.99597E+07   0.00000E+00   0.61490E+03
  0.288   1.680    0.00000E+00   0.20432E+07   0.00000E+00   0.92276E+07   0.00000E+00   0.50819E+03
  0.291   1.690    0.00000E+00   0.18912E+07   0.00000E+00   0.85846E+07   0.00000E+00   0.39205E+03
  0.295   1.700    0.00000E+00   0.17650E+07   0.00000E+00   0.80239E+07   0.00000E+00   0.27600E+03
  0.298   1.710    0.00000E+00   0.16621E+07   0.00000E+00   0.75374E+07   0.00000E+00   0.16761E+03
  0.302   1.720    0.00000E+00   0.15794E+07   0.00000E+00   0.71164E+07   0.00000E+00   0.71841E+02
  0.305   1.730    0.00000E+00   0.15143E+07   0.00000E+00   0.67522E+07   0.00000E+00  -0.88238E+01
  0.309   1.740    0.00000E+00   0.14639E+07   0.00000E+00   0.64362E+07   0.00000E+00  -0.73810E+02
  0.312   1.750    0.00000E+00   0.14255E+07   0.00000E+00   0.61599E+07   0.00000E+00  -0.12374E+03
  0.316   1.760    0.00000E+00   0.13967E+07   0.00000E+00   0.59149E+07   0.00000E+00  -0.15984E+03
  0.319   1.770    0.00000E+00   0.13749E+07   0.00000E+00   0.56932E+07   0.00000E+00  -0.18349E+03
  0.323   1.780    0.00000E+00   0.13577E+07   0.00000E+00   0.54873E+07   0.00000E+00  -0.19612E+03
  0.327   1.790    0.00000E+00   0.13430E+07   0.00000E+00   0.52904E+07   0.00000E+00  -0.19910E+03
  0.330   1.800    0.00000E+00   0.13290E+07   0.00000E+00   0.50975E+07   0.00000E+00  -0.19392E+03
  0.334   1.810    0.00000E+00   0.13144E+07   0.00000E+00   0.49056E+07   0.00000E+00  -0.18226E+03
  0.338   1.820    0.00000E+00   0.12985E+07   0.00000E+00   0.47144E+07   0.00000E+00  -0.16607E+03
  0.341   1.830    0.00000E+00   0.12816E+07   0.00000E+00   0.45263E+07   0.00000E+00  -0.14744E+03
  0.345   1.840    0.00000E+00   0.12644E+07   0.00000E+00   0.43452E+07   0.00000E+00  -0.12833E+03
  0.349   1.850    0.00000E+00   0.12483E+07   0.00000E+00   0.41757E+07   0.00000E+00  -0.11027E+03
  0.353   1.860    0.00000E+00   0.12344E+07   0.00000E+00   0.40223E+07   0.00000E+00  -0.94235E+02
  0.357   1.870    0.00000E+00   0.12243E+07   0.00000E+00   0.38886E+07   0.00000E+00  -0.80677E+02
  0.360   1.880    0.00000E+00   0.12190E+07   0.00000E+00   0.37777E+07   0.00000E+00  -0.69685E+02
  0.364   1.890    0.00000E+00   0.12199E+07   0.00000E+00   0.36919E+07   0.00000E+00  -0.61217E+02
  0.368   1.900    0.00000E+00   0.12281E+07   0.00000E+00   0.36337E+07   0.00000E+00  -0.55238E+02
  0.372   1.910    0.00000E+00   0.12450E+07   0.00000E+00   0.36058E+07   0.00000E+00  -0.51759E+02
  0.376   1.920    0.00000E+00   0.12719E+07   0.00000E+00   0.36111E+07   0.00000E+00  -0.50752E+02
  0.380   1.930    0.00000E+00   0.13105E+07   0.00000E+00   0.36529E+07   0.00000E+00  -0.51944E+02
  0.384   1.940    0.00000E+00   0.13622E+07   0.00000E+00   0.37343E+07   0.00000E+00  -0.54539E+02
  0.388   1.950    0.00000E+00   0.14283E+07   0.00000E+00   0.38578E+07   0.00000E+00  -0.56931E+02
  0.392   1.960    0.00000E+00   0.15097E+07   0.00000E+00   0.40244E+07   0.00000E+00  -0.56462E+02
  0.396   1.970    0.00000E+00   0.16061E+07   0.00000E+00   0.42323E+07   0.00000E+00  -0.49297E+02
  0.400   1.980    0.00000E+00   0.17156E+07   0.00000E+00   0.44751E+07   0.00000E+00  -0.30375E+02
  0.404   1.990    0.00000E+00   0.18337E+07   0.00000E+00   0.47393E+07   0.00000E+00   0.65366E+01
  0.408   2.000    0.00000E+00   0.19523E+07   0.00000E+00   0.50023E+07   0.00000E+00   0.68557E+02
  0.412   2.010    0.00000E+00   0.20593E+07   0.00000E+00   0.52305E+07   0.00000E+00   0.16260E+03
  0.416   2.020    0.00000E+00   0.21398E+07   0.00000E+00   0.53832E+07   0.00000E+00   0.29248E+03
  0.420   2.030    0.00000E+00   0.21797E+07   0.00000E+00   0.54234E+07   0.00000E+00   0.45385E+03
  0.424   2.040    0.00000E+00   0.21726E+07   0.00000E+00   0.53357E+07   0.00000E+00   0.62943E+03
  0.429   2.050    0.00000E+00   0.21236E+07   0.00000E+00   0.51362E+07   0.00000E+00   0.79008E+03
  0.433   2.060    0.00000E+00   0.20470E+07   0.00000E+00   0.48658E+07   0.00000E+00   0.90371E+03
  0.437   2.070    0.00000E+00   0.19590E+07   0.00000E+00   0.45695E+07   0.00000E+00   0.94594E+03
  0.441   2.080    0.00000E+00   0.18723E+07   0.00000E+00   0.42808E+07   0.00000E+00   0.90525E+03
  0.445   2.090    0.00000E+00   0.17936E+07   0.00000E+00   0.40176E+07   0.00000E+00   0.78291E+03
  0.450   2.100    0.00000E+00   0.17255E+07   0.00000E+00   0.37861E+07   0.00000E+00   0.59153E+03
  0.454   2.110    0.00000E+00   0.16680E+07   0.00000E+00   0.35854E+07   0.00000E+00   0.35378E+03
  0.458   2.120    0.00000E+00   0.16199E+07   0.00000E+00   0.34118E+07   0.00000E+00   0.99370E+02
  0.463   2.130    0.00000E+00   0.15794E+07   0.00000E+00   0.32605E+07   0.00000E+00  -0.14098E+03
  0.467   2.140    0.00000E+00   0.15452E+07   0.00000E+00   0.31271E+07   0.00000E+00  -0.34310E+03
  0.471   2.150    0.00000E+00   0.15157E+07   0.00000E+00   0.30077E+07   0.00000E+00  -0.49430E+03
  0.476   2.160    0.00000E+00   0.14898E+07   0.00000E+00   0.28992E+07   0.00000E+00  -0.59344E+03
  0.480   2.170    0.00000E+00   0.14668E+07   0.00000E+00   0.27994E+07   0.00000E+00  -0.64715E+03
  0.485   2.180    0.00000E+00   0.14462E+07   0.00000E+00   0.27071E+07   0.00000E+00  -0.66533E+03
  0.489   2.190    0.00000E+00   0.14280E+07   0.00000E+00   0.26218E+07   0.00000E+00  -0.65784E+03
  0.494   2.200    0.00000E+00   0.14126E+07   0.00000E+00   0.25444E+07   0.00000E+00  -0.63285E+03
  0.498   2.210    0.00000E+00   0.14011E+07   0.00000E+00   0.24768E+07   0.00000E+00  -0.59627E+03
  0.503   2.220    0.00000E+00   0.13949E+07   0.00000E+00   0.24218E+07   0.00000E+00  -0.55195E+03
  0.507   2.230    0.00000E+00   0.13959E+07   0.00000E+00   0.23825E+07   0.00000E+00  -0.50212E+03
  0.512   2.240    0.00000E+00   0.14052E+07   0.00000E+00   0.23609E+07   0.00000E+00  -0.44828E+03
  0.516   2.250    0.00000E+00   0.14220E+07   0.00000E+00   0.23553E+07   0.00000E+00  -0.39229E+03
  0.521   2.260    0.00000E+00   0.14428E+07   0.00000E+00   0.23603E+07   0.00000E+00  -0.33704E+03
  0.525   2.270    0.00000E+00   0.14630E+07   0.00000E+00   0.23683E+07   0.00000E+00  -0.28575E+03
  0.530   2.280    0.00000E+00   0.14793E+07   0.00000E+00   0.23745E+07   0.00000E+00  -0.24060E+03
  0.535   2.290    0.00000E+00   0.14914E+07   0.00000E+00   0.23784E+07   0.00000E+00  -0.20216E+03
  0.539   2.300    0.00000E+00   0.15008E+07   0.00000E+00   0.23822E+07   0.00000E+00  -0.17008E+03
  0.544   2.310    0.00000E+00   0.15092E+07   0.00000E+00   0.23876E+07   0.00000E+00  -0.14408E+03
  0.549   2.320    0.00000E+00   0.15167E+07   0.00000E+00   0.23939E+07   0.00000E+00  -0.12456E+03
  0.554   2.330    0.00000E+00   0.15205E+07   0.00000E+00   0.23967E+07   0.00000E+00  -0.11258E+03
  0.558   2.340    0.00000E+00   0.15152E+07   0.00000E+00   0.23880E+07   0.00000E+00  -0.10905E+03
  0.563   2.350    0.00000E+00   0.14928E+07   0.00000E+00   0.23574E+07   0.00000E+00  -0.11274E+03
  0.568   2.360    0.00000E+00   0.14459E+07   0.00000E+00   0.22960E+07   0.00000E+00  -0.11809E+03
  0.573   2.370    0.00000E+00   0.13721E+07   0.00000E+00   0.22017E+07   0.00000E+00  -0.11566E+03
  0.578   2.380    0.00000E+00   0.12760E+07   0.00000E+00   0.20808E+07   0.00000E+00  -0.97408E+02
  0.582   2.390    0.00000E+00   0.11674E+07   0.00000E+00   0.19450E+07   0.00000E+00  -0.63038E+02
  0.587   2.400    0.00000E+00   0.10569E+07   0.00000E+00   0.18059E+07   0.00000E+00  -0.20952E+02
  0.592   2.410    0.00000E+00   0.95258E+06   0.00000E+00   0.16723E+07   0.00000E+00   0.17250E+02
  0.597   2.420    0.00000E+00   0.86025E+06   0.00000E+00   0.15509E+07   0.00000E+00   0.43073E+02
  0.602   2.430    0.00000E+00   0.78369E+06   0.00000E+00   0.14477E+07   0.00000E+00   0.54025E+02
  0.607   2.440    0.00000E+00   0.72445E+06   0.00000E+00   0.13659E+07   0.00000E+00   0.53050E+02
  0.612   2.450    0.00000E+00   0.68161E+06   0.00000E+00   0.13057E+07   0.00000E+00   0.45961E+02
  0.617   2.460    0.00000E+00   0.65236E+06   0.00000E+00   0.12640E+07   0.00000E+00   0.38247E+02
  0.622   2.470    0.00000E+00   0.63308E+06   0.00000E+00   0.12361E+07   0.00000E+00   0.32775E+02
  0.627   2.480    0.00000E+00   0.62037E+06   0.00000E+00   0.12173E+07   0.00000E+00   0.29182E+02
  0.632   2.490    0.00000E+00   0.61142E+06   0.00000E+00   0.12034E+07   0.00000E+00   0.24607E+02
  0.637   2.500    0.00000E+00   0.60410E+06   0.00000E+00   0.11908E+07   0.00000E+00   0.14894E+02
  0.642   2.510    0.00000E+00   0.59690E+06   0.00000E+00   0.11767E+07   0.00000E+00  -0.46385E+01
  0.648   2.520    0.00000E+00   0.58875E+06   0.00000E+00   0.11582E+07   0.00000E+00  -0.39580E+02
  0.653   2.530    0.00000E+00   0.57906E+06   0.00000E+00   0.11313E+07   0.00000E+00  -0.98567E+02
  0.658   2.540    0.00000E+00   0.56821E+06   0.00000E+00   0.10895E+07   0.00000E+00  -0.19688E+03
  0.663   2.550    0.00000E+00   0.55928E+06   0.00000E+00   0.10225E+07   0.00000E+00  -0.35673E+03
  0.668   2.560    0.00000E+00   0.56122E+06   0.00000E+00   0.92129E+06   0.00000E+00  -0.58681E+03
  0.674   2.570    0.00000E+00   0.58717E+06   0.00000E+00   0.80156E+06   0.00000E+00  -0.83027E+03
  0.679   2.580    0.00000E+00   0.63856E+06   0.00000E+00   0.71244E+06   0.00000E+00  -0.97192E+03
  0.684   2.590    0.00000E+00   0.69864E+06   0.00000E+00   0.68517E+06   0.00000E+00  -0.97136E+03
  0.689   2.600    0.00000E+00   0.75295E+06   0.00000E+00   0.70495E+06   0.00000E+00  -0.88893E+03
  0.695   2.610    0.00000E+00   0.79886E+06   0.00000E+00   0.74576E+06   0.00000E+00  -0.78604E+03
  0.700   2.620    0.00000E+00   0.83907E+06   0.00000E+00   0.79269E+06   0.00000E+00  -0.68734E+03
  0.705   2.630    0.00000E+00   0.87665E+06   0.00000E+00   0.84117E+06   0.00000E+00  -0.59432E+03
  0.711   2.640    0.00000E+00   0.91352E+06   0.00000E+00   0.89214E+06   0.00000E+00  -0.50050E+03
  0.716   2.650    0.00000E+00   0.95032E+06   0.00000E+00   0.94875E+06   0.00000E+00  -0.39993E+03
  0.722   2.660    0.00000E+00   0.98619E+06   0.00000E+00   0.10141E+07   0.00000E+00  -0.29132E+03
  0.727   2.670    0.00000E+00   0.10187E+07   0.00000E+00   0.10895E+07   0.00000E+00  -0.17981E+03
  0.732   2.680    0.00000E+00   0.10439E+07   0.00000E+00   0.11732E+07   0.00000E+00  -0.76910E+02
  0.738   2.690    0.00000E+00   0.10576E+07   0.00000E+00   0.12597E+07   0.00000E+00   0.23602E+01
  0.743   2.700    0.00000E+00   0.10565E+07   0.00000E+00   0.13402E+07   0.00000E+00   0.45037E+02
  0.749   2.710    0.00000E+00   0.10394E+07   0.00000E+00   0.14050E+07   0.00000E+00   0.46444E+02
  0.754   2.720    0.00000E+00   0.10070E+07   0.00000E+00   0.14455E+07   0.00000E+00   0.14034E+02
  0.760   2.730    0.00000E+00   0.96137E+06   0.00000E+00   0.14566E+07   0.00000E+00  -0.33222E+02
  0.766   2.740    0.00000E+00   0.90564E+06   0.00000E+00   0.14371E+07   0.00000E+00  -0.73468E+02
  0.771   2.750    0.00000E+00   0.84417E+06   0.00000E+00   0.13903E+07   0.00000E+00  -0.96996E+02
  0.777   2.760    0.00000E+00   0.78188E+06   0.00000E+00   0.13230E+07   0.00000E+00  -0.11133E+03
  0.782   2.770    0.00000E+00   0.72332E+06   0.00000E+00   0.12437E+07   0.00000E+00  -0.12860E+03
  0.788   2.780    0.00000E+00   0.67194E+06   0.00000E+00   0.11608E+07   0.00000E+00  -0.15326E+03
  0.794   2.790    0.00000E+00   0.62976E+06   0.00000E+00   0.10809E+07   0.00000E+00  -0.18266E+03
  0.799   2.800    0.00000E+00   0.59746E+06   0.00000E+00   0.10086E+07   0.00000E+00  -0.21304E+03
  0.805   2.810    0.00000E+00   0.57475E+06   0.00000E+00   0.94592E+06   0.00000E+00  -0.24300E+03
  0.811   2.820    0.00000E+00   0.56079E+06   0.00000E+00   0.89358E+06   0.00000E+00  -0.27372E+03
  0.817   2.830    0.00000E+00   0.55454E+06   0.00000E+00   0.85088E+06   0.00000E+00  -0.30746E+03
  0.822   2.840    0.00000E+00   0.55486E+06   0.00000E+00   0.81658E+06   0.00000E+00  -0.34474E+03
  0.828   2.850    0.00000E+00   0.56018E+06   0.00000E+00   0.78937E+06   0.00000E+00  -0.38005E+03
  0.834   2.860    0.00000E+00   0.56843E+06   0.00000E+00   0.76797E+06   0.00000E+00  -0.40161E+03
  0.840   2.870    0.00000E+00   0.57801E+06   0.00000E+00   0.75094E+06   0.00000E+00  -0.40337E+03
  0.846   2.880    0.00000E+00   0.58853E+06   0.00000E+00   0.73673E+06   0.00000E+00  -0.39300E+03
  0.852   2.890    0.00000E+00   0.60029E+06   0.00000E+00   0.72389E+06   0.00000E+00  -0.38138E+03
  0.858   2.900    0.00000E+00   0.61374E+06   0.00000E+00   0.71129E+06   0.00000E+00  -0.37338E+03
  0.864   2.910    0.00000E+00   0.62939E+06   0.00000E+00   0.69813E+06   0.00000E+00  -0.36852E+03
  0.869   2.920    0.00000E+00   0.64782E+06   0.00000E+00   0.68375E+06   0.00000E+00  -0.36403E+03
  0.875   2.930    0.00000E+00   0.66927E+06   0.00000E+00   0.66717E+06   0.00000E+00  -0.35509E+03
  0.881   2.940    0.00000E+00   0.69256E+06   0.00000E+00   0.64698E+06   0.00000E+00  -0.32913E+03
  0.887   2.950    0.00000E+00   0.71301E+06   0.00000E+00   0.62271E+06   0.00000E+00  -0.25275E+03
  0.893   2.960    0.00000E+00   0.72061E+06   0.00000E+00   0.59927E+06   0.00000E+00  -0.64725E+02
  0.899   2.970    0.00000E+00   0.70414E+06   0.00000E+00   0.59041E+06   0.00000E+00   0.27199E+03
  0.906   2.980    0.00000E+00   0.66333E+06   0.00000E+00   0.60695E+06   0.00000E+00   0.65947E+03
  0.912   2.990    0.00000E+00   0.61074E+06   0.00000E+00   0.64025E+06   0.00000E+00   0.89558E+03
  0.918   3.000    0.00000E+00   0.55892E+06   0.00000E+00   0.67257E+06   0.00000E+00   0.86565E+03
  0.924   3.010    0.00000E+00   0.51411E+06   0.00000E+00   0.69517E+06   0.00000E+00   0.62917E+03
  0.930   3.020    0.00000E+00   0.47813E+06   0.00000E+00   0.70893E+06   0.00000E+00   0.34366E+03
  0.936   3.030    0.00000E+00   0.45060E+06   0.00000E+00   0.71665E+06   0.00000E+00   0.12157E+03
  0.942   3.040    0.00000E+00   0.43054E+06   0.00000E+00   0.71745E+06   0.00000E+00  -0.16767E+02
  0.949   3.050    0.00000E+00   0.41741E+06   0.00000E+00   0.70608E+06   0.00000E+00  -0.87231E+02
  0.955   3.060    0.00000E+00   0.41088E+06   0.00000E+00   0.67898E+06   0.00000E+00  -0.11216E+03
  0.961   3.070    0.00000E+00   0.40968E+06   0.00000E+00   0.64159E+06   0.00000E+00  -0.11559E+03
  0.967   3.080    0.00000E+00   0.41139E+06   0.00000E+00   0.60476E+06   0.00000E+00  -0.11274E+03
  0.974   3.090    0.00000E+00   0.41378E+06   0.00000E+00   0.57549E+06   0.00000E+00  -0.10693E+03
  0.980   3.100    0.00000E+00   0.41547E+06   0.00000E+00   0.55525E+06   0.00000E+00  -0.96283E+02
  0.986   3.110    0.00000E+00   0.41566E+06   0.00000E+00   0.54359E+06   0.00000E+00  -0.79980E+02
  0.993   3.120    0.00000E+00   0.41423E+06   0.00000E+00   0.54112E+06   0.00000E+00  -0.62371E+02
  0.999   3.130    0.00000E+00   0.41292E+06   0.00000E+00   0.54839E+06   0.00000E+00  -0.53224E+02
  1.005   3.140    0.00000E+00   0.41496E+06   0.00000E+00   0.56206E+06   0.00000E+00  -0.54977E+02
  1.012   3.150    0.00000E+00   0.42170E+06   0.00000E+00   0.57928E+06   0.00000E+00  -0.56964E+02
  1.018   3.160    0.00000E+00   0.43245E+06   0.00000E+00   0.60236E+06   0.00000E+00  -0.51391E+02
  1.025   3.170    0.00000E+00   0.44686E+06   0.00000E+00   0.63494E+06   0.00000E+00  -0.38334E+02
  1.031   3.180    0.00000E+00   0.46575E+06   0.00000E+00   0.67931E+06   0.00000E+00  -0.20419E+02
  1.038   3.190    0.00000E+00   0.49094E+06   0.00000E+00   0.73675E+06   0.00000E+00   0.60346E+00
  1.044   3.200    0.00000E+00   0.52514E+06   0.00000E+00   0.80861E+06   0.00000E+00   0.25474E+02
  1.051   3.210    0.00000E+00   0.57200E+06   0.00000E+00   0.89672E+06   0.00000E+00   0.59213E+02
  1.057   3.220    0.00000E+00   0.63544E+06   0.00000E+00   0.10014E+07   0.00000E+00   0.11446E+03
  1.064   3.230    0.00000E+00   0.71503E+06   0.00000E+00   0.11112E+07   0.00000E+00   0.21732E+03
  1.070   3.240    0.00000E+00   0.78909E+06   0.00000E+00   0.11767E+07   0.00000E+00   0.40251E+03
  1.077   3.250    0.00000E+00   0.80086E+06   0.00000E+00   0.11132E+07   0.00000E+00   0.62966E+03
  1.084   3.260    0.00000E+00   0.73128E+06   0.00000E+00   0.94476E+06   0.00000E+00   0.68539E+03
  1.090   3.270    0.00000E+00   0.64007E+06   0.00000E+00   0.79975E+06   0.00000E+00   0.46345E+03
  1.097   3.280    0.00000E+00   0.56778E+06   0.00000E+00   0.72938E+06   0.00000E+00   0.18331E+03
  1.104   3.290    0.00000E+00   0.51841E+06   0.00000E+00   0.72635E+06   0.00000E+00   0.11529E+01
  1.110   3.300    0.00000E+00   0.48605E+06   0.00000E+00   0.78257E+06   0.00000E+00  -0.13219E+03
  1.117   3.310    0.00000E+00   0.46364E+06   0.00000E+00   0.89802E+06   0.00000E+00  -0.28371E+03
  1.124   3.320    0.00000E+00   0.43988E+06   0.00000E+00   0.10421E+07   0.00000E+00  -0.47384E+03
  1.131   3.330    0.00000E+00   0.39790E+06   0.00000E+00   0.10428E+07   0.00000E+00  -0.60457E+03
  1.138   3.340    0.00000E+00   0.34975E+06   0.00000E+00   0.76575E+06   0.00000E+00  -0.51918E+03
  1.144   3.350    0.00000E+00   0.32723E+06   0.00000E+00   0.49404E+06   0.00000E+00  -0.35629E+03
  1.151   3.360    0.00000E+00   0.32331E+06   0.00000E+00   0.37028E+06   0.00000E+00  -0.25212E+03
  1.158   3.370    0.00000E+00   0.32448E+06   0.00000E+00   0.33755E+06   0.00000E+00  -0.19681E+03
  1.165   3.380    0.00000E+00   0.32543E+06   0.00000E+00   0.33974E+06   0.00000E+00  -0.16524E+03
  1.172   3.390    0.00000E+00   0.32576E+06   0.00000E+00   0.34131E+06   0.00000E+00  -0.14885E+03
  1.179   3.400    0.00000E+00   0.32857E+06   0.00000E+00   0.32409E+06   0.00000E+00  -0.15047E+03
  1.186   3.410    0.00000E+00   0.33642E+06   0.00000E+00   0.30128E+06   0.00000E+00  -0.16635E+03
  1.193   3.420    0.00000E+00   0.34707E+06   0.00000E+00   0.29504E+06   0.00000E+00  -0.18188E+03
  1.200   3.430    0.00000E+00   0.35816E+06   0.00000E+00   0.30618E+06   0.00000E+00  -0.19093E+03
  1.207   3.440    0.00000E+00   0.36994E+06   0.00000E+00   0.32694E+06   0.00000E+00  -0.19671E+03
  1.214   3.450    0.00000E+00   0.38389E+06   0.00000E+00   0.35189E+06   0.00000E+00  -0.20439E+03
  1.221   3.460    0.00000E+00   0.40183E+06   0.00000E+00   0.37704E+06   0.00000E+00  -0.21925E+03
  1.228   3.470    0.00000E+00   0.42518E+06   0.00000E+00   0.39574E+06   0.00000E+00  -0.24696E+03
  1.235   3.480    0.00000E+00   0.45257E+06   0.00000E+00   0.39272E+06   0.00000E+00  -0.28919E+03
  1.242   3.490    0.00000E+00   0.47457E+06   0.00000E+00   0.34524E+06   0.00000E+00  -0.32444E+03
  1.249   3.500    0.00000E+00   0.47566E+06   0.00000E+00   0.26077E+06   0.00000E+00  -0.30315E+03
  1.256   3.510    0.00000E+00   0.45614E+06   0.00000E+00   0.19502E+06   0.00000E+00  -0.20800E+03
  1.263   3.520    0.00000E+00   0.43133E+06   0.00000E+00   0.17122E+06   0.00000E+00  -0.92975E+02
  1.271   3.530    0.00000E+00   0.40980E+06   0.00000E+00   0.17230E+06   0.00000E+00  -0.28898E+02
  1.278   3.540    0.00000E+00   0.39247E+06   0.00000E+00   0.18219E+06   0.00000E+00  -0.12911E+02
  1.285   3.550    0.00000E+00   0.37810E+06   0.00000E+00   0.19373E+06   0.00000E+00  -0.18046E+02
  1.292   3.560    0.00000E+00   0.36560E+06   0.00000E+00   0.20489E+06   0.00000E+00  -0.29353E+02
  1.300   3.570    0.00000E+00   0.35478E+06   0.00000E+00   0.21630E+06   0.00000E+00  -0.40797E+02
  1.307   3.580    0.00000E+00   0.34689E+06   0.00000E+00   0.23033E+06   0.00000E+00  -0.49577E+02
  1.314   3.590    0.00000E+00   0.34499E+06   0.00000E+00   0.24955E+06   0.00000E+00  -0.55941E+02
  1.322   3.600    0.00000E+00   0.35214E+06   0.00000E+00   0.27078E+06   0.00000E+00  -0.67964E+02
  1.329   3.610    0.00000E+00   0.36445E+06   0.00000E+00   0.28182E+06   0.00000E+00  -0.92201E+02
  1.336   3.620    0.00000E+00   0.37457E+06   0.00000E+00   0.28247E+06   0.00000E+00  -0.11437E+03
  1.344   3.630    0.00000E+00   0.38267E+06   0.00000E+00   0.28304E+06   0.00000E+00  -0.12672E+03
  1.351   3.640    0.00000E+00   0.39127E+06   0.00000E+00   0.28795E+06   0.00000E+00  -0.13501E+03
  1.359   3.650    0.00000E+00   0.40234E+06   0.00000E+00   0.29910E+06   0.00000E+00  -0.14521E+03
  1.366   3.660    0.00000E+00   0.41829E+06   0.00000E+00   0.31981E+06   0.00000E+00  -0.16090E+03
  1.373   3.670    0.00000E+00   0.44257E+06   0.00000E+00   0.35210E+06   0.00000E+00  -0.18328E+03
  1.381   3.680    0.00000E+00   0.47670E+06   0.00000E+00   0.38611E+06   0.00000E+00  -0.21017E+03
  1.388   3.690    0.00000E+00   0.51331E+06   0.00000E+00   0.40265E+06   0.00000E+00  -0.25815E+03
  1.396   3.700    0.00000E+00   0.54417E+06   0.00000E+00   0.39823E+06   0.00000E+00  -0.40646E+03
  1.404   3.710    0.00000E+00   0.59001E+06   0.00000E+00   0.35448E+06   0.00000E+00  -0.64542E+03
  1.411   3.720    0.00000E+00   0.74634E+06   0.00000E+00   0.11373E+06   0.00000E+00  -0.72659E+03
  1.419   3.730    0.00000E+00   0.10940E+07   0.00000E+00  -0.10299E+07   0.00000E+00  -0.92305E+03
  1.426   3.740    0.00000E+00   0.67024E+06   0.00000E+00  -0.92597E+06   0.00000E+00   0.20565E+03
  1.434   3.750    0.00000E+00   0.44380E+06   0.00000E+00  -0.41025E+06   0.00000E+00   0.59798E+03
  1.442   3.760    0.00000E+00   0.37473E+06   0.00000E+00  -0.19686E+06   0.00000E+00   0.60758E+03
  1.449   3.770    0.00000E+00   0.34601E+06   0.00000E+00  -0.94104E+05   0.00000E+00   0.54880E+03
  1.457   3.780    0.00000E+00   0.33221E+06   0.00000E+00  -0.35622E+05   0.00000E+00   0.49470E+03
  1.465   3.790    0.00000E+00   0.32632E+06   0.00000E+00   0.39420E+04   0.00000E+00   0.46194E+03
  1.472   3.800    0.00000E+00   0.32498E+06   0.00000E+00   0.44535E+05   0.00000E+00   0.42097E+03
  1.480   3.810    0.00000E+00   0.32220E+06   0.00000E+00   0.93244E+05   0.00000E+00   0.30440E+03
  1.488   3.820    0.00000E+00   0.31895E+06   0.00000E+00   0.11334E+06   0.00000E+00   0.19668E+03
  1.496   3.830    0.00000E+00   0.32037E+06   0.00000E+00   0.10900E+06   0.00000E+00   0.14665E+03
  1.504   3.840    0.00000E+00   0.32615E+06   0.00000E+00   0.99667E+05   0.00000E+00   0.11794E+03
  1.511   3.850    0.00000E+00   0.33578E+06   0.00000E+00   0.91861E+05   0.00000E+00   0.91647E+02
  1.519   3.860    0.00000E+00   0.34957E+06   0.00000E+00   0.86535E+05   0.00000E+00   0.62847E+02
  1.527   3.870    0.00000E+00   0.36838E+06   0.00000E+00   0.86443E+05   0.00000E+00   0.32305E+02
  1.535   3.880    0.00000E+00   0.39130E+06   0.00000E+00   0.10651E+06   0.00000E+00   0.36951E+01
  1.543   3.890    0.00000E+00   0.40507E+06   0.00000E+00   0.18519E+06   0.00000E+00  -0.33063E+02
  1.551   3.900    0.00000E+00   0.37088E+06   0.00000E+00   0.34065E+06   0.00000E+00  -0.19177E+03
  1.559   3.910    0.00000E+00   0.30391E+06   0.00000E+00   0.44014E+06   0.00000E+00  -0.53920E+03
  1.567   3.920    0.00000E+00   0.28013E+06   0.00000E+00   0.43836E+06   0.00000E+00  -0.46451E+03
  1.575   3.930    0.00000E+00   0.28019E+06   0.00000E+00   0.42356E+06   0.00000E+00  -0.12281E+03
  1.583   3.940    0.00000E+00   0.28530E+06   0.00000E+00   0.41883E+06   0.00000E+00   0.84075E+02
  1.591   3.950    0.00000E+00   0.29079E+06   0.00000E+00   0.42510E+06   0.00000E+00   0.18899E+03
  1.599   3.960    0.00000E+00   0.29356E+06   0.00000E+00   0.43248E+06   0.00000E+00   0.24689E+03
  1.607   3.970    0.00000E+00   0.28625E+06   0.00000E+00   0.36691E+06   0.00000E+00   0.21071E+03
  1.615   3.980    0.00000E+00   0.27364E+06   0.00000E+00   0.14133E+06   0.00000E+00   0.68709E+02
  1.623   3.990    0.00000E+00   0.27925E+06   0.00000E+00   0.27328E+05   0.00000E+00   0.10089E+03
  1.632   4.000    0.00000E+00   0.28909E+06   0.00000E+00   0.21897E+05   0.00000E+00   0.19372E+03
  1.640   4.010    0.00000E+00   0.29770E+06   0.00000E+00   0.37925E+05   0.00000E+00   0.24628E+03
  1.648   4.020    0.00000E+00   0.30707E+06   0.00000E+00   0.64599E+05   0.00000E+00   0.25080E+03
  1.656   4.030    0.00000E+00   0.31881E+06   0.00000E+00   0.10257E+06   0.00000E+00   0.21650E+03
  1.664   4.040    0.00000E+00   0.33231E+06   0.00000E+00   0.13765E+06   0.00000E+00   0.15475E+03
  1.673   4.050    0.00000E+00   0.34575E+06   0.00000E+00   0.15244E+06   0.00000E+00   0.91433E+02
  1.681   4.060    0.00000E+00   0.36088E+06   0.00000E+00   0.18784E+06   0.00000E+00   0.62907E+02
  1.689   4.070    0.00000E+00   0.38532E+06   0.00000E+00   0.28467E+06   0.00000E+00   0.49243E+02
  1.697   4.080    0.00000E+00   0.42526E+06   0.00000E+00   0.44762E+06   0.00000E+00   0.20820E+02
  1.706   4.090    0.00000E+00   0.47024E+06   0.00000E+00   0.68721E+06   0.00000E+00  -0.36065E+02
  1.714   4.100    0.00000E+00   0.47558E+06   0.00000E+00   0.91169E+06   0.00000E+00  -0.12064E+03
  1.723   4.110    0.00000E+00   0.42510E+06   0.00000E+00   0.95402E+06   0.00000E+00  -0.21905E+03
  1.731   4.120    0.00000E+00   0.36405E+06   0.00000E+00   0.86231E+06   0.00000E+00  -0.34133E+03
  1.739   4.130    0.00000E+00   0.31399E+06   0.00000E+00   0.72934E+06   0.00000E+00  -0.52891E+03
  1.748   4.140    0.00000E+00   0.27636E+06   0.00000E+00   0.59058E+06   0.00000E+00  -0.20620E+03
  1.756   4.150    0.00000E+00   0.24955E+06   0.00000E+00   0.46127E+06   0.00000E+00   0.23248E+02
  1.765   4.160    0.00000E+00   0.23190E+06   0.00000E+00   0.34745E+06   0.00000E+00   0.82642E+02
  1.773   4.170    0.00000E+00   0.22322E+06   0.00000E+00   0.25485E+06   0.00000E+00   0.83513E+02
  1.782   4.180    0.00000E+00   0.22397E+06   0.00000E+00   0.19570E+06   0.00000E+00   0.62413E+02
  1.790   4.190    0.00000E+00   0.23223E+06   0.00000E+00   0.17403E+06   0.00000E+00   0.39608E+02
  1.799   4.200    0.00000E+00   0.24523E+06   0.00000E+00   0.18350E+06   0.00000E+00   0.20765E+02
  1.807   4.210    0.00000E+00   0.25973E+06   0.00000E+00   0.23750E+06   0.00000E+00   0.23146E+02
  1.816   4.220    0.00000E+00   0.26429E+06   0.00000E+00   0.30168E+06   0.00000E+00   0.55279E+02
  1.825   4.230    0.00000E+00   0.26577E+06   0.00000E+00   0.27742E+06   0.00000E+00   0.25054E+02
  1.833   4.240    0.00000E+00   0.27302E+06   0.00000E+00   0.25962E+06   0.00000E+00   0.23353E+01
  1.842   4.250    0.00000E+00   0.28558E+06   0.00000E+00   0.27062E+06   0.00000E+00   0.82913E+01
  1.851   4.260    0.00000E+00   0.30736E+06   0.00000E+00   0.30283E+06   0.00000E+00   0.31744E+02
  1.859   4.270    0.00000E+00   0.34059E+06   0.00000E+00   0.36239E+06   0.00000E+00   0.56626E+02
  1.868   4.280    0.00000E+00   0.36208E+06   0.00000E+00   0.41074E+06   0.00000E+00   0.44871E+02
  1.877   4.290    0.00000E+00   0.35475E+06   0.00000E+00   0.39198E+06   0.00000E+00  -0.28207E+02
  1.885   4.300    0.00000E+00   0.32818E+06   0.00000E+00   0.34342E+06   0.00000E+00  -0.32357E+02
  1.894   4.310    0.00000E+00   0.29783E+06   0.00000E+00   0.24034E+06   0.00000E+00   0.12056E+03
  1.903   4.320    0.00000E+00   0.28491E+06   0.00000E+00   0.15685E+06   0.00000E+00  -0.60651E+01
  1.912   4.330    0.00000E+00   0.28057E+06   0.00000E+00   0.11522E+06   0.00000E+00  -0.26306E+02
  1.921   4.340    0.00000E+00   0.27720E+06   0.00000E+00   0.91375E+05   0.00000E+00  -0.15147E+02
  1.930   4.350    0.00000E+00   0.27274E+06   0.00000E+00   0.71695E+05   0.00000E+00  -0.18498E+01
  1.938   4.360    0.00000E+00   0.26659E+06   0.00000E+00   0.51457E+05   0.00000E+00   0.15717E+02
  1.947   4.370    0.00000E+00   0.25729E+06   0.00000E+00   0.36017E+05   0.00000E+00   0.28141E+02
  1.956   4.380    0.00000E+00   0.24424E+06   0.00000E+00   0.54145E+05   0.00000E+00   0.46953E+01
  1.965   4.390    0.00000E+00   0.23573E+06   0.00000E+00   0.11380E+06   0.00000E+00  -0.11996E+02
  1.974   4.400    0.00000E+00   0.23385E+06   0.00000E+00   0.19288E+06   0.00000E+00   0.40351E+02
  1.983   4.410    0.00000E+00   0.24132E+06   0.00000E+00   0.28575E+06   0.00000E+00   0.10782E+03
  1.992   4.420    0.00000E+00   0.25957E+06   0.00000E+00   0.33190E+06   0.00000E+00   0.11081E+03
  2.001   4.430    0.00000E+00   0.28249E+06   0.00000E+00   0.34173E+06   0.00000E+00   0.90222E+02
  2.010   4.440    0.00000E+00   0.31100E+06   0.00000E+00   0.34555E+06   0.00000E+00   0.86690E+02
  2.019   4.450    0.00000E+00   0.35114E+06   0.00000E+00   0.34286E+06   0.00000E+00   0.13135E+03
  2.028   4.460    0.00000E+00   0.40120E+06   0.00000E+00   0.26871E+06   0.00000E+00   0.25481E+03
  2.037   4.470    0.00000E+00   0.41756E+06   0.00000E+00   0.43660E+05   0.00000E+00   0.69987E+02
  2.047   4.480    0.00000E+00   0.38497E+06   0.00000E+00  -0.13498E+06   0.00000E+00   0.67906E+02
  2.056   4.490    0.00000E+00   0.34838E+06   0.00000E+00  -0.12411E+06   0.00000E+00   0.19514E+03
  2.065   4.500    0.00000E+00   0.31290E+06   0.00000E+00  -0.29108E+05   0.00000E+00   0.26008E+03
  2.074   4.510    0.00000E+00   0.28278E+06   0.00000E+00   0.45862E+05   0.00000E+00   0.21136E+03
  2.083   4.520    0.00000E+00   0.26421E+06   0.00000E+00   0.10642E+06   0.00000E+00   0.82180E+02
  2.093   4.530    0.00000E+00   0.25875E+06   0.00000E+00   0.11917E+06   0.00000E+00  -0.12548E+03
  2.102   4.540    0.00000E+00   0.24265E+06   0.00000E+00  -0.11606E+06   0.00000E+00  -0.22065E+03
  2.111   4.550    0.00000E+00   0.21939E+06   0.00000E+00  -0.54898E+05   0.00000E+00  -0.10484E+03
  2.120   4.560    0.00000E+00   0.21504E+06   0.00000E+00   0.47927E+05   0.00000E+00  -0.71791E+02
  2.130   4.570    0.00000E+00   0.21927E+06   0.00000E+00   0.13559E+06   0.00000E+00  -0.49585E+02
  2.139   4.580    0.00000E+00   0.22959E+06   0.00000E+00   0.25693E+06   0.00000E+00   0.18368E+02
  2.148   4.590    0.00000E+00   0.24909E+06   0.00000E+00   0.44899E+06   0.00000E+00   0.23929E+03
  2.158   4.600    0.00000E+00   0.22905E+06   0.00000E+00   0.61520E+05   0.00000E+00   0.10590E+03
  2.167   4.610    0.00000E+00   0.22884E+06   0.00000E+00   0.17728E+05   0.00000E+00   0.20540E+02
  2.177   4.620    0.00000E+00   0.23771E+06   0.00000E+00   0.38490E+05   0.00000E+00   0.28898E+02
  2.186   4.630    0.00000E+00   0.24860E+06   0.00000E+00   0.49106E+05   0.00000E+00   0.84576E+02
  2.195   4.640    0.00000E+00   0.26160E+06   0.00000E+00   0.57203E+05   0.00000E+00   0.17676E+03
  2.205   4.650    0.00000E+00   0.28068E+06   0.00000E+00   0.45119E+05   0.00000E+00   0.22009E+03
  2.214   4.660    0.00000E+00   0.31607E+06   0.00000E+00  -0.17938E+05   0.00000E+00   0.73234E+01
  2.224   4.670    0.00000E+00   0.35981E+06   0.00000E+00  -0.74050E+05   0.00000E+00  -0.46495E+02
  2.233   4.680    0.00000E+00   0.34780E+06   0.00000E+00   0.18673E+04   0.00000E+00   0.48561E+02
  2.243   4.690    0.00000E+00   0.31115E+06   0.00000E+00   0.97081E+05   0.00000E+00   0.53733E+02
  2.253   4.700    0.00000E+00   0.27699E+06   0.00000E+00   0.16019E+06   0.00000E+00  -0.63684E+02
  2.262   4.710    0.00000E+00   0.25303E+06   0.00000E+00   0.17844E+06   0.00000E+00  -0.14704E+03
  2.272   4.720    0.00000E+00   0.24747E+06   0.00000E+00   0.16272E+06   0.00000E+00  -0.74636E+02
  2.281   4.730    0.00000E+00   0.26628E+06   0.00000E+00   0.12624E+06   0.00000E+00  -0.68597E+02
  2.291   4.740    0.00000E+00   0.30506E+06   0.00000E+00   0.44272E+05   0.00000E+00  -0.13519E+03
  2.301   4.750    0.00000E+00   0.30389E+06   0.00000E+00   0.13019E+06   0.00000E+00  -0.87138E+02
  2.310   4.760    0.00000E+00   0.28588E+06   0.00000E+00   0.24369E+06   0.00000E+00  -0.83016E+02
  2.320   4.770    0.00000E+00   0.26742E+06   0.00000E+00   0.22510E+06   0.00000E+00  -0.59062E+02
  2.330   4.780    0.00000E+00   0.28269E+06   0.00000E+00   0.13597E+06   0.00000E+00  -0.72272E+01
  2.340   4.790    0.00000E+00   0.31370E+06   0.00000E+00   0.10833E+06   0.00000E+00   0.37291E+02
  2.349   4.800    0.00000E+00   0.40202E+06   0.00000E+00   0.11619E+06   0.00000E+00   0.17546E+03
  2.359   4.810    0.00000E+00   0.70023E+06   0.00000E+00   0.11010E+06   0.00000E+00   0.43317E+03
  2.369   4.820    0.00000E+00   0.30012E+06   0.00000E+00   0.15800E+06   0.00000E+00   0.14272E+03
  2.379   4.830    0.00000E+00   0.28246E+06   0.00000E+00   0.18480E+06   0.00000E+00   0.28562E+03
  2.389   4.840    0.00000E+00   0.29005E+06   0.00000E+00   0.17606E+06   0.00000E+00   0.24087E+03
  2.399   4.850    0.00000E+00   0.30605E+06   0.00000E+00   0.12791E+06   0.00000E+00  -0.38360E+00
  2.409   4.860    0.00000E+00   0.31695E+06   0.00000E+00   0.72563E+05   0.00000E+00  -0.68648E+02
  2.418   4.870    0.00000E+00   0.30235E+06   0.00000E+00   0.98071E+05   0.00000E+00  -0.15426E+03
  2.428   4.880    0.00000E+00   0.23347E+06   0.00000E+00   0.13344E+06   0.00000E+00  -0.11353E+03
  2.438   4.890    0.00000E+00   0.20852E+06   0.00000E+00   0.21022E+06   0.00000E+00   0.10208E+02
  2.448   4.900    0.00000E+00   0.20726E+06   0.00000E+00   0.23221E+06   0.00000E+00   0.43140E+01
  2.458   4.910    0.00000E+00   0.20924E+06   0.00000E+00   0.22443E+06   0.00000E+00  -0.20510E+02
  2.468   4.920    0.00000E+00   0.20989E+06   0.00000E+00   0.18497E+06   0.00000E+00  -0.48093E+02
  2.478   4.930    0.00000E+00   0.20865E+06   0.00000E+00   0.15365E+06   0.00000E+00  -0.49169E+02
  2.488   4.940    0.00000E+00   0.21120E+06   0.00000E+00   0.16139E+06   0.00000E+00  -0.40401E+02
  2.499   4.950    0.00000E+00   0.22455E+06   0.00000E+00   0.15836E+06   0.00000E+00  -0.22973E+02
  2.509   4.960    0.00000E+00   0.22860E+06   0.00000E+00   0.14834E+06   0.00000E+00  -0.75722E+02
  2.519   4.970    0.00000E+00   0.22612E+06   0.00000E+00   0.16560E+06   0.00000E+00  -0.93552E+02
  2.529   4.980    0.00000E+00   0.22239E+06   0.00000E+00   0.24690E+06   0.00000E+00  -0.12790E+03
  2.539   4.990    0.00000E+00   0.21948E+06   0.00000E+00   0.28857E+06   0.00000E+00  -0.43031E+02
