  0.000   0.010   0.145593E+05 -0.344667E+03
  0.000   0.020   0.583406E+05 -0.327934E+03
  0.000   0.030   0.131654E+06 -0.254005E+03
  0.000   0.040   0.235012E+06 -0.548825E+02
  0.000   0.050   0.369130E+06  0.362505E+03
  0.000   0.060   0.534916E+06  0.111423E+04
  0.000   0.070   0.733468E+06  0.233675E+04
  0.001   0.080   0.966065E+06  0.418381E+04
  0.001   0.090   0.123416E+07  0.682291E+04
  0.001   0.100   0.153935E+07  0.104314E+05
  0.001   0.110   0.188342E+07  0.151923E+05
  0.001   0.120   0.226824E+07  0.212900E+05
  0.002   0.130   0.269585E+07  0.289054E+05
  0.002   0.140   0.316837E+07  0.382120E+05
  0.002   0.150   0.368801E+07  0.493711E+05
  0.003   0.160   0.425705E+07  0.625278E+05
  0.003   0.170   0.487784E+07  0.778072E+05
  0.003   0.180   0.555273E+07  0.953114E+05
  0.004   0.190   0.628411E+07  0.115117E+06
  0.004   0.200   0.707433E+07  0.137273E+06
  0.004   0.210   0.792574E+07  0.161800E+06
  0.005   0.220   0.884060E+07  0.188692E+06
  0.005   0.230   0.982110E+07  0.217914E+06
  0.006   0.240   0.108693E+08  0.249406E+06
  0.006   0.250   0.119872E+08  0.283090E+06
  0.007   0.260   0.131765E+08  0.318868E+06
  0.007   0.270   0.144388E+08  0.356635E+06
  0.008   0.280   0.157755E+08  0.396283E+06
  0.009   0.290   0.171875E+08  0.437714E+06
  0.009   0.300   0.186757E+08  0.480845E+06
  0.010   0.310   0.202406E+08  0.525624E+06
  0.010   0.320   0.218820E+08  0.572039E+06
  0.011   0.330   0.235996E+08  0.620129E+06
  0.012   0.340   0.253926E+08  0.669992E+06
  0.012   0.350   0.272594E+08  0.721796E+06
  0.013   0.360   0.291983E+08  0.775785E+06
  0.014   0.370   0.312067E+08  0.832279E+06
  0.015   0.380   0.332815E+08  0.891681E+06
  0.016   0.390   0.354188E+08  0.954472E+06
  0.016   0.400   0.376141E+08  0.102120E+07
  0.017   0.410   0.398622E+08  0.109248E+07
  0.018   0.420   0.421570E+08  0.116895E+07
  0.019   0.430   0.444916E+08  0.125130E+07
  0.020   0.440   0.468583E+08  0.134017E+07
  0.021   0.450   0.492484E+08  0.143616E+07
  0.022   0.460   0.516523E+08  0.153977E+07
  0.023   0.470   0.540595E+08  0.165134E+07
  0.023   0.480   0.564587E+08  0.177101E+07
  0.024   0.490   0.588375E+08  0.189862E+07
  0.025   0.500   0.611833E+08  0.203367E+07
  0.027   0.510   0.634824E+08  0.217525E+07
  0.028   0.520   0.657208E+08  0.232199E+07
  0.029   0.530   0.678842E+08  0.247199E+07
  0.030   0.540   0.699581E+08  0.262281E+07
  0.031   0.550   0.719280E+08  0.277144E+07
  0.032   0.560   0.737798E+08  0.291432E+07
  0.033   0.570   0.754996E+08  0.304737E+07
  0.034   0.580   0.770740E+08  0.316602E+07
  0.035   0.590   0.784907E+08  0.326534E+07
  0.037   0.600   0.797381E+08  0.334013E+07
  0.038   0.610   0.808057E+08  0.338505E+07
  0.039   0.620   0.816846E+08  0.339476E+07
  0.040   0.630   0.823668E+08  0.336415E+07
  0.042   0.640   0.828462E+08  0.328845E+07
  0.043   0.650   0.831182E+08  0.316347E+07
  0.044   0.660   0.831798E+08  0.298575E+07
  0.046   0.670   0.830297E+08  0.275281E+07
  0.047   0.680   0.826684E+08  0.246323E+07
  0.049   0.690   0.820982E+08  0.211689E+07
  0.050   0.700   0.813227E+08  0.171510E+07
  0.051   0.710   0.803473E+08  0.126070E+07
  0.053   0.720   0.791789E+08  0.758183E+06
  0.054   0.730   0.778256E+08  0.213791E+06
  0.056   0.740   0.762967E+08 -0.364465E+06
  0.057   0.750   0.746024E+08 -0.966761E+06
  0.059   0.760   0.727539E+08 -0.158148E+07
  0.060   0.770   0.707626E+08 -0.219527E+07
  0.062   0.780   0.686403E+08 -0.279309E+07
  0.064   0.790   0.663988E+08 -0.335839E+07
  0.065   0.800   0.640494E+08 -0.387326E+07
  0.067   0.810   0.616029E+08 -0.431861E+07
  0.069   0.820   0.590692E+08 -0.467445E+07
  0.070   0.830   0.564570E+08 -0.492013E+07
  0.072   0.840   0.537732E+08 -0.503468E+07
  0.074   0.850   0.510231E+08 -0.499717E+07
  0.075   0.860   0.482095E+08 -0.478708E+07
  0.077   0.870   0.453326E+08 -0.438480E+07
  0.079   0.880   0.423896E+08 -0.377223E+07
  0.081   0.890   0.393739E+08 -0.293352E+07
  0.083   0.900   0.362749E+08 -0.185603E+07
  0.084   0.910   0.330775E+08 -0.531703E+06
  0.086   0.920   0.297618E+08  0.104133E+07
  0.088   0.930   0.263036E+08  0.285654E+07
  0.090   0.940   0.226750E+08  0.489638E+07
  0.092   0.950   0.188463E+08  0.712942E+07
  0.094   0.960   0.147899E+08  0.950742E+07
  0.096   0.970   0.104857E+08  0.119634E+08
  0.098   0.980   0.592817E+07  0.144116E+08
  0.100   0.990   0.113585E+07  0.167511E+08
  0.102   1.000  -0.384083E+07  0.188742E+08
  0.104   1.010  -0.891461E+07  0.206803E+08
  0.106   1.020  -0.139639E+08  0.220928E+08
  0.108   1.030  -0.188442E+08  0.230753E+08
  0.110   1.040  -0.234081E+08  0.236394E+08
  0.112   1.050  -0.275271E+08  0.238431E+08
  0.115   1.060  -0.311093E+08  0.237768E+08
  0.117   1.070  -0.341068E+08  0.235441E+08
  0.119   1.080  -0.365134E+08  0.232438E+08
  0.121   1.090  -0.383552E+08  0.229566E+08
  0.123   1.100  -0.396780E+08  0.227394E+08
  0.126   1.110  -0.405366E+08  0.226249E+08
  0.128   1.120  -0.409870E+08  0.226256E+08
  0.130   1.130  -0.410810E+08  0.227380E+08
  0.133   1.140  -0.408639E+08  0.229476E+08
  0.135   1.150  -0.403737E+08  0.232334E+08
  0.137   1.160  -0.396415E+08  0.235714E+08
  0.140   1.170  -0.386921E+08  0.239369E+08
  0.142   1.180  -0.375459E+08  0.243066E+08
  0.144   1.190  -0.362193E+08  0.246600E+08
  0.147   1.200  -0.347269E+08  0.249804E+08
  0.149   1.210  -0.330825E+08  0.252549E+08
  0.152   1.220  -0.313004E+08  0.254748E+08
  0.154   1.230  -0.293965E+08  0.256349E+08
  0.157   1.240  -0.273890E+08  0.257326E+08
  0.159   1.250  -0.252990E+08  0.257670E+08
  0.162   1.260  -0.231497E+08  0.257378E+08
  0.164   1.270  -0.209661E+08  0.256442E+08
  0.167   1.280  -0.187744E+08  0.254848E+08
  0.170   1.290  -0.166004E+08  0.252570E+08
  0.172   1.300  -0.144689E+08  0.249573E+08
  0.175   1.310  -0.124032E+08  0.245817E+08
  0.178   1.320  -0.104243E+08  0.241257E+08
  0.180   1.330  -0.855088E+07  0.235854E+08
  0.183   1.340  -0.679889E+07  0.229569E+08
  0.186   1.350  -0.518177E+07  0.222372E+08
  0.189   1.360  -0.371020E+07  0.214240E+08
  0.191   1.370  -0.239201E+07  0.205153E+08
  0.194   1.380  -0.123186E+07  0.195100E+08
  0.197   1.390  -0.230861E+06  0.184077E+08
  0.200   1.400   0.613785E+06  0.172091E+08
  0.203   1.410   0.130906E+07  0.159167E+08
  0.206   1.420   0.186598E+07  0.145360E+08
  0.209   1.430   0.229892E+07  0.130762E+08
  0.211   1.440   0.262419E+07  0.115514E+08
  0.214   1.450   0.285808E+07  0.998048E+07
  0.217   1.460   0.301468E+07  0.838653E+07
  0.220   1.470   0.310419E+07  0.679489E+07
  0.223   1.480   0.313213E+07  0.523064E+07
  0.226   1.490   0.309992E+07  0.371600E+07
  0.229   1.500   0.300641E+07  0.226846E+07
  0.233   1.510   0.285007E+07  0.899863E+06
  0.236   1.520   0.263109E+07 -0.383268E+06
  0.239   1.530   0.235298E+07 -0.157865E+07
  0.242   1.540   0.202354E+07 -0.268649E+07
  0.245   1.550   0.165490E+07 -0.370750E+07
  0.248   1.560   0.126278E+07 -0.464090E+07
  0.251   1.570   0.864703E+06 -0.548277E+07
  0.255   1.580   0.477536E+06 -0.622526E+07
  0.258   1.590   0.114546E+06 -0.685714E+07
  0.261   1.600  -0.216957E+06 -0.736588E+07
  0.264   1.610  -0.516505E+06 -0.774087E+07
  0.268   1.620  -0.789363E+06 -0.797661E+07
  0.271   1.630  -0.104383E+07 -0.807454E+07
  0.274   1.640  -0.128811E+07 -0.804312E+07
  0.278   1.650  -0.152795E+07 -0.789618E+07
  0.281   1.660  -0.176556E+07 -0.765063E+07
  0.284   1.670  -0.199977E+07 -0.732444E+07
  0.288   1.680  -0.222685E+07 -0.693506E+07
  0.291   1.690  -0.244154E+07 -0.649874E+07
  0.295   1.700  -0.263792E+07 -0.603017E+07
  0.298   1.710  -0.281005E+07 -0.554253E+07
  0.302   1.720  -0.295233E+07 -0.504763E+07
  0.305   1.730  -0.305965E+07 -0.455601E+07
  0.309   1.740  -0.312738E+07 -0.407698E+07
  0.312   1.750  -0.315129E+07 -0.361853E+07
  0.316   1.760  -0.312749E+07 -0.318706E+07
  0.319   1.770  -0.305248E+07 -0.278704E+07
  0.323   1.780  -0.292348E+07 -0.242053E+07
  0.327   1.790  -0.273910E+07 -0.208686E+07
  0.330   1.800  -0.250035E+07 -0.178268E+07
  0.334   1.810  -0.221172E+07 -0.150282E+07
  0.338   1.820  -0.188174E+07 -0.124189E+07
  0.341   1.830  -0.152249E+07 -0.996132E+06
  0.345   1.840  -0.114800E+07 -0.764911E+06
  0.349   1.850  -0.772198E+06 -0.551107E+06
  0.353   1.860  -0.406897E+06 -0.360353E+06
  0.357   1.870  -0.607933E+05 -0.199570E+06
  0.360   1.880   0.260685E+06 -0.755233E+05
  0.364   1.890   0.554932E+06  0.619691E+04
  0.368   1.900   0.821549E+06  0.416768E+05
  0.372   1.910   0.106182E+07  0.288301E+05
  0.376   1.920   0.127835E+07 -0.326225E+05
  0.380   1.930   0.147489E+07 -0.141188E+06
  0.384   1.940   0.165621E+07 -0.293559E+06
  0.388   1.950   0.182800E+07 -0.484434E+06
  0.392   1.960   0.199666E+07 -0.706195E+06
  0.396   1.970   0.216884E+07 -0.948418E+06
  0.400   1.980   0.235056E+07 -0.119732E+07
  0.404   1.990   0.254561E+07 -0.143535E+07
  0.408   2.000   0.275309E+07 -0.164144E+07
  0.412   2.010   0.296412E+07 -0.179312E+07
  0.416   2.020   0.315940E+07 -0.187164E+07
  0.420   2.030   0.331071E+07 -0.186995E+07
  0.424   2.040   0.338971E+07 -0.179916E+07
  0.429   2.050   0.338090E+07 -0.168607E+07
  0.433   2.060   0.328855E+07 -0.156072E+07
  0.437   2.070   0.313186E+07 -0.144381E+07
  0.441   2.080   0.293423E+07 -0.134268E+07
  0.445   2.090   0.271541E+07 -0.125508E+07
  0.450   2.100   0.248914E+07 -0.117465E+07
  0.454   2.110   0.226406E+07 -0.109476E+07
  0.458   2.120   0.204544E+07 -0.101019E+07
  0.463   2.130   0.183662E+07 -0.917562E+06
  0.467   2.140   0.163997E+07 -0.815183E+06
  0.471   2.150   0.145738E+07 -0.702682E+06
  0.476   2.160   0.129048E+07 -0.580671E+06
  0.480   2.170   0.114067E+07 -0.450457E+06
  0.485   2.180   0.100916E+07 -0.313827E+06
  0.489   2.190   0.896856E+06 -0.172871E+06
  0.494   2.200   0.804278E+06 -0.298565E+05
  0.498   2.210   0.731410E+06  0.112730E+06
  0.503   2.220   0.677865E+06  0.251991E+06
  0.507   2.230   0.643157E+06  0.384835E+06
  0.512   2.240   0.626771E+06  0.508043E+06
  0.516   2.250   0.628617E+06  0.618505E+06
  0.521   2.260   0.649194E+06  0.714076E+06
  0.525   2.270   0.688896E+06  0.794370E+06
  0.530   2.280   0.746901E+06  0.860680E+06
  0.535   2.290   0.820629E+06  0.915095E+06
  0.539   2.300   0.906017E+06  0.959711E+06
  0.544   2.310   0.997978E+06  0.996393E+06
  0.549   2.320   0.109053E+07  0.102674E+07
  0.554   2.330   0.117667E+07  0.105170E+07
  0.558   2.340   0.124847E+07  0.107062E+07
  0.563   2.350   0.129833E+07  0.107987E+07
  0.568   2.360   0.132171E+07  0.107252E+07
  0.573   2.370   0.132004E+07  0.104078E+07
  0.578   2.380   0.130078E+07  0.980570E+06
  0.582   2.390   0.127329E+07  0.894588E+06
  0.587   2.400   0.124426E+07  0.790826E+06
  0.592   2.410   0.121626E+07  0.678752E+06
  0.597   2.420   0.118921E+07  0.566719E+06
  0.602   2.430   0.116206E+07  0.461541E+06
  0.607   2.440   0.113355E+07  0.368883E+06
  0.612   2.450   0.110210E+07  0.293330E+06
  0.617   2.460   0.106607E+07  0.238045E+06
  0.622   2.470   0.102453E+07  0.204622E+06
  0.627   2.480   0.976514E+06  0.195752E+06
  0.632   2.490   0.919466E+06  0.207353E+06
  0.637   2.500   0.857454E+06  0.238427E+06
  0.642   2.510   0.791786E+06  0.287834E+06
  0.648   2.520   0.724749E+06  0.353746E+06
  0.653   2.530   0.659138E+06  0.434963E+06
  0.658   2.540   0.597100E+06  0.532132E+06
  0.663   2.550   0.536402E+06  0.648287E+06
  0.668   2.560   0.464322E+06  0.782829E+06
  0.674   2.570   0.363757E+06  0.914214E+06
  0.679   2.580   0.246505E+06  0.100255E+07
  0.684   2.590   0.156500E+06  0.103694E+07
  0.689   2.600   0.120229E+06  0.104459E+07
  0.695   2.610   0.132697E+06  0.105332E+07
  0.700   2.620   0.176400E+06  0.107568E+07
  0.705   2.630   0.233777E+06  0.111254E+07
  0.711   2.640   0.291003E+06  0.115847E+07
  0.716   2.650   0.338633E+06  0.120548E+07
  0.722   2.660   0.371008E+06  0.124552E+07
  0.727   2.670   0.385050E+06  0.127174E+07
  0.732   2.680   0.379202E+06  0.127869E+07
  0.738   2.690   0.353076E+06  0.126197E+07
  0.743   2.700   0.307803E+06  0.121795E+07
  0.749   2.710   0.246509E+06  0.114430E+07
  0.754   2.720   0.174325E+06  0.104087E+07
  0.760   2.730   0.976224E+05  0.910585E+06
  0.766   2.740   0.225391E+05  0.759816E+06
  0.771   2.750  -0.466438E+05  0.597576E+06
  0.777   2.760  -0.108414E+06  0.433828E+06
  0.782   2.770  -0.163788E+06  0.277630E+06
  0.788   2.780  -0.215303E+06  0.135874E+06
  0.794   2.790  -0.265337E+06  0.126678E+05
  0.799   2.800  -0.315325E+06 -0.891216E+05
  0.805   2.810  -0.365898E+06 -0.168314E+06
  0.811   2.820  -0.416417E+06 -0.223841E+06
  0.817   2.830  -0.466839E+06 -0.253996E+06
  0.822   2.840  -0.520274E+06 -0.257885E+06
  0.828   2.850  -0.583068E+06 -0.240871E+06
  0.834   2.860  -0.655659E+06 -0.218114E+06
  0.840   2.870  -0.724060E+06 -0.202206E+06
  0.846   2.880  -0.772678E+06 -0.190603E+06
  0.852   2.890  -0.797476E+06 -0.175161E+06
  0.858   2.900  -0.801533E+06 -0.152600E+06
  0.864   2.910  -0.788498E+06 -0.124166E+06
  0.869   2.920  -0.761087E+06 -0.926503E+05
  0.875   2.930  -0.721659E+06 -0.610362E+05
  0.881   2.940  -0.672550E+06 -0.323724E+05
  0.887   2.950  -0.615572E+06 -0.963694E+04
  0.893   2.960  -0.551509E+06  0.557977E+04
  0.899   2.970  -0.481950E+06  0.149441E+05
  0.906   2.980  -0.412975E+06  0.211801E+05
  0.912   2.990  -0.353227E+06  0.225631E+05
  0.918   3.000  -0.308061E+06  0.134457E+05
  0.924   3.010  -0.278540E+06 -0.119247E+05
  0.930   3.020  -0.262335E+06 -0.586060E+05
  0.936   3.030  -0.252194E+06 -0.130807E+06
  0.942   3.040  -0.233201E+06 -0.227821E+06
  0.949   3.050  -0.186088E+06 -0.334293E+06
  0.955   3.060  -0.105073E+06 -0.416584E+06
  0.961   3.070  -0.131729E+05 -0.444422E+06
  0.967   3.080   0.554320E+05 -0.415860E+06
  0.974   3.090   0.815518E+05 -0.349354E+06
  0.980   3.100   0.619306E+05 -0.264893E+06
  0.986   3.110   0.139640E+03 -0.180873E+06
  0.993   3.120  -0.908461E+05 -0.118865E+06
  0.999   3.130  -0.177533E+06 -0.908303E+05
  1.005   3.140  -0.228903E+06 -0.736413E+05
  1.012   3.150  -0.252649E+06 -0.382873E+05
  1.018   3.160  -0.268322E+06  0.154719E+05
  1.025   3.170  -0.282368E+06  0.751825E+05
  1.031   3.180  -0.292430E+06  0.130336E+06
  1.038   3.190  -0.293444E+06  0.174469E+06
  1.044   3.200  -0.280142E+06  0.204703E+06
  1.051   3.210  -0.248150E+06  0.221589E+06
  1.057   3.220  -0.195034E+06  0.229810E+06
  1.064   3.230  -0.123772E+06  0.239680E+06
  1.070   3.240  -0.525134E+05  0.263033E+06
  1.077   3.250  -0.146069E+05  0.287527E+06
  1.084   3.260  -0.109019E+05  0.271232E+06
  1.090   3.270  -0.681993E+04  0.205407E+06
  1.097   3.280   0.118669E+05  0.110407E+06
  1.104   3.290   0.431415E+05  0.183389E+04
  1.110   3.300   0.838967E+05 -0.109399E+06
  1.117   3.310   0.130962E+06 -0.210036E+06
  1.124   3.320   0.171259E+06 -0.281398E+06
  1.131   3.330   0.165142E+06 -0.323473E+06
  1.138   3.340   0.104626E+06 -0.397775E+06
  1.144   3.350   0.622549E+05 -0.515480E+06
  1.151   3.360   0.589950E+05 -0.626103E+06
  1.158   3.370   0.838287E+05 -0.706539E+06
  1.165   3.380   0.131631E+06 -0.743933E+06
  1.172   3.390   0.191261E+06 -0.719769E+06
  1.179   3.400   0.226240E+06 -0.626856E+06
  1.186   3.410   0.203229E+06 -0.507824E+06
  1.193   3.420   0.148910E+06 -0.413271E+06
  1.200   3.430   0.104665E+06 -0.344371E+06
  1.207   3.440   0.840937E+05 -0.284184E+06
  1.214   3.450   0.844293E+05 -0.223068E+06
  1.221   3.460   0.983892E+05 -0.159682E+06
  1.228   3.470   0.118078E+06 -0.989269E+05
  1.235   3.480   0.138460E+06 -0.520979E+05
  1.242   3.490   0.166127E+06 -0.336654E+05
  1.249   3.500   0.221875E+06 -0.409719E+05
  1.256   3.510   0.307566E+06 -0.456111E+05
  1.263   3.520   0.397185E+06 -0.340828E+05
  1.271   3.530   0.471868E+06 -0.139701E+05
  1.278   3.540   0.525297E+06  0.670484E+04
  1.285   3.550   0.555345E+06  0.244949E+05
  1.292   3.560   0.560469E+06  0.383355E+05
  1.300   3.570   0.539540E+06  0.470646E+05
  1.307   3.580   0.493697E+06  0.476155E+05
  1.314   3.590   0.430953E+06  0.355803E+05
  1.322   3.600   0.369781E+06  0.158008E+05
  1.329   3.610   0.316704E+06  0.135344E+05
  1.336   3.620   0.252679E+06  0.364883E+05
  1.344   3.630   0.176377E+06  0.709749E+05
  1.351   3.640   0.993330E+05  0.113574E+06
  1.359   3.650   0.294505E+05  0.168907E+06
  1.366   3.660  -0.330210E+05  0.244075E+06
  1.373   3.670  -0.100051E+06  0.342019E+06
  1.381   3.680  -0.193363E+06  0.443030E+06
  1.388   3.690  -0.303970E+06  0.492300E+06
  1.396   3.700  -0.356022E+06  0.469231E+06
  1.404   3.710  -0.290606E+06  0.439311E+06
  1.411   3.720  -0.935309E+05  0.518860E+06
  1.419   3.730  -0.732144E+05  0.100779E+07
  1.426   3.740  -0.573978E+06  0.902789E+06
  1.434   3.750  -0.561610E+06  0.646568E+06
  1.442   3.760  -0.487531E+06  0.512822E+06
  1.449   3.770  -0.422158E+06  0.400262E+06
  1.457   3.780  -0.358995E+06  0.276879E+06
  1.465   3.790  -0.283564E+06  0.136685E+06
  1.472   3.800  -0.172638E+06 -0.382635E+04
  1.480   3.810  -0.398057E+05 -0.835019E+05
  1.488   3.820   0.380518E+05 -0.116270E+06
  1.496   3.830   0.767926E+05 -0.153116E+06
  1.504   3.840   0.101341E+06 -0.189198E+06
  1.511   3.850   0.119008E+06 -0.215547E+06
  1.519   3.860   0.134594E+06 -0.225982E+06
  1.527   3.870   0.153184E+06 -0.213268E+06
  1.535   3.880   0.176832E+06 -0.163342E+06
  1.543   3.890   0.184096E+06 -0.526162E+05
  1.551   3.900   0.987617E+05  0.930925E+05
  1.559   3.910  -0.453199E+05  0.126124E+06
  1.567   3.920  -0.981827E+05  0.102517E+06
  1.575   3.930  -0.108655E+06  0.101162E+06
  1.583   3.940  -0.110199E+06  0.102513E+06
  1.591   3.950  -0.106196E+06  0.856338E+05
  1.599   3.960  -0.837475E+05  0.216821E+05
  1.607   3.970   0.456018E+05 -0.963524E+05
  1.615   3.980   0.309579E+06 -0.387625E+05
  1.623   3.990   0.364522E+06  0.157735E+06
  1.632   4.000   0.301047E+06  0.247362E+06
  1.640   4.010   0.223051E+06  0.269883E+06
  1.648   4.020   0.129783E+06  0.264820E+06
  1.656   4.030   0.356949E+04  0.232699E+06
  1.664   4.040  -0.149984E+06  0.145534E+06
  1.673   4.050  -0.267129E+06 -0.112139E+05
  1.681   4.060  -0.297040E+06 -0.144495E+06
  1.689   4.070  -0.322522E+06 -0.199901E+06
  1.697   4.080  -0.379233E+06 -0.224668E+06
  1.706   4.090  -0.447150E+06 -0.249424E+06
  1.714   4.100  -0.493363E+06 -0.272650E+06
  1.723   4.110  -0.515406E+06 -0.268111E+06
  1.731   4.120  -0.532134E+06 -0.242805E+06
  1.739   4.130  -0.537906E+06 -0.214720E+06
  1.748   4.140  -0.521856E+06 -0.188911E+06
  1.756   4.150  -0.478631E+06 -0.164349E+06
  1.765   4.160  -0.409483E+06 -0.137871E+06
  1.773   4.170  -0.323309E+06 -0.108165E+06
  1.782   4.180  -0.231992E+06 -0.818398E+05
  1.790   4.190  -0.140433E+06 -0.703797E+05
  1.799   4.200  -0.457447E+05 -0.817822E+05
  1.807   4.210   0.664266E+05 -0.114410E+06
  1.816   4.220   0.194321E+06 -0.123103E+06
  1.825   4.230   0.273710E+06 -0.120775E+06
  1.833   4.240   0.329324E+06 -0.142489E+06
  1.842   4.250   0.374646E+06 -0.171181E+06
  1.851   4.260   0.408224E+06 -0.196494E+06
  1.859   4.270   0.432903E+06 -0.211138E+06
  1.868   4.280   0.447151E+06 -0.195088E+06
  1.877   4.290   0.421463E+06 -0.145766E+06
  1.885   4.300   0.342535E+06 -0.101020E+06
  1.894   4.310   0.261283E+06 -0.102619E+06
  1.903   4.320   0.225720E+06 -0.100192E+06
  1.912   4.330   0.206734E+06 -0.682633E+05
  1.921   4.340   0.192575E+06 -0.176551E+05
  1.930   4.350   0.180797E+06  0.450045E+05
  1.938   4.360   0.165012E+06  0.113018E+06
  1.947   4.370   0.138944E+06  0.170559E+06
  1.956   4.380   0.107285E+06  0.198876E+06
  1.965   4.390   0.909201E+05  0.193487E+06
  1.974   4.400   0.944087E+05  0.172654E+06
  1.983   4.410   0.104998E+06  0.152380E+06
  1.992   4.420   0.959443E+05  0.129158E+06
  2.001   4.430   0.656367E+05  0.847801E+05
  2.010   4.440   0.210927E+05  0.168137E+05
  2.019   4.450  -0.321398E+05 -0.779035E+05
  2.028   4.460  -0.693217E+05 -0.202728E+06
  2.037   4.470  -0.574129E+05 -0.312557E+06
  2.047   4.480  -0.448842E+05 -0.362310E+06
  2.056   4.490  -0.555026E+05 -0.387540E+06
  2.065   4.500  -0.764208E+05 -0.396379E+06
  2.074   4.510  -0.104820E+06 -0.403354E+06
  2.083   4.520  -0.114469E+06 -0.427356E+06
  2.093   4.530  -0.319685E+05 -0.469533E+06
  2.102   4.540   0.131800E+06 -0.282428E+06
  2.111   4.550   0.650967E+05 -0.141820E+06
  2.120   4.560   0.574531E+05 -0.814996E+05
  2.130   4.570   0.699153E+05 -0.318039E+05
  2.139   4.580   0.881446E+05 -0.181188E+05
  2.148   4.590   0.185556E+06 -0.870746E+05
  2.158   4.600   0.370510E+06  0.539659E+05
  2.167   4.610   0.369694E+06  0.133657E+06
  2.177   4.620   0.377127E+06  0.161774E+06
  2.186   4.630   0.374559E+06  0.173073E+06
  2.195   4.640   0.359631E+06  0.171144E+06
  2.205   4.650   0.331228E+06  0.164988E+06
  2.214   4.660   0.289409E+06  0.151942E+06
  2.224   4.670   0.259633E+06  0.148305E+06
  2.233   4.680   0.206954E+06  0.189701E+06
  2.243   4.690   0.113565E+06  0.232662E+06
  2.253   4.700   0.700894E+04  0.258986E+06
  2.262   4.710  -0.888599E+05  0.265989E+06
  2.272   4.720  -0.151587E+06  0.259721E+06
  2.281   4.730  -0.157792E+06  0.264483E+06
  2.291   4.740  -0.169273E+06  0.350428E+06
  2.301   4.750  -0.247804E+06  0.371658E+06
  2.310   4.760  -0.291749E+06  0.331621E+06
  2.320   4.770  -0.287809E+06  0.242859E+06
  2.330   4.780  -0.232906E+06  0.146393E+06
  2.340   4.790  -0.146093E+06  0.288695E+05
  2.349   4.800   0.170335E+05 -0.109469E+06
  2.359   4.810   0.371647E+06  0.286013E+06
  2.369   4.820   0.288859E+05  0.150339E+06
  2.379   4.830  -0.600240E+04  0.397250E+05
  2.389   4.840  -0.278677E+05 -0.644853E+05
  2.399   4.850  -0.364065E+05 -0.153587E+06
  2.409   4.860  -0.733046E+05 -0.220834E+06
  2.418   4.870  -0.179505E+06 -0.324357E+06
  2.428   4.880  -0.130049E+06 -0.370594E+06
  2.438   4.890  -0.116358E+06 -0.266512E+06
  2.448   4.900  -0.101456E+06 -0.222352E+06
  2.458   4.910  -0.896636E+05 -0.187042E+06
  2.468   4.920  -0.955630E+05 -0.173561E+06
  2.478   4.930   0.460583E+04 -0.146378E+06
  2.488   4.940   0.369423E+05 -0.284303E+05
  2.499   4.950   0.542692E+05  0.997386E+05
  2.509   4.960  -0.179330E+04  0.150051E+06
  2.519   4.970  -0.322207E+04  0.195194E+06
  2.529   4.980  -0.313412E+05  0.226042E+06
  2.539   4.990  -0.648450E+05  0.210122E+06
