  0.000   0.010  -0.410486E-01 -0.376938E+07
  0.000   0.020  -0.106958E+01 -0.376058E+07
  0.000   0.030  -0.575875E+01 -0.374593E+07
  0.000   0.040  -0.184219E+02 -0.372545E+07
  0.000   0.050  -0.448045E+02 -0.369918E+07
  0.000   0.060  -0.918029E+02 -0.366714E+07
  0.000   0.070  -0.167119E+03 -0.362941E+07
  0.001   0.080  -0.278864E+03 -0.358604E+07
  0.001   0.090  -0.435124E+03 -0.353710E+07
  0.001   0.100  -0.643504E+03 -0.348270E+07
  0.001   0.110  -0.910664E+03 -0.342293E+07
  0.001   0.120  -0.124188E+04 -0.335789E+07
  0.002   0.130  -0.164061E+04 -0.328773E+07
  0.002   0.140  -0.210814E+04 -0.321257E+07
  0.002   0.150  -0.264327E+04 -0.313255E+07
  0.003   0.160  -0.324209E+04 -0.304785E+07
  0.003   0.170  -0.389783E+04 -0.295863E+07
  0.003   0.180  -0.460084E+04 -0.286507E+07
  0.004   0.190  -0.533866E+04 -0.276735E+07
  0.004   0.200  -0.609616E+04 -0.266569E+07
  0.004   0.210  -0.685589E+04 -0.256028E+07
  0.005   0.220  -0.759840E+04 -0.245135E+07
  0.005   0.230  -0.830282E+04 -0.233911E+07
  0.006   0.240  -0.894736E+04 -0.222380E+07
  0.006   0.250  -0.951006E+04 -0.210566E+07
  0.007   0.260  -0.996945E+04 -0.198492E+07
  0.007   0.270  -0.103054E+05 -0.186184E+07
  0.008   0.280  -0.104999E+05 -0.173668E+07
  0.009   0.290  -0.105377E+05 -0.160969E+07
  0.009   0.300  -0.104076E+05 -0.148115E+07
  0.010   0.310  -0.101026E+05 -0.135134E+07
  0.010   0.320  -0.962113E+04 -0.122052E+07
  0.011   0.330  -0.896741E+04 -0.108899E+07
  0.012   0.340  -0.815224E+04 -0.957051E+06
  0.012   0.350  -0.719340E+04 -0.824986E+06
  0.013   0.360  -0.611611E+04 -0.693103E+06
  0.014   0.370  -0.495333E+04 -0.561707E+06
  0.015   0.380  -0.374592E+04 -0.431105E+06
  0.016   0.390  -0.254276E+04 -0.301607E+06
  0.016   0.400  -0.140068E+04 -0.173527E+06
  0.017   0.410  -0.384378E+03 -0.471795E+05
  0.018   0.420   0.433814E+03  0.771185E+05
  0.019   0.430   0.974168E+03  0.199046E+06
  0.020   0.440   0.114990E+04  0.318280E+06
  0.021   0.450   0.867539E+03  0.434493E+06
  0.022   0.460   0.273075E+02  0.547357E+06
  0.023   0.470  -0.147648E+04  0.656540E+06
  0.023   0.480  -0.375505E+04  0.761716E+06
  0.024   0.490  -0.692489E+04  0.862560E+06
  0.025   0.500  -0.111075E+05  0.958755E+06
  0.027   0.510  -0.164291E+05  0.105000E+07
  0.028   0.520  -0.230207E+05  0.113599E+07
  0.029   0.530  -0.310181E+05  0.121644E+07
  0.030   0.540  -0.405610E+05  0.129111E+07
  0.031   0.550  -0.517935E+05  0.135971E+07
  0.032   0.560  -0.648624E+05  0.142203E+07
  0.033   0.570  -0.799166E+05  0.147783E+07
  0.034   0.580  -0.971047E+05  0.152688E+07
  0.035   0.590  -0.116572E+06  0.156897E+07
  0.037   0.600  -0.138457E+06  0.160388E+07
  0.038   0.610  -0.162884E+06  0.163139E+07
  0.039   0.620  -0.189961E+06  0.165129E+07
  0.040   0.630  -0.219764E+06  0.166336E+07
  0.042   0.640  -0.252335E+06  0.166736E+07
  0.043   0.650  -0.287664E+06  0.166307E+07
  0.044   0.660  -0.325680E+06  0.165027E+07
  0.046   0.670  -0.366237E+06  0.162877E+07
  0.047   0.680  -0.409102E+06  0.159840E+07
  0.049   0.690  -0.453944E+06  0.155902E+07
  0.050   0.700  -0.500330E+06  0.151059E+07
  0.051   0.710  -0.547724E+06  0.145316E+07
  0.053   0.720  -0.595493E+06  0.138690E+07
  0.054   0.730  -0.642932E+06  0.131216E+07
  0.056   0.740  -0.689284E+06  0.122943E+07
  0.057   0.750  -0.733786E+06  0.113942E+07
  0.059   0.760  -0.775713E+06  0.104304E+07
  0.060   0.770  -0.814425E+06  0.941389E+06
  0.062   0.780  -0.849415E+06  0.835706E+06
  0.064   0.790  -0.880350E+06  0.727359E+06
  0.065   0.800  -0.907086E+06  0.617771E+06
  0.067   0.810  -0.929685E+06  0.508365E+06
  0.069   0.820  -0.948394E+06  0.400504E+06
  0.070   0.830  -0.963622E+06  0.295440E+06
  0.072   0.840  -0.975898E+06  0.194272E+06
  0.074   0.850  -0.985827E+06  0.979304E+05
  0.075   0.860  -0.994044E+06  0.715798E+04
  0.077   0.870  -0.100117E+07 -0.774791E+05
  0.079   0.880  -0.100778E+07 -0.155579E+06
  0.081   0.890  -0.101437E+07 -0.226885E+06
  0.083   0.900  -0.102137E+07 -0.291261E+06
  0.084   0.910  -0.102907E+07 -0.348665E+06
  0.086   0.920  -0.103770E+07 -0.399135E+06
  0.088   0.930  -0.104739E+07 -0.442761E+06
  0.090   0.940  -0.105818E+07 -0.479678E+06
  0.092   0.950  -0.107002E+07 -0.510048E+06
  0.094   0.960  -0.108283E+07 -0.534054E+06
  0.096   0.970  -0.109644E+07 -0.551897E+06
  0.098   0.980  -0.111066E+07 -0.563787E+06
  0.100   0.990  -0.112527E+07 -0.569944E+06
  0.102   1.000  -0.114003E+07 -0.570598E+06
  0.104   1.010  -0.115467E+07 -0.565987E+06
  0.106   1.020  -0.116894E+07 -0.556359E+06
  0.108   1.030  -0.118258E+07 -0.541973E+06
  0.110   1.040  -0.119535E+07 -0.523097E+06
  0.112   1.050  -0.120702E+07 -0.500013E+06
  0.115   1.060  -0.121738E+07 -0.473016E+06
  0.117   1.070  -0.122626E+07 -0.442414E+06
  0.119   1.080  -0.123350E+07 -0.408530E+06
  0.121   1.090  -0.123900E+07 -0.371700E+06
  0.123   1.100  -0.124268E+07 -0.332278E+06
  0.126   1.110  -0.124452E+07 -0.290628E+06
  0.128   1.120  -0.124455E+07 -0.247133E+06
  0.130   1.130  -0.124283E+07 -0.202193E+06
  0.133   1.140  -0.123949E+07 -0.156228E+06
  0.135   1.150  -0.123474E+07 -0.109682E+06
  0.137   1.160  -0.122883E+07 -0.630331E+05
  0.140   1.170  -0.122210E+07 -0.168044E+05
  0.142   1.180  -0.121494E+07  0.284191E+05
  0.144   1.190  -0.120784E+07  0.719639E+05
  0.147   1.200  -0.120134E+07  0.113032E+06
  0.149   1.210  -0.119603E+07  0.150651E+06
  0.152   1.220  -0.119249E+07  0.183607E+06
  0.154   1.230  -0.119123E+07  0.210371E+06
  0.157   1.240  -0.119256E+07  0.229009E+06
  0.159   1.250  -0.119630E+07  0.237129E+06
  0.162   1.260  -0.120152E+07  0.231889E+06
  0.164   1.270  -0.120599E+07  0.210166E+06
  0.167   1.280  -0.120564E+07  0.169029E+06
  0.170   1.290  -0.119387E+07  0.106821E+06
  0.172   1.300  -0.116155E+07  0.253361E+05
  0.175   1.310  -0.109921E+07 -0.671720E+05
  0.178   1.320  -0.100296E+07 -0.155458E+06
  0.180   1.330  -0.879706E+06 -0.223308E+06
  0.183   1.340  -0.744575E+06 -0.262244E+06
  0.186   1.350  -0.612602E+06 -0.273944E+06
  0.189   1.360  -0.493182E+06 -0.265872E+06
  0.191   1.370  -0.389874E+06 -0.246212E+06
  0.194   1.380  -0.302596E+06 -0.221368E+06
  0.197   1.390  -0.229668E+06 -0.195545E+06
  0.200   1.400  -0.169013E+06 -0.171186E+06
  0.203   1.410  -0.118693E+06 -0.149545E+06
  0.206   1.420  -0.770855E+05 -0.131139E+06
  0.209   1.430  -0.428896E+05 -0.116062E+06
  0.211   1.440  -0.150782E+05 -0.104171E+06
  0.214   1.450   0.716654E+04 -0.952044E+05
  0.217   1.460   0.245087E+05 -0.888464E+05
  0.220   1.470   0.375044E+05 -0.847639E+05
  0.223   1.480   0.466350E+05 -0.826259E+05
  0.226   1.490   0.523310E+05 -0.821133E+05
  0.229   1.500   0.549880E+05 -0.829242E+05
  0.233   1.510   0.549768E+05 -0.847756E+05
  0.236   1.520   0.526496E+05 -0.874057E+05
  0.239   1.530   0.483428E+05 -0.905737E+05
  0.242   1.540   0.423784E+05 -0.940618E+05
  0.245   1.550   0.350645E+05 -0.976752E+05
  0.248   1.560   0.266952E+05 -0.101243E+06
  0.251   1.570   0.175494E+05 -0.104620E+06
  0.255   1.580   0.789114E+04 -0.107682E+06
  0.258   1.590  -0.203169E+04 -0.110333E+06
  0.261   1.600  -0.119879E+05 -0.112496E+06
  0.264   1.610  -0.217636E+05 -0.114117E+06
  0.268   1.620  -0.311640E+05 -0.115158E+06
  0.271   1.630  -0.400138E+05 -0.115601E+06
  0.274   1.640  -0.481592E+05 -0.115438E+06
  0.278   1.650  -0.554696E+05 -0.114675E+06
  0.281   1.660  -0.618385E+05 -0.113327E+06
  0.284   1.670  -0.671848E+05 -0.111417E+06
  0.288   1.680  -0.714529E+05 -0.108977E+06
  0.291   1.690  -0.746120E+05 -0.106045E+06
  0.295   1.700  -0.766529E+05 -0.102666E+06
  0.298   1.710  -0.775838E+05 -0.988934E+05
  0.302   1.720  -0.774230E+05 -0.947809E+05
  0.305   1.730  -0.761889E+05 -0.903805E+05
  0.309   1.740  -0.738875E+05 -0.857278E+05
  0.312   1.750  -0.704974E+05 -0.808152E+05
  0.316   1.760  -0.659567E+05 -0.755372E+05
  0.319   1.770  -0.601747E+05 -0.695721E+05
  0.323   1.780  -0.531750E+05 -0.621388E+05
  0.327   1.790  -0.457846E+05 -0.516764E+05
  0.330   1.800  -0.415890E+05 -0.367870E+05
  0.334   1.810  -0.462668E+05 -0.218827E+05
  0.338   1.820  -0.562367E+05 -0.161131E+05
  0.341   1.830  -0.625133E+05 -0.180677E+05
  0.345   1.840  -0.639486E+05 -0.219317E+05
  0.349   1.850  -0.626700E+05 -0.254083E+05
  0.353   1.860  -0.602301E+05 -0.282299E+05
  0.357   1.870  -0.574184E+05 -0.306126E+05
  0.360   1.880  -0.546098E+05 -0.327940E+05
  0.364   1.890  -0.519800E+05 -0.349478E+05
  0.368   1.900  -0.496059E+05 -0.371871E+05
  0.372   1.910  -0.475097E+05 -0.395799E+05
  0.376   1.920  -0.456788E+05 -0.421607E+05
  0.380   1.930  -0.440757E+05 -0.449372E+05
  0.384   1.940  -0.426449E+05 -0.478928E+05
  0.388   1.950  -0.413203E+05 -0.509879E+05
  0.392   1.960  -0.400331E+05 -0.541608E+05
  0.396   1.970  -0.387210E+05 -0.573315E+05
  0.400   1.980  -0.373364E+05 -0.604086E+05
  0.404   1.990  -0.358512E+05 -0.632977E+05
  0.408   2.000  -0.342584E+05 -0.659126E+05
  0.412   2.010  -0.325682E+05 -0.681833E+05
  0.416   2.020  -0.308021E+05 -0.700622E+05
  0.420   2.030  -0.289855E+05 -0.715256E+05
  0.424   2.040  -0.271416E+05 -0.725719E+05
  0.429   2.050  -0.252874E+05 -0.732184E+05
  0.433   2.060  -0.234312E+05 -0.734982E+05
  0.437   2.070  -0.215709E+05 -0.734568E+05
  0.441   2.080  -0.196923E+05 -0.731501E+05
  0.445   2.090  -0.177674E+05 -0.726427E+05
  0.450   2.100  -0.157501E+05 -0.720076E+05
  0.454   2.110  -0.135691E+05 -0.713258E+05
  0.458   2.120  -0.111145E+05 -0.706854E+05
  0.463   2.130  -0.821366E+04 -0.701781E+05
  0.467   2.140  -0.458820E+04 -0.698847E+05
  0.471   2.150   0.224699E+03 -0.698318E+05
  0.476   2.160   0.701119E+04 -0.698615E+05
  0.480   2.170   0.170910E+05 -0.692386E+05
  0.485   2.180   0.323674E+05 -0.654895E+05
  0.489   2.190   0.533918E+05 -0.515902E+05
  0.494   2.200   0.686089E+05 -0.158969E+05
  0.498   2.210   0.481332E+05  0.278130E+05
  0.503   2.220   0.744243E+04  0.367005E+05
  0.507   2.230  -0.158696E+05  0.226725E+05
  0.512   2.240  -0.235560E+05  0.788188E+04
  0.516   2.250  -0.241879E+05 -0.294795E+04
  0.521   2.260  -0.219236E+05 -0.104221E+05
  0.525   2.270  -0.184070E+05 -0.155851E+05
  0.530   2.280  -0.142898E+05 -0.191798E+05
  0.535   2.290  -0.983827E+04 -0.216761E+05
  0.539   2.300  -0.516073E+04 -0.233639E+05
  0.544   2.310  -0.296733E+03 -0.244166E+05
  0.549   2.320   0.474253E+04 -0.249275E+05
  0.554   2.330   0.995117E+04 -0.249311E+05
  0.558   2.340   0.153104E+05 -0.244191E+05
  0.563   2.350   0.207718E+05 -0.233567E+05
  0.568   2.360   0.262434E+05 -0.217085E+05
  0.573   2.370   0.315864E+05 -0.194756E+05
  0.578   2.380   0.366355E+05 -0.167425E+05
  0.582   2.390   0.412510E+05 -0.137225E+05
  0.587   2.400   0.454068E+05 -0.107844E+05
  0.592   2.410   0.493115E+05 -0.846011E+04
  0.597   2.420   0.535948E+05 -0.744227E+04
  0.602   2.430   0.596728E+05 -0.857700E+04
  0.607   2.440   0.706450E+05 -0.127776E+05
  0.612   2.450   0.939815E+05 -0.203274E+05
  0.617   2.460   0.151496E+06 -0.245791E+05
  0.622   2.470   0.300019E+06  0.665651E+05
  0.627   2.480   0.774864E+05  0.386312E+06
  0.632   2.490  -0.956416E+05  0.206806E+06
  0.637   2.500  -0.961426E+05  0.119184E+06
  0.642   2.510  -0.864235E+05  0.769391E+05
  0.648   2.520  -0.775077E+05  0.507315E+05
  0.653   2.530  -0.693790E+05  0.316939E+05
  0.658   2.540  -0.613408E+05  0.166273E+05
  0.663   2.550  -0.529039E+05  0.433324E+04
  0.668   2.560  -0.439176E+05 -0.553832E+04
  0.674   2.570  -0.345964E+05 -0.130531E+05
  0.679   2.580  -0.253936E+05 -0.183587E+05
  0.684   2.590  -0.167509E+05 -0.218189E+05
  0.689   2.600  -0.890824E+04 -0.239140E+05
  0.695   2.610  -0.189231E+04 -0.250728E+05
  0.700   2.620   0.438483E+04 -0.255851E+05
  0.705   2.630   0.100283E+05 -0.256082E+05
  0.711   2.640   0.151106E+05 -0.252127E+05
  0.716   2.650   0.196606E+05 -0.244252E+05
  0.722   2.660   0.236688E+05 -0.232563E+05
  0.727   2.670   0.270975E+05 -0.217151E+05
  0.732   2.680   0.298883E+05 -0.198171E+05
  0.738   2.690   0.319679E+05 -0.175893E+05
  0.743   2.700   0.332513E+05 -0.150733E+05
  0.749   2.710   0.336445E+05 -0.123284E+05
  0.754   2.720   0.330423E+05 -0.943110E+04
  0.760   2.730   0.313146E+05 -0.647202E+04
  0.766   2.740   0.282601E+05 -0.354920E+04
  0.771   2.750   0.234558E+05 -0.774071E+03
  0.777   2.760   0.157296E+05  0.155387E+04
  0.782   2.770   0.135173E+04  0.100668E+04
  0.788   2.780  -0.203416E+05 -0.235829E+05
  0.794   2.790   0.143118E+05 -0.528609E+05
  0.799   2.800   0.315546E+05 -0.365587E+05
  0.805   2.810   0.333803E+05 -0.266289E+05
  0.811   2.820   0.331921E+05 -0.208193E+05
  0.817   2.830   0.328813E+05 -0.165356E+05
  0.822   2.840   0.327402E+05 -0.127336E+05
  0.828   2.850   0.327738E+05 -0.891129E+04
  0.834   2.860   0.328810E+05 -0.478675E+04
  0.840   2.870   0.328937E+05 -0.212364E+03
  0.846   2.880   0.326054E+05  0.485220E+04
  0.852   2.890   0.317806E+05  0.103526E+05
  0.858   2.900   0.301635E+05  0.161029E+05
  0.864   2.910   0.275794E+05  0.217353E+05
  0.869   2.920   0.240927E+05  0.267943E+05
  0.875   2.930   0.200063E+05  0.309563E+05
  0.881   2.940   0.156837E+05  0.341395E+05
  0.887   2.950   0.113936E+05  0.364382E+05
  0.893   2.960   0.727376E+04  0.380080E+05
  0.899   2.970   0.336510E+04  0.389926E+05
  0.906   2.980  -0.341121E+03  0.394991E+05
  0.912   2.990  -0.386876E+04  0.396008E+05
  0.918   3.000  -0.723765E+04  0.393498E+05
  0.924   3.010  -0.104579E+05  0.387901E+05
  0.930   3.020  -0.135323E+05  0.379662E+05
  0.936   3.030  -0.164621E+05  0.369233E+05
  0.942   3.040  -0.192508E+05  0.357041E+05
  0.949   3.050  -0.219085E+05  0.343406E+05
  0.955   3.060  -0.244566E+05  0.328376E+05
  0.961   3.070  -0.269260E+05  0.311349E+05
  0.967   3.080  -0.293099E+05  0.290180E+05
  0.974   3.090  -0.312930E+05  0.259905E+05
  0.980   3.100  -0.314046E+05  0.217524E+05
  0.986   3.110  -0.279047E+05  0.189164E+05
  0.993   3.120  -0.241773E+05  0.202787E+05
  0.999   3.130  -0.227580E+05  0.230890E+05
  1.005   3.140  -0.225730E+05  0.256839E+05
  1.012   3.150  -0.228969E+05  0.280319E+05
  1.018   3.160  -0.235995E+05  0.302309E+05
  1.025   3.170  -0.247488E+05  0.322274E+05
  1.031   3.180  -0.264439E+05  0.338282E+05
  1.038   3.190  -0.287432E+05  0.347241E+05
  1.044   3.200  -0.316043E+05  0.345036E+05
  1.051   3.210  -0.347959E+05  0.326826E+05
  1.057   3.220  -0.377857E+05  0.288120E+05
  1.064   3.230  -0.396914E+05  0.227213E+05
  1.070   3.240  -0.394720E+05  0.148397E+05
  1.077   3.250  -0.364271E+05  0.629793E+04
  1.084   3.260  -0.306711E+05 -0.146619E+04
  1.090   3.270  -0.231089E+05 -0.735818E+04
  1.097   3.280  -0.149512E+05 -0.109888E+05
  1.104   3.290  -0.722447E+04 -0.125679E+05
  1.110   3.300  -0.571933E+03 -0.125868E+05
  1.117   3.310   0.470013E+04 -0.115623E+05
  1.124   3.320   0.849082E+04 -0.992481E+04
  1.131   3.330   0.107864E+05 -0.801848E+04
  1.138   3.340   0.116021E+05 -0.617252E+04
  1.144   3.350   0.110318E+05 -0.479786E+04
  1.151   3.360   0.943978E+04 -0.436886E+04
  1.158   3.370   0.757026E+04 -0.510136E+04
  1.165   3.380   0.617825E+04 -0.661556E+04
  1.172   3.390   0.549756E+04 -0.817975E+04
  1.179   3.400   0.523328E+04 -0.926157E+04
  1.186   3.410   0.494356E+04 -0.976183E+04
  1.193   3.420   0.435674E+04 -0.988008E+04
  1.200   3.430   0.343256E+04 -0.986367E+04
  1.207   3.440   0.224654E+04 -0.986830E+04
  1.214   3.450   0.871933E+03 -0.996317E+04
  1.221   3.460  -0.661424E+03 -0.101949E+05
  1.228   3.470  -0.234162E+04 -0.106362E+05
  1.235   3.480  -0.412522E+04 -0.113856E+05
  1.242   3.490  -0.590984E+04 -0.125253E+05
  1.249   3.500  -0.755132E+04 -0.140735E+05
  1.256   3.510  -0.891237E+04 -0.159699E+05
  1.263   3.520  -0.989889E+04 -0.181150E+05
  1.271   3.530  -0.104183E+05 -0.204321E+05
  1.278   3.540  -0.102251E+05 -0.227930E+05
  1.285   3.550  -0.907890E+04 -0.245981E+05
  1.292   3.560  -0.760893E+04 -0.251427E+05
  1.300   3.570  -0.661931E+04 -0.247887E+05
  1.307   3.580  -0.603284E+04 -0.241507E+05
  1.314   3.590  -0.541627E+04 -0.233397E+05
  1.322   3.600  -0.450788E+04 -0.220636E+05
  1.329   3.610  -0.341365E+04 -0.199424E+05
  1.336   3.620  -0.255588E+04 -0.168010E+05
  1.344   3.630  -0.248822E+04 -0.128904E+05
  1.351   3.640  -0.349157E+04 -0.897986E+04
  1.359   3.650  -0.512838E+04 -0.595288E+04
  1.366   3.660  -0.644408E+04 -0.409250E+04
  1.373   3.670  -0.671291E+04 -0.297404E+04
  1.381   3.680  -0.578783E+04 -0.199356E+04
  1.388   3.690  -0.389209E+04 -0.778021E+03
  1.396   3.700  -0.131168E+04  0.769572E+03
  1.404   3.710   0.176312E+04  0.261040E+04
  1.411   3.720   0.524556E+04  0.471877E+04
  1.419   3.730   0.908988E+04  0.717618E+04
  1.426   3.740   0.132413E+05  0.102039E+05
  1.434   3.750   0.176126E+05  0.144385E+05
  1.442   3.760   0.214135E+05  0.214709E+05
  1.449   3.770   0.199816E+05  0.339836E+05
  1.457   3.780  -0.650280E+03  0.427807E+05
  1.465   3.790  -0.186883E+05  0.188747E+05
  1.472   3.800  -0.766063E+04 -0.336082E+04
  1.480   3.810   0.791754E+04 -0.107408E+05
  1.488   3.820   0.211116E+05 -0.102670E+05
  1.496   3.830   0.290206E+05 -0.479736E+04
  1.504   3.840   0.314326E+05  0.901778E+02
  1.511   3.850   0.323379E+05  0.315058E+04
  1.519   3.860   0.328063E+05  0.610262E+04
  1.527   3.870   0.322086E+05  0.951669E+04
  1.535   3.880   0.301475E+05  0.129947E+05
  1.543   3.890   0.267623E+05  0.160152E+05
  1.551   3.900   0.224049E+05  0.182945E+05
  1.559   3.910   0.173682E+05  0.196959E+05
  1.567   3.920   0.118863E+05  0.200736E+05
  1.575   3.930   0.622606E+04  0.192225E+05
  1.583   3.940   0.761416E+03  0.169407E+05
  1.591   3.950  -0.401499E+04  0.130330E+05
  1.599   3.960  -0.722186E+04  0.730350E+04
  1.607   3.970  -0.696876E+04  0.393354E+03
  1.615   3.980  -0.250032E+04 -0.364114E+04
  1.623   3.990   0.736270E+03 -0.301210E+04
  1.632   4.000   0.124564E+04 -0.213610E+04
  1.640   4.010   0.114787E+04 -0.202818E+04
  1.648   4.020   0.121703E+04 -0.199073E+04
  1.656   4.030   0.135309E+04 -0.137179E+04
  1.664   4.040   0.109260E+04  0.109883E+03
  1.673   4.050  -0.300178E+02  0.243970E+04
  1.681   4.060  -0.256549E+04  0.548913E+04
  1.689   4.070  -0.749884E+04  0.865178E+04
  1.697   4.080  -0.156767E+05  0.937232E+04
  1.706   4.090  -0.234593E+05  0.362918E+04
  1.714   4.100  -0.240036E+05 -0.510037E+04
  1.723   4.110  -0.188583E+05 -0.100928E+05
  1.731   4.120  -0.121637E+05 -0.976359E+04
  1.739   4.130  -0.774203E+04 -0.533252E+04
  1.748   4.140  -0.626746E+04 -0.497258E+03
  1.756   4.150  -0.569344E+04  0.360557E+04
  1.765   4.160  -0.538271E+04  0.824020E+04
  1.773   4.170  -0.848760E+04  0.138672E+05
  1.782   4.180  -0.143720E+05  0.131081E+05
  1.790   4.190  -0.152075E+05  0.972502E+04
  1.799   4.200  -0.142171E+05  0.770536E+04
  1.807   4.210  -0.131436E+05  0.637939E+04
  1.816   4.220  -0.123565E+05  0.511453E+04
  1.825   4.230  -0.118513E+05  0.354324E+04
  1.833   4.240  -0.114705E+05  0.147945E+04
  1.842   4.250  -0.109628E+05 -0.111318E+04
  1.851   4.260  -0.100228E+05 -0.404532E+04
  1.859   4.270  -0.855673E+04 -0.687155E+04
  1.868   4.280  -0.685075E+04 -0.927954E+04
  1.877   4.290  -0.517837E+04 -0.113287E+05
  1.885   4.300  -0.361063E+04 -0.131496E+05
  1.894   4.310  -0.223615E+04 -0.148063E+05
  1.903   4.320  -0.142277E+04 -0.164791E+05
  1.912   4.330  -0.206038E+04 -0.189483E+05
  1.921   4.340  -0.690717E+04 -0.249895E+05
  1.930   4.350  -0.440520E+05 -0.552071E+05
  1.938   4.360   0.444176E+05  0.524675E+05
  1.947   4.370   0.247627E+05  0.150920E+05
  1.956   4.380   0.196485E+05  0.769011E+04
  1.965   4.390   0.178399E+05  0.390530E+04
  1.974   4.400   0.179633E+05  0.167825E+04
  1.983   4.410   0.191662E+05  0.155794E+04
  1.992   4.420   0.185155E+05  0.497264E+04
  2.001   4.430   0.108777E+05  0.512180E+04
  2.010   4.440   0.866069E+04 -0.134331E+04
  2.019   4.450   0.102518E+05 -0.406915E+04
  2.028   4.460   0.109366E+05 -0.396789E+04
  2.037   4.470   0.993559E+04 -0.283240E+04
  2.047   4.480   0.764323E+04 -0.168541E+04
  2.056   4.490   0.473454E+04 -0.643390E+03
  2.065   4.500   0.109832E+04  0.864776E+03
  2.074   4.510  -0.548427E+04  0.217155E+04
  2.083   4.520  -0.124226E+05 -0.522086E+04
  2.093   4.530  -0.676889E+04 -0.957458E+04
  2.102   4.540  -0.375375E+04 -0.647067E+04
  2.111   4.550  -0.319831E+04 -0.267166E+04
  2.120   4.560  -0.351798E+04  0.116147E+04
  2.130   4.570  -0.420598E+04  0.513679E+04
  2.139   4.580  -0.517948E+04  0.969556E+04
  2.148   4.590  -0.716771E+04  0.160612E+05
  2.158   4.600  -0.159034E+05  0.266321E+05
  2.167   4.610  -0.443132E+05  0.160585E+05
  2.177   4.620  -0.346601E+05 -0.793698E+04
  2.186   4.630  -0.255745E+05 -0.135952E+05
  2.195   4.640  -0.176247E+05 -0.204002E+05
  2.205   4.650  -0.277381E+04 -0.226690E+05
  2.214   4.660   0.693537E+04 -0.154101E+05
  2.224   4.670   0.107544E+05 -0.947571E+04
  2.233   4.680   0.139098E+05 -0.503185E+04
  2.243   4.690   0.176151E+05  0.115455E+04
  2.253   4.700   0.155666E+05  0.119175E+05
  2.262   4.710   0.526045E+04  0.142561E+05
  2.272   4.720   0.718228E+03  0.884757E+04
  2.281   4.730   0.161153E+04  0.423007E+04
  2.291   4.740   0.390984E+04  0.181353E+04
  2.301   4.750   0.624207E+04  0.280836E+02
  2.310   4.760   0.937055E+04 -0.167863E+04
  2.320   4.770   0.135578E+05 -0.218951E+04
  2.330   4.780   0.176333E+05 -0.748935E+03
  2.340   4.790   0.206251E+05  0.276293E+04
  2.349   4.800   0.207606E+05  0.827282E+04
  2.359   4.810   0.164181E+05  0.134004E+05
  2.369   4.820   0.975118E+04  0.140529E+05
  2.379   4.830   0.675170E+04  0.107432E+05
  2.389   4.840   0.824924E+04  0.551828E+04
  2.399   4.850   0.854391E+04 -0.218919E+04
  2.409   4.860   0.601761E+04 -0.735153E+04
  2.418   4.870   0.425522E+04 -0.946285E+04
  2.428   4.880   0.306859E+04 -0.100077E+05
  2.438   4.890   0.134782E+04 -0.993316E+04
  2.448   4.900  -0.134991E+04 -0.104386E+05
  2.458   4.910  -0.308908E+04 -0.122638E+05
  2.468   4.920  -0.452892E+04 -0.132146E+05
  2.478   4.930  -0.570320E+04 -0.149842E+05
  2.488   4.940  -0.567597E+04 -0.171409E+05
  2.499   4.950  -0.584864E+04 -0.207475E+05
  2.509   4.960   0.225549E+05 -0.181522E+05
  2.519   4.970   0.714783E+04  0.293143E+04
  2.529   4.980   0.292452E+04  0.155753E+03
  2.539   4.990   0.148890E+04  0.979829E+03
