  0.000   0.010  -0.227867E+04  0.142773E+02
  0.000   0.020  -0.911182E+04  0.142665E+02
  0.000   0.030  -0.204908E+05  0.139348E+02
  0.000   0.040  -0.364014E+05  0.128097E+02
  0.000   0.050  -0.568232E+05  0.102267E+02
  0.000   0.060  -0.817304E+05  0.532338E+01
  0.000   0.070  -0.111091E+06 -0.297042E+01
  0.001   0.080  -0.144867E+06 -0.159510E+02
  0.001   0.090  -0.183015E+06 -0.351692E+02
  0.001   0.100  -0.225485E+06 -0.624731E+02
  0.001   0.110  -0.272220E+06 -0.100068E+03
  0.001   0.120  -0.323158E+06 -0.150597E+03
  0.002   0.130  -0.378229E+06 -0.217245E+03
  0.002   0.140  -0.437359E+06 -0.303873E+03
  0.002   0.150  -0.500466E+06 -0.415179E+03
  0.003   0.160  -0.567461E+06 -0.556894E+03
  0.003   0.170  -0.638247E+06 -0.736018E+03
  0.003   0.180  -0.712722E+06 -0.961091E+03
  0.004   0.190  -0.790776E+06 -0.124250E+04
  0.004   0.200  -0.872289E+06 -0.159284E+04
  0.004   0.210  -0.957135E+06 -0.202725E+04
  0.005   0.220  -0.104518E+07 -0.256387E+04
  0.005   0.230  -0.113628E+07 -0.322423E+04
  0.006   0.240  -0.123028E+07 -0.403369E+04
  0.006   0.250  -0.132702E+07 -0.502194E+04
  0.007   0.260  -0.142634E+07 -0.622342E+04
  0.007   0.270  -0.152805E+07 -0.767787E+04
  0.008   0.280  -0.163196E+07 -0.943074E+04
  0.009   0.290  -0.173787E+07 -0.115337E+05
  0.009   0.300  -0.184556E+07 -0.140450E+05
  0.010   0.310  -0.195480E+07 -0.170298E+05
  0.010   0.320  -0.206534E+07 -0.205605E+05
  0.011   0.330  -0.217693E+07 -0.247164E+05
  0.012   0.340  -0.228927E+07 -0.295841E+05
  0.012   0.350  -0.240208E+07 -0.352570E+05
  0.013   0.360  -0.251506E+07 -0.418348E+05
  0.014   0.370  -0.262786E+07 -0.494229E+05
  0.015   0.380  -0.274016E+07 -0.581317E+05
  0.016   0.390  -0.285158E+07 -0.680752E+05
  0.016   0.400  -0.296175E+07 -0.793701E+05
  0.017   0.410  -0.307025E+07 -0.921338E+05
  0.018   0.420  -0.317667E+07 -0.106483E+06
  0.019   0.430  -0.328054E+07 -0.122531E+06
  0.020   0.440  -0.338142E+07 -0.140385E+06
  0.021   0.450  -0.347879E+07 -0.160144E+06
  0.022   0.460  -0.357217E+07 -0.181898E+06
  0.023   0.470  -0.366104E+07 -0.205718E+06
  0.023   0.480  -0.374486E+07 -0.231662E+06
  0.024   0.490  -0.382310E+07 -0.259767E+06
  0.025   0.500  -0.389523E+07 -0.290045E+06
  0.027   0.510  -0.396072E+07 -0.322488E+06
  0.028   0.520  -0.401906E+07 -0.357059E+06
  0.029   0.530  -0.406974E+07 -0.393695E+06
  0.030   0.540  -0.411229E+07 -0.432309E+06
  0.031   0.550  -0.414626E+07 -0.472786E+06
  0.032   0.560  -0.417124E+07 -0.514991E+06
  0.033   0.570  -0.418686E+07 -0.558768E+06
  0.034   0.580  -0.419281E+07 -0.603947E+06
  0.035   0.590  -0.418881E+07 -0.650346E+06
  0.037   0.600  -0.417466E+07 -0.697778E+06
  0.038   0.610  -0.415022E+07 -0.746058E+06
  0.039   0.620  -0.411540E+07 -0.795005E+06
  0.040   0.630  -0.407018E+07 -0.844453E+06
  0.042   0.640  -0.401461E+07 -0.894251E+06
  0.043   0.650  -0.394880E+07 -0.944275E+06
  0.044   0.660  -0.387292E+07 -0.994423E+06
  0.046   0.670  -0.378720E+07 -0.104463E+07
  0.047   0.680  -0.369194E+07 -0.109486E+07
  0.049   0.690  -0.358748E+07 -0.114513E+07
  0.050   0.700  -0.347422E+07 -0.119547E+07
  0.051   0.710  -0.335260E+07 -0.124598E+07
  0.053   0.720  -0.322313E+07 -0.129680E+07
  0.054   0.730  -0.308633E+07 -0.134812E+07
  0.056   0.740  -0.294278E+07 -0.140018E+07
  0.057   0.750  -0.279306E+07 -0.145328E+07
  0.059   0.760  -0.263779E+07 -0.150781E+07
  0.060   0.770  -0.247760E+07 -0.156419E+07
  0.062   0.780  -0.231309E+07 -0.162294E+07
  0.064   0.790  -0.214483E+07 -0.168465E+07
  0.065   0.800  -0.197337E+07 -0.174999E+07
  0.067   0.810  -0.179915E+07 -0.181967E+07
  0.069   0.820  -0.162252E+07 -0.189450E+07
  0.070   0.830  -0.144371E+07 -0.197531E+07
  0.072   0.840  -0.126274E+07 -0.206297E+07
  0.074   0.850  -0.107947E+07 -0.215834E+07
  0.075   0.860  -0.893507E+06 -0.226225E+07
  0.077   0.870  -0.704163E+06 -0.237542E+07
  0.079   0.880  -0.510454E+06 -0.249843E+07
  0.081   0.890  -0.311046E+06 -0.263161E+07
  0.083   0.900  -0.104241E+06 -0.277493E+07
  0.084   0.910   0.112019E+06 -0.292785E+07
  0.086   0.920   0.340120E+06 -0.308915E+07
  0.088   0.930   0.582666E+06 -0.325674E+07
  0.090   0.940   0.842294E+06 -0.342737E+07
  0.092   0.950   0.112135E+07 -0.359647E+07
  0.094   0.960   0.142139E+07 -0.375798E+07
  0.096   0.970   0.174254E+07 -0.390432E+07
  0.098   0.980   0.208271E+07 -0.402681E+07
  0.100   0.990   0.243682E+07 -0.411634E+07
  0.102   1.000   0.279632E+07 -0.416468E+07
  0.104   1.010   0.314935E+07 -0.416610E+07
  0.106   1.020   0.348183E+07 -0.411900E+07
  0.108   1.030   0.377939E+07 -0.402693E+07
  0.110   1.040   0.402979E+07 -0.389840E+07
  0.112   1.050   0.422497E+07 -0.374552E+07
  0.115   1.060   0.436202E+07 -0.358171E+07
  0.117   1.070   0.444288E+07 -0.341945E+07
  0.119   1.080   0.447312E+07 -0.326866E+07
  0.121   1.090   0.446030E+07 -0.313601E+07
  0.123   1.100   0.441258E+07 -0.302499E+07
  0.126   1.110   0.433763E+07 -0.293648E+07
  0.128   1.120   0.424216E+07 -0.286947E+07
  0.130   1.130   0.413164E+07 -0.282172E+07
  0.133   1.140   0.401034E+07 -0.279032E+07
  0.135   1.150   0.388144E+07 -0.277204E+07
  0.137   1.160   0.374725E+07 -0.276367E+07
  0.140   1.170   0.360931E+07 -0.276213E+07
  0.142   1.180   0.346859E+07 -0.276460E+07
  0.144   1.190   0.332562E+07 -0.276862E+07
  0.147   1.200   0.318062E+07 -0.277213E+07
  0.149   1.210   0.303361E+07 -0.277347E+07
  0.152   1.220   0.288452E+07 -0.277144E+07
  0.154   1.230   0.273336E+07 -0.276525E+07
  0.157   1.240   0.258028E+07 -0.275448E+07
  0.159   1.250   0.242566E+07 -0.273899E+07
  0.162   1.260   0.227018E+07 -0.271883E+07
  0.164   1.270   0.211481E+07 -0.269411E+07
  0.167   1.280   0.196080E+07 -0.266493E+07
  0.170   1.290   0.180959E+07 -0.263127E+07
  0.172   1.300   0.166276E+07 -0.259296E+07
  0.175   1.310   0.152195E+07 -0.254965E+07
  0.178   1.320   0.138877E+07 -0.250081E+07
  0.180   1.330   0.126474E+07 -0.244572E+07
  0.183   1.340   0.115121E+07 -0.238351E+07
  0.186   1.350   0.104936E+07 -0.231318E+07
  0.189   1.360   0.960057E+06 -0.223361E+07
  0.191   1.370   0.883843E+06 -0.214361E+07
  0.194   1.380   0.820838E+06 -0.204196E+07
  0.197   1.390   0.770672E+06 -0.192752E+07
  0.200   1.400   0.732422E+06 -0.179938E+07
  0.203   1.410   0.704607E+06 -0.165701E+07
  0.206   1.420   0.685264E+06 -0.150049E+07
  0.209   1.430   0.672144E+06 -0.133072E+07
  0.211   1.440   0.663021E+06 -0.114953E+07
  0.214   1.450   0.656088E+06 -0.959639E+06
  0.217   1.460   0.650321E+06 -0.764375E+06
  0.220   1.470   0.645702E+06 -0.567264E+06
  0.223   1.480   0.643199E+06 -0.371475E+06
  0.226   1.490   0.644479E+06 -0.179357E+06
  0.229   1.500   0.651431E+06  0.784553E+04
  0.233   1.510   0.665620E+06  0.190020E+06
  0.236   1.520   0.687795E+06  0.367982E+06
  0.239   1.530   0.717529E+06  0.543083E+06
  0.242   1.540   0.753030E+06  0.716706E+06
  0.245   1.550   0.791167E+06  0.889684E+06
  0.248   1.560   0.827734E+06  0.106170E+07
  0.251   1.570   0.858020E+06  0.123081E+07
  0.255   1.580   0.877654E+06  0.139318E+07
  0.258   1.590   0.883610E+06  0.154330E+07
  0.261   1.600   0.875065E+06  0.167479E+07
  0.264   1.610   0.853754E+06  0.178159E+07
  0.268   1.620   0.823593E+06  0.185925E+07
  0.271   1.630   0.789684E+06  0.190571E+07
  0.274   1.640   0.757096E+06  0.192151E+07
  0.278   1.650   0.729874E+06  0.190927E+07
  0.281   1.660   0.710537E+06  0.187286E+07
  0.284   1.670   0.700050E+06  0.181665E+07
  0.288   1.680   0.698092E+06  0.174496E+07
  0.291   1.690   0.703438E+06  0.166168E+07
  0.295   1.700   0.714315E+06  0.157022E+07
  0.298   1.710   0.728677E+06  0.147350E+07
  0.302   1.720   0.744388E+06  0.137406E+07
  0.305   1.730   0.759315E+06  0.127408E+07
  0.309   1.740   0.771371E+06  0.117551E+07
  0.312   1.750   0.778513E+06  0.108003E+07
  0.316   1.760   0.778727E+06  0.989070E+06
  0.319   1.770   0.770036E+06  0.903703E+06
  0.323   1.780   0.750565E+06  0.824520E+06
  0.327   1.790   0.718703E+06  0.751511E+06
  0.330   1.800   0.673369E+06  0.684019E+06
  0.334   1.810   0.614326E+06  0.620850E+06
  0.338   1.820   0.542464E+06  0.560586E+06
  0.341   1.830   0.459857E+06  0.502113E+06
  0.345   1.840   0.369440E+06  0.445117E+06
  0.349   1.850   0.274472E+06  0.390296E+06
  0.353   1.860   0.178003E+06  0.339259E+06
  0.357   1.870   0.824920E+05  0.294211E+06
  0.360   1.880  -0.103361E+05  0.257576E+06
  0.364   1.890  -0.994822E+05  0.231676E+06
  0.368   1.900  -0.184580E+06  0.218520E+06
  0.372   1.910  -0.265806E+06  0.219683E+06
  0.376   1.920  -0.343815E+06  0.236230E+06
  0.380   1.930  -0.419716E+06  0.268637E+06
  0.384   1.940  -0.495061E+06  0.316695E+06
  0.388   1.950  -0.571816E+06  0.379354E+06
  0.392   1.960  -0.652288E+06  0.454512E+06
  0.396   1.970  -0.738923E+06  0.538731E+06
  0.400   1.980  -0.833903E+06  0.626932E+06
  0.404   1.990  -0.938397E+06  0.712175E+06
  0.408   2.000  -0.105140E+07  0.785800E+06
  0.412   2.010  -0.116827E+07  0.838445E+06
  0.416   2.020  -0.127972E+07  0.862478E+06
  0.420   2.030  -0.137280E+07  0.855576E+06
  0.424   2.040  -0.143512E+07  0.823262E+06
  0.429   2.050  -0.146038E+07  0.777269E+06
  0.433   2.060  -0.145088E+07  0.729858E+06
  0.437   2.070  -0.141487E+07  0.688647E+06
  0.441   2.080  -0.136177E+07  0.655484E+06
  0.445   2.090  -0.129917E+07  0.628387E+06
  0.450   2.100  -0.123207E+07  0.603937E+06
  0.454   2.110  -0.116345E+07  0.578809E+06
  0.458   2.120  -0.109506E+07  0.550405E+06
  0.463   2.130  -0.102800E+07  0.516970E+06
  0.467   2.140  -0.963106E+06  0.477491E+06
  0.471   2.150  -0.901129E+06  0.431550E+06
  0.476   2.160  -0.842794E+06  0.379181E+06
  0.480   2.170  -0.788801E+06  0.320765E+06
  0.485   2.180  -0.739795E+06  0.256961E+06
  0.489   2.190  -0.696329E+06  0.188667E+06
  0.494   2.200  -0.658857E+06  0.117016E+06
  0.498   2.210  -0.627758E+06  0.432993E+05
  0.503   2.220  -0.603172E+06 -0.310470E+05
  0.507   2.230  -0.585127E+06 -0.104113E+06
  0.512   2.240  -0.574056E+06 -0.173650E+06
  0.516   2.250  -0.571055E+06 -0.237538E+06
  0.521   2.260  -0.577889E+06 -0.294464E+06
  0.525   2.270  -0.596409E+06 -0.344594E+06
  0.530   2.280  -0.627586E+06 -0.389601E+06
  0.535   2.290  -0.670905E+06 -0.432009E+06
  0.539   2.300  -0.724421E+06 -0.474546E+06
  0.544   2.310  -0.784981E+06 -0.519932E+06
  0.549   2.320  -0.848129E+06 -0.570861E+06
  0.554   2.330  -0.907623E+06 -0.629649E+06
  0.558   2.340  -0.955001E+06 -0.697061E+06
  0.563   2.350  -0.980177E+06 -0.770237E+06
  0.568   2.360  -0.974204E+06 -0.840859E+06
  0.573   2.370  -0.933734E+06 -0.896056E+06
  0.578   2.380  -0.863759E+06 -0.923206E+06
  0.582   2.390  -0.775478E+06 -0.915362E+06
  0.587   2.400  -0.681255E+06 -0.872794E+06
  0.592   2.410  -0.591245E+06 -0.800908E+06
  0.597   2.420  -0.512645E+06 -0.707974E+06
  0.602   2.430  -0.449546E+06 -0.603937E+06
  0.607   2.440  -0.402476E+06 -0.499172E+06
  0.612   2.450  -0.368589E+06 -0.402648E+06
  0.617   2.460  -0.343017E+06 -0.320495E+06
  0.622   2.470  -0.320602E+06 -0.255693E+06
  0.627   2.480  -0.297734E+06 -0.209044E+06
  0.632   2.490  -0.270592E+06 -0.180684E+06
  0.637   2.500  -0.237298E+06 -0.168382E+06
  0.642   2.510  -0.196853E+06 -0.170302E+06
  0.648   2.520  -0.148469E+06 -0.183982E+06
  0.653   2.530  -0.915220E+05 -0.206002E+06
  0.658   2.540  -0.257472E+05 -0.231106E+06
  0.663   2.550   0.469469E+05 -0.250889E+06
  0.668   2.560   0.117263E+06 -0.254929E+06
  0.674   2.570   0.164924E+06 -0.241734E+06
  0.679   2.580   0.175093E+06 -0.231068E+06
  0.684   2.590   0.159043E+06 -0.244823E+06
  0.689   2.600   0.137376E+06 -0.283646E+06
  0.695   2.610   0.120332E+06 -0.336552E+06
  0.700   2.620   0.109634E+06 -0.393667E+06
  0.705   2.630   0.104287E+06 -0.448532E+06
  0.711   2.640   0.103084E+06 -0.496962E+06
  0.716   2.650   0.105236E+06 -0.535945E+06
  0.722   2.660   0.110304E+06 -0.562923E+06
  0.727   2.670   0.117752E+06 -0.575473E+06
  0.732   2.680   0.126394E+06 -0.571486E+06
  0.738   2.690   0.134183E+06 -0.549823E+06
  0.743   2.700   0.138644E+06 -0.510944E+06
  0.749   2.710   0.137617E+06 -0.456968E+06
  0.754   2.720   0.129735E+06 -0.391259E+06
  0.760   2.730   0.114556E+06 -0.318033E+06
  0.766   2.740   0.927335E+05 -0.242046E+06
  0.771   2.750   0.662028E+05 -0.168044E+06
  0.777   2.760   0.380130E+05 -0.999909E+05
  0.782   2.770   0.117057E+05 -0.404883E+05
  0.788   2.780  -0.948162E+04  0.935157E+04
  0.794   2.790  -0.232314E+05  0.496432E+05
  0.799   2.800  -0.286221E+05  0.812601E+05
  0.805   2.810  -0.261161E+05  0.105100E+06
  0.811   2.820  -0.172827E+05  0.121586E+06
  0.817   2.830  -0.420370E+04  0.130135E+06
  0.822   2.840   0.116967E+05  0.128992E+06
  0.828   2.850   0.311750E+05  0.116330E+06
  0.834   2.860   0.569058E+05  0.931192E+05
  0.840   2.870   0.897472E+05  0.640144E+05
  0.846   2.880   0.126872E+06  0.336244E+05
  0.852   2.890   0.164405E+06  0.422191E+04
  0.858   2.900   0.199346E+06 -0.232388E+05
  0.864   2.910   0.229653E+06 -0.481049E+05
  0.869   2.920   0.254028E+06 -0.696937E+05
  0.875   2.930   0.271767E+06 -0.871476E+05
  0.881   2.940   0.282582E+06 -0.992788E+05
  0.887   2.950   0.286169E+06 -0.104445E+06
  0.893   2.960   0.281362E+06 -0.100834E+06
  0.899   2.970   0.265487E+06 -0.881068E+05
  0.906   2.980   0.236370E+06 -0.696041E+05
  0.912   2.990   0.196126E+06 -0.506482E+05
  0.918   3.000   0.150547E+06 -0.339474E+05
  0.924   3.010   0.105040E+06 -0.186284E+05
  0.930   3.020   0.625044E+05 -0.263940E+04
  0.936   3.030   0.239105E+05  0.150343E+05
  0.942   3.040  -0.100569E+05  0.336888E+05
  0.949   3.050  -0.374815E+05  0.518699E+05
  0.955   3.060  -0.554019E+05  0.696517E+05
  0.961   3.070  -0.626275E+05  0.894266E+05
  0.967   3.080  -0.614532E+05  0.113116E+06
  0.974   3.090  -0.556370E+05  0.139885E+06
  0.980   3.100  -0.482245E+05  0.166782E+06
  0.986   3.110  -0.409769E+05  0.189776E+06
  0.993   3.120  -0.335190E+05  0.204157E+06
  0.999   3.130  -0.216675E+05  0.207025E+06
  1.005   3.140  -0.757321E+03  0.202094E+06
  1.012   3.150   0.271780E+05  0.196219E+06
  1.018   3.160   0.560368E+05  0.192038E+06
  1.025   3.170   0.811967E+05  0.188789E+06
  1.031   3.180   0.100217E+06  0.185394E+06
  1.038   3.190   0.111640E+06  0.181583E+06
  1.044   3.200   0.114015E+06  0.177694E+06
  1.051   3.210   0.105411E+06  0.173951E+06
  1.057   3.220   0.832975E+05  0.169314E+06
  1.064   3.230   0.455178E+05  0.159384E+06
  1.070   3.240  -0.448454E+04  0.134669E+06
  1.077   3.250  -0.490908E+05  0.901643E+05
  1.084   3.260  -0.724182E+05  0.434452E+05
  1.090   3.270  -0.832747E+05  0.122865E+05
  1.097   3.280  -0.930693E+05 -0.410776E+04
  1.104   3.290  -0.104236E+06 -0.114050E+05
  1.110   3.300  -0.114838E+06 -0.137607E+05
  1.117   3.310  -0.120740E+06 -0.136619E+05
  1.124   3.320  -0.115349E+06 -0.985276E+04
  1.131   3.330  -0.962516E+05  0.918858E+04
  1.138   3.340  -0.832835E+05  0.498385E+05
  1.144   3.350  -0.866380E+05  0.888836E+05
  1.151   3.360  -0.924195E+05  0.114840E+06
  1.158   3.370  -0.925550E+05  0.129569E+06
  1.165   3.380  -0.833652E+05  0.135621E+06
  1.172   3.390  -0.622441E+05  0.138337E+06
  1.179   3.400  -0.336261E+05  0.147194E+06
  1.186   3.410  -0.123078E+05  0.163454E+06
  1.193   3.420  -0.554959E+04  0.174946E+06
  1.200   3.430  -0.836914E+04  0.174086E+06
  1.207   3.440  -0.161238E+05  0.161326E+06
  1.214   3.450  -0.274473E+05  0.138847E+06
  1.221   3.460  -0.421264E+05  0.107963E+06
  1.228   3.470  -0.590770E+05  0.689077E+05
  1.235   3.480  -0.744347E+05  0.221074E+05
  1.242   3.490  -0.813019E+05 -0.274901E+05
  1.249   3.500  -0.780811E+05 -0.667175E+05
  1.256   3.510  -0.765405E+05 -0.876388E+05
  1.263   3.520  -0.850959E+05 -0.972078E+05
  1.271   3.530  -0.100945E+06 -0.102633E+06
  1.278   3.540  -0.118574E+06 -0.105620E+06
  1.285   3.550  -0.133792E+06 -0.105031E+06
  1.292   3.560  -0.144247E+06 -0.986800E+05
  1.300   3.570  -0.149791E+06 -0.841491E+05
  1.307   3.580  -0.153236E+06 -0.599733E+05
  1.314   3.590  -0.160624E+06 -0.286701E+05
  1.322   3.600  -0.175821E+06 -0.188790E+04
  1.329   3.610  -0.186573E+06  0.852440E+04
  1.336   3.620  -0.180442E+06  0.117768E+05
  1.344   3.630  -0.163290E+06  0.163116E+05
  1.351   3.640  -0.140935E+06  0.201095E+05
  1.359   3.650  -0.114440E+06  0.199646E+05
  1.366   3.660  -0.823205E+05  0.145833E+05
  1.373   3.670  -0.418157E+05  0.636336E+04
  1.381   3.680   0.698510E+04  0.306944E+04
  1.388   3.690   0.560005E+05  0.117727E+05
  1.396   3.700   0.977842E+05  0.323748E+05
  1.404   3.710   0.130587E+06  0.698966E+05
  1.411   3.720   0.139364E+06  0.153564E+06
  1.419   3.730  -0.452543E+05  0.260580E+06
  1.426   3.740  -0.154619E+06  0.331900E+05
  1.434   3.750  -0.889006E+05 -0.479983E+05
  1.442   3.760  -0.591839E+05 -0.682520E+05
  1.449   3.770  -0.507789E+05 -0.763630E+05
  1.457   3.780  -0.526937E+05 -0.807235E+05
  1.465   3.790  -0.595655E+05 -0.841592E+05
  1.472   3.800  -0.656595E+05 -0.900492E+05
  1.480   3.810  -0.607818E+05 -0.938343E+05
  1.488   3.820  -0.522796E+05 -0.851165E+05
  1.496   3.830  -0.472108E+05 -0.736244E+05
  1.504   3.840  -0.398413E+05 -0.652815E+05
  1.511   3.850  -0.257351E+05 -0.595640E+05
  1.519   3.860  -0.311661E+04 -0.543796E+05
  1.527   3.870   0.285463E+05 -0.467744E+05
  1.535   3.880   0.682625E+05 -0.306745E+05
  1.543   3.890   0.105814E+06  0.480458E+04
  1.551   3.900   0.109227E+06  0.543976E+05
  1.559   3.910   0.792611E+05  0.653373E+05
  1.567   3.920   0.700208E+05  0.458700E+05
  1.575   3.930   0.735157E+05  0.295549E+05
  1.583   3.940   0.757093E+05  0.184117E+05
  1.591   3.950   0.710532E+05  0.104821E+05
  1.599   3.960   0.536796E+05  0.261980E+04
  1.607   3.970   0.201809E+05 -0.237814E+05
  1.615   3.980   0.184396E+05 -0.820877E+05
  1.623   3.990   0.526402E+05 -0.994406E+05
  1.632   4.000   0.690952E+05 -0.870075E+05
  1.640   4.010   0.727788E+05 -0.679450E+05
  1.648   4.020   0.711023E+05 -0.450093E+05
  1.656   4.030   0.660514E+05 -0.182858E+05
  1.664   4.040   0.568932E+05  0.977254E+04
  1.673   4.050   0.466248E+05  0.322599E+05
  1.681   4.060   0.455606E+05  0.501964E+05
  1.689   4.070   0.526708E+05  0.734419E+05
  1.697   4.080   0.582516E+05  0.103967E+06
  1.706   4.090   0.509549E+05  0.134565E+06
  1.714   4.100   0.311216E+05  0.143557E+06
  1.723   4.110   0.264025E+05  0.127452E+06
  1.731   4.120   0.405170E+05  0.112290E+06
  1.739   4.130   0.567092E+05  0.104760E+06
  1.748   4.140   0.670942E+05  0.996663E+05
  1.756   4.150   0.707416E+05  0.929550E+05
  1.765   4.160   0.691445E+05  0.835148E+05
  1.773   4.170   0.640642E+05  0.728286E+05
  1.782   4.180   0.557277E+05  0.638612E+05
  1.790   4.190   0.425703E+05  0.585899E+05
  1.799   4.200   0.225106E+05  0.568942E+05
  1.807   4.210  -0.621729E+04  0.537024E+05
  1.816   4.220  -0.303995E+05  0.416542E+05
  1.825   4.230  -0.442279E+05  0.403733E+05
  1.833   4.240  -0.621786E+05  0.472844E+05
  1.842   4.250  -0.827475E+05  0.546954E+05
  1.851   4.260  -0.104366E+06  0.581479E+05
  1.859   4.270  -0.121556E+06  0.480939E+05
  1.868   4.280  -0.111577E+06  0.286544E+05
  1.877   4.290  -0.814056E+05  0.279176E+05
  1.885   4.300  -0.511090E+05  0.460928E+05
  1.894   4.310  -0.394982E+05  0.729925E+05
  1.903   4.320  -0.411542E+05  0.834580E+05
  1.912   4.330  -0.404481E+05  0.798430E+05
  1.921   4.340  -0.364746E+05  0.688310E+05
  1.930   4.350  -0.308143E+05  0.531378E+05
  1.938   4.360  -0.247369E+05  0.348570E+05
  1.947   4.370  -0.191571E+05  0.143052E+05
  1.956   4.380  -0.125435E+05 -0.706915E+04
  1.965   4.390  -0.458538E+04 -0.238875E+05
  1.974   4.400   0.475597E+03 -0.340156E+05
  1.983   4.410  -0.218328E+03 -0.389593E+05
  1.992   4.420  -0.518814E+04 -0.432194E+05
  2.001   4.430  -0.956307E+04 -0.465143E+05
  2.010   4.440  -0.113525E+05 -0.472879E+05
  2.019   4.450  -0.798006E+04 -0.442026E+05
  2.028   4.460   0.170643E+04 -0.307082E+05
  2.037   4.470   0.357173E+04 -0.248796E+04
  2.047   4.480  -0.862097E+04  0.198129E+05
  2.056   4.490  -0.198568E+05  0.318978E+05
  2.065   4.500  -0.289693E+05  0.365041E+05
  2.074   4.510  -0.309575E+05  0.341323E+05
  2.083   4.520  -0.263078E+05  0.339598E+05
  2.093   4.530  -0.326203E+05  0.411135E+05
  2.102   4.540  -0.489266E+05  0.476097E+04
  2.111   4.550  -0.174447E+05 -0.112693E+05
  2.120   4.560  -0.707595E+04 -0.950987E+04
  2.130   4.570  -0.603938E+04 -0.122881E+05
  2.139   4.580  -0.417235E+04 -0.162342E+05
  2.148   4.590  -0.390832E+04 -0.191931E+04
  2.158   4.600  -0.428464E+05 -0.834196E+04
  2.167   4.610  -0.488126E+05 -0.245790E+05
  2.177   4.620  -0.553224E+05 -0.302830E+05
  2.186   4.630  -0.618552E+05 -0.368873E+05
  2.195   4.640  -0.602377E+05 -0.452306E+05
  2.205   4.650  -0.491998E+05 -0.482962E+05
  2.214   4.660  -0.334987E+05 -0.462187E+05
  2.224   4.670  -0.102435E+05 -0.398327E+05
  2.233   4.680   0.124566E+05 -0.215669E+05
  2.243   4.690   0.251619E+05 -0.355592E+04
  2.253   4.700   0.326669E+05  0.635619E+04
  2.262   4.710   0.394128E+05  0.588468E+04
  2.272   4.720   0.513762E+05 -0.391578E+04
  2.281   4.730   0.756510E+05 -0.120736E+05
  2.291   4.740   0.850903E+05  0.585458E+04
  2.301   4.750   0.661156E+05 -0.255378E+04
  2.310   4.760   0.523668E+05 -0.249438E+05
  2.320   4.770   0.440048E+05 -0.591853E+05
  2.330   4.780   0.513553E+05 -0.917280E+05
  2.340   4.790   0.598673E+05 -0.110041E+06
  2.349   4.800   0.519450E+05 -0.158950E+06
  2.359   4.810   0.327532E+06 -0.108256E+06
  2.369   4.820   0.144530E+06  0.216327E+05
  2.379   4.830   0.954926E+05  0.323013E+05
  2.389   4.840   0.614631E+05  0.449466E+05
  2.399   4.850   0.325290E+05  0.540772E+05
  2.409   4.860   0.540088E+04  0.575805E+05
  2.418   4.870  -0.261901E+05  0.548164E+05
  2.428   4.880  -0.434315E+05  0.440837E+05
  2.438   4.890  -0.386383E+05  0.488775E+05
  2.448   4.900  -0.267065E+05  0.460815E+05
  2.458   4.910  -0.110243E+05  0.392167E+05
  2.468   4.920   0.724792E+04  0.373029E+05
  2.478   4.930   0.907410E+04  0.442617E+05
  2.488   4.940   0.655372E+04  0.384887E+05
  2.499   4.950  -0.634325E+04  0.400373E+05
  2.509   4.960  -0.135504E+05  0.101982E+05
  2.519   4.970  -0.910251E+04  0.351926E+04
  2.529   4.980  -0.116163E+05  0.493263E+04
  2.539   4.990  -0.228663E+05  0.843671E+04
