  0.000   0.010    0.00000e+00    7.98362e+06    0.00000e+00    4.86463e+08    0.00000e+00    0.00000e+00
  0.000   0.020    0.00000e+00    7.98362e+06    0.00000e+00    4.86463e+08    0.00000e+00    0.00000e+00
  0.000   0.030    0.00000e+00    7.98362e+06    0.00000e+00    4.86463e+08    0.00000e+00    0.00000e+00
  0.000   0.040    0.00000e+00    7.98362e+06    0.00000e+00    4.86463e+08    0.00000e+00    0.00000e+00
  0.000   0.050    0.00000e+00    7.98362e+06    0.00000e+00    4.86463e+08    0.00000e+00    0.00000e+00
  0.000   0.060    0.00000e+00    7.98420e+06    0.00000e+00    4.86482e+08    0.00000e+00    0.00000e+00
  0.001   0.070    0.00000e+00    7.98478e+06    0.00000e+00    4.86501e+08    0.00000e+00    0.00000e+00
  0.001   0.080    0.00000e+00    7.98537e+06    0.00000e+00    4.86519e+08    0.00000e+00    0.00000e+00
  0.001   0.090    0.00000e+00    7.98595e+06    0.00000e+00    4.86538e+08    0.00000e+00    0.00000e+00
  0.001   0.100    0.00000e+00    7.98653e+06    0.00000e+00    4.86557e+08    0.00000e+00    0.00000e+00
  0.001   0.110    0.00000e+00    7.98756e+06    0.00000e+00    4.86590e+08    0.00000e+00    0.00000e+00
  0.002   0.120    0.00000e+00    7.98859e+06    0.00000e+00    4.86623e+08    0.00000e+00    0.00000e+00
  0.002   0.130    0.00000e+00    7.98962e+06    0.00000e+00    4.86656e+08    0.00000e+00    0.00000e+00
  0.002   0.140    0.00000e+00    7.99065e+06    0.00000e+00    4.86689e+08    0.00000e+00    0.00000e+00
  0.002   0.150    0.00000e+00    7.99168e+06    0.00000e+00    4.86721e+08    0.00000e+00    0.00000e+00
  0.003   0.160    0.00000e+00    7.99326e+06    0.00000e+00    4.86772e+08    0.00000e+00    0.00000e+00
  0.003   0.170    0.00000e+00    7.99484e+06    0.00000e+00    4.86822e+08    0.00000e+00    0.00000e+00
  0.003   0.180    0.00000e+00    7.99641e+06    0.00000e+00    4.86872e+08    0.00000e+00    0.00000e+00
  0.004   0.190    0.00000e+00    7.99799e+06    0.00000e+00    4.86923e+08    0.00000e+00    0.00000e+00
  0.004   0.200    0.00000e+00    7.99957e+06    0.00000e+00    4.86973e+08    0.00000e+00    0.00000e+00
  0.005   0.210    0.00000e+00    8.00172e+06    0.00000e+00    4.87037e+08    0.00000e+00    0.00000e+00
  0.005   0.220    0.00000e+00    8.00387e+06    0.00000e+00    4.87102e+08    0.00000e+00    0.00000e+00
  0.005   0.230    0.00000e+00    8.00602e+06    0.00000e+00    4.87166e+08    0.00000e+00    0.00000e+00
  0.006   0.240    0.00000e+00    8.00816e+06    0.00000e+00    4.87230e+08    0.00000e+00    0.00000e+00
  0.006   0.250    0.00000e+00    8.01031e+06    0.00000e+00    4.87295e+08    0.00000e+00    0.00000e+00
  0.007   0.260    0.00000e+00    8.01275e+06    0.00000e+00    4.87353e+08    0.00000e+00    0.00000e+00
  0.007   0.270    0.00000e+00    8.01518e+06    0.00000e+00    4.87411e+08    0.00000e+00    0.00000e+00
  0.008   0.280    0.00000e+00    8.01761e+06    0.00000e+00    4.87470e+08    0.00000e+00    0.00000e+00
  0.009   0.290    0.00000e+00    8.02004e+06    0.00000e+00    4.87528e+08    0.00000e+00    0.00000e+00
  0.009   0.300    0.00000e+00    8.02247e+06    0.00000e+00    4.87586e+08    0.00000e+00    0.00000e+00
  0.010   0.310    0.00000e+00    8.02469e+06    0.00000e+00    4.87612e+08    0.00000e+00    0.00000e+00
  0.011   0.320    0.00000e+00    8.02691e+06    0.00000e+00    4.87637e+08    0.00000e+00    0.00000e+00
  0.011   0.330    0.00000e+00    8.02913e+06    0.00000e+00    4.87663e+08    0.00000e+00    0.00000e+00
  0.012   0.340    0.00000e+00    8.03135e+06    0.00000e+00    4.87688e+08    0.00000e+00    0.00000e+00
  0.012   0.350    0.00000e+00    8.03357e+06    0.00000e+00    4.87714e+08    0.00000e+00    0.00000e+00
  0.013   0.360    0.00000e+00    8.03521e+06    0.00000e+00    4.87693e+08    0.00000e+00    0.00000e+00
  0.014   0.370    0.00000e+00    8.03685e+06    0.00000e+00    4.87673e+08    0.00000e+00    0.00000e+00
  0.015   0.380    0.00000e+00    8.03849e+06    0.00000e+00    4.87653e+08    0.00000e+00    0.00000e+00
  0.016   0.390    0.00000e+00    8.04013e+06    0.00000e+00    4.87632e+08    0.00000e+00    0.00000e+00
  0.016   0.400    0.00000e+00    8.04177e+06    0.00000e+00    4.87612e+08    0.00000e+00    0.00000e+00
  0.017   0.410    0.00000e+00    8.04266e+06    0.00000e+00    4.87548e+08    0.00000e+00    0.00000e+00
  0.018   0.420    0.00000e+00    8.04354e+06    0.00000e+00    4.87484e+08    0.00000e+00    0.00000e+00
  0.019   0.430    0.00000e+00    8.04443e+06    0.00000e+00    4.87420e+08    0.00000e+00    0.00000e+00
  0.020   0.440    0.00000e+00    8.04531e+06    0.00000e+00    4.87356e+08    0.00000e+00    0.00000e+00
  0.021   0.450    0.00000e+00    8.04620e+06    0.00000e+00    4.87292e+08    0.00000e+00    0.00000e+00
  0.022   0.460    0.00000e+00    8.04632e+06    0.00000e+00    4.87197e+08    0.00000e+00    0.00000e+00
  0.023   0.470    0.00000e+00    8.04644e+06    0.00000e+00    4.87102e+08    0.00000e+00    0.00000e+00
  0.024   0.480    0.00000e+00    8.04656e+06    0.00000e+00    4.87007e+08    0.00000e+00    0.00000e+00
  0.025   0.490    0.00000e+00    8.04668e+06    0.00000e+00    4.86911e+08    0.00000e+00    0.00000e+00
  0.025   0.500    0.00000e+00    8.04680e+06    0.00000e+00    4.86816e+08    0.00000e+00    0.00000e+00
  0.027   0.510    0.00000e+00    8.04626e+06    0.00000e+00    4.86706e+08    0.00000e+00    0.00000e+00
  0.028   0.520    0.00000e+00    8.04571e+06    0.00000e+00    4.86595e+08    0.00000e+00    0.00000e+00
  0.029   0.530    0.00000e+00    8.04517e+06    0.00000e+00    4.86485e+08    0.00000e+00    0.00000e+00
  0.030   0.540    0.00000e+00    8.04463e+06    0.00000e+00    4.86375e+08    0.00000e+00    0.00000e+00
  0.031   0.550    0.00000e+00    8.04408e+06    0.00000e+00    4.86264e+08    0.00000e+00    0.00000e+00
  0.032   0.560    0.00000e+00    8.04301e+06    0.00000e+00    4.86152e+08    0.00000e+00    0.00000e+00
  0.033   0.570    0.00000e+00    8.04193e+06    0.00000e+00    4.86040e+08    0.00000e+00    0.00000e+00
  0.034   0.580    0.00000e+00    8.04086e+06    0.00000e+00    4.85928e+08    0.00000e+00    0.00000e+00
  0.036   0.590    0.00000e+00    8.03979e+06    0.00000e+00    4.85817e+08    0.00000e+00    0.00000e+00
  0.037   0.600    0.00000e+00    8.03871e+06    0.00000e+00    4.85705e+08    0.00000e+00    0.00000e+00
  0.038   0.610    0.00000e+00    8.03722e+06    0.00000e+00    4.85600e+08    0.00000e+00    0.00000e+00
  0.039   0.620    0.00000e+00    8.03573e+06    0.00000e+00    4.85494e+08    0.00000e+00    0.00000e+00
  0.041   0.630    0.00000e+00    8.03423e+06    0.00000e+00    4.85389e+08    0.00000e+00    0.00000e+00
  0.042   0.640    0.00000e+00    8.03274e+06    0.00000e+00    4.85284e+08    0.00000e+00    0.00000e+00
  0.043   0.650    0.00000e+00    8.03125e+06    0.00000e+00    4.85179e+08    0.00000e+00    0.00000e+00
  0.044   0.660    0.00000e+00    8.02941e+06    0.00000e+00    4.85085e+08    0.00000e+00    0.00000e+00
  0.046   0.670    0.00000e+00    8.02757e+06    0.00000e+00    4.84990e+08    0.00000e+00    0.00000e+00
  0.047   0.680    0.00000e+00    8.02573e+06    0.00000e+00    4.84896e+08    0.00000e+00    0.00000e+00
  0.049   0.690    0.00000e+00    8.02389e+06    0.00000e+00    4.84801e+08    0.00000e+00    0.00000e+00
  0.050   0.700    0.00000e+00    8.02205e+06    0.00000e+00    4.84707e+08    0.00000e+00    0.00000e+00
  0.051   0.710    0.00000e+00    8.01989e+06    0.00000e+00    4.84623e+08    0.00000e+00    0.00000e+00
  0.053   0.720    0.00000e+00    8.01774e+06    0.00000e+00    4.84540e+08    0.00000e+00    0.00000e+00
  0.054   0.730    0.00000e+00    8.01559e+06    0.00000e+00    4.84457e+08    0.00000e+00    0.00000e+00
  0.056   0.740    0.00000e+00    8.01343e+06    0.00000e+00    4.84374e+08    0.00000e+00    0.00000e+00
  0.057   0.750    0.00000e+00    8.01128e+06    0.00000e+00    4.84291e+08    0.00000e+00    0.00000e+00
  0.059   0.760    0.00000e+00    8.00882e+06    0.00000e+00    4.84218e+08    0.00000e+00    0.00000e+00
  0.061   0.770    0.00000e+00    8.00636e+06    0.00000e+00    4.84145e+08    0.00000e+00    0.00000e+00
  0.062   0.780    0.00000e+00    8.00390e+06    0.00000e+00    4.84072e+08    0.00000e+00    0.00000e+00
  0.064   0.790    0.00000e+00    8.00145e+06    0.00000e+00    4.83999e+08    0.00000e+00    0.00000e+00
  0.065   0.800    0.00000e+00    7.99899e+06    0.00000e+00    4.83926e+08    0.00000e+00    0.00000e+00
  0.067   0.810    0.00000e+00    7.99623e+06    0.00000e+00    4.83861e+08    0.00000e+00    0.00000e+00
  0.069   0.820    0.00000e+00    7.99346e+06    0.00000e+00    4.83797e+08    0.00000e+00    0.00000e+00
  0.070   0.830    0.00000e+00    7.99070e+06    0.00000e+00    4.83732e+08    0.00000e+00    0.00000e+00
  0.072   0.840    0.00000e+00    7.98794e+06    0.00000e+00    4.83668e+08    0.00000e+00    0.00000e+00
  0.074   0.850    0.00000e+00    7.98518e+06    0.00000e+00    4.83604e+08    0.00000e+00    0.00000e+00
  0.075   0.860    0.00000e+00    7.98211e+06    0.00000e+00    4.83546e+08    0.00000e+00    0.00000e+00
  0.077   0.870    0.00000e+00    7.97904e+06    0.00000e+00    4.83489e+08    0.00000e+00    0.00000e+00
  0.079   0.880    0.00000e+00    7.97597e+06    0.00000e+00    4.83431e+08    0.00000e+00    0.00000e+00
  0.081   0.890    0.00000e+00    7.97290e+06    0.00000e+00    4.83374e+08    0.00000e+00    0.00000e+00
  0.083   0.900    0.00000e+00    7.96983e+06    0.00000e+00    4.83316e+08    0.00000e+00    0.00000e+00
  0.084   0.910    0.00000e+00    7.96645e+06    0.00000e+00    4.83265e+08    0.00000e+00    0.00000e+00
  0.086   0.920    0.00000e+00    7.96307e+06    0.00000e+00    4.83213e+08    0.00000e+00    0.00000e+00
  0.088   0.930    0.00000e+00    7.95970e+06    0.00000e+00    4.83161e+08    0.00000e+00    0.00000e+00
  0.090   0.940    0.00000e+00    7.95632e+06    0.00000e+00    4.83110e+08    0.00000e+00    0.00000e+00
  0.092   0.950    0.00000e+00    7.95294e+06    0.00000e+00    4.83058e+08    0.00000e+00    0.00000e+00
  0.094   0.960    0.00000e+00    7.94927e+06    0.00000e+00    4.83012e+08    0.00000e+00    0.00000e+00
  0.096   0.970    0.00000e+00    7.94559e+06    0.00000e+00    4.82965e+08    0.00000e+00    0.00000e+00
  0.098   0.980    0.00000e+00    7.94191e+06    0.00000e+00    4.82919e+08    0.00000e+00    0.00000e+00
  0.100   0.990    0.00000e+00    7.93823e+06    0.00000e+00    4.82872e+08    0.00000e+00    0.00000e+00
  0.102   1.000    0.00000e+00    7.93456e+06    0.00000e+00    4.82826e+08    0.00000e+00    0.00000e+00
  0.104   1.010    0.00000e+00    7.93060e+06    0.00000e+00    4.82784e+08    0.00000e+00    0.00000e+00
  0.106   1.020    0.00000e+00    7.92664e+06    0.00000e+00    4.82742e+08    0.00000e+00    0.00000e+00
  0.108   1.030    0.00000e+00    7.92267e+06    0.00000e+00    4.82700e+08    0.00000e+00    0.00000e+00
  0.110   1.040    0.00000e+00    7.91871e+06    0.00000e+00    4.82658e+08    0.00000e+00    0.00000e+00
  0.112   1.050    0.00000e+00    7.91475e+06    0.00000e+00    4.82616e+08    0.00000e+00    0.00000e+00
  0.115   1.060    0.00000e+00    7.91054e+06    0.00000e+00    4.82578e+08    0.00000e+00    0.00000e+00
  0.117   1.070    0.00000e+00    7.90632e+06    0.00000e+00    4.82541e+08    0.00000e+00    0.00000e+00
  0.119   1.080    0.00000e+00    7.90210e+06    0.00000e+00    4.82503e+08    0.00000e+00    0.00000e+00
  0.121   1.090    0.00000e+00    7.89788e+06    0.00000e+00    4.82466e+08    0.00000e+00    0.00000e+00
  0.123   1.100    0.00000e+00    7.89367e+06    0.00000e+00    4.82428e+08    0.00000e+00    0.00000e+00
  0.126   1.110    0.00000e+00    7.88924e+06    0.00000e+00    4.82395e+08    0.00000e+00    0.00000e+00
  0.128   1.120    0.00000e+00    7.88481e+06    0.00000e+00    4.82361e+08    0.00000e+00    0.00000e+00
  0.130   1.130    0.00000e+00    7.88038e+06    0.00000e+00    4.82328e+08    0.00000e+00    0.00000e+00
  0.133   1.140    0.00000e+00    7.87595e+06    0.00000e+00    4.82295e+08    0.00000e+00    0.00000e+00
  0.135   1.150    0.00000e+00    7.87152e+06    0.00000e+00    4.82262e+08    0.00000e+00    0.00000e+00
  0.137   1.160    0.00000e+00    7.86693e+06    0.00000e+00    4.82233e+08    0.00000e+00    0.00000e+00
  0.140   1.170    0.00000e+00    7.86235e+06    0.00000e+00    4.82204e+08    0.00000e+00    0.00000e+00
  0.142   1.180    0.00000e+00    7.85776e+06    0.00000e+00    4.82175e+08    0.00000e+00    0.00000e+00
  0.144   1.190    0.00000e+00    7.85318e+06    0.00000e+00    4.82146e+08    0.00000e+00    0.00000e+00
  0.147   1.200    0.00000e+00    7.84860e+06    0.00000e+00    4.82117e+08    0.00000e+00    0.00000e+00
  0.149   1.210    0.00000e+00    7.84394e+06    0.00000e+00    4.82093e+08    0.00000e+00    0.00000e+00
  0.152   1.220    0.00000e+00    7.83928e+06    0.00000e+00    4.82068e+08    0.00000e+00    0.00000e+00
  0.154   1.230    0.00000e+00    7.83462e+06    0.00000e+00    4.82044e+08    0.00000e+00    0.00000e+00
  0.157   1.240    0.00000e+00    7.82996e+06    0.00000e+00    4.82020e+08    0.00000e+00    0.00000e+00
  0.159   1.250    0.00000e+00    7.82530e+06    0.00000e+00    4.81995e+08    0.00000e+00    0.00000e+00
  0.162   1.260    0.00000e+00    7.82065e+06    0.00000e+00    4.81975e+08    0.00000e+00    0.00000e+00
  0.165   1.270    0.00000e+00    7.81600e+06    0.00000e+00    4.81956e+08    0.00000e+00    0.00000e+00
  0.167   1.280    0.00000e+00    7.81136e+06    0.00000e+00    4.81936e+08    0.00000e+00    0.00000e+00
  0.170   1.290    0.00000e+00    7.80671e+06    0.00000e+00    4.81916e+08    0.00000e+00    0.00000e+00
  0.172   1.300    0.00000e+00    7.80207e+06    0.00000e+00    4.81896e+08    0.00000e+00    0.00000e+00
  0.175   1.310    0.00000e+00    7.79754e+06    0.00000e+00    4.81881e+08    0.00000e+00    0.00000e+00
  0.178   1.320    0.00000e+00    7.79301e+06    0.00000e+00    4.81866e+08    0.00000e+00    0.00000e+00
  0.180   1.330    0.00000e+00    7.78848e+06    0.00000e+00    4.81851e+08    0.00000e+00    0.00000e+00
  0.183   1.340    0.00000e+00    7.78395e+06    0.00000e+00    4.81835e+08    0.00000e+00    0.00000e+00
  0.186   1.350    0.00000e+00    7.77942e+06    0.00000e+00    4.81820e+08    0.00000e+00    0.00000e+00
  0.189   1.360    0.00000e+00    7.77511e+06    0.00000e+00    4.81810e+08    0.00000e+00    0.00000e+00
  0.191   1.370    0.00000e+00    7.77080e+06    0.00000e+00    4.81799e+08    0.00000e+00    0.00000e+00
  0.194   1.380    0.00000e+00    7.76649e+06    0.00000e+00    4.81789e+08    0.00000e+00    0.00000e+00
  0.197   1.390    0.00000e+00    7.76218e+06    0.00000e+00    4.81778e+08    0.00000e+00    0.00000e+00
  0.200   1.400    0.00000e+00    7.75786e+06    0.00000e+00    4.81768e+08    0.00000e+00    0.00000e+00
  0.203   1.410    0.00000e+00    7.75387e+06    0.00000e+00    4.81762e+08    0.00000e+00    0.00000e+00
  0.206   1.420    0.00000e+00    7.74987e+06    0.00000e+00    4.81756e+08    0.00000e+00    0.00000e+00
  0.209   1.430    0.00000e+00    7.74587e+06    0.00000e+00    4.81750e+08    0.00000e+00    0.00000e+00
  0.211   1.440    0.00000e+00    7.74187e+06    0.00000e+00    4.81744e+08    0.00000e+00    0.00000e+00
  0.214   1.450    0.00000e+00    7.73788e+06    0.00000e+00    4.81737e+08    0.00000e+00    0.00000e+00
  0.217   1.460    0.00000e+00    7.73427e+06    0.00000e+00    4.81736e+08    0.00000e+00    0.00000e+00
  0.220   1.470    0.00000e+00    7.73067e+06    0.00000e+00    4.81734e+08    0.00000e+00    0.00000e+00
  0.223   1.480    0.00000e+00    7.72706e+06    0.00000e+00    4.81732e+08    0.00000e+00    0.00000e+00
  0.226   1.490    0.00000e+00    7.72346e+06    0.00000e+00    4.81730e+08    0.00000e+00    0.00000e+00
  0.229   1.500    0.00000e+00    7.71985e+06    0.00000e+00    4.81728e+08    0.00000e+00    0.00000e+00
  0.233   1.510    0.00000e+00    7.71669e+06    0.00000e+00    4.81729e+08    0.00000e+00    0.00000e+00
  0.236   1.520    0.00000e+00    7.71354e+06    0.00000e+00    4.81731e+08    0.00000e+00    0.00000e+00
  0.239   1.530    0.00000e+00    7.71038e+06    0.00000e+00    4.81733e+08    0.00000e+00    0.00000e+00
  0.242   1.540    0.00000e+00    7.70722e+06    0.00000e+00    4.81734e+08    0.00000e+00    0.00000e+00
  0.245   1.550    0.00000e+00    7.70406e+06    0.00000e+00    4.81736e+08    0.00000e+00    0.00000e+00
  0.248   1.560    0.00000e+00    7.70138e+06    0.00000e+00    4.81741e+08    0.00000e+00    0.00000e+00
  0.251   1.570    0.00000e+00    7.69870e+06    0.00000e+00    4.81745e+08    0.00000e+00    0.00000e+00
  0.255   1.580    0.00000e+00    7.69602e+06    0.00000e+00    4.81750e+08    0.00000e+00    0.00000e+00
  0.258   1.590    0.00000e+00    7.69334e+06    0.00000e+00    4.81755e+08    0.00000e+00    0.00000e+00
  0.261   1.600    0.00000e+00    7.69066e+06    0.00000e+00    4.81759e+08    0.00000e+00    0.00000e+00
  0.264   1.610    0.00000e+00    7.68846e+06    0.00000e+00    4.81767e+08    0.00000e+00    0.00000e+00
  0.268   1.620    0.00000e+00    7.68626e+06    0.00000e+00    4.81774e+08    0.00000e+00    0.00000e+00
  0.271   1.630    0.00000e+00    7.68406e+06    0.00000e+00    4.81781e+08    0.00000e+00    0.00000e+00
  0.274   1.640    0.00000e+00    7.68186e+06    0.00000e+00    4.81788e+08    0.00000e+00    0.00000e+00
  0.278   1.650    0.00000e+00    7.67966e+06    0.00000e+00    4.81795e+08    0.00000e+00    0.00000e+00
  0.281   1.660    0.00000e+00    7.67792e+06    0.00000e+00    4.81804e+08    0.00000e+00    0.00000e+00
  0.284   1.670    0.00000e+00    7.67618e+06    0.00000e+00    4.81813e+08    0.00000e+00    0.00000e+00
  0.288   1.680    0.00000e+00    7.67444e+06    0.00000e+00    4.81822e+08    0.00000e+00    0.00000e+00
  0.291   1.690    0.00000e+00    7.67270e+06    0.00000e+00    4.81832e+08    0.00000e+00    0.00000e+00
  0.295   1.700    0.00000e+00    7.67096e+06    0.00000e+00    4.81841e+08    0.00000e+00    0.00000e+00
  0.298   1.710    0.00000e+00    7.66965e+06    0.00000e+00    4.81851e+08    0.00000e+00    0.00000e+00
  0.302   1.720    0.00000e+00    7.66834e+06    0.00000e+00    4.81861e+08    0.00000e+00    0.00000e+00
  0.305   1.730    0.00000e+00    7.66703e+06    0.00000e+00    4.81872e+08    0.00000e+00    0.00000e+00
  0.309   1.740    0.00000e+00    7.66571e+06    0.00000e+00    4.81882e+08    0.00000e+00    0.00000e+00
  0.312   1.750    0.00000e+00    7.66440e+06    0.00000e+00    4.81892e+08    0.00000e+00    0.00000e+00
  0.316   1.760    0.00000e+00    7.66347e+06    0.00000e+00    4.81904e+08    0.00000e+00    0.00000e+00
  0.320   1.770    0.00000e+00    7.66253e+06    0.00000e+00    4.81915e+08    0.00000e+00    0.00000e+00
  0.323   1.780    0.00000e+00    7.66160e+06    0.00000e+00    4.81926e+08    0.00000e+00    0.00000e+00
  0.327   1.790    0.00000e+00    7.66066e+06    0.00000e+00    4.81937e+08    0.00000e+00    0.00000e+00
  0.330   1.800    0.00000e+00    7.65973e+06    0.00000e+00    4.81948e+08    0.00000e+00    0.00000e+00
  0.334   1.810    0.00000e+00    7.65912e+06    0.00000e+00    4.81960e+08    0.00000e+00    0.00000e+00
  0.338   1.820    0.00000e+00    7.65851e+06    0.00000e+00    4.81971e+08    0.00000e+00    0.00000e+00
  0.342   1.830    0.00000e+00    7.65791e+06    0.00000e+00    4.81983e+08    0.00000e+00    0.00000e+00
  0.345   1.840    0.00000e+00    7.65730e+06    0.00000e+00    4.81994e+08    0.00000e+00    0.00000e+00
  0.349   1.850    0.00000e+00    7.65670e+06    0.00000e+00    4.82006e+08    0.00000e+00    0.00000e+00
  0.353   1.860    0.00000e+00    7.65636e+06    0.00000e+00    4.82018e+08    0.00000e+00    0.00000e+00
  0.357   1.870    0.00000e+00    7.65603e+06    0.00000e+00    4.82029e+08    0.00000e+00    0.00000e+00
  0.360   1.880    0.00000e+00    7.65570e+06    0.00000e+00    4.82041e+08    0.00000e+00    0.00000e+00
  0.364   1.890    0.00000e+00    7.65537e+06    0.00000e+00    4.82052e+08    0.00000e+00    0.00000e+00
  0.368   1.900    0.00000e+00    7.65504e+06    0.00000e+00    4.82064e+08    0.00000e+00    0.00000e+00
  0.372   1.910    0.00000e+00    7.65494e+06    0.00000e+00    4.82075e+08    0.00000e+00    0.00000e+00
  0.376   1.920    0.00000e+00    7.65483e+06    0.00000e+00    4.82087e+08    0.00000e+00    0.00000e+00
  0.380   1.930    0.00000e+00    7.65472e+06    0.00000e+00    4.82098e+08    0.00000e+00    0.00000e+00
  0.384   1.940    0.00000e+00    7.65462e+06    0.00000e+00    4.82110e+08    0.00000e+00    0.00000e+00
  0.388   1.950    0.00000e+00    7.65451e+06    0.00000e+00    4.82121e+08    0.00000e+00    0.00000e+00
  0.392   1.960    0.00000e+00    7.65459e+06    0.00000e+00    4.82132e+08    0.00000e+00    0.00000e+00
  0.396   1.970    0.00000e+00    7.65467e+06    0.00000e+00    4.82143e+08    0.00000e+00    0.00000e+00
  0.400   1.980    0.00000e+00    7.65474e+06    0.00000e+00    4.82154e+08    0.00000e+00    0.00000e+00
  0.404   1.990    0.00000e+00    7.65482e+06    0.00000e+00    4.82165e+08    0.00000e+00    0.00000e+00
  0.408   2.000    0.00000e+00    7.65490e+06    0.00000e+00    4.82176e+08    0.00000e+00    0.00000e+00
  0.412   2.010    0.00000e+00    7.65511e+06    0.00000e+00    4.82187e+08    0.00000e+00    0.00000e+00
  0.416   2.020    0.00000e+00    7.65533e+06    0.00000e+00    4.82197e+08    0.00000e+00    0.00000e+00
  0.420   2.030    0.00000e+00    7.65555e+06    0.00000e+00    4.82208e+08    0.00000e+00    0.00000e+00
  0.424   2.040    0.00000e+00    7.65577e+06    0.00000e+00    4.82219e+08    0.00000e+00    0.00000e+00
  0.429   2.050    0.00000e+00    7.65599e+06    0.00000e+00    4.82229e+08    0.00000e+00    0.00000e+00
  0.433   2.060    0.00000e+00    7.65632e+06    0.00000e+00    4.82239e+08    0.00000e+00    0.00000e+00
  0.437   2.070    0.00000e+00    7.65664e+06    0.00000e+00    4.82249e+08    0.00000e+00    0.00000e+00
  0.441   2.080    0.00000e+00    7.65697e+06    0.00000e+00    4.82259e+08    0.00000e+00    0.00000e+00
  0.445   2.090    0.00000e+00    7.65730e+06    0.00000e+00    4.82269e+08    0.00000e+00    0.00000e+00
  0.450   2.100    0.00000e+00    7.65763e+06    0.00000e+00    4.82279e+08    0.00000e+00    0.00000e+00
  0.454   2.110    0.00000e+00    7.65804e+06    0.00000e+00    4.82289e+08    0.00000e+00    0.00000e+00
  0.458   2.120    0.00000e+00    7.65844e+06    0.00000e+00    4.82298e+08    0.00000e+00    0.00000e+00
  0.463   2.130    0.00000e+00    7.65885e+06    0.00000e+00    4.82308e+08    0.00000e+00    0.00000e+00
  0.467   2.140    0.00000e+00    7.65926e+06    0.00000e+00    4.82317e+08    0.00000e+00    0.00000e+00
  0.471   2.150    0.00000e+00    7.65967e+06    0.00000e+00    4.82327e+08    0.00000e+00    0.00000e+00
  0.476   2.160    0.00000e+00    7.66014e+06    0.00000e+00    4.82336e+08    0.00000e+00    0.00000e+00
  0.480   2.170    0.00000e+00    7.66060e+06    0.00000e+00    4.82344e+08    0.00000e+00    0.00000e+00
  0.485   2.180    0.00000e+00    7.66107e+06    0.00000e+00    4.82353e+08    0.00000e+00    0.00000e+00
  0.489   2.190    0.00000e+00    7.66154e+06    0.00000e+00    4.82362e+08    0.00000e+00    0.00000e+00
  0.494   2.200    0.00000e+00    7.66201e+06    0.00000e+00    4.82371e+08    0.00000e+00    0.00000e+00
  0.498   2.210    0.00000e+00    7.66251e+06    0.00000e+00    4.82379e+08    0.00000e+00    0.00000e+00
  0.503   2.220    0.00000e+00    7.66302e+06    0.00000e+00    4.82388e+08    0.00000e+00    0.00000e+00
  0.507   2.230    0.00000e+00    7.66353e+06    0.00000e+00    4.82396e+08    0.00000e+00    0.00000e+00
  0.512   2.240    0.00000e+00    7.66404e+06    0.00000e+00    4.82404e+08    0.00000e+00    0.00000e+00
  0.516   2.250    0.00000e+00    7.66454e+06    0.00000e+00    4.82413e+08    0.00000e+00    0.00000e+00
  0.521   2.260    0.00000e+00    7.66507e+06    0.00000e+00    4.82420e+08    0.00000e+00    0.00000e+00
  0.526   2.270    0.00000e+00    7.66561e+06    0.00000e+00    4.82428e+08    0.00000e+00    0.00000e+00
  0.530   2.280    0.00000e+00    7.66614e+06    0.00000e+00    4.82436e+08    0.00000e+00    0.00000e+00
  0.535   2.290    0.00000e+00    7.66667e+06    0.00000e+00    4.82443e+08    0.00000e+00    0.00000e+00
  0.539   2.300    0.00000e+00    7.66720e+06    0.00000e+00    4.82451e+08    0.00000e+00    0.00000e+00
  0.544   2.310    0.00000e+00    7.66775e+06    0.00000e+00    4.82458e+08    0.00000e+00    0.00000e+00
  0.549   2.320    0.00000e+00    7.66830e+06    0.00000e+00    4.82465e+08    0.00000e+00    0.00000e+00
  0.554   2.330    0.00000e+00    7.66884e+06    0.00000e+00    4.82473e+08    0.00000e+00    0.00000e+00
  0.558   2.340    0.00000e+00    7.66939e+06    0.00000e+00    4.82480e+08    0.00000e+00    0.00000e+00
  0.563   2.350    0.00000e+00    7.66994e+06    0.00000e+00    4.82487e+08    0.00000e+00    0.00000e+00
  0.568   2.360    0.00000e+00    7.67049e+06    0.00000e+00    4.82494e+08    0.00000e+00    0.00000e+00
  0.573   2.370    0.00000e+00    7.67105e+06    0.00000e+00    4.82501e+08    0.00000e+00    0.00000e+00
  0.578   2.380    0.00000e+00    7.67160e+06    0.00000e+00    4.82507e+08    0.00000e+00    0.00000e+00
  0.583   2.390    0.00000e+00    7.67215e+06    0.00000e+00    4.82514e+08    0.00000e+00    0.00000e+00
  0.587   2.400    0.00000e+00    7.67271e+06    0.00000e+00    4.82521e+08    0.00000e+00    0.00000e+00
  0.592   2.410    0.00000e+00    7.67326e+06    0.00000e+00    4.82527e+08    0.00000e+00    0.00000e+00
  0.597   2.420    0.00000e+00    7.67381e+06    0.00000e+00    4.82533e+08    0.00000e+00    0.00000e+00
  0.602   2.430    0.00000e+00    7.67436e+06    0.00000e+00    4.82540e+08    0.00000e+00    0.00000e+00
  0.607   2.440    0.00000e+00    7.67491e+06    0.00000e+00    4.82546e+08    0.00000e+00    0.00000e+00
  0.612   2.450    0.00000e+00    7.67546e+06    0.00000e+00    4.82552e+08    0.00000e+00    0.00000e+00
  0.617   2.460    0.00000e+00    7.67601e+06    0.00000e+00    4.82558e+08    0.00000e+00    0.00000e+00
  0.622   2.470    0.00000e+00    7.67655e+06    0.00000e+00    4.82564e+08    0.00000e+00    0.00000e+00
  0.627   2.480    0.00000e+00    7.67710e+06    0.00000e+00    4.82570e+08    0.00000e+00    0.00000e+00
  0.632   2.490    0.00000e+00    7.67764e+06    0.00000e+00    4.82575e+08    0.00000e+00    0.00000e+00
  0.637   2.500    0.00000e+00    7.67819e+06    0.00000e+00    4.82581e+08    0.00000e+00    0.00000e+00
  0.642   2.510    0.00000e+00    7.67873e+06    0.00000e+00    4.82587e+08    0.00000e+00    0.00000e+00
  0.648   2.520    0.00000e+00    7.67926e+06    0.00000e+00    4.82592e+08    0.00000e+00    0.00000e+00
  0.653   2.530    0.00000e+00    7.67980e+06    0.00000e+00    4.82597e+08    0.00000e+00    0.00000e+00
  0.658   2.540    0.00000e+00    7.68033e+06    0.00000e+00    4.82603e+08    0.00000e+00    0.00000e+00
  0.663   2.550    0.00000e+00    7.68087e+06    0.00000e+00    4.82608e+08    0.00000e+00    0.00000e+00
  0.668   2.560    0.00000e+00    7.68139e+06    0.00000e+00    4.82613e+08    0.00000e+00    0.00000e+00
  0.674   2.570    0.00000e+00    7.68191e+06    0.00000e+00    4.82618e+08    0.00000e+00    0.00000e+00
  0.679   2.580    0.00000e+00    7.68243e+06    0.00000e+00    4.82623e+08    0.00000e+00    0.00000e+00
  0.684   2.590    0.00000e+00    7.68296e+06    0.00000e+00    4.82628e+08    0.00000e+00    0.00000e+00
  0.689   2.600    0.00000e+00    7.68348e+06    0.00000e+00    4.82633e+08    0.00000e+00    0.00000e+00
  0.695   2.610    0.00000e+00    7.68399e+06    0.00000e+00    4.82638e+08    0.00000e+00    0.00000e+00
  0.700   2.620    0.00000e+00    7.68450e+06    0.00000e+00    4.82642e+08    0.00000e+00    0.00000e+00
  0.705   2.630    0.00000e+00    7.68500e+06    0.00000e+00    4.82647e+08    0.00000e+00    0.00000e+00
  0.711   2.640    0.00000e+00    7.68551e+06    0.00000e+00    4.82652e+08    0.00000e+00    0.00000e+00
  0.716   2.650    0.00000e+00    7.68602e+06    0.00000e+00    4.82656e+08    0.00000e+00    0.00000e+00
  0.722   2.660    0.00000e+00    7.68651e+06    0.00000e+00    4.82661e+08    0.00000e+00    0.00000e+00
  0.727   2.670    0.00000e+00    7.68700e+06    0.00000e+00    4.82665e+08    0.00000e+00    0.00000e+00
  0.732   2.680    0.00000e+00    7.68749e+06    0.00000e+00    4.82669e+08    0.00000e+00    0.00000e+00
  0.738   2.690    0.00000e+00    7.68798e+06    0.00000e+00    4.82674e+08    0.00000e+00    0.00000e+00
  0.743   2.700    0.00000e+00    7.68847e+06    0.00000e+00    4.82678e+08    0.00000e+00    0.00000e+00
  0.749   2.710    0.00000e+00    7.68895e+06    0.00000e+00    4.82682e+08    0.00000e+00    0.00000e+00
  0.754   2.720    0.00000e+00    7.68942e+06    0.00000e+00    4.82686e+08    0.00000e+00    0.00000e+00
  0.760   2.730    0.00000e+00    7.68990e+06    0.00000e+00    4.82690e+08    0.00000e+00    0.00000e+00
  0.766   2.740    0.00000e+00    7.69037e+06    0.00000e+00    4.82694e+08    0.00000e+00    0.00000e+00
  0.771   2.750    0.00000e+00    7.69085e+06    0.00000e+00    4.82698e+08    0.00000e+00    0.00000e+00
  0.777   2.760    0.00000e+00    7.69131e+06    0.00000e+00    4.82702e+08    0.00000e+00    0.00000e+00
  0.782   2.770    0.00000e+00    7.69176e+06    0.00000e+00    4.82705e+08    0.00000e+00    0.00000e+00
  0.788   2.780    0.00000e+00    7.69222e+06    0.00000e+00    4.82709e+08    0.00000e+00    0.00000e+00
  0.794   2.790    0.00000e+00    7.69268e+06    0.00000e+00    4.82713e+08    0.00000e+00    0.00000e+00
  0.799   2.800    0.00000e+00    7.69314e+06    0.00000e+00    4.82717e+08    0.00000e+00    0.00000e+00
  0.805   2.810    0.00000e+00    7.69359e+06    0.00000e+00    4.82721e+08    0.00000e+00    0.00000e+00
  0.811   2.820    0.00000e+00    7.69405e+06    0.00000e+00    4.82726e+08    0.00000e+00    0.00000e+00
  0.817   2.830    0.00000e+00    7.69450e+06    0.00000e+00    4.82730e+08    0.00000e+00    0.00000e+00
  0.823   2.840    0.00000e+00    7.69495e+06    0.00000e+00    4.82734e+08    0.00000e+00    0.00000e+00
  0.828   2.850    0.00000e+00    7.69540e+06    0.00000e+00    4.82739e+08    0.00000e+00    0.00000e+00
  0.834   2.860    0.00000e+00    7.69582e+06    0.00000e+00    4.82742e+08    0.00000e+00    0.00000e+00
  0.840   2.870    0.00000e+00    7.69625e+06    0.00000e+00    4.82745e+08    0.00000e+00    0.00000e+00
  0.846   2.880    0.00000e+00    7.69667e+06    0.00000e+00    4.82749e+08    0.00000e+00    0.00000e+00
  0.852   2.890    0.00000e+00    7.69709e+06    0.00000e+00    4.82752e+08    0.00000e+00    0.00000e+00
  0.858   2.900    0.00000e+00    7.69752e+06    0.00000e+00    4.82755e+08    0.00000e+00    0.00000e+00
  0.864   2.910    0.00000e+00    7.69792e+06    0.00000e+00    4.82758e+08    0.00000e+00    0.00000e+00
  0.870   2.920    0.00000e+00    7.69832e+06    0.00000e+00    4.82761e+08    0.00000e+00    0.00000e+00
  0.875   2.930    0.00000e+00    7.69873e+06    0.00000e+00    4.82764e+08    0.00000e+00    0.00000e+00
  0.881   2.940    0.00000e+00    7.69913e+06    0.00000e+00    4.82767e+08    0.00000e+00    0.00000e+00
  0.887   2.950    0.00000e+00    7.69954e+06    0.00000e+00    4.82770e+08    0.00000e+00    0.00000e+00
  0.893   2.960    0.00000e+00    7.69992e+06    0.00000e+00    4.82773e+08    0.00000e+00    0.00000e+00
  0.900   2.970    0.00000e+00    7.70031e+06    0.00000e+00    4.82776e+08    0.00000e+00    0.00000e+00
  0.906   2.980    0.00000e+00    7.70070e+06    0.00000e+00    4.82778e+08    0.00000e+00    0.00000e+00
  0.912   2.990    0.00000e+00    7.70109e+06    0.00000e+00    4.82781e+08    0.00000e+00    0.00000e+00
  0.918   3.000    0.00000e+00    7.70147e+06    0.00000e+00    4.82784e+08    0.00000e+00    0.00000e+00
  0.924   3.010    0.00000e+00    7.70185e+06    0.00000e+00    4.82787e+08    0.00000e+00    0.00000e+00
  0.930   3.020    0.00000e+00    7.70222e+06    0.00000e+00    4.82789e+08    0.00000e+00    0.00000e+00
  0.936   3.030    0.00000e+00    7.70259e+06    0.00000e+00    4.82792e+08    0.00000e+00    0.00000e+00
  0.942   3.040    0.00000e+00    7.70297e+06    0.00000e+00    4.82794e+08    0.00000e+00    0.00000e+00
  0.949   3.050    0.00000e+00    7.70334e+06    0.00000e+00    4.82797e+08    0.00000e+00    0.00000e+00
  0.955   3.060    0.00000e+00    7.70370e+06    0.00000e+00    4.82800e+08    0.00000e+00    0.00000e+00
  0.961   3.070    0.00000e+00    7.70406e+06    0.00000e+00    4.82802e+08    0.00000e+00    0.00000e+00
  0.967   3.080    0.00000e+00    7.70442e+06    0.00000e+00    4.82805e+08    0.00000e+00    0.00000e+00
  0.974   3.090    0.00000e+00    7.70477e+06    0.00000e+00    4.82807e+08    0.00000e+00    0.00000e+00
  0.980   3.100    0.00000e+00    7.70513e+06    0.00000e+00    4.82810e+08    0.00000e+00    0.00000e+00
  0.986   3.110    0.00000e+00    7.70548e+06    0.00000e+00    4.82812e+08    0.00000e+00    0.00000e+00
  0.993   3.120    0.00000e+00    7.70582e+06    0.00000e+00    4.82814e+08    0.00000e+00    0.00000e+00
  0.999   3.130    0.00000e+00    7.70616e+06    0.00000e+00    4.82817e+08    0.00000e+00    0.00000e+00
  1.005   3.140    0.00000e+00    7.70651e+06    0.00000e+00    4.82819e+08    0.00000e+00    0.00000e+00
  1.012   3.150    0.00000e+00    7.70685e+06    0.00000e+00    4.82822e+08    0.00000e+00    0.00000e+00
  1.018   3.160    0.00000e+00    7.70718e+06    0.00000e+00    4.82824e+08    0.00000e+00    0.00000e+00
  1.025   3.170    0.00000e+00    7.70751e+06    0.00000e+00    4.82826e+08    0.00000e+00    0.00000e+00
  1.031   3.180    0.00000e+00    7.70784e+06    0.00000e+00    4.82829e+08    0.00000e+00    0.00000e+00
  1.038   3.190    0.00000e+00    7.70817e+06    0.00000e+00    4.82831e+08    0.00000e+00    0.00000e+00
  1.044   3.200    0.00000e+00    7.70850e+06    0.00000e+00    4.82833e+08    0.00000e+00    0.00000e+00
  1.051   3.210    0.00000e+00    7.70882e+06    0.00000e+00    4.82835e+08    0.00000e+00    0.00000e+00
  1.057   3.220    0.00000e+00    7.70913e+06    0.00000e+00    4.82837e+08    0.00000e+00    0.00000e+00
  1.064   3.230    0.00000e+00    7.70945e+06    0.00000e+00    4.82840e+08    0.00000e+00    0.00000e+00
  1.070   3.240    0.00000e+00    7.70977e+06    0.00000e+00    4.82842e+08    0.00000e+00    0.00000e+00
  1.077   3.250    0.00000e+00    7.71008e+06    0.00000e+00    4.82844e+08    0.00000e+00    0.00000e+00
  1.084   3.260    0.00000e+00    7.71038e+06    0.00000e+00    4.82846e+08    0.00000e+00    0.00000e+00
  1.090   3.270    0.00000e+00    7.71069e+06    0.00000e+00    4.82848e+08    0.00000e+00    0.00000e+00
  1.097   3.280    0.00000e+00    7.71099e+06    0.00000e+00    4.82850e+08    0.00000e+00    0.00000e+00
  1.104   3.290    0.00000e+00    7.71130e+06    0.00000e+00    4.82852e+08    0.00000e+00    0.00000e+00
  1.110   3.300    0.00000e+00    7.71160e+06    0.00000e+00    4.82854e+08    0.00000e+00    0.00000e+00
  1.117   3.310    0.00000e+00    7.71189e+06    0.00000e+00    4.82856e+08    0.00000e+00    0.00000e+00
  1.124   3.320    0.00000e+00    7.71218e+06    0.00000e+00    4.82858e+08    0.00000e+00    0.00000e+00
  1.131   3.330    0.00000e+00    7.71247e+06    0.00000e+00    4.82860e+08    0.00000e+00    0.00000e+00
  1.138   3.340    0.00000e+00    7.71276e+06    0.00000e+00    4.82862e+08    0.00000e+00    0.00000e+00
  1.144   3.350    0.00000e+00    7.71305e+06    0.00000e+00    4.82864e+08    0.00000e+00    0.00000e+00
  1.151   3.360    0.00000e+00    7.71333e+06    0.00000e+00    4.82866e+08    0.00000e+00    0.00000e+00
  1.158   3.370    0.00000e+00    7.71361e+06    0.00000e+00    4.82868e+08    0.00000e+00    0.00000e+00
  1.165   3.380    0.00000e+00    7.71389e+06    0.00000e+00    4.82870e+08    0.00000e+00    0.00000e+00
  1.172   3.390    0.00000e+00    7.71417e+06    0.00000e+00    4.82871e+08    0.00000e+00    0.00000e+00
  1.179   3.400    0.00000e+00    7.71445e+06    0.00000e+00    4.82873e+08    0.00000e+00    0.00000e+00
  1.186   3.410    0.00000e+00    7.71471e+06    0.00000e+00    4.82875e+08    0.00000e+00    0.00000e+00
  1.193   3.420    0.00000e+00    7.71498e+06    0.00000e+00    4.82877e+08    0.00000e+00    0.00000e+00
  1.200   3.430    0.00000e+00    7.71525e+06    0.00000e+00    4.82879e+08    0.00000e+00    0.00000e+00
  1.207   3.440    0.00000e+00    7.71552e+06    0.00000e+00    4.82881e+08    0.00000e+00    0.00000e+00
  1.214   3.450    0.00000e+00    7.71578e+06    0.00000e+00    4.82882e+08    0.00000e+00    0.00000e+00
  1.221   3.460    0.00000e+00    7.71604e+06    0.00000e+00    4.82884e+08    0.00000e+00    0.00000e+00
  1.228   3.470    0.00000e+00    7.71630e+06    0.00000e+00    4.82886e+08    0.00000e+00    0.00000e+00
  1.235   3.480    0.00000e+00    7.71656e+06    0.00000e+00    4.82888e+08    0.00000e+00    0.00000e+00
  1.242   3.490    0.00000e+00    7.71681e+06    0.00000e+00    4.82889e+08    0.00000e+00    0.00000e+00
  1.249   3.500    0.00000e+00    7.71707e+06    0.00000e+00    4.82891e+08    0.00000e+00    0.00000e+00
  1.256   3.510    0.00000e+00    7.71732e+06    0.00000e+00    4.82893e+08    0.00000e+00    0.00000e+00
  1.264   3.520    0.00000e+00    7.71756e+06    0.00000e+00    4.82894e+08    0.00000e+00    0.00000e+00
  1.271   3.530    0.00000e+00    7.71781e+06    0.00000e+00    4.82896e+08    0.00000e+00    0.00000e+00
  1.278   3.540    0.00000e+00    7.71805e+06    0.00000e+00    4.82898e+08    0.00000e+00    0.00000e+00
  1.285   3.550    0.00000e+00    7.71830e+06    0.00000e+00    4.82899e+08    0.00000e+00    0.00000e+00
  1.292   3.560    0.00000e+00    7.71854e+06    0.00000e+00    4.82901e+08    0.00000e+00    0.00000e+00
  1.300   3.570    0.00000e+00    7.71877e+06    0.00000e+00    4.82902e+08    0.00000e+00    0.00000e+00
  1.307   3.580    0.00000e+00    7.71901e+06    0.00000e+00    4.82904e+08    0.00000e+00    0.00000e+00
  1.314   3.590    0.00000e+00    7.71924e+06    0.00000e+00    4.82905e+08    0.00000e+00    0.00000e+00
  1.322   3.600    0.00000e+00    7.71948e+06    0.00000e+00    4.82907e+08    0.00000e+00    0.00000e+00
  1.329   3.610    0.00000e+00    7.71971e+06    0.00000e+00    4.82908e+08    0.00000e+00    0.00000e+00
  1.336   3.620    0.00000e+00    7.71994e+06    0.00000e+00    4.82910e+08    0.00000e+00    0.00000e+00
  1.344   3.630    0.00000e+00    7.72016e+06    0.00000e+00    4.82911e+08    0.00000e+00    0.00000e+00
  1.351   3.640    0.00000e+00    7.72039e+06    0.00000e+00    4.82913e+08    0.00000e+00    0.00000e+00
  1.359   3.650    0.00000e+00    7.72062e+06    0.00000e+00    4.82914e+08    0.00000e+00    0.00000e+00
  1.366   3.660    0.00000e+00    7.72084e+06    0.00000e+00    4.82916e+08    0.00000e+00    0.00000e+00
  1.374   3.670    0.00000e+00    7.72105e+06    0.00000e+00    4.82917e+08    0.00000e+00    0.00000e+00
  1.381   3.680    0.00000e+00    7.72127e+06    0.00000e+00    4.82918e+08    0.00000e+00    0.00000e+00
  1.388   3.690    0.00000e+00    7.72149e+06    0.00000e+00    4.82920e+08    0.00000e+00    0.00000e+00
  1.396   3.700    0.00000e+00    7.72170e+06    0.00000e+00    4.82921e+08    0.00000e+00    0.00000e+00
  1.404   3.710    0.00000e+00    7.72191e+06    0.00000e+00    4.82923e+08    0.00000e+00    0.00000e+00
  1.411   3.720    0.00000e+00    7.72212e+06    0.00000e+00    4.82924e+08    0.00000e+00    0.00000e+00
  1.419   3.730    0.00000e+00    7.72233e+06    0.00000e+00    4.82925e+08    0.00000e+00    0.00000e+00
  1.426   3.740    0.00000e+00    7.72254e+06    0.00000e+00    4.82927e+08    0.00000e+00    0.00000e+00
  1.434   3.750    0.00000e+00    7.72275e+06    0.00000e+00    4.82928e+08    0.00000e+00    0.00000e+00
  1.442   3.760    0.00000e+00    7.72295e+06    0.00000e+00    4.82929e+08    0.00000e+00    0.00000e+00
  1.449   3.770    0.00000e+00    7.72315e+06    0.00000e+00    4.82931e+08    0.00000e+00    0.00000e+00
  1.457   3.780    0.00000e+00    7.72335e+06    0.00000e+00    4.82932e+08    0.00000e+00    0.00000e+00
  1.465   3.790    0.00000e+00    7.72355e+06    0.00000e+00    4.82933e+08    0.00000e+00    0.00000e+00
  1.472   3.800    0.00000e+00    7.72375e+06    0.00000e+00    4.82934e+08    0.00000e+00    0.00000e+00
  1.480   3.810    0.00000e+00    7.72394e+06    0.00000e+00    4.82935e+08    0.00000e+00    0.00000e+00
  1.488   3.820    0.00000e+00    7.72414e+06    0.00000e+00    4.82937e+08    0.00000e+00    0.00000e+00
  1.496   3.830    0.00000e+00    7.72433e+06    0.00000e+00    4.82938e+08    0.00000e+00    0.00000e+00
  1.504   3.840    0.00000e+00    7.72452e+06    0.00000e+00    4.82939e+08    0.00000e+00    0.00000e+00
  1.511   3.850    0.00000e+00    7.72471e+06    0.00000e+00    4.82940e+08    0.00000e+00    0.00000e+00
  1.519   3.860    0.00000e+00    7.72490e+06    0.00000e+00    4.82942e+08    0.00000e+00    0.00000e+00
  1.527   3.870    0.00000e+00    7.72509e+06    0.00000e+00    4.82943e+08    0.00000e+00    0.00000e+00
  1.535   3.880    0.00000e+00    7.72528e+06    0.00000e+00    4.82944e+08    0.00000e+00    0.00000e+00
  1.543   3.890    0.00000e+00    7.72546e+06    0.00000e+00    4.82946e+08    0.00000e+00    0.00000e+00
  1.551   3.900    0.00000e+00    7.72565e+06    0.00000e+00    4.82947e+08    0.00000e+00    0.00000e+00
  1.559   3.910    0.00000e+00    7.72583e+06    0.00000e+00    4.82948e+08    0.00000e+00    0.00000e+00
  1.567   3.920    0.00000e+00    7.72601e+06    0.00000e+00    4.82949e+08    0.00000e+00    0.00000e+00
  1.575   3.930    0.00000e+00    7.72619e+06    0.00000e+00    4.82950e+08    0.00000e+00    0.00000e+00
  1.583   3.940    0.00000e+00    7.72637e+06    0.00000e+00    4.82952e+08    0.00000e+00    0.00000e+00
  1.591   3.950    0.00000e+00    7.72655e+06    0.00000e+00    4.82953e+08    0.00000e+00    0.00000e+00
  1.599   3.960    0.00000e+00    7.72669e+06    0.00000e+00    4.82952e+08    0.00000e+00    0.00000e+00
  1.607   3.970    0.00000e+00    7.72684e+06    0.00000e+00    4.82951e+08    0.00000e+00    0.00000e+00
  1.615   3.980    0.00000e+00    7.72698e+06    0.00000e+00    4.82950e+08    0.00000e+00    0.00000e+00
  1.623   3.990    0.00000e+00    7.72713e+06    0.00000e+00    4.82949e+08    0.00000e+00    0.00000e+00
  1.632   4.000    0.00000e+00    7.72727e+06    0.00000e+00    4.82948e+08    0.00000e+00    0.00000e+00
  1.640   4.010    0.00000e+00    7.72743e+06    0.00000e+00    4.82949e+08    0.00000e+00    0.00000e+00
  1.648   4.020    0.00000e+00    7.72759e+06    0.00000e+00    4.82950e+08    0.00000e+00    0.00000e+00
  1.656   4.030    0.00000e+00    7.72776e+06    0.00000e+00    4.82950e+08    0.00000e+00    0.00000e+00
  1.664   4.040    0.00000e+00    7.72792e+06    0.00000e+00    4.82951e+08    0.00000e+00    0.00000e+00
  1.673   4.050    0.00000e+00    7.72808e+06    0.00000e+00    4.82952e+08    0.00000e+00    0.00000e+00
  1.681   4.060    0.00000e+00    7.72824e+06    0.00000e+00    4.82953e+08    0.00000e+00    0.00000e+00
  1.689   4.070    0.00000e+00    7.72840e+06    0.00000e+00    4.82954e+08    0.00000e+00    0.00000e+00
  1.698   4.080    0.00000e+00    7.72855e+06    0.00000e+00    4.82955e+08    0.00000e+00    0.00000e+00
  1.706   4.090    0.00000e+00    7.72871e+06    0.00000e+00    4.82956e+08    0.00000e+00    0.00000e+00
  1.714   4.100    0.00000e+00    7.72887e+06    0.00000e+00    4.82957e+08    0.00000e+00    0.00000e+00
  1.723   4.110    0.00000e+00    7.72903e+06    0.00000e+00    4.82958e+08    0.00000e+00    0.00000e+00
  1.731   4.120    0.00000e+00    7.72919e+06    0.00000e+00    4.82959e+08    0.00000e+00    0.00000e+00
  1.739   4.130    0.00000e+00    7.72935e+06    0.00000e+00    4.82961e+08    0.00000e+00    0.00000e+00
  1.748   4.140    0.00000e+00    7.72951e+06    0.00000e+00    4.82962e+08    0.00000e+00    0.00000e+00
  1.756   4.150    0.00000e+00    7.72967e+06    0.00000e+00    4.82963e+08    0.00000e+00    0.00000e+00
  1.765   4.160    0.00000e+00    7.72982e+06    0.00000e+00    4.82965e+08    0.00000e+00    0.00000e+00
  1.773   4.170    0.00000e+00    7.72997e+06    0.00000e+00    4.82966e+08    0.00000e+00    0.00000e+00
  1.782   4.180    0.00000e+00    7.73012e+06    0.00000e+00    4.82967e+08    0.00000e+00    0.00000e+00
  1.790   4.190    0.00000e+00    7.73027e+06    0.00000e+00    4.82968e+08    0.00000e+00    0.00000e+00
  1.799   4.200    0.00000e+00    7.73042e+06    0.00000e+00    4.82969e+08    0.00000e+00    0.00000e+00
  1.807   4.210    0.00000e+00    7.73057e+06    0.00000e+00    4.82971e+08    0.00000e+00    0.00000e+00
  1.816   4.220    0.00000e+00    7.73073e+06    0.00000e+00    4.82972e+08    0.00000e+00    0.00000e+00
  1.825   4.230    0.00000e+00    7.73088e+06    0.00000e+00    4.82974e+08    0.00000e+00    0.00000e+00
  1.833   4.240    0.00000e+00    7.73104e+06    0.00000e+00    4.82976e+08    0.00000e+00    0.00000e+00
  1.842   4.250    0.00000e+00    7.73119e+06    0.00000e+00    4.82978e+08    0.00000e+00    0.00000e+00
  1.851   4.260    0.00000e+00    7.73133e+06    0.00000e+00    4.82979e+08    0.00000e+00    0.00000e+00
  1.859   4.270    0.00000e+00    7.73147e+06    0.00000e+00    4.82980e+08    0.00000e+00    0.00000e+00
  1.868   4.280    0.00000e+00    7.73161e+06    0.00000e+00    4.82981e+08    0.00000e+00    0.00000e+00
  1.877   4.290    0.00000e+00    7.73176e+06    0.00000e+00    4.82982e+08    0.00000e+00    0.00000e+00
  1.885   4.300    0.00000e+00    7.73190e+06    0.00000e+00    4.82983e+08    0.00000e+00    0.00000e+00
  1.894   4.310    0.00000e+00    7.73203e+06    0.00000e+00    4.82984e+08    0.00000e+00    0.00000e+00
  1.903   4.320    0.00000e+00    7.73217e+06    0.00000e+00    4.82985e+08    0.00000e+00    0.00000e+00
  1.912   4.330    0.00000e+00    7.73231e+06    0.00000e+00    4.82986e+08    0.00000e+00    0.00000e+00
  1.921   4.340    0.00000e+00    7.73244e+06    0.00000e+00    4.82987e+08    0.00000e+00    0.00000e+00
  1.930   4.350    0.00000e+00    7.73258e+06    0.00000e+00    4.82988e+08    0.00000e+00    0.00000e+00
  1.938   4.360    0.00000e+00    7.73271e+06    0.00000e+00    4.82989e+08    0.00000e+00    0.00000e+00
  1.947   4.370    0.00000e+00    7.73284e+06    0.00000e+00    4.82990e+08    0.00000e+00    0.00000e+00
  1.956   4.380    0.00000e+00    7.73297e+06    0.00000e+00    4.82991e+08    0.00000e+00    0.00000e+00
  1.965   4.390    0.00000e+00    7.73310e+06    0.00000e+00    4.82992e+08    0.00000e+00    0.00000e+00
  1.974   4.400    0.00000e+00    7.73323e+06    0.00000e+00    4.82993e+08    0.00000e+00    0.00000e+00
  1.983   4.410    0.00000e+00    7.73336e+06    0.00000e+00    4.82994e+08    0.00000e+00    0.00000e+00
  1.992   4.420    0.00000e+00    7.73348e+06    0.00000e+00    4.82995e+08    0.00000e+00    0.00000e+00
  2.001   4.430    0.00000e+00    7.73361e+06    0.00000e+00    4.82996e+08    0.00000e+00    0.00000e+00
  2.010   4.440    0.00000e+00    7.73373e+06    0.00000e+00    4.82997e+08    0.00000e+00    0.00000e+00
  2.019   4.450    0.00000e+00    7.73386e+06    0.00000e+00    4.82998e+08    0.00000e+00    0.00000e+00
  2.028   4.460    0.00000e+00    7.73398e+06    0.00000e+00    4.82998e+08    0.00000e+00    0.00000e+00
  2.038   4.470    0.00000e+00    7.73409e+06    0.00000e+00    4.82999e+08    0.00000e+00    0.00000e+00
  2.047   4.480    0.00000e+00    7.73421e+06    0.00000e+00    4.83000e+08    0.00000e+00    0.00000e+00
  2.056   4.490    0.00000e+00    7.73433e+06    0.00000e+00    4.83001e+08    0.00000e+00    0.00000e+00
  2.065   4.500    0.00000e+00    7.73445e+06    0.00000e+00    4.83001e+08    0.00000e+00    0.00000e+00
  2.074   4.510    0.00000e+00    7.73457e+06    0.00000e+00    4.83002e+08    0.00000e+00    0.00000e+00
  2.083   4.520    0.00000e+00    7.73469e+06    0.00000e+00    4.83003e+08    0.00000e+00    0.00000e+00
  2.093   4.530    0.00000e+00    7.73480e+06    0.00000e+00    4.83004e+08    0.00000e+00    0.00000e+00
  2.102   4.540    0.00000e+00    7.73492e+06    0.00000e+00    4.83005e+08    0.00000e+00    0.00000e+00
  2.111   4.550    0.00000e+00    7.73504e+06    0.00000e+00    4.83006e+08    0.00000e+00    0.00000e+00
  2.120   4.560    0.00000e+00    7.73515e+06    0.00000e+00    4.83006e+08    0.00000e+00    0.00000e+00
  2.130   4.570    0.00000e+00    7.73526e+06    0.00000e+00    4.83007e+08    0.00000e+00    0.00000e+00
  2.139   4.580    0.00000e+00    7.73537e+06    0.00000e+00    4.83008e+08    0.00000e+00    0.00000e+00
  2.148   4.590    0.00000e+00    7.73548e+06    0.00000e+00    4.83008e+08    0.00000e+00    0.00000e+00
  2.158   4.600    0.00000e+00    7.73560e+06    0.00000e+00    4.83009e+08    0.00000e+00    0.00000e+00
  2.167   4.610    0.00000e+00    7.73570e+06    0.00000e+00    4.83010e+08    0.00000e+00    0.00000e+00
  2.177   4.620    0.00000e+00    7.73581e+06    0.00000e+00    4.83011e+08    0.00000e+00    0.00000e+00
  2.186   4.630    0.00000e+00    7.73592e+06    0.00000e+00    4.83011e+08    0.00000e+00    0.00000e+00
  2.195   4.640    0.00000e+00    7.73603e+06    0.00000e+00    4.83012e+08    0.00000e+00    0.00000e+00
  2.205   4.650    0.00000e+00    7.73614e+06    0.00000e+00    4.83013e+08    0.00000e+00    0.00000e+00
  2.214   4.660    0.00000e+00    7.73624e+06    0.00000e+00    4.83013e+08    0.00000e+00    0.00000e+00
  2.224   4.670    0.00000e+00    7.73634e+06    0.00000e+00    4.83014e+08    0.00000e+00    0.00000e+00
  2.233   4.680    0.00000e+00    7.73644e+06    0.00000e+00    4.83014e+08    0.00000e+00    0.00000e+00
  2.243   4.690    0.00000e+00    7.73654e+06    0.00000e+00    4.83015e+08    0.00000e+00    0.00000e+00
  2.253   4.700    0.00000e+00    7.73664e+06    0.00000e+00    4.83015e+08    0.00000e+00    0.00000e+00
  2.262   4.710    0.00000e+00    7.73674e+06    0.00000e+00    4.83016e+08    0.00000e+00    0.00000e+00
  2.272   4.720    0.00000e+00    7.73684e+06    0.00000e+00    4.83016e+08    0.00000e+00    0.00000e+00
  2.281   4.730    0.00000e+00    7.73694e+06    0.00000e+00    4.83017e+08    0.00000e+00    0.00000e+00
  2.291   4.740    0.00000e+00    7.73704e+06    0.00000e+00    4.83017e+08    0.00000e+00    0.00000e+00
  2.301   4.750    0.00000e+00    7.73714e+06    0.00000e+00    4.83018e+08    0.00000e+00    0.00000e+00
  2.310   4.760    0.00000e+00    7.73723e+06    0.00000e+00    4.83018e+08    0.00000e+00    0.00000e+00
  2.320   4.770    0.00000e+00    7.73733e+06    0.00000e+00    4.83019e+08    0.00000e+00    0.00000e+00
  2.330   4.780    0.00000e+00    7.73743e+06    0.00000e+00    4.83019e+08    0.00000e+00    0.00000e+00
  2.340   4.790    0.00000e+00    7.73752e+06    0.00000e+00    4.83020e+08    0.00000e+00    0.00000e+00
  2.349   4.800    0.00000e+00    7.73762e+06    0.00000e+00    4.83020e+08    0.00000e+00    0.00000e+00
  2.359   4.810    0.00000e+00    7.73771e+06    0.00000e+00    4.83021e+08    0.00000e+00    0.00000e+00
  2.369   4.820    0.00000e+00    7.73781e+06    0.00000e+00    4.83021e+08    0.00000e+00    0.00000e+00
  2.379   4.830    0.00000e+00    7.73790e+06    0.00000e+00    4.83022e+08    0.00000e+00    0.00000e+00
  2.389   4.840    0.00000e+00    7.73800e+06    0.00000e+00    4.83022e+08    0.00000e+00    0.00000e+00
  2.399   4.850    0.00000e+00    7.73809e+06    0.00000e+00    4.83023e+08    0.00000e+00    0.00000e+00
  2.409   4.860    0.00000e+00    7.73818e+06    0.00000e+00    4.83024e+08    0.00000e+00    0.00000e+00
  2.419   4.870    0.00000e+00    7.73827e+06    0.00000e+00    4.83024e+08    0.00000e+00    0.00000e+00
  2.428   4.880    0.00000e+00    7.73836e+06    0.00000e+00    4.83024e+08    0.00000e+00    0.00000e+00
  2.438   4.890    0.00000e+00    7.73845e+06    0.00000e+00    4.83025e+08    0.00000e+00    0.00000e+00
  2.448   4.900    0.00000e+00    7.73854e+06    0.00000e+00    4.83025e+08    0.00000e+00    0.00000e+00
  2.458   4.910    0.00000e+00    7.73863e+06    0.00000e+00    4.83026e+08    0.00000e+00    0.00000e+00
  2.468   4.920    0.00000e+00    7.73871e+06    0.00000e+00    4.83026e+08    0.00000e+00    0.00000e+00
  2.478   4.930    0.00000e+00    7.73880e+06    0.00000e+00    4.83027e+08    0.00000e+00    0.00000e+00
  2.489   4.940    0.00000e+00    7.73889e+06    0.00000e+00    4.83027e+08    0.00000e+00    0.00000e+00
  2.499   4.950    0.00000e+00    7.73897e+06    0.00000e+00    4.83027e+08    0.00000e+00    0.00000e+00
  2.509   4.960    0.00000e+00    7.73906e+06    0.00000e+00    4.83028e+08    0.00000e+00    0.00000e+00
  2.519   4.970    0.00000e+00    7.73915e+06    0.00000e+00    4.83029e+08    0.00000e+00    0.00000e+00
  2.529   4.980    0.00000e+00    7.73924e+06    0.00000e+00    4.83029e+08    0.00000e+00    0.00000e+00
  2.539   4.990    0.00000e+00    7.73932e+06    0.00000e+00    4.83030e+08    0.00000e+00    0.00000e+00
