  0.000   0.010    0.00000e+00    4.86466e+08    0.00000e+00    3.80209e+10    0.00000e+00    0.00000e+00
  0.000   0.020    0.00000e+00    4.86466e+08    0.00000e+00    3.80209e+10    0.00000e+00    0.00000e+00
  0.000   0.030    0.00000e+00    4.86466e+08    0.00000e+00    3.80209e+10    0.00000e+00    0.00000e+00
  0.000   0.040    0.00000e+00    4.86466e+08    0.00000e+00    3.80209e+10    0.00000e+00    0.00000e+00
  0.000   0.050    0.00000e+00    4.86466e+08    0.00000e+00    3.80209e+10    0.00000e+00    0.00000e+00
  0.000   0.060    0.00000e+00    4.86484e+08    0.00000e+00    3.80217e+10    0.00000e+00    0.00000e+00
  0.001   0.070    0.00000e+00    4.86503e+08    0.00000e+00    3.80225e+10    0.00000e+00    0.00000e+00
  0.001   0.080    0.00000e+00    4.86522e+08    0.00000e+00    3.80232e+10    0.00000e+00    0.00000e+00
  0.001   0.090    0.00000e+00    4.86540e+08    0.00000e+00    3.80240e+10    0.00000e+00    0.00000e+00
  0.001   0.100    0.00000e+00    4.86559e+08    0.00000e+00    3.80248e+10    0.00000e+00    0.00000e+00
  0.001   0.110    0.00000e+00    4.86592e+08    0.00000e+00    3.80261e+10    0.00000e+00    0.00000e+00
  0.002   0.120    0.00000e+00    4.86625e+08    0.00000e+00    3.80274e+10    0.00000e+00    0.00000e+00
  0.002   0.130    0.00000e+00    4.86658e+08    0.00000e+00    3.80287e+10    0.00000e+00    0.00000e+00
  0.002   0.140    0.00000e+00    4.86691e+08    0.00000e+00    3.80300e+10    0.00000e+00    0.00000e+00
  0.002   0.150    0.00000e+00    4.86724e+08    0.00000e+00    3.80314e+10    0.00000e+00    0.00000e+00
  0.003   0.160    0.00000e+00    4.86774e+08    0.00000e+00    3.80333e+10    0.00000e+00    0.00000e+00
  0.003   0.170    0.00000e+00    4.86824e+08    0.00000e+00    3.80352e+10    0.00000e+00    0.00000e+00
  0.003   0.180    0.00000e+00    4.86874e+08    0.00000e+00    3.80372e+10    0.00000e+00    0.00000e+00
  0.004   0.190    0.00000e+00    4.86925e+08    0.00000e+00    3.80391e+10    0.00000e+00    0.00000e+00
  0.004   0.200    0.00000e+00    4.86975e+08    0.00000e+00    3.80411e+10    0.00000e+00    0.00000e+00
  0.005   0.210    0.00000e+00    4.87039e+08    0.00000e+00    3.80433e+10    0.00000e+00    0.00000e+00
  0.005   0.220    0.00000e+00    4.87104e+08    0.00000e+00    3.80456e+10    0.00000e+00    0.00000e+00
  0.005   0.230    0.00000e+00    4.87168e+08    0.00000e+00    3.80478e+10    0.00000e+00    0.00000e+00
  0.006   0.240    0.00000e+00    4.87233e+08    0.00000e+00    3.80500e+10    0.00000e+00    0.00000e+00
  0.006   0.250    0.00000e+00    4.87297e+08    0.00000e+00    3.80523e+10    0.00000e+00    0.00000e+00
  0.007   0.260    0.00000e+00    4.87355e+08    0.00000e+00    3.80536e+10    0.00000e+00    0.00000e+00
  0.007   0.270    0.00000e+00    4.87414e+08    0.00000e+00    3.80549e+10    0.00000e+00    0.00000e+00
  0.008   0.280    0.00000e+00    4.87472e+08    0.00000e+00    3.80563e+10    0.00000e+00    0.00000e+00
  0.009   0.290    0.00000e+00    4.87530e+08    0.00000e+00    3.80576e+10    0.00000e+00    0.00000e+00
  0.009   0.300    0.00000e+00    4.87588e+08    0.00000e+00    3.80589e+10    0.00000e+00    0.00000e+00
  0.010   0.310    0.00000e+00    4.87614e+08    0.00000e+00    3.80581e+10    0.00000e+00    0.00000e+00
  0.011   0.320    0.00000e+00    4.87639e+08    0.00000e+00    3.80573e+10    0.00000e+00    0.00000e+00
  0.011   0.330    0.00000e+00    4.87665e+08    0.00000e+00    3.80564e+10    0.00000e+00    0.00000e+00
  0.012   0.340    0.00000e+00    4.87690e+08    0.00000e+00    3.80556e+10    0.00000e+00    0.00000e+00
  0.012   0.350    0.00000e+00    4.87716e+08    0.00000e+00    3.80548e+10    0.00000e+00    0.00000e+00
  0.013   0.360    0.00000e+00    4.87695e+08    0.00000e+00    3.80516e+10    0.00000e+00    0.00000e+00
  0.014   0.370    0.00000e+00    4.87675e+08    0.00000e+00    3.80484e+10    0.00000e+00    0.00000e+00
  0.015   0.380    0.00000e+00    4.87655e+08    0.00000e+00    3.80453e+10    0.00000e+00    0.00000e+00
  0.016   0.390    0.00000e+00    4.87635e+08    0.00000e+00    3.80421e+10    0.00000e+00    0.00000e+00
  0.016   0.400    0.00000e+00    4.87614e+08    0.00000e+00    3.80389e+10    0.00000e+00    0.00000e+00
  0.017   0.410    0.00000e+00    4.87550e+08    0.00000e+00    3.80341e+10    0.00000e+00    0.00000e+00
  0.018   0.420    0.00000e+00    4.87486e+08    0.00000e+00    3.80293e+10    0.00000e+00    0.00000e+00
  0.019   0.430    0.00000e+00    4.87422e+08    0.00000e+00    3.80245e+10    0.00000e+00    0.00000e+00
  0.020   0.440    0.00000e+00    4.87359e+08    0.00000e+00    3.80197e+10    0.00000e+00    0.00000e+00
  0.021   0.450    0.00000e+00    4.87295e+08    0.00000e+00    3.80148e+10    0.00000e+00    0.00000e+00
  0.022   0.460    0.00000e+00    4.87199e+08    0.00000e+00    3.80094e+10    0.00000e+00    0.00000e+00
  0.023   0.470    0.00000e+00    4.87104e+08    0.00000e+00    3.80040e+10    0.00000e+00    0.00000e+00
  0.024   0.480    0.00000e+00    4.87009e+08    0.00000e+00    3.79986e+10    0.00000e+00    0.00000e+00
  0.025   0.490    0.00000e+00    4.86914e+08    0.00000e+00    3.79933e+10    0.00000e+00    0.00000e+00
  0.025   0.500    0.00000e+00    4.86819e+08    0.00000e+00    3.79879e+10    0.00000e+00    0.00000e+00
  0.027   0.510    0.00000e+00    4.86708e+08    0.00000e+00    3.79828e+10    0.00000e+00    0.00000e+00
  0.028   0.520    0.00000e+00    4.86598e+08    0.00000e+00    3.79778e+10    0.00000e+00    0.00000e+00
  0.029   0.530    0.00000e+00    4.86487e+08    0.00000e+00    3.79728e+10    0.00000e+00    0.00000e+00
  0.030   0.540    0.00000e+00    4.86377e+08    0.00000e+00    3.79678e+10    0.00000e+00    0.00000e+00
  0.031   0.550    0.00000e+00    4.86266e+08    0.00000e+00    3.79628e+10    0.00000e+00    0.00000e+00
  0.032   0.560    0.00000e+00    4.86154e+08    0.00000e+00    3.79587e+10    0.00000e+00    0.00000e+00
  0.033   0.570    0.00000e+00    4.86042e+08    0.00000e+00    3.79546e+10    0.00000e+00    0.00000e+00
  0.034   0.580    0.00000e+00    4.85930e+08    0.00000e+00    3.79505e+10    0.00000e+00    0.00000e+00
  0.036   0.590    0.00000e+00    4.85818e+08    0.00000e+00    3.79464e+10    0.00000e+00    0.00000e+00
  0.037   0.600    0.00000e+00    4.85706e+08    0.00000e+00    3.79423e+10    0.00000e+00    0.00000e+00
  0.038   0.610    0.00000e+00    4.85600e+08    0.00000e+00    3.79392e+10    0.00000e+00    0.00000e+00
  0.039   0.620    0.00000e+00    4.85495e+08    0.00000e+00    3.79361e+10    0.00000e+00    0.00000e+00
  0.041   0.630    0.00000e+00    4.85390e+08    0.00000e+00    3.79331e+10    0.00000e+00    0.00000e+00
  0.042   0.640    0.00000e+00    4.85285e+08    0.00000e+00    3.79300e+10    0.00000e+00    0.00000e+00
  0.043   0.650    0.00000e+00    4.85180e+08    0.00000e+00    3.79269e+10    0.00000e+00    0.00000e+00
  0.044   0.660    0.00000e+00    4.85085e+08    0.00000e+00    3.79248e+10    0.00000e+00    0.00000e+00
  0.046   0.670    0.00000e+00    4.84991e+08    0.00000e+00    3.79227e+10    0.00000e+00    0.00000e+00
  0.047   0.680    0.00000e+00    4.84896e+08    0.00000e+00    3.79206e+10    0.00000e+00    0.00000e+00
  0.049   0.690    0.00000e+00    4.84802e+08    0.00000e+00    3.79184e+10    0.00000e+00    0.00000e+00
  0.050   0.700    0.00000e+00    4.84708e+08    0.00000e+00    3.79163e+10    0.00000e+00    0.00000e+00
  0.051   0.710    0.00000e+00    4.84624e+08    0.00000e+00    3.79149e+10    0.00000e+00    0.00000e+00
  0.053   0.720    0.00000e+00    4.84541e+08    0.00000e+00    3.79135e+10    0.00000e+00    0.00000e+00
  0.054   0.730    0.00000e+00    4.84458e+08    0.00000e+00    3.79122e+10    0.00000e+00    0.00000e+00
  0.056   0.740    0.00000e+00    4.84375e+08    0.00000e+00    3.79108e+10    0.00000e+00    0.00000e+00
  0.057   0.750    0.00000e+00    4.84292e+08    0.00000e+00    3.79094e+10    0.00000e+00    0.00000e+00
  0.059   0.760    0.00000e+00    4.84219e+08    0.00000e+00    3.79085e+10    0.00000e+00    0.00000e+00
  0.061   0.770    0.00000e+00    4.84146e+08    0.00000e+00    3.79077e+10    0.00000e+00    0.00000e+00
  0.062   0.780    0.00000e+00    4.84073e+08    0.00000e+00    3.79068e+10    0.00000e+00    0.00000e+00
  0.064   0.790    0.00000e+00    4.84000e+08    0.00000e+00    3.79060e+10    0.00000e+00    0.00000e+00
  0.065   0.800    0.00000e+00    4.83927e+08    0.00000e+00    3.79051e+10    0.00000e+00    0.00000e+00
  0.067   0.810    0.00000e+00    4.83862e+08    0.00000e+00    3.79046e+10    0.00000e+00    0.00000e+00
  0.069   0.820    0.00000e+00    4.83798e+08    0.00000e+00    3.79042e+10    0.00000e+00    0.00000e+00
  0.070   0.830    0.00000e+00    4.83733e+08    0.00000e+00    3.79037e+10    0.00000e+00    0.00000e+00
  0.072   0.840    0.00000e+00    4.83669e+08    0.00000e+00    3.79032e+10    0.00000e+00    0.00000e+00
  0.074   0.850    0.00000e+00    4.83605e+08    0.00000e+00    3.79027e+10    0.00000e+00    0.00000e+00
  0.075   0.860    0.00000e+00    4.83547e+08    0.00000e+00    3.79024e+10    0.00000e+00    0.00000e+00
  0.077   0.870    0.00000e+00    4.83490e+08    0.00000e+00    3.79022e+10    0.00000e+00    0.00000e+00
  0.079   0.880    0.00000e+00    4.83432e+08    0.00000e+00    3.79019e+10    0.00000e+00    0.00000e+00
  0.081   0.890    0.00000e+00    4.83375e+08    0.00000e+00    3.79017e+10    0.00000e+00    0.00000e+00
  0.083   0.900    0.00000e+00    4.83317e+08    0.00000e+00    3.79014e+10    0.00000e+00    0.00000e+00
  0.084   0.910    0.00000e+00    4.83266e+08    0.00000e+00    3.79013e+10    0.00000e+00    0.00000e+00
  0.086   0.920    0.00000e+00    4.83214e+08    0.00000e+00    3.79012e+10    0.00000e+00    0.00000e+00
  0.088   0.930    0.00000e+00    4.83163e+08    0.00000e+00    3.79012e+10    0.00000e+00    0.00000e+00
  0.090   0.940    0.00000e+00    4.83111e+08    0.00000e+00    3.79011e+10    0.00000e+00    0.00000e+00
  0.092   0.950    0.00000e+00    4.83059e+08    0.00000e+00    3.79010e+10    0.00000e+00    0.00000e+00
  0.094   0.960    0.00000e+00    4.83013e+08    0.00000e+00    3.79010e+10    0.00000e+00    0.00000e+00
  0.096   0.970    0.00000e+00    4.82966e+08    0.00000e+00    3.79010e+10    0.00000e+00    0.00000e+00
  0.098   0.980    0.00000e+00    4.82920e+08    0.00000e+00    3.79011e+10    0.00000e+00    0.00000e+00
  0.100   0.990    0.00000e+00    4.82873e+08    0.00000e+00    3.79011e+10    0.00000e+00    0.00000e+00
  0.102   1.000    0.00000e+00    4.82827e+08    0.00000e+00    3.79011e+10    0.00000e+00    0.00000e+00
  0.104   1.010    0.00000e+00    4.82785e+08    0.00000e+00    3.79012e+10    0.00000e+00    0.00000e+00
  0.106   1.020    0.00000e+00    4.82743e+08    0.00000e+00    3.79013e+10    0.00000e+00    0.00000e+00
  0.108   1.030    0.00000e+00    4.82701e+08    0.00000e+00    3.79014e+10    0.00000e+00    0.00000e+00
  0.110   1.040    0.00000e+00    4.82659e+08    0.00000e+00    3.79015e+10    0.00000e+00    0.00000e+00
  0.112   1.050    0.00000e+00    4.82617e+08    0.00000e+00    3.79016e+10    0.00000e+00    0.00000e+00
  0.115   1.060    0.00000e+00    4.82580e+08    0.00000e+00    3.79018e+10    0.00000e+00    0.00000e+00
  0.117   1.070    0.00000e+00    4.82542e+08    0.00000e+00    3.79019e+10    0.00000e+00    0.00000e+00
  0.119   1.080    0.00000e+00    4.82505e+08    0.00000e+00    3.79021e+10    0.00000e+00    0.00000e+00
  0.121   1.090    0.00000e+00    4.82467e+08    0.00000e+00    3.79023e+10    0.00000e+00    0.00000e+00
  0.123   1.100    0.00000e+00    4.82430e+08    0.00000e+00    3.79024e+10    0.00000e+00    0.00000e+00
  0.126   1.110    0.00000e+00    4.82396e+08    0.00000e+00    3.79026e+10    0.00000e+00    0.00000e+00
  0.128   1.120    0.00000e+00    4.82363e+08    0.00000e+00    3.79028e+10    0.00000e+00    0.00000e+00
  0.130   1.130    0.00000e+00    4.82330e+08    0.00000e+00    3.79030e+10    0.00000e+00    0.00000e+00
  0.133   1.140    0.00000e+00    4.82297e+08    0.00000e+00    3.79032e+10    0.00000e+00    0.00000e+00
  0.135   1.150    0.00000e+00    4.82264e+08    0.00000e+00    3.79034e+10    0.00000e+00    0.00000e+00
  0.137   1.160    0.00000e+00    4.82235e+08    0.00000e+00    3.79037e+10    0.00000e+00    0.00000e+00
  0.140   1.170    0.00000e+00    4.82206e+08    0.00000e+00    3.79039e+10    0.00000e+00    0.00000e+00
  0.142   1.180    0.00000e+00    4.82177e+08    0.00000e+00    3.79042e+10    0.00000e+00    0.00000e+00
  0.144   1.190    0.00000e+00    4.82148e+08    0.00000e+00    3.79044e+10    0.00000e+00    0.00000e+00
  0.147   1.200    0.00000e+00    4.82119e+08    0.00000e+00    3.79046e+10    0.00000e+00    0.00000e+00
  0.149   1.210    0.00000e+00    4.82095e+08    0.00000e+00    3.79049e+10    0.00000e+00    0.00000e+00
  0.152   1.220    0.00000e+00    4.82070e+08    0.00000e+00    3.79052e+10    0.00000e+00    0.00000e+00
  0.154   1.230    0.00000e+00    4.82046e+08    0.00000e+00    3.79054e+10    0.00000e+00    0.00000e+00
  0.157   1.240    0.00000e+00    4.82022e+08    0.00000e+00    3.79057e+10    0.00000e+00    0.00000e+00
  0.159   1.250    0.00000e+00    4.81997e+08    0.00000e+00    3.79059e+10    0.00000e+00    0.00000e+00
  0.162   1.260    0.00000e+00    4.81977e+08    0.00000e+00    3.79062e+10    0.00000e+00    0.00000e+00
  0.165   1.270    0.00000e+00    4.81958e+08    0.00000e+00    3.79065e+10    0.00000e+00    0.00000e+00
  0.167   1.280    0.00000e+00    4.81938e+08    0.00000e+00    3.79068e+10    0.00000e+00    0.00000e+00
  0.170   1.290    0.00000e+00    4.81918e+08    0.00000e+00    3.79070e+10    0.00000e+00    0.00000e+00
  0.172   1.300    0.00000e+00    4.81898e+08    0.00000e+00    3.79073e+10    0.00000e+00    0.00000e+00
  0.175   1.310    0.00000e+00    4.81883e+08    0.00000e+00    3.79076e+10    0.00000e+00    0.00000e+00
  0.178   1.320    0.00000e+00    4.81868e+08    0.00000e+00    3.79079e+10    0.00000e+00    0.00000e+00
  0.180   1.330    0.00000e+00    4.81853e+08    0.00000e+00    3.79082e+10    0.00000e+00    0.00000e+00
  0.183   1.340    0.00000e+00    4.81838e+08    0.00000e+00    3.79085e+10    0.00000e+00    0.00000e+00
  0.186   1.350    0.00000e+00    4.81823e+08    0.00000e+00    3.79088e+10    0.00000e+00    0.00000e+00
  0.189   1.360    0.00000e+00    4.81812e+08    0.00000e+00    3.79091e+10    0.00000e+00    0.00000e+00
  0.191   1.370    0.00000e+00    4.81802e+08    0.00000e+00    3.79094e+10    0.00000e+00    0.00000e+00
  0.194   1.380    0.00000e+00    4.81791e+08    0.00000e+00    3.79097e+10    0.00000e+00    0.00000e+00
  0.197   1.390    0.00000e+00    4.81781e+08    0.00000e+00    3.79100e+10    0.00000e+00    0.00000e+00
  0.200   1.400    0.00000e+00    4.81770e+08    0.00000e+00    3.79103e+10    0.00000e+00    0.00000e+00
  0.203   1.410    0.00000e+00    4.81764e+08    0.00000e+00    3.79106e+10    0.00000e+00    0.00000e+00
  0.206   1.420    0.00000e+00    4.81758e+08    0.00000e+00    3.79109e+10    0.00000e+00    0.00000e+00
  0.209   1.430    0.00000e+00    4.81752e+08    0.00000e+00    3.79112e+10    0.00000e+00    0.00000e+00
  0.211   1.440    0.00000e+00    4.81746e+08    0.00000e+00    3.79115e+10    0.00000e+00    0.00000e+00
  0.214   1.450    0.00000e+00    4.81740e+08    0.00000e+00    3.79118e+10    0.00000e+00    0.00000e+00
  0.217   1.460    0.00000e+00    4.81738e+08    0.00000e+00    3.79121e+10    0.00000e+00    0.00000e+00
  0.220   1.470    0.00000e+00    4.81736e+08    0.00000e+00    3.79124e+10    0.00000e+00    0.00000e+00
  0.223   1.480    0.00000e+00    4.81734e+08    0.00000e+00    3.79127e+10    0.00000e+00    0.00000e+00
  0.226   1.490    0.00000e+00    4.81732e+08    0.00000e+00    3.79130e+10    0.00000e+00    0.00000e+00
  0.229   1.500    0.00000e+00    4.81730e+08    0.00000e+00    3.79133e+10    0.00000e+00    0.00000e+00
  0.233   1.510    0.00000e+00    4.81732e+08    0.00000e+00    3.79136e+10    0.00000e+00    0.00000e+00
  0.236   1.520    0.00000e+00    4.81734e+08    0.00000e+00    3.79139e+10    0.00000e+00    0.00000e+00
  0.239   1.530    0.00000e+00    4.81735e+08    0.00000e+00    3.79142e+10    0.00000e+00    0.00000e+00
  0.242   1.540    0.00000e+00    4.81737e+08    0.00000e+00    3.79145e+10    0.00000e+00    0.00000e+00
  0.245   1.550    0.00000e+00    4.81739e+08    0.00000e+00    3.79148e+10    0.00000e+00    0.00000e+00
  0.248   1.560    0.00000e+00    4.81743e+08    0.00000e+00    3.79151e+10    0.00000e+00    0.00000e+00
  0.251   1.570    0.00000e+00    4.81748e+08    0.00000e+00    3.79154e+10    0.00000e+00    0.00000e+00
  0.255   1.580    0.00000e+00    4.81753e+08    0.00000e+00    3.79157e+10    0.00000e+00    0.00000e+00
  0.258   1.590    0.00000e+00    4.81757e+08    0.00000e+00    3.79160e+10    0.00000e+00    0.00000e+00
  0.261   1.600    0.00000e+00    4.81762e+08    0.00000e+00    3.79163e+10    0.00000e+00    0.00000e+00
  0.264   1.610    0.00000e+00    4.81769e+08    0.00000e+00    3.79165e+10    0.00000e+00    0.00000e+00
  0.268   1.620    0.00000e+00    4.81777e+08    0.00000e+00    3.79168e+10    0.00000e+00    0.00000e+00
  0.271   1.630    0.00000e+00    4.81784e+08    0.00000e+00    3.79171e+10    0.00000e+00    0.00000e+00
  0.274   1.640    0.00000e+00    4.81791e+08    0.00000e+00    3.79173e+10    0.00000e+00    0.00000e+00
  0.278   1.650    0.00000e+00    4.81798e+08    0.00000e+00    3.79176e+10    0.00000e+00    0.00000e+00
  0.281   1.660    0.00000e+00    4.81807e+08    0.00000e+00    3.79179e+10    0.00000e+00    0.00000e+00
  0.284   1.670    0.00000e+00    4.81816e+08    0.00000e+00    3.79181e+10    0.00000e+00    0.00000e+00
  0.288   1.680    0.00000e+00    4.81825e+08    0.00000e+00    3.79184e+10    0.00000e+00    0.00000e+00
  0.291   1.690    0.00000e+00    4.81834e+08    0.00000e+00    3.79187e+10    0.00000e+00    0.00000e+00
  0.295   1.700    0.00000e+00    4.81843e+08    0.00000e+00    3.79189e+10    0.00000e+00    0.00000e+00
  0.298   1.710    0.00000e+00    4.81854e+08    0.00000e+00    3.79192e+10    0.00000e+00    0.00000e+00
  0.302   1.720    0.00000e+00    4.81864e+08    0.00000e+00    3.79194e+10    0.00000e+00    0.00000e+00
  0.305   1.730    0.00000e+00    4.81874e+08    0.00000e+00    3.79196e+10    0.00000e+00    0.00000e+00
  0.309   1.740    0.00000e+00    4.81885e+08    0.00000e+00    3.79199e+10    0.00000e+00    0.00000e+00
  0.312   1.750    0.00000e+00    4.81895e+08    0.00000e+00    3.79201e+10    0.00000e+00    0.00000e+00
  0.316   1.760    0.00000e+00    4.81906e+08    0.00000e+00    3.79203e+10    0.00000e+00    0.00000e+00
  0.320   1.770    0.00000e+00    4.81917e+08    0.00000e+00    3.79206e+10    0.00000e+00    0.00000e+00
  0.323   1.780    0.00000e+00    4.81929e+08    0.00000e+00    3.79208e+10    0.00000e+00    0.00000e+00
  0.327   1.790    0.00000e+00    4.81940e+08    0.00000e+00    3.79210e+10    0.00000e+00    0.00000e+00
  0.330   1.800    0.00000e+00    4.81951e+08    0.00000e+00    3.79212e+10    0.00000e+00    0.00000e+00
  0.334   1.810    0.00000e+00    4.81962e+08    0.00000e+00    3.79215e+10    0.00000e+00    0.00000e+00
  0.338   1.820    0.00000e+00    4.81974e+08    0.00000e+00    3.79217e+10    0.00000e+00    0.00000e+00
  0.342   1.830    0.00000e+00    4.81986e+08    0.00000e+00    3.79219e+10    0.00000e+00    0.00000e+00
  0.345   1.840    0.00000e+00    4.81997e+08    0.00000e+00    3.79221e+10    0.00000e+00    0.00000e+00
  0.349   1.850    0.00000e+00    4.82009e+08    0.00000e+00    3.79223e+10    0.00000e+00    0.00000e+00
  0.353   1.860    0.00000e+00    4.82020e+08    0.00000e+00    3.79225e+10    0.00000e+00    0.00000e+00
  0.357   1.870    0.00000e+00    4.82032e+08    0.00000e+00    3.79227e+10    0.00000e+00    0.00000e+00
  0.360   1.880    0.00000e+00    4.82043e+08    0.00000e+00    3.79228e+10    0.00000e+00    0.00000e+00
  0.364   1.890    0.00000e+00    4.82055e+08    0.00000e+00    3.79230e+10    0.00000e+00    0.00000e+00
  0.368   1.900    0.00000e+00    4.82067e+08    0.00000e+00    3.79232e+10    0.00000e+00    0.00000e+00
  0.372   1.910    0.00000e+00    4.82078e+08    0.00000e+00    3.79234e+10    0.00000e+00    0.00000e+00
  0.376   1.920    0.00000e+00    4.82089e+08    0.00000e+00    3.79235e+10    0.00000e+00    0.00000e+00
  0.380   1.930    0.00000e+00    4.82101e+08    0.00000e+00    3.79237e+10    0.00000e+00    0.00000e+00
  0.384   1.940    0.00000e+00    4.82112e+08    0.00000e+00    3.79239e+10    0.00000e+00    0.00000e+00
  0.388   1.950    0.00000e+00    4.82124e+08    0.00000e+00    3.79241e+10    0.00000e+00    0.00000e+00
  0.392   1.960    0.00000e+00    4.82135e+08    0.00000e+00    3.79242e+10    0.00000e+00    0.00000e+00
  0.396   1.970    0.00000e+00    4.82146e+08    0.00000e+00    3.79244e+10    0.00000e+00    0.00000e+00
  0.400   1.980    0.00000e+00    4.82157e+08    0.00000e+00    3.79245e+10    0.00000e+00    0.00000e+00
  0.404   1.990    0.00000e+00    4.82168e+08    0.00000e+00    3.79247e+10    0.00000e+00    0.00000e+00
  0.408   2.000    0.00000e+00    4.82179e+08    0.00000e+00    3.79248e+10    0.00000e+00    0.00000e+00
  0.412   2.010    0.00000e+00    4.82190e+08    0.00000e+00    3.79250e+10    0.00000e+00    0.00000e+00
  0.416   2.020    0.00000e+00    4.82200e+08    0.00000e+00    3.79251e+10    0.00000e+00    0.00000e+00
  0.420   2.030    0.00000e+00    4.82211e+08    0.00000e+00    3.79252e+10    0.00000e+00    0.00000e+00
  0.424   2.040    0.00000e+00    4.82221e+08    0.00000e+00    3.79254e+10    0.00000e+00    0.00000e+00
  0.429   2.050    0.00000e+00    4.82232e+08    0.00000e+00    3.79255e+10    0.00000e+00    0.00000e+00
  0.433   2.060    0.00000e+00    4.82242e+08    0.00000e+00    3.79257e+10    0.00000e+00    0.00000e+00
  0.437   2.070    0.00000e+00    4.82252e+08    0.00000e+00    3.79258e+10    0.00000e+00    0.00000e+00
  0.441   2.080    0.00000e+00    4.82262e+08    0.00000e+00    3.79259e+10    0.00000e+00    0.00000e+00
  0.445   2.090    0.00000e+00    4.82272e+08    0.00000e+00    3.79260e+10    0.00000e+00    0.00000e+00
  0.450   2.100    0.00000e+00    4.82282e+08    0.00000e+00    3.79262e+10    0.00000e+00    0.00000e+00
  0.454   2.110    0.00000e+00    4.82292e+08    0.00000e+00    3.79263e+10    0.00000e+00    0.00000e+00
  0.458   2.120    0.00000e+00    4.82301e+08    0.00000e+00    3.79264e+10    0.00000e+00    0.00000e+00
  0.463   2.130    0.00000e+00    4.82310e+08    0.00000e+00    3.79265e+10    0.00000e+00    0.00000e+00
  0.467   2.140    0.00000e+00    4.82320e+08    0.00000e+00    3.79266e+10    0.00000e+00    0.00000e+00
  0.471   2.150    0.00000e+00    4.82329e+08    0.00000e+00    3.79267e+10    0.00000e+00    0.00000e+00
  0.476   2.160    0.00000e+00    4.82338e+08    0.00000e+00    3.79268e+10    0.00000e+00    0.00000e+00
  0.480   2.170    0.00000e+00    4.82347e+08    0.00000e+00    3.79270e+10    0.00000e+00    0.00000e+00
  0.485   2.180    0.00000e+00    4.82356e+08    0.00000e+00    3.79271e+10    0.00000e+00    0.00000e+00
  0.489   2.190    0.00000e+00    4.82365e+08    0.00000e+00    3.79272e+10    0.00000e+00    0.00000e+00
  0.494   2.200    0.00000e+00    4.82374e+08    0.00000e+00    3.79273e+10    0.00000e+00    0.00000e+00
  0.498   2.210    0.00000e+00    4.82382e+08    0.00000e+00    3.79274e+10    0.00000e+00    0.00000e+00
  0.503   2.220    0.00000e+00    4.82390e+08    0.00000e+00    3.79275e+10    0.00000e+00    0.00000e+00
  0.507   2.230    0.00000e+00    4.82399e+08    0.00000e+00    3.79276e+10    0.00000e+00    0.00000e+00
  0.512   2.240    0.00000e+00    4.82407e+08    0.00000e+00    3.79277e+10    0.00000e+00    0.00000e+00
  0.516   2.250    0.00000e+00    4.82415e+08    0.00000e+00    3.79277e+10    0.00000e+00    0.00000e+00
  0.521   2.260    0.00000e+00    4.82423e+08    0.00000e+00    3.79278e+10    0.00000e+00    0.00000e+00
  0.526   2.270    0.00000e+00    4.82431e+08    0.00000e+00    3.79279e+10    0.00000e+00    0.00000e+00
  0.530   2.280    0.00000e+00    4.82438e+08    0.00000e+00    3.79280e+10    0.00000e+00    0.00000e+00
  0.535   2.290    0.00000e+00    4.82446e+08    0.00000e+00    3.79281e+10    0.00000e+00    0.00000e+00
  0.539   2.300    0.00000e+00    4.82454e+08    0.00000e+00    3.79282e+10    0.00000e+00    0.00000e+00
  0.544   2.310    0.00000e+00    4.82461e+08    0.00000e+00    3.79283e+10    0.00000e+00    0.00000e+00
  0.549   2.320    0.00000e+00    4.82468e+08    0.00000e+00    3.79283e+10    0.00000e+00    0.00000e+00
  0.554   2.330    0.00000e+00    4.82475e+08    0.00000e+00    3.79284e+10    0.00000e+00    0.00000e+00
  0.558   2.340    0.00000e+00    4.82483e+08    0.00000e+00    3.79285e+10    0.00000e+00    0.00000e+00
  0.563   2.350    0.00000e+00    4.82490e+08    0.00000e+00    3.79286e+10    0.00000e+00    0.00000e+00
  0.568   2.360    0.00000e+00    4.82497e+08    0.00000e+00    3.79287e+10    0.00000e+00    0.00000e+00
  0.573   2.370    0.00000e+00    4.82503e+08    0.00000e+00    3.79288e+10    0.00000e+00    0.00000e+00
  0.578   2.380    0.00000e+00    4.82510e+08    0.00000e+00    3.79288e+10    0.00000e+00    0.00000e+00
  0.583   2.390    0.00000e+00    4.82517e+08    0.00000e+00    3.79289e+10    0.00000e+00    0.00000e+00
  0.587   2.400    0.00000e+00    4.82524e+08    0.00000e+00    3.79290e+10    0.00000e+00    0.00000e+00
  0.592   2.410    0.00000e+00    4.82530e+08    0.00000e+00    3.79291e+10    0.00000e+00    0.00000e+00
  0.597   2.420    0.00000e+00    4.82536e+08    0.00000e+00    3.79291e+10    0.00000e+00    0.00000e+00
  0.602   2.430    0.00000e+00    4.82542e+08    0.00000e+00    3.79292e+10    0.00000e+00    0.00000e+00
  0.607   2.440    0.00000e+00    4.82549e+08    0.00000e+00    3.79293e+10    0.00000e+00    0.00000e+00
  0.612   2.450    0.00000e+00    4.82555e+08    0.00000e+00    3.79293e+10    0.00000e+00    0.00000e+00
  0.617   2.460    0.00000e+00    4.82561e+08    0.00000e+00    3.79294e+10    0.00000e+00    0.00000e+00
  0.622   2.470    0.00000e+00    4.82566e+08    0.00000e+00    3.79295e+10    0.00000e+00    0.00000e+00
  0.627   2.480    0.00000e+00    4.82572e+08    0.00000e+00    3.79295e+10    0.00000e+00    0.00000e+00
  0.632   2.490    0.00000e+00    4.82578e+08    0.00000e+00    3.79296e+10    0.00000e+00    0.00000e+00
  0.637   2.500    0.00000e+00    4.82584e+08    0.00000e+00    3.79297e+10    0.00000e+00    0.00000e+00
  0.642   2.510    0.00000e+00    4.82589e+08    0.00000e+00    3.79297e+10    0.00000e+00    0.00000e+00
  0.648   2.520    0.00000e+00    4.82594e+08    0.00000e+00    3.79298e+10    0.00000e+00    0.00000e+00
  0.653   2.530    0.00000e+00    4.82600e+08    0.00000e+00    3.79298e+10    0.00000e+00    0.00000e+00
  0.658   2.540    0.00000e+00    4.82605e+08    0.00000e+00    3.79299e+10    0.00000e+00    0.00000e+00
  0.663   2.550    0.00000e+00    4.82611e+08    0.00000e+00    3.79300e+10    0.00000e+00    0.00000e+00
  0.668   2.560    0.00000e+00    4.82616e+08    0.00000e+00    3.79300e+10    0.00000e+00    0.00000e+00
  0.674   2.570    0.00000e+00    4.82621e+08    0.00000e+00    3.79301e+10    0.00000e+00    0.00000e+00
  0.679   2.580    0.00000e+00    4.82626e+08    0.00000e+00    3.79301e+10    0.00000e+00    0.00000e+00
  0.684   2.590    0.00000e+00    4.82631e+08    0.00000e+00    3.79302e+10    0.00000e+00    0.00000e+00
  0.689   2.600    0.00000e+00    4.82636e+08    0.00000e+00    3.79302e+10    0.00000e+00    0.00000e+00
  0.695   2.610    0.00000e+00    4.82640e+08    0.00000e+00    3.79303e+10    0.00000e+00    0.00000e+00
  0.700   2.620    0.00000e+00    4.82645e+08    0.00000e+00    3.79303e+10    0.00000e+00    0.00000e+00
  0.705   2.630    0.00000e+00    4.82650e+08    0.00000e+00    3.79303e+10    0.00000e+00    0.00000e+00
  0.711   2.640    0.00000e+00    4.82654e+08    0.00000e+00    3.79304e+10    0.00000e+00    0.00000e+00
  0.716   2.650    0.00000e+00    4.82659e+08    0.00000e+00    3.79304e+10    0.00000e+00    0.00000e+00
  0.722   2.660    0.00000e+00    4.82663e+08    0.00000e+00    3.79305e+10    0.00000e+00    0.00000e+00
  0.727   2.670    0.00000e+00    4.82667e+08    0.00000e+00    3.79305e+10    0.00000e+00    0.00000e+00
  0.732   2.680    0.00000e+00    4.82672e+08    0.00000e+00    3.79306e+10    0.00000e+00    0.00000e+00
  0.738   2.690    0.00000e+00    4.82676e+08    0.00000e+00    3.79306e+10    0.00000e+00    0.00000e+00
  0.743   2.700    0.00000e+00    4.82680e+08    0.00000e+00    3.79306e+10    0.00000e+00    0.00000e+00
  0.749   2.710    0.00000e+00    4.82684e+08    0.00000e+00    3.79307e+10    0.00000e+00    0.00000e+00
  0.754   2.720    0.00000e+00    4.82688e+08    0.00000e+00    3.79307e+10    0.00000e+00    0.00000e+00
  0.760   2.730    0.00000e+00    4.82692e+08    0.00000e+00    3.79308e+10    0.00000e+00    0.00000e+00
  0.766   2.740    0.00000e+00    4.82696e+08    0.00000e+00    3.79308e+10    0.00000e+00    0.00000e+00
  0.771   2.750    0.00000e+00    4.82700e+08    0.00000e+00    3.79308e+10    0.00000e+00    0.00000e+00
  0.777   2.760    0.00000e+00    4.82704e+08    0.00000e+00    3.79309e+10    0.00000e+00    0.00000e+00
  0.782   2.770    0.00000e+00    4.82708e+08    0.00000e+00    3.79309e+10    0.00000e+00    0.00000e+00
  0.788   2.780    0.00000e+00    4.82712e+08    0.00000e+00    3.79309e+10    0.00000e+00    0.00000e+00
  0.794   2.790    0.00000e+00    4.82716e+08    0.00000e+00    3.79310e+10    0.00000e+00    0.00000e+00
  0.799   2.800    0.00000e+00    4.82719e+08    0.00000e+00    3.79310e+10    0.00000e+00    0.00000e+00
  0.805   2.810    0.00000e+00    4.82724e+08    0.00000e+00    3.79311e+10    0.00000e+00    0.00000e+00
  0.811   2.820    0.00000e+00    4.82728e+08    0.00000e+00    3.79312e+10    0.00000e+00    0.00000e+00
  0.817   2.830    0.00000e+00    4.82733e+08    0.00000e+00    3.79313e+10    0.00000e+00    0.00000e+00
  0.823   2.840    0.00000e+00    4.82737e+08    0.00000e+00    3.79314e+10    0.00000e+00    0.00000e+00
  0.828   2.850    0.00000e+00    4.82741e+08    0.00000e+00    3.79315e+10    0.00000e+00    0.00000e+00
  0.834   2.860    0.00000e+00    4.82745e+08    0.00000e+00    3.79316e+10    0.00000e+00    0.00000e+00
  0.840   2.870    0.00000e+00    4.82748e+08    0.00000e+00    3.79316e+10    0.00000e+00    0.00000e+00
  0.846   2.880    0.00000e+00    4.82751e+08    0.00000e+00    3.79316e+10    0.00000e+00    0.00000e+00
  0.852   2.890    0.00000e+00    4.82755e+08    0.00000e+00    3.79317e+10    0.00000e+00    0.00000e+00
  0.858   2.900    0.00000e+00    4.82758e+08    0.00000e+00    3.79317e+10    0.00000e+00    0.00000e+00
  0.864   2.910    0.00000e+00    4.82761e+08    0.00000e+00    3.79317e+10    0.00000e+00    0.00000e+00
  0.870   2.920    0.00000e+00    4.82764e+08    0.00000e+00    3.79317e+10    0.00000e+00    0.00000e+00
  0.875   2.930    0.00000e+00    4.82767e+08    0.00000e+00    3.79318e+10    0.00000e+00    0.00000e+00
  0.881   2.940    0.00000e+00    4.82770e+08    0.00000e+00    3.79318e+10    0.00000e+00    0.00000e+00
  0.887   2.950    0.00000e+00    4.82772e+08    0.00000e+00    3.79318e+10    0.00000e+00    0.00000e+00
  0.893   2.960    0.00000e+00    4.82775e+08    0.00000e+00    3.79318e+10    0.00000e+00    0.00000e+00
  0.900   2.970    0.00000e+00    4.82778e+08    0.00000e+00    3.79318e+10    0.00000e+00    0.00000e+00
  0.906   2.980    0.00000e+00    4.82781e+08    0.00000e+00    3.79319e+10    0.00000e+00    0.00000e+00
  0.912   2.990    0.00000e+00    4.82783e+08    0.00000e+00    3.79319e+10    0.00000e+00    0.00000e+00
  0.918   3.000    0.00000e+00    4.82786e+08    0.00000e+00    3.79319e+10    0.00000e+00    0.00000e+00
  0.924   3.010    0.00000e+00    4.82789e+08    0.00000e+00    3.79319e+10    0.00000e+00    0.00000e+00
  0.930   3.020    0.00000e+00    4.82791e+08    0.00000e+00    3.79320e+10    0.00000e+00    0.00000e+00
  0.936   3.030    0.00000e+00    4.82794e+08    0.00000e+00    3.79320e+10    0.00000e+00    0.00000e+00
  0.942   3.040    0.00000e+00    4.82797e+08    0.00000e+00    3.79320e+10    0.00000e+00    0.00000e+00
  0.949   3.050    0.00000e+00    4.82799e+08    0.00000e+00    3.79320e+10    0.00000e+00    0.00000e+00
  0.955   3.060    0.00000e+00    4.82802e+08    0.00000e+00    3.79320e+10    0.00000e+00    0.00000e+00
  0.961   3.070    0.00000e+00    4.82804e+08    0.00000e+00    3.79321e+10    0.00000e+00    0.00000e+00
  0.967   3.080    0.00000e+00    4.82807e+08    0.00000e+00    3.79321e+10    0.00000e+00    0.00000e+00
  0.974   3.090    0.00000e+00    4.82809e+08    0.00000e+00    3.79321e+10    0.00000e+00    0.00000e+00
  0.980   3.100    0.00000e+00    4.82812e+08    0.00000e+00    3.79321e+10    0.00000e+00    0.00000e+00
  0.986   3.110    0.00000e+00    4.82814e+08    0.00000e+00    3.79321e+10    0.00000e+00    0.00000e+00
  0.993   3.120    0.00000e+00    4.82817e+08    0.00000e+00    3.79322e+10    0.00000e+00    0.00000e+00
  0.999   3.130    0.00000e+00    4.82819e+08    0.00000e+00    3.79322e+10    0.00000e+00    0.00000e+00
  1.005   3.140    0.00000e+00    4.82822e+08    0.00000e+00    3.79322e+10    0.00000e+00    0.00000e+00
  1.012   3.150    0.00000e+00    4.82824e+08    0.00000e+00    3.79322e+10    0.00000e+00    0.00000e+00
  1.018   3.160    0.00000e+00    4.82826e+08    0.00000e+00    3.79323e+10    0.00000e+00    0.00000e+00
  1.025   3.170    0.00000e+00    4.82829e+08    0.00000e+00    3.79323e+10    0.00000e+00    0.00000e+00
  1.031   3.180    0.00000e+00    4.82831e+08    0.00000e+00    3.79323e+10    0.00000e+00    0.00000e+00
  1.038   3.190    0.00000e+00    4.82833e+08    0.00000e+00    3.79323e+10    0.00000e+00    0.00000e+00
  1.044   3.200    0.00000e+00    4.82836e+08    0.00000e+00    3.79324e+10    0.00000e+00    0.00000e+00
  1.051   3.210    0.00000e+00    4.82838e+08    0.00000e+00    3.79324e+10    0.00000e+00    0.00000e+00
  1.057   3.220    0.00000e+00    4.82840e+08    0.00000e+00    3.79324e+10    0.00000e+00    0.00000e+00
  1.064   3.230    0.00000e+00    4.82842e+08    0.00000e+00    3.79324e+10    0.00000e+00    0.00000e+00
  1.070   3.240    0.00000e+00    4.82844e+08    0.00000e+00    3.79324e+10    0.00000e+00    0.00000e+00
  1.077   3.250    0.00000e+00    4.82846e+08    0.00000e+00    3.79325e+10    0.00000e+00    0.00000e+00
  1.084   3.260    0.00000e+00    4.82848e+08    0.00000e+00    3.79325e+10    0.00000e+00    0.00000e+00
  1.090   3.270    0.00000e+00    4.82851e+08    0.00000e+00    3.79325e+10    0.00000e+00    0.00000e+00
  1.097   3.280    0.00000e+00    4.82853e+08    0.00000e+00    3.79325e+10    0.00000e+00    0.00000e+00
  1.104   3.290    0.00000e+00    4.82855e+08    0.00000e+00    3.79325e+10    0.00000e+00    0.00000e+00
  1.110   3.300    0.00000e+00    4.82857e+08    0.00000e+00    3.79326e+10    0.00000e+00    0.00000e+00
  1.117   3.310    0.00000e+00    4.82859e+08    0.00000e+00    3.79326e+10    0.00000e+00    0.00000e+00
  1.124   3.320    0.00000e+00    4.82861e+08    0.00000e+00    3.79326e+10    0.00000e+00    0.00000e+00
  1.131   3.330    0.00000e+00    4.82863e+08    0.00000e+00    3.79326e+10    0.00000e+00    0.00000e+00
  1.138   3.340    0.00000e+00    4.82865e+08    0.00000e+00    3.79327e+10    0.00000e+00    0.00000e+00
  1.144   3.350    0.00000e+00    4.82867e+08    0.00000e+00    3.79327e+10    0.00000e+00    0.00000e+00
  1.151   3.360    0.00000e+00    4.82868e+08    0.00000e+00    3.79327e+10    0.00000e+00    0.00000e+00
  1.158   3.370    0.00000e+00    4.82870e+08    0.00000e+00    3.79327e+10    0.00000e+00    0.00000e+00
  1.165   3.380    0.00000e+00    4.82872e+08    0.00000e+00    3.79327e+10    0.00000e+00    0.00000e+00
  1.172   3.390    0.00000e+00    4.82874e+08    0.00000e+00    3.79328e+10    0.00000e+00    0.00000e+00
  1.179   3.400    0.00000e+00    4.82876e+08    0.00000e+00    3.79328e+10    0.00000e+00    0.00000e+00
  1.186   3.410    0.00000e+00    4.82877e+08    0.00000e+00    3.79328e+10    0.00000e+00    0.00000e+00
  1.193   3.420    0.00000e+00    4.82879e+08    0.00000e+00    3.79328e+10    0.00000e+00    0.00000e+00
  1.200   3.430    0.00000e+00    4.82881e+08    0.00000e+00    3.79328e+10    0.00000e+00    0.00000e+00
  1.207   3.440    0.00000e+00    4.82883e+08    0.00000e+00    3.79329e+10    0.00000e+00    0.00000e+00
  1.214   3.450    0.00000e+00    4.82885e+08    0.00000e+00    3.79329e+10    0.00000e+00    0.00000e+00
  1.221   3.460    0.00000e+00    4.82887e+08    0.00000e+00    3.79329e+10    0.00000e+00    0.00000e+00
  1.228   3.470    0.00000e+00    4.82888e+08    0.00000e+00    3.79329e+10    0.00000e+00    0.00000e+00
  1.235   3.480    0.00000e+00    4.82890e+08    0.00000e+00    3.79330e+10    0.00000e+00    0.00000e+00
  1.242   3.490    0.00000e+00    4.82892e+08    0.00000e+00    3.79330e+10    0.00000e+00    0.00000e+00
  1.249   3.500    0.00000e+00    4.82894e+08    0.00000e+00    3.79330e+10    0.00000e+00    0.00000e+00
  1.256   3.510    0.00000e+00    4.82895e+08    0.00000e+00    3.79330e+10    0.00000e+00    0.00000e+00
  1.264   3.520    0.00000e+00    4.82897e+08    0.00000e+00    3.79331e+10    0.00000e+00    0.00000e+00
  1.271   3.530    0.00000e+00    4.82898e+08    0.00000e+00    3.79331e+10    0.00000e+00    0.00000e+00
  1.278   3.540    0.00000e+00    4.82900e+08    0.00000e+00    3.79331e+10    0.00000e+00    0.00000e+00
  1.285   3.550    0.00000e+00    4.82901e+08    0.00000e+00    3.79331e+10    0.00000e+00    0.00000e+00
  1.292   3.560    0.00000e+00    4.82903e+08    0.00000e+00    3.79331e+10    0.00000e+00    0.00000e+00
  1.300   3.570    0.00000e+00    4.82905e+08    0.00000e+00    3.79331e+10    0.00000e+00    0.00000e+00
  1.307   3.580    0.00000e+00    4.82906e+08    0.00000e+00    3.79332e+10    0.00000e+00    0.00000e+00
  1.314   3.590    0.00000e+00    4.82908e+08    0.00000e+00    3.79332e+10    0.00000e+00    0.00000e+00
  1.322   3.600    0.00000e+00    4.82909e+08    0.00000e+00    3.79332e+10    0.00000e+00    0.00000e+00
  1.329   3.610    0.00000e+00    4.82911e+08    0.00000e+00    3.79332e+10    0.00000e+00    0.00000e+00
  1.336   3.620    0.00000e+00    4.82912e+08    0.00000e+00    3.79332e+10    0.00000e+00    0.00000e+00
  1.344   3.630    0.00000e+00    4.82914e+08    0.00000e+00    3.79333e+10    0.00000e+00    0.00000e+00
  1.351   3.640    0.00000e+00    4.82915e+08    0.00000e+00    3.79333e+10    0.00000e+00    0.00000e+00
  1.359   3.650    0.00000e+00    4.82917e+08    0.00000e+00    3.79333e+10    0.00000e+00    0.00000e+00
  1.366   3.660    0.00000e+00    4.82918e+08    0.00000e+00    3.79333e+10    0.00000e+00    0.00000e+00
  1.374   3.670    0.00000e+00    4.82920e+08    0.00000e+00    3.79333e+10    0.00000e+00    0.00000e+00
  1.381   3.680    0.00000e+00    4.82921e+08    0.00000e+00    3.79333e+10    0.00000e+00    0.00000e+00
  1.388   3.690    0.00000e+00    4.82922e+08    0.00000e+00    3.79334e+10    0.00000e+00    0.00000e+00
  1.396   3.700    0.00000e+00    4.82924e+08    0.00000e+00    3.79334e+10    0.00000e+00    0.00000e+00
  1.404   3.710    0.00000e+00    4.82925e+08    0.00000e+00    3.79334e+10    0.00000e+00    0.00000e+00
  1.411   3.720    0.00000e+00    4.82927e+08    0.00000e+00    3.79334e+10    0.00000e+00    0.00000e+00
  1.419   3.730    0.00000e+00    4.82928e+08    0.00000e+00    3.79334e+10    0.00000e+00    0.00000e+00
  1.426   3.740    0.00000e+00    4.82929e+08    0.00000e+00    3.79335e+10    0.00000e+00    0.00000e+00
  1.434   3.750    0.00000e+00    4.82931e+08    0.00000e+00    3.79335e+10    0.00000e+00    0.00000e+00
  1.442   3.760    0.00000e+00    4.82932e+08    0.00000e+00    3.79335e+10    0.00000e+00    0.00000e+00
  1.449   3.770    0.00000e+00    4.82933e+08    0.00000e+00    3.79335e+10    0.00000e+00    0.00000e+00
  1.457   3.780    0.00000e+00    4.82934e+08    0.00000e+00    3.79335e+10    0.00000e+00    0.00000e+00
  1.465   3.790    0.00000e+00    4.82936e+08    0.00000e+00    3.79335e+10    0.00000e+00    0.00000e+00
  1.472   3.800    0.00000e+00    4.82937e+08    0.00000e+00    3.79335e+10    0.00000e+00    0.00000e+00
  1.480   3.810    0.00000e+00    4.82938e+08    0.00000e+00    3.79336e+10    0.00000e+00    0.00000e+00
  1.488   3.820    0.00000e+00    4.82939e+08    0.00000e+00    3.79336e+10    0.00000e+00    0.00000e+00
  1.496   3.830    0.00000e+00    4.82940e+08    0.00000e+00    3.79336e+10    0.00000e+00    0.00000e+00
  1.504   3.840    0.00000e+00    4.82942e+08    0.00000e+00    3.79336e+10    0.00000e+00    0.00000e+00
  1.511   3.850    0.00000e+00    4.82943e+08    0.00000e+00    3.79336e+10    0.00000e+00    0.00000e+00
  1.519   3.860    0.00000e+00    4.82944e+08    0.00000e+00    3.79336e+10    0.00000e+00    0.00000e+00
  1.527   3.870    0.00000e+00    4.82945e+08    0.00000e+00    3.79337e+10    0.00000e+00    0.00000e+00
  1.535   3.880    0.00000e+00    4.82947e+08    0.00000e+00    3.79337e+10    0.00000e+00    0.00000e+00
  1.543   3.890    0.00000e+00    4.82948e+08    0.00000e+00    3.79337e+10    0.00000e+00    0.00000e+00
  1.551   3.900    0.00000e+00    4.82949e+08    0.00000e+00    3.79337e+10    0.00000e+00    0.00000e+00
  1.559   3.910    0.00000e+00    4.82951e+08    0.00000e+00    3.79338e+10    0.00000e+00    0.00000e+00
  1.567   3.920    0.00000e+00    4.82952e+08    0.00000e+00    3.79338e+10    0.00000e+00    0.00000e+00
  1.575   3.930    0.00000e+00    4.82953e+08    0.00000e+00    3.79338e+10    0.00000e+00    0.00000e+00
  1.583   3.940    0.00000e+00    4.82954e+08    0.00000e+00    3.79338e+10    0.00000e+00    0.00000e+00
  1.591   3.950    0.00000e+00    4.82955e+08    0.00000e+00    3.79338e+10    0.00000e+00    0.00000e+00
  1.599   3.960    0.00000e+00    4.82954e+08    0.00000e+00    3.79337e+10    0.00000e+00    0.00000e+00
  1.607   3.970    0.00000e+00    4.82953e+08    0.00000e+00    3.79336e+10    0.00000e+00    0.00000e+00
  1.615   3.980    0.00000e+00    4.82952e+08    0.00000e+00    3.79334e+10    0.00000e+00    0.00000e+00
  1.623   3.990    0.00000e+00    4.82951e+08    0.00000e+00    3.79333e+10    0.00000e+00    0.00000e+00
  1.632   4.000    0.00000e+00    4.82950e+08    0.00000e+00    3.79332e+10    0.00000e+00    0.00000e+00
  1.640   4.010    0.00000e+00    4.82951e+08    0.00000e+00    3.79332e+10    0.00000e+00    0.00000e+00
  1.648   4.020    0.00000e+00    4.82952e+08    0.00000e+00    3.79332e+10    0.00000e+00    0.00000e+00
  1.656   4.030    0.00000e+00    4.82953e+08    0.00000e+00    3.79332e+10    0.00000e+00    0.00000e+00
  1.664   4.040    0.00000e+00    4.82953e+08    0.00000e+00    3.79332e+10    0.00000e+00    0.00000e+00
  1.673   4.050    0.00000e+00    4.82954e+08    0.00000e+00    3.79332e+10    0.00000e+00    0.00000e+00
  1.681   4.060    0.00000e+00    4.82955e+08    0.00000e+00    3.79332e+10    0.00000e+00    0.00000e+00
  1.689   4.070    0.00000e+00    4.82956e+08    0.00000e+00    3.79332e+10    0.00000e+00    0.00000e+00
  1.698   4.080    0.00000e+00    4.82957e+08    0.00000e+00    3.79332e+10    0.00000e+00    0.00000e+00
  1.706   4.090    0.00000e+00    4.82958e+08    0.00000e+00    3.79332e+10    0.00000e+00    0.00000e+00
  1.714   4.100    0.00000e+00    4.82959e+08    0.00000e+00    3.79332e+10    0.00000e+00    0.00000e+00
  1.723   4.110    0.00000e+00    4.82960e+08    0.00000e+00    3.79332e+10    0.00000e+00    0.00000e+00
  1.731   4.120    0.00000e+00    4.82961e+08    0.00000e+00    3.79333e+10    0.00000e+00    0.00000e+00
  1.739   4.130    0.00000e+00    4.82963e+08    0.00000e+00    3.79333e+10    0.00000e+00    0.00000e+00
  1.748   4.140    0.00000e+00    4.82964e+08    0.00000e+00    3.79334e+10    0.00000e+00    0.00000e+00
  1.756   4.150    0.00000e+00    4.82965e+08    0.00000e+00    3.79334e+10    0.00000e+00    0.00000e+00
  1.765   4.160    0.00000e+00    4.82967e+08    0.00000e+00    3.79334e+10    0.00000e+00    0.00000e+00
  1.773   4.170    0.00000e+00    4.82968e+08    0.00000e+00    3.79335e+10    0.00000e+00    0.00000e+00
  1.782   4.180    0.00000e+00    4.82969e+08    0.00000e+00    3.79335e+10    0.00000e+00    0.00000e+00
  1.790   4.190    0.00000e+00    4.82970e+08    0.00000e+00    3.79335e+10    0.00000e+00    0.00000e+00
  1.799   4.200    0.00000e+00    4.82971e+08    0.00000e+00    3.79336e+10    0.00000e+00    0.00000e+00
  1.807   4.210    0.00000e+00    4.82973e+08    0.00000e+00    3.79336e+10    0.00000e+00    0.00000e+00
  1.816   4.220    0.00000e+00    4.82975e+08    0.00000e+00    3.79337e+10    0.00000e+00    0.00000e+00
  1.825   4.230    0.00000e+00    4.82976e+08    0.00000e+00    3.79338e+10    0.00000e+00    0.00000e+00
  1.833   4.240    0.00000e+00    4.82978e+08    0.00000e+00    3.79338e+10    0.00000e+00    0.00000e+00
  1.842   4.250    0.00000e+00    4.82980e+08    0.00000e+00    3.79339e+10    0.00000e+00    0.00000e+00
  1.851   4.260    0.00000e+00    4.82981e+08    0.00000e+00    3.79339e+10    0.00000e+00    0.00000e+00
  1.859   4.270    0.00000e+00    4.82982e+08    0.00000e+00    3.79340e+10    0.00000e+00    0.00000e+00
  1.868   4.280    0.00000e+00    4.82983e+08    0.00000e+00    3.79340e+10    0.00000e+00    0.00000e+00
  1.877   4.290    0.00000e+00    4.82984e+08    0.00000e+00    3.79340e+10    0.00000e+00    0.00000e+00
  1.885   4.300    0.00000e+00    4.82985e+08    0.00000e+00    3.79341e+10    0.00000e+00    0.00000e+00
  1.894   4.310    0.00000e+00    4.82986e+08    0.00000e+00    3.79341e+10    0.00000e+00    0.00000e+00
  1.903   4.320    0.00000e+00    4.82987e+08    0.00000e+00    3.79341e+10    0.00000e+00    0.00000e+00
  1.912   4.330    0.00000e+00    4.82988e+08    0.00000e+00    3.79341e+10    0.00000e+00    0.00000e+00
  1.921   4.340    0.00000e+00    4.82990e+08    0.00000e+00    3.79342e+10    0.00000e+00    0.00000e+00
  1.930   4.350    0.00000e+00    4.82991e+08    0.00000e+00    3.79342e+10    0.00000e+00    0.00000e+00
  1.938   4.360    0.00000e+00    4.82992e+08    0.00000e+00    3.79342e+10    0.00000e+00    0.00000e+00
  1.947   4.370    0.00000e+00    4.82993e+08    0.00000e+00    3.79342e+10    0.00000e+00    0.00000e+00
  1.956   4.380    0.00000e+00    4.82994e+08    0.00000e+00    3.79343e+10    0.00000e+00    0.00000e+00
  1.965   4.390    0.00000e+00    4.82995e+08    0.00000e+00    3.79343e+10    0.00000e+00    0.00000e+00
  1.974   4.400    0.00000e+00    4.82996e+08    0.00000e+00    3.79343e+10    0.00000e+00    0.00000e+00
  1.983   4.410    0.00000e+00    4.82997e+08    0.00000e+00    3.79343e+10    0.00000e+00    0.00000e+00
  1.992   4.420    0.00000e+00    4.82997e+08    0.00000e+00    3.79344e+10    0.00000e+00    0.00000e+00
  2.001   4.430    0.00000e+00    4.82998e+08    0.00000e+00    3.79344e+10    0.00000e+00    0.00000e+00
  2.010   4.440    0.00000e+00    4.82999e+08    0.00000e+00    3.79344e+10    0.00000e+00    0.00000e+00
  2.019   4.450    0.00000e+00    4.83000e+08    0.00000e+00    3.79344e+10    0.00000e+00    0.00000e+00
  2.028   4.460    0.00000e+00    4.83001e+08    0.00000e+00    3.79344e+10    0.00000e+00    0.00000e+00
  2.038   4.470    0.00000e+00    4.83001e+08    0.00000e+00    3.79344e+10    0.00000e+00    0.00000e+00
  2.047   4.480    0.00000e+00    4.83002e+08    0.00000e+00    3.79344e+10    0.00000e+00    0.00000e+00
  2.056   4.490    0.00000e+00    4.83003e+08    0.00000e+00    3.79344e+10    0.00000e+00    0.00000e+00
  2.065   4.500    0.00000e+00    4.83003e+08    0.00000e+00    3.79344e+10    0.00000e+00    0.00000e+00
  2.074   4.510    0.00000e+00    4.83004e+08    0.00000e+00    3.79345e+10    0.00000e+00    0.00000e+00
  2.083   4.520    0.00000e+00    4.83005e+08    0.00000e+00    3.79345e+10    0.00000e+00    0.00000e+00
  2.093   4.530    0.00000e+00    4.83006e+08    0.00000e+00    3.79345e+10    0.00000e+00    0.00000e+00
  2.102   4.540    0.00000e+00    4.83007e+08    0.00000e+00    3.79345e+10    0.00000e+00    0.00000e+00
  2.111   4.550    0.00000e+00    4.83008e+08    0.00000e+00    3.79346e+10    0.00000e+00    0.00000e+00
  2.120   4.560    0.00000e+00    4.83009e+08    0.00000e+00    3.79346e+10    0.00000e+00    0.00000e+00
  2.130   4.570    0.00000e+00    4.83009e+08    0.00000e+00    3.79346e+10    0.00000e+00    0.00000e+00
  2.139   4.580    0.00000e+00    4.83010e+08    0.00000e+00    3.79346e+10    0.00000e+00    0.00000e+00
  2.148   4.590    0.00000e+00    4.83011e+08    0.00000e+00    3.79346e+10    0.00000e+00    0.00000e+00
  2.158   4.600    0.00000e+00    4.83011e+08    0.00000e+00    3.79346e+10    0.00000e+00    0.00000e+00
  2.167   4.610    0.00000e+00    4.83012e+08    0.00000e+00    3.79346e+10    0.00000e+00    0.00000e+00
  2.177   4.620    0.00000e+00    4.83013e+08    0.00000e+00    3.79346e+10    0.00000e+00    0.00000e+00
  2.186   4.630    0.00000e+00    4.83013e+08    0.00000e+00    3.79346e+10    0.00000e+00    0.00000e+00
  2.195   4.640    0.00000e+00    4.83014e+08    0.00000e+00    3.79347e+10    0.00000e+00    0.00000e+00
  2.205   4.650    0.00000e+00    4.83015e+08    0.00000e+00    3.79347e+10    0.00000e+00    0.00000e+00
  2.214   4.660    0.00000e+00    4.83015e+08    0.00000e+00    3.79347e+10    0.00000e+00    0.00000e+00
  2.224   4.670    0.00000e+00    4.83016e+08    0.00000e+00    3.79347e+10    0.00000e+00    0.00000e+00
  2.233   4.680    0.00000e+00    4.83016e+08    0.00000e+00    3.79347e+10    0.00000e+00    0.00000e+00
  2.243   4.690    0.00000e+00    4.83016e+08    0.00000e+00    3.79347e+10    0.00000e+00    0.00000e+00
  2.253   4.700    0.00000e+00    4.83017e+08    0.00000e+00    3.79347e+10    0.00000e+00    0.00000e+00
  2.262   4.710    0.00000e+00    4.83017e+08    0.00000e+00    3.79347e+10    0.00000e+00    0.00000e+00
  2.272   4.720    0.00000e+00    4.83018e+08    0.00000e+00    3.79347e+10    0.00000e+00    0.00000e+00
  2.281   4.730    0.00000e+00    4.83019e+08    0.00000e+00    3.79347e+10    0.00000e+00    0.00000e+00
  2.291   4.740    0.00000e+00    4.83019e+08    0.00000e+00    3.79347e+10    0.00000e+00    0.00000e+00
  2.301   4.750    0.00000e+00    4.83020e+08    0.00000e+00    3.79347e+10    0.00000e+00    0.00000e+00
  2.310   4.760    0.00000e+00    4.83020e+08    0.00000e+00    3.79347e+10    0.00000e+00    0.00000e+00
  2.320   4.770    0.00000e+00    4.83021e+08    0.00000e+00    3.79347e+10    0.00000e+00    0.00000e+00
  2.330   4.780    0.00000e+00    4.83021e+08    0.00000e+00    3.79347e+10    0.00000e+00    0.00000e+00
  2.340   4.790    0.00000e+00    4.83022e+08    0.00000e+00    3.79347e+10    0.00000e+00    0.00000e+00
  2.349   4.800    0.00000e+00    4.83022e+08    0.00000e+00    3.79347e+10    0.00000e+00    0.00000e+00
  2.359   4.810    0.00000e+00    4.83023e+08    0.00000e+00    3.79347e+10    0.00000e+00    0.00000e+00
  2.369   4.820    0.00000e+00    4.83023e+08    0.00000e+00    3.79347e+10    0.00000e+00    0.00000e+00
  2.379   4.830    0.00000e+00    4.83024e+08    0.00000e+00    3.79347e+10    0.00000e+00    0.00000e+00
  2.389   4.840    0.00000e+00    4.83025e+08    0.00000e+00    3.79347e+10    0.00000e+00    0.00000e+00
  2.399   4.850    0.00000e+00    4.83025e+08    0.00000e+00    3.79347e+10    0.00000e+00    0.00000e+00
  2.409   4.860    0.00000e+00    4.83026e+08    0.00000e+00    3.79347e+10    0.00000e+00    0.00000e+00
  2.419   4.870    0.00000e+00    4.83026e+08    0.00000e+00    3.79347e+10    0.00000e+00    0.00000e+00
  2.428   4.880    0.00000e+00    4.83027e+08    0.00000e+00    3.79347e+10    0.00000e+00    0.00000e+00
  2.438   4.890    0.00000e+00    4.83027e+08    0.00000e+00    3.79347e+10    0.00000e+00    0.00000e+00
  2.448   4.900    0.00000e+00    4.83027e+08    0.00000e+00    3.79347e+10    0.00000e+00    0.00000e+00
  2.458   4.910    0.00000e+00    4.83028e+08    0.00000e+00    3.79347e+10    0.00000e+00    0.00000e+00
  2.468   4.920    0.00000e+00    4.83028e+08    0.00000e+00    3.79347e+10    0.00000e+00    0.00000e+00
  2.478   4.930    0.00000e+00    4.83029e+08    0.00000e+00    3.79347e+10    0.00000e+00    0.00000e+00
  2.489   4.940    0.00000e+00    4.83029e+08    0.00000e+00    3.79347e+10    0.00000e+00    0.00000e+00
  2.499   4.950    0.00000e+00    4.83030e+08    0.00000e+00    3.79347e+10    0.00000e+00    0.00000e+00
  2.509   4.960    0.00000e+00    4.83030e+08    0.00000e+00    3.79347e+10    0.00000e+00    0.00000e+00
  2.519   4.970    0.00000e+00    4.83031e+08    0.00000e+00    3.79347e+10    0.00000e+00    0.00000e+00
  2.529   4.980    0.00000e+00    4.83031e+08    0.00000e+00    3.79348e+10    0.00000e+00    0.00000e+00
  2.539   4.990    0.00000e+00    4.83032e+08    0.00000e+00    3.79348e+10    0.00000e+00    0.00000e+00
