  0.000   0.010    7.98364e+06    0.00000e+00    0.00000e+00    0.00000e+00   -4.86465e+08    0.00000e+00
  0.000   0.020    7.98364e+06    0.00000e+00    0.00000e+00    0.00000e+00   -4.86465e+08    0.00000e+00
  0.000   0.030    7.98364e+06    0.00000e+00    0.00000e+00    0.00000e+00   -4.86465e+08    0.00000e+00
  0.000   0.040    7.98364e+06    0.00000e+00    0.00000e+00    0.00000e+00   -4.86465e+08    0.00000e+00
  0.000   0.050    7.98364e+06    0.00000e+00    0.00000e+00    0.00000e+00   -4.86465e+08    0.00000e+00
  0.000   0.060    7.98422e+06    0.00000e+00    0.00000e+00    0.00000e+00   -4.86483e+08    0.00000e+00
  0.001   0.070    7.98481e+06    0.00000e+00    0.00000e+00    0.00000e+00   -4.86502e+08    0.00000e+00
  0.001   0.080    7.98539e+06    0.00000e+00    0.00000e+00    0.00000e+00   -4.86521e+08    0.00000e+00
  0.001   0.090    7.98597e+06    0.00000e+00    0.00000e+00    0.00000e+00   -4.86539e+08    0.00000e+00
  0.001   0.100    7.98655e+06    0.00000e+00    0.00000e+00    0.00000e+00   -4.86558e+08    0.00000e+00
  0.001   0.110    7.98758e+06    0.00000e+00    0.00000e+00    0.00000e+00   -4.86591e+08    0.00000e+00
  0.002   0.120    7.98861e+06    0.00000e+00    0.00000e+00    0.00000e+00   -4.86624e+08    0.00000e+00
  0.002   0.130    7.98964e+06    0.00000e+00    0.00000e+00    0.00000e+00   -4.86657e+08    0.00000e+00
  0.002   0.140    7.99067e+06    0.00000e+00    0.00000e+00    0.00000e+00   -4.86690e+08    0.00000e+00
  0.002   0.150    7.99170e+06    0.00000e+00    0.00000e+00    0.00000e+00   -4.86723e+08    0.00000e+00
  0.003   0.160    7.99328e+06    0.00000e+00    0.00000e+00    0.00000e+00   -4.86773e+08    0.00000e+00
  0.003   0.170    7.99486e+06    0.00000e+00    0.00000e+00    0.00000e+00   -4.86823e+08    0.00000e+00
  0.003   0.180    7.99644e+06    0.00000e+00    0.00000e+00    0.00000e+00   -4.86873e+08    0.00000e+00
  0.004   0.190    7.99801e+06    0.00000e+00    0.00000e+00    0.00000e+00   -4.86924e+08    0.00000e+00
  0.004   0.200    7.99959e+06    0.00000e+00    0.00000e+00    0.00000e+00   -4.86974e+08    0.00000e+00
  0.005   0.210    8.00174e+06    0.00000e+00    0.00000e+00    0.00000e+00   -4.87038e+08    0.00000e+00
  0.005   0.220    8.00389e+06    0.00000e+00    0.00000e+00    0.00000e+00   -4.87103e+08    0.00000e+00
  0.005   0.230    8.00604e+06    0.00000e+00    0.00000e+00    0.00000e+00   -4.87167e+08    0.00000e+00
  0.006   0.240    8.00819e+06    0.00000e+00    0.00000e+00    0.00000e+00   -4.87232e+08    0.00000e+00
  0.006   0.250    8.01034e+06    0.00000e+00    0.00000e+00    0.00000e+00   -4.87296e+08    0.00000e+00
  0.007   0.260    8.01277e+06    0.00000e+00    0.00000e+00    0.00000e+00   -4.87354e+08    0.00000e+00
  0.007   0.270    8.01520e+06    0.00000e+00    0.00000e+00    0.00000e+00   -4.87413e+08    0.00000e+00
  0.008   0.280    8.01763e+06    0.00000e+00    0.00000e+00    0.00000e+00   -4.87471e+08    0.00000e+00
  0.009   0.290    8.02006e+06    0.00000e+00    0.00000e+00    0.00000e+00   -4.87529e+08    0.00000e+00
  0.009   0.300    8.02249e+06    0.00000e+00    0.00000e+00    0.00000e+00   -4.87587e+08    0.00000e+00
  0.010   0.310    8.02471e+06    0.00000e+00    0.00000e+00    0.00000e+00   -4.87613e+08    0.00000e+00
  0.011   0.320    8.02693e+06    0.00000e+00    0.00000e+00    0.00000e+00   -4.87638e+08    0.00000e+00
  0.011   0.330    8.02915e+06    0.00000e+00    0.00000e+00    0.00000e+00   -4.87664e+08    0.00000e+00
  0.012   0.340    8.03137e+06    0.00000e+00    0.00000e+00    0.00000e+00   -4.87689e+08    0.00000e+00
  0.012   0.350    8.03359e+06    0.00000e+00    0.00000e+00    0.00000e+00   -4.87715e+08    0.00000e+00
  0.013   0.360    8.03523e+06    0.00000e+00    0.00000e+00    0.00000e+00   -4.87695e+08    0.00000e+00
  0.014   0.370    8.03687e+06    0.00000e+00    0.00000e+00    0.00000e+00   -4.87674e+08    0.00000e+00
  0.015   0.380    8.03851e+06    0.00000e+00    0.00000e+00    0.00000e+00   -4.87654e+08    0.00000e+00
  0.016   0.390    8.04015e+06    0.00000e+00    0.00000e+00    0.00000e+00   -4.87634e+08    0.00000e+00
  0.016   0.400    8.04179e+06    0.00000e+00    0.00000e+00    0.00000e+00   -4.87614e+08    0.00000e+00
  0.017   0.410    8.04268e+06    0.00000e+00    0.00000e+00    0.00000e+00   -4.87550e+08    0.00000e+00
  0.018   0.420    8.04356e+06    0.00000e+00    0.00000e+00    0.00000e+00   -4.87486e+08    0.00000e+00
  0.019   0.430    8.04445e+06    0.00000e+00    0.00000e+00    0.00000e+00   -4.87422e+08    0.00000e+00
  0.020   0.440    8.04533e+06    0.00000e+00    0.00000e+00    0.00000e+00   -4.87358e+08    0.00000e+00
  0.021   0.450    8.04622e+06    0.00000e+00    0.00000e+00    0.00000e+00   -4.87294e+08    0.00000e+00
  0.022   0.460    8.04634e+06    0.00000e+00    0.00000e+00    0.00000e+00   -4.87198e+08    0.00000e+00
  0.023   0.470    8.04646e+06    0.00000e+00    0.00000e+00    0.00000e+00   -4.87103e+08    0.00000e+00
  0.024   0.480    8.04658e+06    0.00000e+00    0.00000e+00    0.00000e+00   -4.87008e+08    0.00000e+00
  0.025   0.490    8.04670e+06    0.00000e+00    0.00000e+00    0.00000e+00   -4.86913e+08    0.00000e+00
  0.025   0.500    8.04682e+06    0.00000e+00    0.00000e+00    0.00000e+00   -4.86817e+08    0.00000e+00
  0.027   0.510    8.04628e+06    0.00000e+00    0.00000e+00    0.00000e+00   -4.86707e+08    0.00000e+00
  0.028   0.520    8.04573e+06    0.00000e+00    0.00000e+00    0.00000e+00   -4.86597e+08    0.00000e+00
  0.029   0.530    8.04519e+06    0.00000e+00    0.00000e+00    0.00000e+00   -4.86486e+08    0.00000e+00
  0.030   0.540    8.04464e+06    0.00000e+00    0.00000e+00    0.00000e+00   -4.86376e+08    0.00000e+00
  0.031   0.550    8.04410e+06    0.00000e+00    0.00000e+00    0.00000e+00   -4.86265e+08    0.00000e+00
  0.032   0.560    8.04303e+06    0.00000e+00    0.00000e+00    0.00000e+00   -4.86153e+08    0.00000e+00
  0.033   0.570    8.04195e+06    0.00000e+00    0.00000e+00    0.00000e+00   -4.86042e+08    0.00000e+00
  0.034   0.580    8.04088e+06    0.00000e+00    0.00000e+00    0.00000e+00   -4.85930e+08    0.00000e+00
  0.036   0.590    8.03981e+06    0.00000e+00    0.00000e+00    0.00000e+00   -4.85818e+08    0.00000e+00
  0.037   0.600    8.03873e+06    0.00000e+00    0.00000e+00    0.00000e+00   -4.85706e+08    0.00000e+00
  0.038   0.610    8.03724e+06    0.00000e+00    0.00000e+00    0.00000e+00   -4.85601e+08    0.00000e+00
  0.039   0.620    8.03575e+06    0.00000e+00    0.00000e+00    0.00000e+00   -4.85496e+08    0.00000e+00
  0.041   0.630    8.03426e+06    0.00000e+00    0.00000e+00    0.00000e+00   -4.85390e+08    0.00000e+00
  0.042   0.640    8.03276e+06    0.00000e+00    0.00000e+00    0.00000e+00   -4.85285e+08    0.00000e+00
  0.043   0.650    8.03127e+06    0.00000e+00    0.00000e+00    0.00000e+00   -4.85180e+08    0.00000e+00
  0.044   0.660    8.02943e+06    0.00000e+00    0.00000e+00    0.00000e+00   -4.85086e+08    0.00000e+00
  0.046   0.670    8.02759e+06    0.00000e+00    0.00000e+00    0.00000e+00   -4.84991e+08    0.00000e+00
  0.047   0.680    8.02575e+06    0.00000e+00    0.00000e+00    0.00000e+00   -4.84897e+08    0.00000e+00
  0.049   0.690    8.02391e+06    0.00000e+00    0.00000e+00    0.00000e+00   -4.84802e+08    0.00000e+00
  0.050   0.700    8.02207e+06    0.00000e+00    0.00000e+00    0.00000e+00   -4.84708e+08    0.00000e+00
  0.051   0.710    8.01991e+06    0.00000e+00    0.00000e+00    0.00000e+00   -4.84624e+08    0.00000e+00
  0.053   0.720    8.01776e+06    0.00000e+00    0.00000e+00    0.00000e+00   -4.84541e+08    0.00000e+00
  0.054   0.730    8.01561e+06    0.00000e+00    0.00000e+00    0.00000e+00   -4.84458e+08    0.00000e+00
  0.056   0.740    8.01345e+06    0.00000e+00    0.00000e+00    0.00000e+00   -4.84375e+08    0.00000e+00
  0.057   0.750    8.01130e+06    0.00000e+00    0.00000e+00    0.00000e+00   -4.84292e+08    0.00000e+00
  0.059   0.760    8.00884e+06    0.00000e+00    0.00000e+00    0.00000e+00   -4.84219e+08    0.00000e+00
  0.061   0.770    8.00638e+06    0.00000e+00    0.00000e+00    0.00000e+00   -4.84146e+08    0.00000e+00
  0.062   0.780    8.00392e+06    0.00000e+00    0.00000e+00    0.00000e+00   -4.84073e+08    0.00000e+00
  0.064   0.790    8.00146e+06    0.00000e+00    0.00000e+00    0.00000e+00   -4.84000e+08    0.00000e+00
  0.065   0.800    7.99901e+06    0.00000e+00    0.00000e+00    0.00000e+00   -4.83927e+08    0.00000e+00
  0.067   0.810    7.99624e+06    0.00000e+00    0.00000e+00    0.00000e+00   -4.83863e+08    0.00000e+00
  0.069   0.820    7.99348e+06    0.00000e+00    0.00000e+00    0.00000e+00   -4.83798e+08    0.00000e+00
  0.070   0.830    7.99072e+06    0.00000e+00    0.00000e+00    0.00000e+00   -4.83734e+08    0.00000e+00
  0.072   0.840    7.98796e+06    0.00000e+00    0.00000e+00    0.00000e+00   -4.83669e+08    0.00000e+00
  0.074   0.850    7.98519e+06    0.00000e+00    0.00000e+00    0.00000e+00   -4.83605e+08    0.00000e+00
  0.075   0.860    7.98213e+06    0.00000e+00    0.00000e+00    0.00000e+00   -4.83547e+08    0.00000e+00
  0.077   0.870    7.97906e+06    0.00000e+00    0.00000e+00    0.00000e+00   -4.83490e+08    0.00000e+00
  0.079   0.880    7.97599e+06    0.00000e+00    0.00000e+00    0.00000e+00   -4.83432e+08    0.00000e+00
  0.081   0.890    7.97292e+06    0.00000e+00    0.00000e+00    0.00000e+00   -4.83375e+08    0.00000e+00
  0.083   0.900    7.96985e+06    0.00000e+00    0.00000e+00    0.00000e+00   -4.83317e+08    0.00000e+00
  0.084   0.910    7.96647e+06    0.00000e+00    0.00000e+00    0.00000e+00   -4.83266e+08    0.00000e+00
  0.086   0.920    7.96309e+06    0.00000e+00    0.00000e+00    0.00000e+00   -4.83214e+08    0.00000e+00
  0.088   0.930    7.95972e+06    0.00000e+00    0.00000e+00    0.00000e+00   -4.83163e+08    0.00000e+00
  0.090   0.940    7.95634e+06    0.00000e+00    0.00000e+00    0.00000e+00   -4.83111e+08    0.00000e+00
  0.092   0.950    7.95296e+06    0.00000e+00    0.00000e+00    0.00000e+00   -4.83060e+08    0.00000e+00
  0.094   0.960    7.94928e+06    0.00000e+00    0.00000e+00    0.00000e+00   -4.83013e+08    0.00000e+00
  0.096   0.970    7.94561e+06    0.00000e+00    0.00000e+00    0.00000e+00   -4.82966e+08    0.00000e+00
  0.098   0.980    7.94193e+06    0.00000e+00    0.00000e+00    0.00000e+00   -4.82920e+08    0.00000e+00
  0.100   0.990    7.93826e+06    0.00000e+00    0.00000e+00    0.00000e+00   -4.82873e+08    0.00000e+00
  0.102   1.000    7.93458e+06    0.00000e+00    0.00000e+00    0.00000e+00   -4.82827e+08    0.00000e+00
  0.104   1.010    7.93062e+06    0.00000e+00    0.00000e+00    0.00000e+00   -4.82785e+08    0.00000e+00
  0.106   1.020    7.92666e+06    0.00000e+00    0.00000e+00    0.00000e+00   -4.82743e+08    0.00000e+00
  0.108   1.030    7.92270e+06    0.00000e+00    0.00000e+00    0.00000e+00   -4.82701e+08    0.00000e+00
  0.110   1.040    7.91873e+06    0.00000e+00    0.00000e+00    0.00000e+00   -4.82659e+08    0.00000e+00
  0.112   1.050    7.91477e+06    0.00000e+00    0.00000e+00    0.00000e+00   -4.82617e+08    0.00000e+00
  0.115   1.060    7.91056e+06    0.00000e+00    0.00000e+00    0.00000e+00   -4.82580e+08    0.00000e+00
  0.117   1.070    7.90634e+06    0.00000e+00    0.00000e+00    0.00000e+00   -4.82542e+08    0.00000e+00
  0.119   1.080    7.90212e+06    0.00000e+00    0.00000e+00    0.00000e+00   -4.82504e+08    0.00000e+00
  0.121   1.090    7.89790e+06    0.00000e+00    0.00000e+00    0.00000e+00   -4.82467e+08    0.00000e+00
  0.123   1.100    7.89368e+06    0.00000e+00    0.00000e+00    0.00000e+00   -4.82429e+08    0.00000e+00
  0.126   1.110    7.88925e+06    0.00000e+00    0.00000e+00    0.00000e+00   -4.82396e+08    0.00000e+00
  0.128   1.120    7.88482e+06    0.00000e+00    0.00000e+00    0.00000e+00   -4.82363e+08    0.00000e+00
  0.130   1.130    7.88039e+06    0.00000e+00    0.00000e+00    0.00000e+00   -4.82330e+08    0.00000e+00
  0.133   1.140    7.87596e+06    0.00000e+00    0.00000e+00    0.00000e+00   -4.82296e+08    0.00000e+00
  0.135   1.150    7.87153e+06    0.00000e+00    0.00000e+00    0.00000e+00   -4.82263e+08    0.00000e+00
  0.137   1.160    7.86695e+06    0.00000e+00    0.00000e+00    0.00000e+00   -4.82234e+08    0.00000e+00
  0.140   1.170    7.86237e+06    0.00000e+00    0.00000e+00    0.00000e+00   -4.82205e+08    0.00000e+00
  0.142   1.180    7.85778e+06    0.00000e+00    0.00000e+00    0.00000e+00   -4.82176e+08    0.00000e+00
  0.144   1.190    7.85320e+06    0.00000e+00    0.00000e+00    0.00000e+00   -4.82147e+08    0.00000e+00
  0.147   1.200    7.84862e+06    0.00000e+00    0.00000e+00    0.00000e+00   -4.82119e+08    0.00000e+00
  0.149   1.210    7.84396e+06    0.00000e+00    0.00000e+00    0.00000e+00   -4.82094e+08    0.00000e+00
  0.152   1.220    7.83930e+06    0.00000e+00    0.00000e+00    0.00000e+00   -4.82070e+08    0.00000e+00
  0.154   1.230    7.83464e+06    0.00000e+00    0.00000e+00    0.00000e+00   -4.82045e+08    0.00000e+00
  0.157   1.240    7.82998e+06    0.00000e+00    0.00000e+00    0.00000e+00   -4.82021e+08    0.00000e+00
  0.159   1.250    7.82532e+06    0.00000e+00    0.00000e+00    0.00000e+00   -4.81997e+08    0.00000e+00
  0.162   1.260    7.82067e+06    0.00000e+00    0.00000e+00    0.00000e+00   -4.81977e+08    0.00000e+00
  0.165   1.270    7.81602e+06    0.00000e+00    0.00000e+00    0.00000e+00   -4.81957e+08    0.00000e+00
  0.167   1.280    7.81138e+06    0.00000e+00    0.00000e+00    0.00000e+00   -4.81937e+08    0.00000e+00
  0.170   1.290    7.80673e+06    0.00000e+00    0.00000e+00    0.00000e+00   -4.81917e+08    0.00000e+00
  0.172   1.300    7.80209e+06    0.00000e+00    0.00000e+00    0.00000e+00   -4.81898e+08    0.00000e+00
  0.175   1.310    7.79756e+06    0.00000e+00    0.00000e+00    0.00000e+00   -4.81882e+08    0.00000e+00
  0.178   1.320    7.79303e+06    0.00000e+00    0.00000e+00    0.00000e+00   -4.81867e+08    0.00000e+00
  0.180   1.330    7.78850e+06    0.00000e+00    0.00000e+00    0.00000e+00   -4.81852e+08    0.00000e+00
  0.183   1.340    7.78397e+06    0.00000e+00    0.00000e+00    0.00000e+00   -4.81837e+08    0.00000e+00
  0.186   1.350    7.77944e+06    0.00000e+00    0.00000e+00    0.00000e+00   -4.81822e+08    0.00000e+00
  0.189   1.360    7.77513e+06    0.00000e+00    0.00000e+00    0.00000e+00   -4.81811e+08    0.00000e+00
  0.191   1.370    7.77082e+06    0.00000e+00    0.00000e+00    0.00000e+00   -4.81801e+08    0.00000e+00
  0.194   1.380    7.76651e+06    0.00000e+00    0.00000e+00    0.00000e+00   -4.81790e+08    0.00000e+00
  0.197   1.390    7.76219e+06    0.00000e+00    0.00000e+00    0.00000e+00   -4.81780e+08    0.00000e+00
  0.200   1.400    7.75788e+06    0.00000e+00    0.00000e+00    0.00000e+00   -4.81769e+08    0.00000e+00
  0.203   1.410    7.75389e+06    0.00000e+00    0.00000e+00    0.00000e+00   -4.81763e+08    0.00000e+00
  0.206   1.420    7.74989e+06    0.00000e+00    0.00000e+00    0.00000e+00   -4.81757e+08    0.00000e+00
  0.209   1.430    7.74589e+06    0.00000e+00    0.00000e+00    0.00000e+00   -4.81751e+08    0.00000e+00
  0.211   1.440    7.74190e+06    0.00000e+00    0.00000e+00    0.00000e+00   -4.81745e+08    0.00000e+00
  0.214   1.450    7.73790e+06    0.00000e+00    0.00000e+00    0.00000e+00   -4.81739e+08    0.00000e+00
  0.217   1.460    7.73429e+06    0.00000e+00    0.00000e+00    0.00000e+00   -4.81737e+08    0.00000e+00
  0.220   1.470    7.73069e+06    0.00000e+00    0.00000e+00    0.00000e+00   -4.81735e+08    0.00000e+00
  0.223   1.480    7.72708e+06    0.00000e+00    0.00000e+00    0.00000e+00   -4.81733e+08    0.00000e+00
  0.226   1.490    7.72348e+06    0.00000e+00    0.00000e+00    0.00000e+00   -4.81731e+08    0.00000e+00
  0.229   1.500    7.71987e+06    0.00000e+00    0.00000e+00    0.00000e+00   -4.81729e+08    0.00000e+00
  0.233   1.510    7.71671e+06    0.00000e+00    0.00000e+00    0.00000e+00   -4.81731e+08    0.00000e+00
  0.236   1.520    7.71356e+06    0.00000e+00    0.00000e+00    0.00000e+00   -4.81732e+08    0.00000e+00
  0.239   1.530    7.71040e+06    0.00000e+00    0.00000e+00    0.00000e+00   -4.81734e+08    0.00000e+00
  0.242   1.540    7.70724e+06    0.00000e+00    0.00000e+00    0.00000e+00   -4.81736e+08    0.00000e+00
  0.245   1.550    7.70408e+06    0.00000e+00    0.00000e+00    0.00000e+00   -4.81737e+08    0.00000e+00
  0.248   1.560    7.70140e+06    0.00000e+00    0.00000e+00    0.00000e+00   -4.81742e+08    0.00000e+00
  0.251   1.570    7.69872e+06    0.00000e+00    0.00000e+00    0.00000e+00   -4.81747e+08    0.00000e+00
  0.255   1.580    7.69604e+06    0.00000e+00    0.00000e+00    0.00000e+00   -4.81751e+08    0.00000e+00
  0.258   1.590    7.69336e+06    0.00000e+00    0.00000e+00    0.00000e+00   -4.81756e+08    0.00000e+00
  0.261   1.600    7.69068e+06    0.00000e+00    0.00000e+00    0.00000e+00   -4.81761e+08    0.00000e+00
  0.264   1.610    7.68848e+06    0.00000e+00    0.00000e+00    0.00000e+00   -4.81768e+08    0.00000e+00
  0.268   1.620    7.68628e+06    0.00000e+00    0.00000e+00    0.00000e+00   -4.81775e+08    0.00000e+00
  0.271   1.630    7.68408e+06    0.00000e+00    0.00000e+00    0.00000e+00   -4.81782e+08    0.00000e+00
  0.274   1.640    7.68188e+06    0.00000e+00    0.00000e+00    0.00000e+00   -4.81789e+08    0.00000e+00
  0.278   1.650    7.67968e+06    0.00000e+00    0.00000e+00    0.00000e+00   -4.81796e+08    0.00000e+00
  0.281   1.660    7.67794e+06    0.00000e+00    0.00000e+00    0.00000e+00   -4.81805e+08    0.00000e+00
  0.284   1.670    7.67620e+06    0.00000e+00    0.00000e+00    0.00000e+00   -4.81815e+08    0.00000e+00
  0.288   1.680    7.67446e+06    0.00000e+00    0.00000e+00    0.00000e+00   -4.81824e+08    0.00000e+00
  0.291   1.690    7.67272e+06    0.00000e+00    0.00000e+00    0.00000e+00   -4.81833e+08    0.00000e+00
  0.295   1.700    7.67098e+06    0.00000e+00    0.00000e+00    0.00000e+00   -4.81842e+08    0.00000e+00
  0.298   1.710    7.66967e+06    0.00000e+00    0.00000e+00    0.00000e+00   -4.81852e+08    0.00000e+00
  0.302   1.720    7.66836e+06    0.00000e+00    0.00000e+00    0.00000e+00   -4.81862e+08    0.00000e+00
  0.305   1.730    7.66704e+06    0.00000e+00    0.00000e+00    0.00000e+00   -4.81873e+08    0.00000e+00
  0.309   1.740    7.66573e+06    0.00000e+00    0.00000e+00    0.00000e+00   -4.81883e+08    0.00000e+00
  0.312   1.750    7.66442e+06    0.00000e+00    0.00000e+00    0.00000e+00   -4.81893e+08    0.00000e+00
  0.316   1.760    7.66348e+06    0.00000e+00    0.00000e+00    0.00000e+00   -4.81905e+08    0.00000e+00
  0.320   1.770    7.66255e+06    0.00000e+00    0.00000e+00    0.00000e+00   -4.81916e+08    0.00000e+00
  0.323   1.780    7.66162e+06    0.00000e+00    0.00000e+00    0.00000e+00   -4.81927e+08    0.00000e+00
  0.327   1.790    7.66068e+06    0.00000e+00    0.00000e+00    0.00000e+00   -4.81938e+08    0.00000e+00
  0.330   1.800    7.65975e+06    0.00000e+00    0.00000e+00    0.00000e+00   -4.81949e+08    0.00000e+00
  0.334   1.810    7.65914e+06    0.00000e+00    0.00000e+00    0.00000e+00   -4.81961e+08    0.00000e+00
  0.338   1.820    7.65853e+06    0.00000e+00    0.00000e+00    0.00000e+00   -4.81972e+08    0.00000e+00
  0.342   1.830    7.65793e+06    0.00000e+00    0.00000e+00    0.00000e+00   -4.81984e+08    0.00000e+00
  0.345   1.840    7.65732e+06    0.00000e+00    0.00000e+00    0.00000e+00   -4.81996e+08    0.00000e+00
  0.349   1.850    7.65671e+06    0.00000e+00    0.00000e+00    0.00000e+00   -4.82007e+08    0.00000e+00
  0.353   1.860    7.65638e+06    0.00000e+00    0.00000e+00    0.00000e+00   -4.82019e+08    0.00000e+00
  0.357   1.870    7.65605e+06    0.00000e+00    0.00000e+00    0.00000e+00   -4.82030e+08    0.00000e+00
  0.360   1.880    7.65572e+06    0.00000e+00    0.00000e+00    0.00000e+00   -4.82042e+08    0.00000e+00
  0.364   1.890    7.65539e+06    0.00000e+00    0.00000e+00    0.00000e+00   -4.82053e+08    0.00000e+00
  0.368   1.900    7.65506e+06    0.00000e+00    0.00000e+00    0.00000e+00   -4.82065e+08    0.00000e+00
  0.372   1.910    7.65496e+06    0.00000e+00    0.00000e+00    0.00000e+00   -4.82076e+08    0.00000e+00
  0.376   1.920    7.65485e+06    0.00000e+00    0.00000e+00    0.00000e+00   -4.82088e+08    0.00000e+00
  0.380   1.930    7.65474e+06    0.00000e+00    0.00000e+00    0.00000e+00   -4.82099e+08    0.00000e+00
  0.384   1.940    7.65464e+06    0.00000e+00    0.00000e+00    0.00000e+00   -4.82111e+08    0.00000e+00
  0.388   1.950    7.65453e+06    0.00000e+00    0.00000e+00    0.00000e+00   -4.82122e+08    0.00000e+00
  0.392   1.960    7.65461e+06    0.00000e+00    0.00000e+00    0.00000e+00   -4.82133e+08    0.00000e+00
  0.396   1.970    7.65469e+06    0.00000e+00    0.00000e+00    0.00000e+00   -4.82144e+08    0.00000e+00
  0.400   1.980    7.65476e+06    0.00000e+00    0.00000e+00    0.00000e+00   -4.82155e+08    0.00000e+00
  0.404   1.990    7.65484e+06    0.00000e+00    0.00000e+00    0.00000e+00   -4.82166e+08    0.00000e+00
  0.408   2.000    7.65492e+06    0.00000e+00    0.00000e+00    0.00000e+00   -4.82177e+08    0.00000e+00
  0.412   2.010    7.65513e+06    0.00000e+00    0.00000e+00    0.00000e+00   -4.82188e+08    0.00000e+00
  0.416   2.020    7.65535e+06    0.00000e+00    0.00000e+00    0.00000e+00   -4.82198e+08    0.00000e+00
  0.420   2.030    7.65557e+06    0.00000e+00    0.00000e+00    0.00000e+00   -4.82209e+08    0.00000e+00
  0.424   2.040    7.65579e+06    0.00000e+00    0.00000e+00    0.00000e+00   -4.82220e+08    0.00000e+00
  0.429   2.050    7.65601e+06    0.00000e+00    0.00000e+00    0.00000e+00   -4.82230e+08    0.00000e+00
  0.433   2.060    7.65634e+06    0.00000e+00    0.00000e+00    0.00000e+00   -4.82240e+08    0.00000e+00
  0.437   2.070    7.65666e+06    0.00000e+00    0.00000e+00    0.00000e+00   -4.82250e+08    0.00000e+00
  0.441   2.080    7.65699e+06    0.00000e+00    0.00000e+00    0.00000e+00   -4.82260e+08    0.00000e+00
  0.445   2.090    7.65732e+06    0.00000e+00    0.00000e+00    0.00000e+00   -4.82270e+08    0.00000e+00
  0.450   2.100    7.65765e+06    0.00000e+00    0.00000e+00    0.00000e+00   -4.82280e+08    0.00000e+00
  0.454   2.110    7.65805e+06    0.00000e+00    0.00000e+00    0.00000e+00   -4.82290e+08    0.00000e+00
  0.458   2.120    7.65846e+06    0.00000e+00    0.00000e+00    0.00000e+00   -4.82299e+08    0.00000e+00
  0.463   2.130    7.65887e+06    0.00000e+00    0.00000e+00    0.00000e+00   -4.82309e+08    0.00000e+00
  0.467   2.140    7.65928e+06    0.00000e+00    0.00000e+00    0.00000e+00   -4.82318e+08    0.00000e+00
  0.471   2.150    7.65969e+06    0.00000e+00    0.00000e+00    0.00000e+00   -4.82328e+08    0.00000e+00
  0.476   2.160    7.66016e+06    0.00000e+00    0.00000e+00    0.00000e+00   -4.82337e+08    0.00000e+00
  0.480   2.170    7.66062e+06    0.00000e+00    0.00000e+00    0.00000e+00   -4.82346e+08    0.00000e+00
  0.485   2.180    7.66109e+06    0.00000e+00    0.00000e+00    0.00000e+00   -4.82354e+08    0.00000e+00
  0.489   2.190    7.66156e+06    0.00000e+00    0.00000e+00    0.00000e+00   -4.82363e+08    0.00000e+00
  0.494   2.200    7.66202e+06    0.00000e+00    0.00000e+00    0.00000e+00   -4.82372e+08    0.00000e+00
  0.498   2.210    7.66253e+06    0.00000e+00    0.00000e+00    0.00000e+00   -4.82380e+08    0.00000e+00
  0.503   2.220    7.66304e+06    0.00000e+00    0.00000e+00    0.00000e+00   -4.82389e+08    0.00000e+00
  0.507   2.230    7.66355e+06    0.00000e+00    0.00000e+00    0.00000e+00   -4.82397e+08    0.00000e+00
  0.512   2.240    7.66405e+06    0.00000e+00    0.00000e+00    0.00000e+00   -4.82405e+08    0.00000e+00
  0.516   2.250    7.66456e+06    0.00000e+00    0.00000e+00    0.00000e+00   -4.82414e+08    0.00000e+00
  0.521   2.260    7.66509e+06    0.00000e+00    0.00000e+00    0.00000e+00   -4.82421e+08    0.00000e+00
  0.526   2.270    7.66563e+06    0.00000e+00    0.00000e+00    0.00000e+00   -4.82429e+08    0.00000e+00
  0.530   2.280    7.66616e+06    0.00000e+00    0.00000e+00    0.00000e+00   -4.82437e+08    0.00000e+00
  0.535   2.290    7.66669e+06    0.00000e+00    0.00000e+00    0.00000e+00   -4.82444e+08    0.00000e+00
  0.539   2.300    7.66722e+06    0.00000e+00    0.00000e+00    0.00000e+00   -4.82452e+08    0.00000e+00
  0.544   2.310    7.66777e+06    0.00000e+00    0.00000e+00    0.00000e+00   -4.82459e+08    0.00000e+00
  0.549   2.320    7.66831e+06    0.00000e+00    0.00000e+00    0.00000e+00   -4.82467e+08    0.00000e+00
  0.554   2.330    7.66886e+06    0.00000e+00    0.00000e+00    0.00000e+00   -4.82474e+08    0.00000e+00
  0.558   2.340    7.66941e+06    0.00000e+00    0.00000e+00    0.00000e+00   -4.82481e+08    0.00000e+00
  0.563   2.350    7.66996e+06    0.00000e+00    0.00000e+00    0.00000e+00   -4.82488e+08    0.00000e+00
  0.568   2.360    7.67051e+06    0.00000e+00    0.00000e+00    0.00000e+00   -4.82495e+08    0.00000e+00
  0.573   2.370    7.67106e+06    0.00000e+00    0.00000e+00    0.00000e+00   -4.82502e+08    0.00000e+00
  0.578   2.380    7.67162e+06    0.00000e+00    0.00000e+00    0.00000e+00   -4.82509e+08    0.00000e+00
  0.583   2.390    7.67217e+06    0.00000e+00    0.00000e+00    0.00000e+00   -4.82515e+08    0.00000e+00
  0.587   2.400    7.67272e+06    0.00000e+00    0.00000e+00    0.00000e+00   -4.82522e+08    0.00000e+00
  0.592   2.410    7.67328e+06    0.00000e+00    0.00000e+00    0.00000e+00   -4.82528e+08    0.00000e+00
  0.597   2.420    7.67383e+06    0.00000e+00    0.00000e+00    0.00000e+00   -4.82535e+08    0.00000e+00
  0.602   2.430    7.67438e+06    0.00000e+00    0.00000e+00    0.00000e+00   -4.82541e+08    0.00000e+00
  0.607   2.440    7.67493e+06    0.00000e+00    0.00000e+00    0.00000e+00   -4.82547e+08    0.00000e+00
  0.612   2.450    7.67548e+06    0.00000e+00    0.00000e+00    0.00000e+00   -4.82553e+08    0.00000e+00
  0.617   2.460    7.67603e+06    0.00000e+00    0.00000e+00    0.00000e+00   -4.82559e+08    0.00000e+00
  0.622   2.470    7.67657e+06    0.00000e+00    0.00000e+00    0.00000e+00   -4.82565e+08    0.00000e+00
  0.627   2.480    7.67712e+06    0.00000e+00    0.00000e+00    0.00000e+00   -4.82571e+08    0.00000e+00
  0.632   2.490    7.67767e+06    0.00000e+00    0.00000e+00    0.00000e+00   -4.82577e+08    0.00000e+00
  0.637   2.500    7.67821e+06    0.00000e+00    0.00000e+00    0.00000e+00   -4.82582e+08    0.00000e+00
  0.642   2.510    7.67875e+06    0.00000e+00    0.00000e+00    0.00000e+00   -4.82588e+08    0.00000e+00
  0.648   2.520    7.67928e+06    0.00000e+00    0.00000e+00    0.00000e+00   -4.82593e+08    0.00000e+00
  0.653   2.530    7.67982e+06    0.00000e+00    0.00000e+00    0.00000e+00   -4.82598e+08    0.00000e+00
  0.658   2.540    7.68035e+06    0.00000e+00    0.00000e+00    0.00000e+00   -4.82604e+08    0.00000e+00
  0.663   2.550    7.68089e+06    0.00000e+00    0.00000e+00    0.00000e+00   -4.82609e+08    0.00000e+00
  0.668   2.560    7.68141e+06    0.00000e+00    0.00000e+00    0.00000e+00   -4.82614e+08    0.00000e+00
  0.674   2.570    7.68193e+06    0.00000e+00    0.00000e+00    0.00000e+00   -4.82619e+08    0.00000e+00
  0.679   2.580    7.68245e+06    0.00000e+00    0.00000e+00    0.00000e+00   -4.82624e+08    0.00000e+00
  0.684   2.590    7.68298e+06    0.00000e+00    0.00000e+00    0.00000e+00   -4.82629e+08    0.00000e+00
  0.689   2.600    7.68350e+06    0.00000e+00    0.00000e+00    0.00000e+00   -4.82634e+08    0.00000e+00
  0.695   2.610    7.68401e+06    0.00000e+00    0.00000e+00    0.00000e+00   -4.82639e+08    0.00000e+00
  0.700   2.620    7.68451e+06    0.00000e+00    0.00000e+00    0.00000e+00   -4.82643e+08    0.00000e+00
  0.705   2.630    7.68502e+06    0.00000e+00    0.00000e+00    0.00000e+00   -4.82648e+08    0.00000e+00
  0.711   2.640    7.68553e+06    0.00000e+00    0.00000e+00    0.00000e+00   -4.82653e+08    0.00000e+00
  0.716   2.650    7.68604e+06    0.00000e+00    0.00000e+00    0.00000e+00   -4.82657e+08    0.00000e+00
  0.722   2.660    7.68653e+06    0.00000e+00    0.00000e+00    0.00000e+00   -4.82662e+08    0.00000e+00
  0.727   2.670    7.68702e+06    0.00000e+00    0.00000e+00    0.00000e+00   -4.82666e+08    0.00000e+00
  0.732   2.680    7.68751e+06    0.00000e+00    0.00000e+00    0.00000e+00   -4.82670e+08    0.00000e+00
  0.738   2.690    7.68800e+06    0.00000e+00    0.00000e+00    0.00000e+00   -4.82675e+08    0.00000e+00
  0.743   2.700    7.68849e+06    0.00000e+00    0.00000e+00    0.00000e+00   -4.82679e+08    0.00000e+00
  0.749   2.710    7.68897e+06    0.00000e+00    0.00000e+00    0.00000e+00   -4.82683e+08    0.00000e+00
  0.754   2.720    7.68944e+06    0.00000e+00    0.00000e+00    0.00000e+00   -4.82687e+08    0.00000e+00
  0.760   2.730    7.68992e+06    0.00000e+00    0.00000e+00    0.00000e+00   -4.82691e+08    0.00000e+00
  0.766   2.740    7.69039e+06    0.00000e+00    0.00000e+00    0.00000e+00   -4.82695e+08    0.00000e+00
  0.771   2.750    7.69087e+06    0.00000e+00    0.00000e+00    0.00000e+00   -4.82699e+08    0.00000e+00
  0.777   2.760    7.69133e+06    0.00000e+00    0.00000e+00    0.00000e+00   -4.82703e+08    0.00000e+00
  0.782   2.770    7.69179e+06    0.00000e+00    0.00000e+00    0.00000e+00   -4.82707e+08    0.00000e+00
  0.788   2.780    7.69224e+06    0.00000e+00    0.00000e+00    0.00000e+00   -4.82710e+08    0.00000e+00
  0.794   2.790    7.69270e+06    0.00000e+00    0.00000e+00    0.00000e+00   -4.82714e+08    0.00000e+00
  0.799   2.800    7.69316e+06    0.00000e+00    0.00000e+00    0.00000e+00   -4.82718e+08    0.00000e+00
  0.805   2.810    7.69361e+06    0.00000e+00    0.00000e+00    0.00000e+00   -4.82722e+08    0.00000e+00
  0.811   2.820    7.69406e+06    0.00000e+00    0.00000e+00    0.00000e+00   -4.82727e+08    0.00000e+00
  0.817   2.830    7.69452e+06    0.00000e+00    0.00000e+00    0.00000e+00   -4.82731e+08    0.00000e+00
  0.823   2.840    7.69497e+06    0.00000e+00    0.00000e+00    0.00000e+00   -4.82735e+08    0.00000e+00
  0.828   2.850    7.69542e+06    0.00000e+00    0.00000e+00    0.00000e+00   -4.82740e+08    0.00000e+00
  0.834   2.860    7.69584e+06    0.00000e+00    0.00000e+00    0.00000e+00   -4.82743e+08    0.00000e+00
  0.840   2.870    7.69627e+06    0.00000e+00    0.00000e+00    0.00000e+00   -4.82746e+08    0.00000e+00
  0.846   2.880    7.69669e+06    0.00000e+00    0.00000e+00    0.00000e+00   -4.82750e+08    0.00000e+00
  0.852   2.890    7.69711e+06    0.00000e+00    0.00000e+00    0.00000e+00   -4.82753e+08    0.00000e+00
  0.858   2.900    7.69754e+06    0.00000e+00    0.00000e+00    0.00000e+00   -4.82756e+08    0.00000e+00
  0.864   2.910    7.69794e+06    0.00000e+00    0.00000e+00    0.00000e+00   -4.82759e+08    0.00000e+00
  0.870   2.920    7.69834e+06    0.00000e+00    0.00000e+00    0.00000e+00   -4.82762e+08    0.00000e+00
  0.875   2.930    7.69875e+06    0.00000e+00    0.00000e+00    0.00000e+00   -4.82765e+08    0.00000e+00
  0.881   2.940    7.69915e+06    0.00000e+00    0.00000e+00    0.00000e+00   -4.82768e+08    0.00000e+00
  0.887   2.950    7.69956e+06    0.00000e+00    0.00000e+00    0.00000e+00   -4.82771e+08    0.00000e+00
  0.893   2.960    7.69994e+06    0.00000e+00    0.00000e+00    0.00000e+00   -4.82774e+08    0.00000e+00
  0.900   2.970    7.70033e+06    0.00000e+00    0.00000e+00    0.00000e+00   -4.82777e+08    0.00000e+00
  0.906   2.980    7.70072e+06    0.00000e+00    0.00000e+00    0.00000e+00   -4.82779e+08    0.00000e+00
  0.912   2.990    7.70111e+06    0.00000e+00    0.00000e+00    0.00000e+00   -4.82782e+08    0.00000e+00
  0.918   3.000    7.70150e+06    0.00000e+00    0.00000e+00    0.00000e+00   -4.82785e+08    0.00000e+00
  0.924   3.010    7.70187e+06    0.00000e+00    0.00000e+00    0.00000e+00   -4.82788e+08    0.00000e+00
  0.930   3.020    7.70224e+06    0.00000e+00    0.00000e+00    0.00000e+00   -4.82790e+08    0.00000e+00
  0.936   3.030    7.70262e+06    0.00000e+00    0.00000e+00    0.00000e+00   -4.82793e+08    0.00000e+00
  0.942   3.040    7.70299e+06    0.00000e+00    0.00000e+00    0.00000e+00   -4.82796e+08    0.00000e+00
  0.949   3.050    7.70336e+06    0.00000e+00    0.00000e+00    0.00000e+00   -4.82798e+08    0.00000e+00
  0.955   3.060    7.70372e+06    0.00000e+00    0.00000e+00    0.00000e+00   -4.82801e+08    0.00000e+00
  0.961   3.070    7.70408e+06    0.00000e+00    0.00000e+00    0.00000e+00   -4.82803e+08    0.00000e+00
  0.967   3.080    7.70444e+06    0.00000e+00    0.00000e+00    0.00000e+00   -4.82806e+08    0.00000e+00
  0.974   3.090    7.70479e+06    0.00000e+00    0.00000e+00    0.00000e+00   -4.82808e+08    0.00000e+00
  0.980   3.100    7.70515e+06    0.00000e+00    0.00000e+00    0.00000e+00   -4.82811e+08    0.00000e+00
  0.986   3.110    7.70550e+06    0.00000e+00    0.00000e+00    0.00000e+00   -4.82813e+08    0.00000e+00
  0.993   3.120    7.70584e+06    0.00000e+00    0.00000e+00    0.00000e+00   -4.82815e+08    0.00000e+00
  0.999   3.130    7.70618e+06    0.00000e+00    0.00000e+00    0.00000e+00   -4.82818e+08    0.00000e+00
  1.005   3.140    7.70653e+06    0.00000e+00    0.00000e+00    0.00000e+00   -4.82820e+08    0.00000e+00
  1.012   3.150    7.70687e+06    0.00000e+00    0.00000e+00    0.00000e+00   -4.82823e+08    0.00000e+00
  1.018   3.160    7.70720e+06    0.00000e+00    0.00000e+00    0.00000e+00   -4.82825e+08    0.00000e+00
  1.025   3.170    7.70753e+06    0.00000e+00    0.00000e+00    0.00000e+00   -4.82827e+08    0.00000e+00
  1.031   3.180    7.70786e+06    0.00000e+00    0.00000e+00    0.00000e+00   -4.82830e+08    0.00000e+00
  1.038   3.190    7.70819e+06    0.00000e+00    0.00000e+00    0.00000e+00   -4.82832e+08    0.00000e+00
  1.044   3.200    7.70852e+06    0.00000e+00    0.00000e+00    0.00000e+00   -4.82834e+08    0.00000e+00
  1.051   3.210    7.70884e+06    0.00000e+00    0.00000e+00    0.00000e+00   -4.82836e+08    0.00000e+00
  1.057   3.220    7.70915e+06    0.00000e+00    0.00000e+00    0.00000e+00   -4.82839e+08    0.00000e+00
  1.064   3.230    7.70947e+06    0.00000e+00    0.00000e+00    0.00000e+00   -4.82841e+08    0.00000e+00
  1.070   3.240    7.70978e+06    0.00000e+00    0.00000e+00    0.00000e+00   -4.82843e+08    0.00000e+00
  1.077   3.250    7.71010e+06    0.00000e+00    0.00000e+00    0.00000e+00   -4.82845e+08    0.00000e+00
  1.084   3.260    7.71040e+06    0.00000e+00    0.00000e+00    0.00000e+00   -4.82847e+08    0.00000e+00
  1.090   3.270    7.71071e+06    0.00000e+00    0.00000e+00    0.00000e+00   -4.82849e+08    0.00000e+00
  1.097   3.280    7.71101e+06    0.00000e+00    0.00000e+00    0.00000e+00   -4.82851e+08    0.00000e+00
  1.104   3.290    7.71131e+06    0.00000e+00    0.00000e+00    0.00000e+00   -4.82853e+08    0.00000e+00
  1.110   3.300    7.71162e+06    0.00000e+00    0.00000e+00    0.00000e+00   -4.82855e+08    0.00000e+00
  1.117   3.310    7.71191e+06    0.00000e+00    0.00000e+00    0.00000e+00   -4.82857e+08    0.00000e+00
  1.124   3.320    7.71220e+06    0.00000e+00    0.00000e+00    0.00000e+00   -4.82859e+08    0.00000e+00
  1.131   3.330    7.71249e+06    0.00000e+00    0.00000e+00    0.00000e+00   -4.82861e+08    0.00000e+00
  1.138   3.340    7.71278e+06    0.00000e+00    0.00000e+00    0.00000e+00   -4.82863e+08    0.00000e+00
  1.144   3.350    7.71307e+06    0.00000e+00    0.00000e+00    0.00000e+00   -4.82865e+08    0.00000e+00
  1.151   3.360    7.71335e+06    0.00000e+00    0.00000e+00    0.00000e+00   -4.82867e+08    0.00000e+00
  1.158   3.370    7.71363e+06    0.00000e+00    0.00000e+00    0.00000e+00   -4.82869e+08    0.00000e+00
  1.165   3.380    7.71391e+06    0.00000e+00    0.00000e+00    0.00000e+00   -4.82871e+08    0.00000e+00
  1.172   3.390    7.71419e+06    0.00000e+00    0.00000e+00    0.00000e+00   -4.82873e+08    0.00000e+00
  1.179   3.400    7.71446e+06    0.00000e+00    0.00000e+00    0.00000e+00   -4.82874e+08    0.00000e+00
  1.186   3.410    7.71473e+06    0.00000e+00    0.00000e+00    0.00000e+00   -4.82876e+08    0.00000e+00
  1.193   3.420    7.71500e+06    0.00000e+00    0.00000e+00    0.00000e+00   -4.82878e+08    0.00000e+00
  1.200   3.430    7.71527e+06    0.00000e+00    0.00000e+00    0.00000e+00   -4.82880e+08    0.00000e+00
  1.207   3.440    7.71553e+06    0.00000e+00    0.00000e+00    0.00000e+00   -4.82882e+08    0.00000e+00
  1.214   3.450    7.71580e+06    0.00000e+00    0.00000e+00    0.00000e+00   -4.82883e+08    0.00000e+00
  1.221   3.460    7.71606e+06    0.00000e+00    0.00000e+00    0.00000e+00   -4.82885e+08    0.00000e+00
  1.228   3.470    7.71632e+06    0.00000e+00    0.00000e+00    0.00000e+00   -4.82887e+08    0.00000e+00
  1.235   3.480    7.71658e+06    0.00000e+00    0.00000e+00    0.00000e+00   -4.82889e+08    0.00000e+00
  1.242   3.490    7.71683e+06    0.00000e+00    0.00000e+00    0.00000e+00   -4.82890e+08    0.00000e+00
  1.249   3.500    7.71709e+06    0.00000e+00    0.00000e+00    0.00000e+00   -4.82892e+08    0.00000e+00
  1.256   3.510    7.71734e+06    0.00000e+00    0.00000e+00    0.00000e+00   -4.82894e+08    0.00000e+00
  1.264   3.520    7.71758e+06    0.00000e+00    0.00000e+00    0.00000e+00   -4.82895e+08    0.00000e+00
  1.271   3.530    7.71783e+06    0.00000e+00    0.00000e+00    0.00000e+00   -4.82897e+08    0.00000e+00
  1.278   3.540    7.71807e+06    0.00000e+00    0.00000e+00    0.00000e+00   -4.82899e+08    0.00000e+00
  1.285   3.550    7.71832e+06    0.00000e+00    0.00000e+00    0.00000e+00   -4.82900e+08    0.00000e+00
  1.292   3.560    7.71856e+06    0.00000e+00    0.00000e+00    0.00000e+00   -4.82902e+08    0.00000e+00
  1.300   3.570    7.71879e+06    0.00000e+00    0.00000e+00    0.00000e+00   -4.82903e+08    0.00000e+00
  1.307   3.580    7.71903e+06    0.00000e+00    0.00000e+00    0.00000e+00   -4.82905e+08    0.00000e+00
  1.314   3.590    7.71926e+06    0.00000e+00    0.00000e+00    0.00000e+00   -4.82906e+08    0.00000e+00
  1.322   3.600    7.71950e+06    0.00000e+00    0.00000e+00    0.00000e+00   -4.82908e+08    0.00000e+00
  1.329   3.610    7.71973e+06    0.00000e+00    0.00000e+00    0.00000e+00   -4.82909e+08    0.00000e+00
  1.336   3.620    7.71996e+06    0.00000e+00    0.00000e+00    0.00000e+00   -4.82911e+08    0.00000e+00
  1.344   3.630    7.72018e+06    0.00000e+00    0.00000e+00    0.00000e+00   -4.82912e+08    0.00000e+00
  1.351   3.640    7.72041e+06    0.00000e+00    0.00000e+00    0.00000e+00   -4.82914e+08    0.00000e+00
  1.359   3.650    7.72064e+06    0.00000e+00    0.00000e+00    0.00000e+00   -4.82915e+08    0.00000e+00
  1.366   3.660    7.72085e+06    0.00000e+00    0.00000e+00    0.00000e+00   -4.82917e+08    0.00000e+00
  1.374   3.670    7.72107e+06    0.00000e+00    0.00000e+00    0.00000e+00   -4.82918e+08    0.00000e+00
  1.381   3.680    7.72129e+06    0.00000e+00    0.00000e+00    0.00000e+00   -4.82920e+08    0.00000e+00
  1.388   3.690    7.72150e+06    0.00000e+00    0.00000e+00    0.00000e+00   -4.82921e+08    0.00000e+00
  1.396   3.700    7.72172e+06    0.00000e+00    0.00000e+00    0.00000e+00   -4.82922e+08    0.00000e+00
  1.404   3.710    7.72193e+06    0.00000e+00    0.00000e+00    0.00000e+00   -4.82924e+08    0.00000e+00
  1.411   3.720    7.72214e+06    0.00000e+00    0.00000e+00    0.00000e+00   -4.82925e+08    0.00000e+00
  1.419   3.730    7.72235e+06    0.00000e+00    0.00000e+00    0.00000e+00   -4.82927e+08    0.00000e+00
  1.426   3.740    7.72256e+06    0.00000e+00    0.00000e+00    0.00000e+00   -4.82928e+08    0.00000e+00
  1.434   3.750    7.72277e+06    0.00000e+00    0.00000e+00    0.00000e+00   -4.82929e+08    0.00000e+00
  1.442   3.760    7.72297e+06    0.00000e+00    0.00000e+00    0.00000e+00   -4.82931e+08    0.00000e+00
  1.449   3.770    7.72317e+06    0.00000e+00    0.00000e+00    0.00000e+00   -4.82932e+08    0.00000e+00
  1.457   3.780    7.72337e+06    0.00000e+00    0.00000e+00    0.00000e+00   -4.82933e+08    0.00000e+00
  1.465   3.790    7.72357e+06    0.00000e+00    0.00000e+00    0.00000e+00   -4.82934e+08    0.00000e+00
  1.472   3.800    7.72377e+06    0.00000e+00    0.00000e+00    0.00000e+00   -4.82935e+08    0.00000e+00
  1.480   3.810    7.72396e+06    0.00000e+00    0.00000e+00    0.00000e+00   -4.82937e+08    0.00000e+00
  1.488   3.820    7.72415e+06    0.00000e+00    0.00000e+00    0.00000e+00   -4.82938e+08    0.00000e+00
  1.496   3.830    7.72435e+06    0.00000e+00    0.00000e+00    0.00000e+00   -4.82939e+08    0.00000e+00
  1.504   3.840    7.72454e+06    0.00000e+00    0.00000e+00    0.00000e+00   -4.82940e+08    0.00000e+00
  1.511   3.850    7.72473e+06    0.00000e+00    0.00000e+00    0.00000e+00   -4.82941e+08    0.00000e+00
  1.519   3.860    7.72492e+06    0.00000e+00    0.00000e+00    0.00000e+00   -4.82943e+08    0.00000e+00
  1.527   3.870    7.72511e+06    0.00000e+00    0.00000e+00    0.00000e+00   -4.82944e+08    0.00000e+00
  1.535   3.880    7.72530e+06    0.00000e+00    0.00000e+00    0.00000e+00   -4.82945e+08    0.00000e+00
  1.543   3.890    7.72548e+06    0.00000e+00    0.00000e+00    0.00000e+00   -4.82947e+08    0.00000e+00
  1.551   3.900    7.72567e+06    0.00000e+00    0.00000e+00    0.00000e+00   -4.82948e+08    0.00000e+00
  1.559   3.910    7.72585e+06    0.00000e+00    0.00000e+00    0.00000e+00   -4.82949e+08    0.00000e+00
  1.567   3.920    7.72603e+06    0.00000e+00    0.00000e+00    0.00000e+00   -4.82950e+08    0.00000e+00
  1.575   3.930    7.72621e+06    0.00000e+00    0.00000e+00    0.00000e+00   -4.82952e+08    0.00000e+00
  1.583   3.940    7.72639e+06    0.00000e+00    0.00000e+00    0.00000e+00   -4.82953e+08    0.00000e+00
  1.591   3.950    7.72657e+06    0.00000e+00    0.00000e+00    0.00000e+00   -4.82954e+08    0.00000e+00
  1.599   3.960    7.72671e+06    0.00000e+00    0.00000e+00    0.00000e+00   -4.82953e+08    0.00000e+00
  1.607   3.970    7.72686e+06    0.00000e+00    0.00000e+00    0.00000e+00   -4.82952e+08    0.00000e+00
  1.615   3.980    7.72700e+06    0.00000e+00    0.00000e+00    0.00000e+00   -4.82951e+08    0.00000e+00
  1.623   3.990    7.72714e+06    0.00000e+00    0.00000e+00    0.00000e+00   -4.82950e+08    0.00000e+00
  1.632   4.000    7.72729e+06    0.00000e+00    0.00000e+00    0.00000e+00   -4.82949e+08    0.00000e+00
  1.640   4.010    7.72745e+06    0.00000e+00    0.00000e+00    0.00000e+00   -4.82950e+08    0.00000e+00
  1.648   4.020    7.72761e+06    0.00000e+00    0.00000e+00    0.00000e+00   -4.82951e+08    0.00000e+00
  1.656   4.030    7.72778e+06    0.00000e+00    0.00000e+00    0.00000e+00   -4.82951e+08    0.00000e+00
  1.664   4.040    7.72794e+06    0.00000e+00    0.00000e+00    0.00000e+00   -4.82952e+08    0.00000e+00
  1.673   4.050    7.72810e+06    0.00000e+00    0.00000e+00    0.00000e+00   -4.82953e+08    0.00000e+00
  1.681   4.060    7.72826e+06    0.00000e+00    0.00000e+00    0.00000e+00   -4.82954e+08    0.00000e+00
  1.689   4.070    7.72842e+06    0.00000e+00    0.00000e+00    0.00000e+00   -4.82955e+08    0.00000e+00
  1.698   4.080    7.72857e+06    0.00000e+00    0.00000e+00    0.00000e+00   -4.82956e+08    0.00000e+00
  1.706   4.090    7.72873e+06    0.00000e+00    0.00000e+00    0.00000e+00   -4.82957e+08    0.00000e+00
  1.714   4.100    7.72889e+06    0.00000e+00    0.00000e+00    0.00000e+00   -4.82958e+08    0.00000e+00
  1.723   4.110    7.72905e+06    0.00000e+00    0.00000e+00    0.00000e+00   -4.82959e+08    0.00000e+00
  1.731   4.120    7.72921e+06    0.00000e+00    0.00000e+00    0.00000e+00   -4.82960e+08    0.00000e+00
  1.739   4.130    7.72937e+06    0.00000e+00    0.00000e+00    0.00000e+00   -4.82962e+08    0.00000e+00
  1.748   4.140    7.72953e+06    0.00000e+00    0.00000e+00    0.00000e+00   -4.82963e+08    0.00000e+00
  1.756   4.150    7.72969e+06    0.00000e+00    0.00000e+00    0.00000e+00   -4.82964e+08    0.00000e+00
  1.765   4.160    7.72984e+06    0.00000e+00    0.00000e+00    0.00000e+00   -4.82966e+08    0.00000e+00
  1.773   4.170    7.72999e+06    0.00000e+00    0.00000e+00    0.00000e+00   -4.82967e+08    0.00000e+00
  1.782   4.180    7.73014e+06    0.00000e+00    0.00000e+00    0.00000e+00   -4.82968e+08    0.00000e+00
  1.790   4.190    7.73029e+06    0.00000e+00    0.00000e+00    0.00000e+00   -4.82969e+08    0.00000e+00
  1.799   4.200    7.73044e+06    0.00000e+00    0.00000e+00    0.00000e+00   -4.82970e+08    0.00000e+00
  1.807   4.210    7.73060e+06    0.00000e+00    0.00000e+00    0.00000e+00   -4.82972e+08    0.00000e+00
  1.816   4.220    7.73075e+06    0.00000e+00    0.00000e+00    0.00000e+00   -4.82974e+08    0.00000e+00
  1.825   4.230    7.73090e+06    0.00000e+00    0.00000e+00    0.00000e+00   -4.82975e+08    0.00000e+00
  1.833   4.240    7.73106e+06    0.00000e+00    0.00000e+00    0.00000e+00   -4.82977e+08    0.00000e+00
  1.842   4.250    7.73121e+06    0.00000e+00    0.00000e+00    0.00000e+00   -4.82979e+08    0.00000e+00
  1.851   4.260    7.73135e+06    0.00000e+00    0.00000e+00    0.00000e+00   -4.82980e+08    0.00000e+00
  1.859   4.270    7.73150e+06    0.00000e+00    0.00000e+00    0.00000e+00   -4.82981e+08    0.00000e+00
  1.868   4.280    7.73164e+06    0.00000e+00    0.00000e+00    0.00000e+00   -4.82982e+08    0.00000e+00
  1.877   4.290    7.73178e+06    0.00000e+00    0.00000e+00    0.00000e+00   -4.82983e+08    0.00000e+00
  1.885   4.300    7.73192e+06    0.00000e+00    0.00000e+00    0.00000e+00   -4.82984e+08    0.00000e+00
  1.894   4.310    7.73206e+06    0.00000e+00    0.00000e+00    0.00000e+00   -4.82985e+08    0.00000e+00
  1.903   4.320    7.73219e+06    0.00000e+00    0.00000e+00    0.00000e+00   -4.82986e+08    0.00000e+00
  1.912   4.330    7.73233e+06    0.00000e+00    0.00000e+00    0.00000e+00   -4.82987e+08    0.00000e+00
  1.921   4.340    7.73246e+06    0.00000e+00    0.00000e+00    0.00000e+00   -4.82988e+08    0.00000e+00
  1.930   4.350    7.73260e+06    0.00000e+00    0.00000e+00    0.00000e+00   -4.82990e+08    0.00000e+00
  1.938   4.360    7.73273e+06    0.00000e+00    0.00000e+00    0.00000e+00   -4.82991e+08    0.00000e+00
  1.947   4.370    7.73286e+06    0.00000e+00    0.00000e+00    0.00000e+00   -4.82992e+08    0.00000e+00
  1.956   4.380    7.73299e+06    0.00000e+00    0.00000e+00    0.00000e+00   -4.82993e+08    0.00000e+00
  1.965   4.390    7.73312e+06    0.00000e+00    0.00000e+00    0.00000e+00   -4.82994e+08    0.00000e+00
  1.974   4.400    7.73325e+06    0.00000e+00    0.00000e+00    0.00000e+00   -4.82995e+08    0.00000e+00
  1.983   4.410    7.73338e+06    0.00000e+00    0.00000e+00    0.00000e+00   -4.82995e+08    0.00000e+00
  1.992   4.420    7.73350e+06    0.00000e+00    0.00000e+00    0.00000e+00   -4.82996e+08    0.00000e+00
  2.001   4.430    7.73363e+06    0.00000e+00    0.00000e+00    0.00000e+00   -4.82997e+08    0.00000e+00
  2.010   4.440    7.73375e+06    0.00000e+00    0.00000e+00    0.00000e+00   -4.82998e+08    0.00000e+00
  2.019   4.450    7.73388e+06    0.00000e+00    0.00000e+00    0.00000e+00   -4.82999e+08    0.00000e+00
  2.028   4.460    7.73400e+06    0.00000e+00    0.00000e+00    0.00000e+00   -4.83000e+08    0.00000e+00
  2.038   4.470    7.73411e+06    0.00000e+00    0.00000e+00    0.00000e+00   -4.83000e+08    0.00000e+00
  2.047   4.480    7.73423e+06    0.00000e+00    0.00000e+00    0.00000e+00   -4.83001e+08    0.00000e+00
  2.056   4.490    7.73435e+06    0.00000e+00    0.00000e+00    0.00000e+00   -4.83002e+08    0.00000e+00
  2.065   4.500    7.73447e+06    0.00000e+00    0.00000e+00    0.00000e+00   -4.83002e+08    0.00000e+00
  2.074   4.510    7.73459e+06    0.00000e+00    0.00000e+00    0.00000e+00   -4.83003e+08    0.00000e+00
  2.083   4.520    7.73471e+06    0.00000e+00    0.00000e+00    0.00000e+00   -4.83004e+08    0.00000e+00
  2.093   4.530    7.73482e+06    0.00000e+00    0.00000e+00    0.00000e+00   -4.83005e+08    0.00000e+00
  2.102   4.540    7.73494e+06    0.00000e+00    0.00000e+00    0.00000e+00   -4.83006e+08    0.00000e+00
  2.111   4.550    7.73506e+06    0.00000e+00    0.00000e+00    0.00000e+00   -4.83007e+08    0.00000e+00
  2.120   4.560    7.73517e+06    0.00000e+00    0.00000e+00    0.00000e+00   -4.83008e+08    0.00000e+00
  2.130   4.570    7.73528e+06    0.00000e+00    0.00000e+00    0.00000e+00   -4.83008e+08    0.00000e+00
  2.139   4.580    7.73539e+06    0.00000e+00    0.00000e+00    0.00000e+00   -4.83009e+08    0.00000e+00
  2.148   4.590    7.73550e+06    0.00000e+00    0.00000e+00    0.00000e+00   -4.83009e+08    0.00000e+00
  2.158   4.600    7.73561e+06    0.00000e+00    0.00000e+00    0.00000e+00   -4.83010e+08    0.00000e+00
  2.167   4.610    7.73572e+06    0.00000e+00    0.00000e+00    0.00000e+00   -4.83011e+08    0.00000e+00
  2.177   4.620    7.73583e+06    0.00000e+00    0.00000e+00    0.00000e+00   -4.83012e+08    0.00000e+00
  2.186   4.630    7.73594e+06    0.00000e+00    0.00000e+00    0.00000e+00   -4.83012e+08    0.00000e+00
  2.195   4.640    7.73605e+06    0.00000e+00    0.00000e+00    0.00000e+00   -4.83013e+08    0.00000e+00
  2.205   4.650    7.73616e+06    0.00000e+00    0.00000e+00    0.00000e+00   -4.83014e+08    0.00000e+00
  2.214   4.660    7.73626e+06    0.00000e+00    0.00000e+00    0.00000e+00   -4.83014e+08    0.00000e+00
  2.224   4.670    7.73636e+06    0.00000e+00    0.00000e+00    0.00000e+00   -4.83015e+08    0.00000e+00
  2.233   4.680    7.73646e+06    0.00000e+00    0.00000e+00    0.00000e+00   -4.83015e+08    0.00000e+00
  2.243   4.690    7.73656e+06    0.00000e+00    0.00000e+00    0.00000e+00   -4.83016e+08    0.00000e+00
  2.253   4.700    7.73666e+06    0.00000e+00    0.00000e+00    0.00000e+00   -4.83016e+08    0.00000e+00
  2.262   4.710    7.73676e+06    0.00000e+00    0.00000e+00    0.00000e+00   -4.83017e+08    0.00000e+00
  2.272   4.720    7.73686e+06    0.00000e+00    0.00000e+00    0.00000e+00   -4.83017e+08    0.00000e+00
  2.281   4.730    7.73696e+06    0.00000e+00    0.00000e+00    0.00000e+00   -4.83018e+08    0.00000e+00
  2.291   4.740    7.73706e+06    0.00000e+00    0.00000e+00    0.00000e+00   -4.83018e+08    0.00000e+00
  2.301   4.750    7.73716e+06    0.00000e+00    0.00000e+00    0.00000e+00   -4.83019e+08    0.00000e+00
  2.310   4.760    7.73725e+06    0.00000e+00    0.00000e+00    0.00000e+00   -4.83019e+08    0.00000e+00
  2.320   4.770    7.73735e+06    0.00000e+00    0.00000e+00    0.00000e+00   -4.83020e+08    0.00000e+00
  2.330   4.780    7.73745e+06    0.00000e+00    0.00000e+00    0.00000e+00   -4.83020e+08    0.00000e+00
  2.340   4.790    7.73754e+06    0.00000e+00    0.00000e+00    0.00000e+00   -4.83021e+08    0.00000e+00
  2.349   4.800    7.73764e+06    0.00000e+00    0.00000e+00    0.00000e+00   -4.83021e+08    0.00000e+00
  2.359   4.810    7.73773e+06    0.00000e+00    0.00000e+00    0.00000e+00   -4.83022e+08    0.00000e+00
  2.369   4.820    7.73783e+06    0.00000e+00    0.00000e+00    0.00000e+00   -4.83022e+08    0.00000e+00
  2.379   4.830    7.73792e+06    0.00000e+00    0.00000e+00    0.00000e+00   -4.83023e+08    0.00000e+00
  2.389   4.840    7.73802e+06    0.00000e+00    0.00000e+00    0.00000e+00   -4.83024e+08    0.00000e+00
  2.399   4.850    7.73811e+06    0.00000e+00    0.00000e+00    0.00000e+00   -4.83024e+08    0.00000e+00
  2.409   4.860    7.73820e+06    0.00000e+00    0.00000e+00    0.00000e+00   -4.83025e+08    0.00000e+00
  2.419   4.870    7.73829e+06    0.00000e+00    0.00000e+00    0.00000e+00   -4.83025e+08    0.00000e+00
  2.428   4.880    7.73838e+06    0.00000e+00    0.00000e+00    0.00000e+00   -4.83025e+08    0.00000e+00
  2.438   4.890    7.73847e+06    0.00000e+00    0.00000e+00    0.00000e+00   -4.83026e+08    0.00000e+00
  2.448   4.900    7.73856e+06    0.00000e+00    0.00000e+00    0.00000e+00   -4.83026e+08    0.00000e+00
  2.458   4.910    7.73865e+06    0.00000e+00    0.00000e+00    0.00000e+00   -4.83027e+08    0.00000e+00
  2.468   4.920    7.73873e+06    0.00000e+00    0.00000e+00    0.00000e+00   -4.83027e+08    0.00000e+00
  2.478   4.930    7.73882e+06    0.00000e+00    0.00000e+00    0.00000e+00   -4.83028e+08    0.00000e+00
  2.489   4.940    7.73891e+06    0.00000e+00    0.00000e+00    0.00000e+00   -4.83028e+08    0.00000e+00
  2.499   4.950    7.73899e+06    0.00000e+00    0.00000e+00    0.00000e+00   -4.83028e+08    0.00000e+00
  2.509   4.960    7.73908e+06    0.00000e+00    0.00000e+00    0.00000e+00   -4.83029e+08    0.00000e+00
  2.519   4.970    7.73917e+06    0.00000e+00    0.00000e+00    0.00000e+00   -4.83030e+08    0.00000e+00
  2.529   4.980    7.73926e+06    0.00000e+00    0.00000e+00    0.00000e+00   -4.83030e+08    0.00000e+00
  2.539   4.990    7.73934e+06    0.00000e+00    0.00000e+00    0.00000e+00   -4.83031e+08    0.00000e+00
