  0.000   0.010   -4.86467e+08    0.00000e+00    0.00000e+00    0.00000e+00    3.80210e+10    0.00000e+00
  0.000   0.020   -4.86467e+08    0.00000e+00    0.00000e+00    0.00000e+00    3.80210e+10    0.00000e+00
  0.000   0.030   -4.86467e+08    0.00000e+00    0.00000e+00    0.00000e+00    3.80210e+10    0.00000e+00
  0.000   0.040   -4.86467e+08    0.00000e+00    0.00000e+00    0.00000e+00    3.80210e+10    0.00000e+00
  0.000   0.050   -4.86467e+08    0.00000e+00    0.00000e+00    0.00000e+00    3.80210e+10    0.00000e+00
  0.000   0.060   -4.86486e+08    0.00000e+00    0.00000e+00    0.00000e+00    3.80218e+10    0.00000e+00
  0.001   0.070   -4.86504e+08    0.00000e+00    0.00000e+00    0.00000e+00    3.80226e+10    0.00000e+00
  0.001   0.080   -4.86523e+08    0.00000e+00    0.00000e+00    0.00000e+00    3.80233e+10    0.00000e+00
  0.001   0.090   -4.86542e+08    0.00000e+00    0.00000e+00    0.00000e+00    3.80241e+10    0.00000e+00
  0.001   0.100   -4.86560e+08    0.00000e+00    0.00000e+00    0.00000e+00    3.80248e+10    0.00000e+00
  0.001   0.110   -4.86593e+08    0.00000e+00    0.00000e+00    0.00000e+00    3.80262e+10    0.00000e+00
  0.002   0.120   -4.86626e+08    0.00000e+00    0.00000e+00    0.00000e+00    3.80275e+10    0.00000e+00
  0.002   0.130   -4.86659e+08    0.00000e+00    0.00000e+00    0.00000e+00    3.80288e+10    0.00000e+00
  0.002   0.140   -4.86692e+08    0.00000e+00    0.00000e+00    0.00000e+00    3.80301e+10    0.00000e+00
  0.002   0.150   -4.86725e+08    0.00000e+00    0.00000e+00    0.00000e+00    3.80314e+10    0.00000e+00
  0.003   0.160   -4.86775e+08    0.00000e+00    0.00000e+00    0.00000e+00    3.80334e+10    0.00000e+00
  0.003   0.170   -4.86826e+08    0.00000e+00    0.00000e+00    0.00000e+00    3.80353e+10    0.00000e+00
  0.003   0.180   -4.86876e+08    0.00000e+00    0.00000e+00    0.00000e+00    3.80373e+10    0.00000e+00
  0.004   0.190   -4.86926e+08    0.00000e+00    0.00000e+00    0.00000e+00    3.80392e+10    0.00000e+00
  0.004   0.200   -4.86976e+08    0.00000e+00    0.00000e+00    0.00000e+00    3.80412e+10    0.00000e+00
  0.005   0.210   -4.87041e+08    0.00000e+00    0.00000e+00    0.00000e+00    3.80434e+10    0.00000e+00
  0.005   0.220   -4.87105e+08    0.00000e+00    0.00000e+00    0.00000e+00    3.80457e+10    0.00000e+00
  0.005   0.230   -4.87170e+08    0.00000e+00    0.00000e+00    0.00000e+00    3.80479e+10    0.00000e+00
  0.006   0.240   -4.87234e+08    0.00000e+00    0.00000e+00    0.00000e+00    3.80501e+10    0.00000e+00
  0.006   0.250   -4.87298e+08    0.00000e+00    0.00000e+00    0.00000e+00    3.80524e+10    0.00000e+00
  0.007   0.260   -4.87357e+08    0.00000e+00    0.00000e+00    0.00000e+00    3.80537e+10    0.00000e+00
  0.007   0.270   -4.87415e+08    0.00000e+00    0.00000e+00    0.00000e+00    3.80550e+10    0.00000e+00
  0.008   0.280   -4.87473e+08    0.00000e+00    0.00000e+00    0.00000e+00    3.80564e+10    0.00000e+00
  0.009   0.290   -4.87531e+08    0.00000e+00    0.00000e+00    0.00000e+00    3.80577e+10    0.00000e+00
  0.009   0.300   -4.87590e+08    0.00000e+00    0.00000e+00    0.00000e+00    3.80590e+10    0.00000e+00
  0.010   0.310   -4.87615e+08    0.00000e+00    0.00000e+00    0.00000e+00    3.80582e+10    0.00000e+00
  0.011   0.320   -4.87641e+08    0.00000e+00    0.00000e+00    0.00000e+00    3.80574e+10    0.00000e+00
  0.011   0.330   -4.87666e+08    0.00000e+00    0.00000e+00    0.00000e+00    3.80565e+10    0.00000e+00
  0.012   0.340   -4.87692e+08    0.00000e+00    0.00000e+00    0.00000e+00    3.80557e+10    0.00000e+00
  0.012   0.350   -4.87717e+08    0.00000e+00    0.00000e+00    0.00000e+00    3.80549e+10    0.00000e+00
  0.013   0.360   -4.87697e+08    0.00000e+00    0.00000e+00    0.00000e+00    3.80517e+10    0.00000e+00
  0.014   0.370   -4.87676e+08    0.00000e+00    0.00000e+00    0.00000e+00    3.80485e+10    0.00000e+00
  0.015   0.380   -4.87656e+08    0.00000e+00    0.00000e+00    0.00000e+00    3.80454e+10    0.00000e+00
  0.016   0.390   -4.87636e+08    0.00000e+00    0.00000e+00    0.00000e+00    3.80422e+10    0.00000e+00
  0.016   0.400   -4.87616e+08    0.00000e+00    0.00000e+00    0.00000e+00    3.80390e+10    0.00000e+00
  0.017   0.410   -4.87552e+08    0.00000e+00    0.00000e+00    0.00000e+00    3.80342e+10    0.00000e+00
  0.018   0.420   -4.87488e+08    0.00000e+00    0.00000e+00    0.00000e+00    3.80294e+10    0.00000e+00
  0.019   0.430   -4.87424e+08    0.00000e+00    0.00000e+00    0.00000e+00    3.80246e+10    0.00000e+00
  0.020   0.440   -4.87360e+08    0.00000e+00    0.00000e+00    0.00000e+00    3.80198e+10    0.00000e+00
  0.021   0.450   -4.87296e+08    0.00000e+00    0.00000e+00    0.00000e+00    3.80150e+10    0.00000e+00
  0.022   0.460   -4.87201e+08    0.00000e+00    0.00000e+00    0.00000e+00    3.80096e+10    0.00000e+00
  0.023   0.470   -4.87106e+08    0.00000e+00    0.00000e+00    0.00000e+00    3.80042e+10    0.00000e+00
  0.024   0.480   -4.87010e+08    0.00000e+00    0.00000e+00    0.00000e+00    3.79988e+10    0.00000e+00
  0.025   0.490   -4.86915e+08    0.00000e+00    0.00000e+00    0.00000e+00    3.79934e+10    0.00000e+00
  0.025   0.500   -4.86820e+08    0.00000e+00    0.00000e+00    0.00000e+00    3.79880e+10    0.00000e+00
  0.027   0.510   -4.86709e+08    0.00000e+00    0.00000e+00    0.00000e+00    3.79829e+10    0.00000e+00
  0.028   0.520   -4.86599e+08    0.00000e+00    0.00000e+00    0.00000e+00    3.79779e+10    0.00000e+00
  0.029   0.530   -4.86488e+08    0.00000e+00    0.00000e+00    0.00000e+00    3.79729e+10    0.00000e+00
  0.030   0.540   -4.86378e+08    0.00000e+00    0.00000e+00    0.00000e+00    3.79679e+10    0.00000e+00
  0.031   0.550   -4.86267e+08    0.00000e+00    0.00000e+00    0.00000e+00    3.79628e+10    0.00000e+00
  0.032   0.560   -4.86155e+08    0.00000e+00    0.00000e+00    0.00000e+00    3.79587e+10    0.00000e+00
  0.033   0.570   -4.86043e+08    0.00000e+00    0.00000e+00    0.00000e+00    3.79547e+10    0.00000e+00
  0.034   0.580   -4.85931e+08    0.00000e+00    0.00000e+00    0.00000e+00    3.79506e+10    0.00000e+00
  0.036   0.590   -4.85819e+08    0.00000e+00    0.00000e+00    0.00000e+00    3.79465e+10    0.00000e+00
  0.037   0.600   -4.85707e+08    0.00000e+00    0.00000e+00    0.00000e+00    3.79424e+10    0.00000e+00
  0.038   0.610   -4.85602e+08    0.00000e+00    0.00000e+00    0.00000e+00    3.79393e+10    0.00000e+00
  0.039   0.620   -4.85497e+08    0.00000e+00    0.00000e+00    0.00000e+00    3.79362e+10    0.00000e+00
  0.041   0.630   -4.85391e+08    0.00000e+00    0.00000e+00    0.00000e+00    3.79332e+10    0.00000e+00
  0.042   0.640   -4.85286e+08    0.00000e+00    0.00000e+00    0.00000e+00    3.79301e+10    0.00000e+00
  0.043   0.650   -4.85181e+08    0.00000e+00    0.00000e+00    0.00000e+00    3.79270e+10    0.00000e+00
  0.044   0.660   -4.85087e+08    0.00000e+00    0.00000e+00    0.00000e+00    3.79249e+10    0.00000e+00
  0.046   0.670   -4.84992e+08    0.00000e+00    0.00000e+00    0.00000e+00    3.79228e+10    0.00000e+00
  0.047   0.680   -4.84898e+08    0.00000e+00    0.00000e+00    0.00000e+00    3.79206e+10    0.00000e+00
  0.049   0.690   -4.84803e+08    0.00000e+00    0.00000e+00    0.00000e+00    3.79185e+10    0.00000e+00
  0.050   0.700   -4.84709e+08    0.00000e+00    0.00000e+00    0.00000e+00    3.79164e+10    0.00000e+00
  0.051   0.710   -4.84626e+08    0.00000e+00    0.00000e+00    0.00000e+00    3.79150e+10    0.00000e+00
  0.053   0.720   -4.84543e+08    0.00000e+00    0.00000e+00    0.00000e+00    3.79136e+10    0.00000e+00
  0.054   0.730   -4.84459e+08    0.00000e+00    0.00000e+00    0.00000e+00    3.79122e+10    0.00000e+00
  0.056   0.740   -4.84376e+08    0.00000e+00    0.00000e+00    0.00000e+00    3.79109e+10    0.00000e+00
  0.057   0.750   -4.84293e+08    0.00000e+00    0.00000e+00    0.00000e+00    3.79095e+10    0.00000e+00
  0.059   0.760   -4.84220e+08    0.00000e+00    0.00000e+00    0.00000e+00    3.79086e+10    0.00000e+00
  0.061   0.770   -4.84147e+08    0.00000e+00    0.00000e+00    0.00000e+00    3.79078e+10    0.00000e+00
  0.062   0.780   -4.84074e+08    0.00000e+00    0.00000e+00    0.00000e+00    3.79069e+10    0.00000e+00
  0.064   0.790   -4.84001e+08    0.00000e+00    0.00000e+00    0.00000e+00    3.79061e+10    0.00000e+00
  0.065   0.800   -4.83928e+08    0.00000e+00    0.00000e+00    0.00000e+00    3.79052e+10    0.00000e+00
  0.067   0.810   -4.83864e+08    0.00000e+00    0.00000e+00    0.00000e+00    3.79047e+10    0.00000e+00
  0.069   0.820   -4.83799e+08    0.00000e+00    0.00000e+00    0.00000e+00    3.79043e+10    0.00000e+00
  0.070   0.830   -4.83735e+08    0.00000e+00    0.00000e+00    0.00000e+00    3.79038e+10    0.00000e+00
  0.072   0.840   -4.83670e+08    0.00000e+00    0.00000e+00    0.00000e+00    3.79033e+10    0.00000e+00
  0.074   0.850   -4.83606e+08    0.00000e+00    0.00000e+00    0.00000e+00    3.79028e+10    0.00000e+00
  0.075   0.860   -4.83548e+08    0.00000e+00    0.00000e+00    0.00000e+00    3.79025e+10    0.00000e+00
  0.077   0.870   -4.83491e+08    0.00000e+00    0.00000e+00    0.00000e+00    3.79023e+10    0.00000e+00
  0.079   0.880   -4.83434e+08    0.00000e+00    0.00000e+00    0.00000e+00    3.79020e+10    0.00000e+00
  0.081   0.890   -4.83376e+08    0.00000e+00    0.00000e+00    0.00000e+00    3.79018e+10    0.00000e+00
  0.083   0.900   -4.83319e+08    0.00000e+00    0.00000e+00    0.00000e+00    3.79015e+10    0.00000e+00
  0.084   0.910   -4.83267e+08    0.00000e+00    0.00000e+00    0.00000e+00    3.79014e+10    0.00000e+00
  0.086   0.920   -4.83215e+08    0.00000e+00    0.00000e+00    0.00000e+00    3.79014e+10    0.00000e+00
  0.088   0.930   -4.83164e+08    0.00000e+00    0.00000e+00    0.00000e+00    3.79013e+10    0.00000e+00
  0.090   0.940   -4.83112e+08    0.00000e+00    0.00000e+00    0.00000e+00    3.79012e+10    0.00000e+00
  0.092   0.950   -4.83061e+08    0.00000e+00    0.00000e+00    0.00000e+00    3.79011e+10    0.00000e+00
  0.094   0.960   -4.83014e+08    0.00000e+00    0.00000e+00    0.00000e+00    3.79011e+10    0.00000e+00
  0.096   0.970   -4.82968e+08    0.00000e+00    0.00000e+00    0.00000e+00    3.79011e+10    0.00000e+00
  0.098   0.980   -4.82921e+08    0.00000e+00    0.00000e+00    0.00000e+00    3.79012e+10    0.00000e+00
  0.100   0.990   -4.82875e+08    0.00000e+00    0.00000e+00    0.00000e+00    3.79012e+10    0.00000e+00
  0.102   1.000   -4.82828e+08    0.00000e+00    0.00000e+00    0.00000e+00    3.79012e+10    0.00000e+00
  0.104   1.010   -4.82786e+08    0.00000e+00    0.00000e+00    0.00000e+00    3.79013e+10    0.00000e+00
  0.106   1.020   -4.82744e+08    0.00000e+00    0.00000e+00    0.00000e+00    3.79014e+10    0.00000e+00
  0.108   1.030   -4.82703e+08    0.00000e+00    0.00000e+00    0.00000e+00    3.79015e+10    0.00000e+00
  0.110   1.040   -4.82661e+08    0.00000e+00    0.00000e+00    0.00000e+00    3.79016e+10    0.00000e+00
  0.112   1.050   -4.82619e+08    0.00000e+00    0.00000e+00    0.00000e+00    3.79017e+10    0.00000e+00
  0.115   1.060   -4.82581e+08    0.00000e+00    0.00000e+00    0.00000e+00    3.79019e+10    0.00000e+00
  0.117   1.070   -4.82544e+08    0.00000e+00    0.00000e+00    0.00000e+00    3.79021e+10    0.00000e+00
  0.119   1.080   -4.82506e+08    0.00000e+00    0.00000e+00    0.00000e+00    3.79022e+10    0.00000e+00
  0.121   1.090   -4.82468e+08    0.00000e+00    0.00000e+00    0.00000e+00    3.79024e+10    0.00000e+00
  0.123   1.100   -4.82431e+08    0.00000e+00    0.00000e+00    0.00000e+00    3.79025e+10    0.00000e+00
  0.126   1.110   -4.82398e+08    0.00000e+00    0.00000e+00    0.00000e+00    3.79027e+10    0.00000e+00
  0.128   1.120   -4.82364e+08    0.00000e+00    0.00000e+00    0.00000e+00    3.79029e+10    0.00000e+00
  0.130   1.130   -4.82331e+08    0.00000e+00    0.00000e+00    0.00000e+00    3.79031e+10    0.00000e+00
  0.133   1.140   -4.82298e+08    0.00000e+00    0.00000e+00    0.00000e+00    3.79033e+10    0.00000e+00
  0.135   1.150   -4.82265e+08    0.00000e+00    0.00000e+00    0.00000e+00    3.79035e+10    0.00000e+00
  0.137   1.160   -4.82236e+08    0.00000e+00    0.00000e+00    0.00000e+00    3.79038e+10    0.00000e+00
  0.140   1.170   -4.82207e+08    0.00000e+00    0.00000e+00    0.00000e+00    3.79040e+10    0.00000e+00
  0.142   1.180   -4.82178e+08    0.00000e+00    0.00000e+00    0.00000e+00    3.79043e+10    0.00000e+00
  0.144   1.190   -4.82149e+08    0.00000e+00    0.00000e+00    0.00000e+00    3.79045e+10    0.00000e+00
  0.147   1.200   -4.82120e+08    0.00000e+00    0.00000e+00    0.00000e+00    3.79047e+10    0.00000e+00
  0.149   1.210   -4.82096e+08    0.00000e+00    0.00000e+00    0.00000e+00    3.79050e+10    0.00000e+00
  0.152   1.220   -4.82072e+08    0.00000e+00    0.00000e+00    0.00000e+00    3.79053e+10    0.00000e+00
  0.154   1.230   -4.82047e+08    0.00000e+00    0.00000e+00    0.00000e+00    3.79055e+10    0.00000e+00
  0.157   1.240   -4.82023e+08    0.00000e+00    0.00000e+00    0.00000e+00    3.79058e+10    0.00000e+00
  0.159   1.250   -4.81999e+08    0.00000e+00    0.00000e+00    0.00000e+00    3.79060e+10    0.00000e+00
  0.162   1.260   -4.81979e+08    0.00000e+00    0.00000e+00    0.00000e+00    3.79063e+10    0.00000e+00
  0.165   1.270   -4.81959e+08    0.00000e+00    0.00000e+00    0.00000e+00    3.79066e+10    0.00000e+00
  0.167   1.280   -4.81939e+08    0.00000e+00    0.00000e+00    0.00000e+00    3.79069e+10    0.00000e+00
  0.170   1.290   -4.81919e+08    0.00000e+00    0.00000e+00    0.00000e+00    3.79072e+10    0.00000e+00
  0.172   1.300   -4.81900e+08    0.00000e+00    0.00000e+00    0.00000e+00    3.79074e+10    0.00000e+00
  0.175   1.310   -4.81885e+08    0.00000e+00    0.00000e+00    0.00000e+00    3.79077e+10    0.00000e+00
  0.178   1.320   -4.81869e+08    0.00000e+00    0.00000e+00    0.00000e+00    3.79080e+10    0.00000e+00
  0.180   1.330   -4.81854e+08    0.00000e+00    0.00000e+00    0.00000e+00    3.79083e+10    0.00000e+00
  0.183   1.340   -4.81839e+08    0.00000e+00    0.00000e+00    0.00000e+00    3.79086e+10    0.00000e+00
  0.186   1.350   -4.81824e+08    0.00000e+00    0.00000e+00    0.00000e+00    3.79089e+10    0.00000e+00
  0.189   1.360   -4.81814e+08    0.00000e+00    0.00000e+00    0.00000e+00    3.79092e+10    0.00000e+00
  0.191   1.370   -4.81803e+08    0.00000e+00    0.00000e+00    0.00000e+00    3.79095e+10    0.00000e+00
  0.194   1.380   -4.81793e+08    0.00000e+00    0.00000e+00    0.00000e+00    3.79098e+10    0.00000e+00
  0.197   1.390   -4.81782e+08    0.00000e+00    0.00000e+00    0.00000e+00    3.79101e+10    0.00000e+00
  0.200   1.400   -4.81772e+08    0.00000e+00    0.00000e+00    0.00000e+00    3.79104e+10    0.00000e+00
  0.203   1.410   -4.81766e+08    0.00000e+00    0.00000e+00    0.00000e+00    3.79107e+10    0.00000e+00
  0.206   1.420   -4.81760e+08    0.00000e+00    0.00000e+00    0.00000e+00    3.79110e+10    0.00000e+00
  0.209   1.430   -4.81754e+08    0.00000e+00    0.00000e+00    0.00000e+00    3.79113e+10    0.00000e+00
  0.211   1.440   -4.81748e+08    0.00000e+00    0.00000e+00    0.00000e+00    3.79116e+10    0.00000e+00
  0.214   1.450   -4.81742e+08    0.00000e+00    0.00000e+00    0.00000e+00    3.79119e+10    0.00000e+00
  0.217   1.460   -4.81740e+08    0.00000e+00    0.00000e+00    0.00000e+00    3.79122e+10    0.00000e+00
  0.220   1.470   -4.81738e+08    0.00000e+00    0.00000e+00    0.00000e+00    3.79125e+10    0.00000e+00
  0.223   1.480   -4.81736e+08    0.00000e+00    0.00000e+00    0.00000e+00    3.79128e+10    0.00000e+00
  0.226   1.490   -4.81734e+08    0.00000e+00    0.00000e+00    0.00000e+00    3.79131e+10    0.00000e+00
  0.229   1.500   -4.81732e+08    0.00000e+00    0.00000e+00    0.00000e+00    3.79134e+10    0.00000e+00
  0.233   1.510   -4.81733e+08    0.00000e+00    0.00000e+00    0.00000e+00    3.79137e+10    0.00000e+00
  0.236   1.520   -4.81735e+08    0.00000e+00    0.00000e+00    0.00000e+00    3.79140e+10    0.00000e+00
  0.239   1.530   -4.81737e+08    0.00000e+00    0.00000e+00    0.00000e+00    3.79143e+10    0.00000e+00
  0.242   1.540   -4.81738e+08    0.00000e+00    0.00000e+00    0.00000e+00    3.79146e+10    0.00000e+00
  0.245   1.550   -4.81740e+08    0.00000e+00    0.00000e+00    0.00000e+00    3.79149e+10    0.00000e+00
  0.248   1.560   -4.81745e+08    0.00000e+00    0.00000e+00    0.00000e+00    3.79152e+10    0.00000e+00
  0.251   1.570   -4.81749e+08    0.00000e+00    0.00000e+00    0.00000e+00    3.79155e+10    0.00000e+00
  0.255   1.580   -4.81754e+08    0.00000e+00    0.00000e+00    0.00000e+00    3.79158e+10    0.00000e+00
  0.258   1.590   -4.81759e+08    0.00000e+00    0.00000e+00    0.00000e+00    3.79161e+10    0.00000e+00
  0.261   1.600   -4.81763e+08    0.00000e+00    0.00000e+00    0.00000e+00    3.79163e+10    0.00000e+00
  0.264   1.610   -4.81771e+08    0.00000e+00    0.00000e+00    0.00000e+00    3.79166e+10    0.00000e+00
  0.268   1.620   -4.81778e+08    0.00000e+00    0.00000e+00    0.00000e+00    3.79169e+10    0.00000e+00
  0.271   1.630   -4.81785e+08    0.00000e+00    0.00000e+00    0.00000e+00    3.79172e+10    0.00000e+00
  0.274   1.640   -4.81792e+08    0.00000e+00    0.00000e+00    0.00000e+00    3.79174e+10    0.00000e+00
  0.278   1.650   -4.81799e+08    0.00000e+00    0.00000e+00    0.00000e+00    3.79177e+10    0.00000e+00
  0.281   1.660   -4.81808e+08    0.00000e+00    0.00000e+00    0.00000e+00    3.79180e+10    0.00000e+00
  0.284   1.670   -4.81817e+08    0.00000e+00    0.00000e+00    0.00000e+00    3.79182e+10    0.00000e+00
  0.288   1.680   -4.81826e+08    0.00000e+00    0.00000e+00    0.00000e+00    3.79185e+10    0.00000e+00
  0.291   1.690   -4.81835e+08    0.00000e+00    0.00000e+00    0.00000e+00    3.79187e+10    0.00000e+00
  0.295   1.700   -4.81845e+08    0.00000e+00    0.00000e+00    0.00000e+00    3.79190e+10    0.00000e+00
  0.298   1.710   -4.81855e+08    0.00000e+00    0.00000e+00    0.00000e+00    3.79192e+10    0.00000e+00
  0.302   1.720   -4.81865e+08    0.00000e+00    0.00000e+00    0.00000e+00    3.79195e+10    0.00000e+00
  0.305   1.730   -4.81876e+08    0.00000e+00    0.00000e+00    0.00000e+00    3.79197e+10    0.00000e+00
  0.309   1.740   -4.81886e+08    0.00000e+00    0.00000e+00    0.00000e+00    3.79200e+10    0.00000e+00
  0.312   1.750   -4.81896e+08    0.00000e+00    0.00000e+00    0.00000e+00    3.79202e+10    0.00000e+00
  0.316   1.760   -4.81907e+08    0.00000e+00    0.00000e+00    0.00000e+00    3.79204e+10    0.00000e+00
  0.320   1.770   -4.81919e+08    0.00000e+00    0.00000e+00    0.00000e+00    3.79206e+10    0.00000e+00
  0.323   1.780   -4.81930e+08    0.00000e+00    0.00000e+00    0.00000e+00    3.79209e+10    0.00000e+00
  0.327   1.790   -4.81941e+08    0.00000e+00    0.00000e+00    0.00000e+00    3.79211e+10    0.00000e+00
  0.330   1.800   -4.81952e+08    0.00000e+00    0.00000e+00    0.00000e+00    3.79213e+10    0.00000e+00
  0.334   1.810   -4.81964e+08    0.00000e+00    0.00000e+00    0.00000e+00    3.79215e+10    0.00000e+00
  0.338   1.820   -4.81975e+08    0.00000e+00    0.00000e+00    0.00000e+00    3.79217e+10    0.00000e+00
  0.342   1.830   -4.81987e+08    0.00000e+00    0.00000e+00    0.00000e+00    3.79219e+10    0.00000e+00
  0.345   1.840   -4.81998e+08    0.00000e+00    0.00000e+00    0.00000e+00    3.79222e+10    0.00000e+00
  0.349   1.850   -4.82010e+08    0.00000e+00    0.00000e+00    0.00000e+00    3.79224e+10    0.00000e+00
  0.353   1.860   -4.82021e+08    0.00000e+00    0.00000e+00    0.00000e+00    3.79225e+10    0.00000e+00
  0.357   1.870   -4.82033e+08    0.00000e+00    0.00000e+00    0.00000e+00    3.79227e+10    0.00000e+00
  0.360   1.880   -4.82045e+08    0.00000e+00    0.00000e+00    0.00000e+00    3.79229e+10    0.00000e+00
  0.364   1.890   -4.82056e+08    0.00000e+00    0.00000e+00    0.00000e+00    3.79231e+10    0.00000e+00
  0.368   1.900   -4.82068e+08    0.00000e+00    0.00000e+00    0.00000e+00    3.79233e+10    0.00000e+00
  0.372   1.910   -4.82079e+08    0.00000e+00    0.00000e+00    0.00000e+00    3.79234e+10    0.00000e+00
  0.376   1.920   -4.82091e+08    0.00000e+00    0.00000e+00    0.00000e+00    3.79236e+10    0.00000e+00
  0.380   1.930   -4.82102e+08    0.00000e+00    0.00000e+00    0.00000e+00    3.79238e+10    0.00000e+00
  0.384   1.940   -4.82114e+08    0.00000e+00    0.00000e+00    0.00000e+00    3.79240e+10    0.00000e+00
  0.388   1.950   -4.82125e+08    0.00000e+00    0.00000e+00    0.00000e+00    3.79241e+10    0.00000e+00
  0.392   1.960   -4.82136e+08    0.00000e+00    0.00000e+00    0.00000e+00    3.79243e+10    0.00000e+00
  0.396   1.970   -4.82147e+08    0.00000e+00    0.00000e+00    0.00000e+00    3.79244e+10    0.00000e+00
  0.400   1.980   -4.82158e+08    0.00000e+00    0.00000e+00    0.00000e+00    3.79246e+10    0.00000e+00
  0.404   1.990   -4.82169e+08    0.00000e+00    0.00000e+00    0.00000e+00    3.79247e+10    0.00000e+00
  0.408   2.000   -4.82180e+08    0.00000e+00    0.00000e+00    0.00000e+00    3.79249e+10    0.00000e+00
  0.412   2.010   -4.82191e+08    0.00000e+00    0.00000e+00    0.00000e+00    3.79250e+10    0.00000e+00
  0.416   2.020   -4.82201e+08    0.00000e+00    0.00000e+00    0.00000e+00    3.79252e+10    0.00000e+00
  0.420   2.030   -4.82212e+08    0.00000e+00    0.00000e+00    0.00000e+00    3.79253e+10    0.00000e+00
  0.424   2.040   -4.82223e+08    0.00000e+00    0.00000e+00    0.00000e+00    3.79255e+10    0.00000e+00
  0.429   2.050   -4.82233e+08    0.00000e+00    0.00000e+00    0.00000e+00    3.79256e+10    0.00000e+00
  0.433   2.060   -4.82243e+08    0.00000e+00    0.00000e+00    0.00000e+00    3.79257e+10    0.00000e+00
  0.437   2.070   -4.82253e+08    0.00000e+00    0.00000e+00    0.00000e+00    3.79259e+10    0.00000e+00
  0.441   2.080   -4.82263e+08    0.00000e+00    0.00000e+00    0.00000e+00    3.79260e+10    0.00000e+00
  0.445   2.090   -4.82273e+08    0.00000e+00    0.00000e+00    0.00000e+00    3.79261e+10    0.00000e+00
  0.450   2.100   -4.82283e+08    0.00000e+00    0.00000e+00    0.00000e+00    3.79262e+10    0.00000e+00
  0.454   2.110   -4.82293e+08    0.00000e+00    0.00000e+00    0.00000e+00    3.79264e+10    0.00000e+00
  0.458   2.120   -4.82302e+08    0.00000e+00    0.00000e+00    0.00000e+00    3.79265e+10    0.00000e+00
  0.463   2.130   -4.82312e+08    0.00000e+00    0.00000e+00    0.00000e+00    3.79266e+10    0.00000e+00
  0.467   2.140   -4.82321e+08    0.00000e+00    0.00000e+00    0.00000e+00    3.79267e+10    0.00000e+00
  0.471   2.150   -4.82330e+08    0.00000e+00    0.00000e+00    0.00000e+00    3.79268e+10    0.00000e+00
  0.476   2.160   -4.82339e+08    0.00000e+00    0.00000e+00    0.00000e+00    3.79269e+10    0.00000e+00
  0.480   2.170   -4.82348e+08    0.00000e+00    0.00000e+00    0.00000e+00    3.79270e+10    0.00000e+00
  0.485   2.180   -4.82357e+08    0.00000e+00    0.00000e+00    0.00000e+00    3.79271e+10    0.00000e+00
  0.489   2.190   -4.82366e+08    0.00000e+00    0.00000e+00    0.00000e+00    3.79273e+10    0.00000e+00
  0.494   2.200   -4.82375e+08    0.00000e+00    0.00000e+00    0.00000e+00    3.79274e+10    0.00000e+00
  0.498   2.210   -4.82383e+08    0.00000e+00    0.00000e+00    0.00000e+00    3.79275e+10    0.00000e+00
  0.503   2.220   -4.82392e+08    0.00000e+00    0.00000e+00    0.00000e+00    3.79275e+10    0.00000e+00
  0.507   2.230   -4.82400e+08    0.00000e+00    0.00000e+00    0.00000e+00    3.79276e+10    0.00000e+00
  0.512   2.240   -4.82408e+08    0.00000e+00    0.00000e+00    0.00000e+00    3.79277e+10    0.00000e+00
  0.516   2.250   -4.82416e+08    0.00000e+00    0.00000e+00    0.00000e+00    3.79278e+10    0.00000e+00
  0.521   2.260   -4.82424e+08    0.00000e+00    0.00000e+00    0.00000e+00    3.79279e+10    0.00000e+00
  0.526   2.270   -4.82432e+08    0.00000e+00    0.00000e+00    0.00000e+00    3.79280e+10    0.00000e+00
  0.530   2.280   -4.82439e+08    0.00000e+00    0.00000e+00    0.00000e+00    3.79281e+10    0.00000e+00
  0.535   2.290   -4.82447e+08    0.00000e+00    0.00000e+00    0.00000e+00    3.79282e+10    0.00000e+00
  0.539   2.300   -4.82455e+08    0.00000e+00    0.00000e+00    0.00000e+00    3.79283e+10    0.00000e+00
  0.544   2.310   -4.82462e+08    0.00000e+00    0.00000e+00    0.00000e+00    3.79283e+10    0.00000e+00
  0.549   2.320   -4.82469e+08    0.00000e+00    0.00000e+00    0.00000e+00    3.79284e+10    0.00000e+00
  0.554   2.330   -4.82477e+08    0.00000e+00    0.00000e+00    0.00000e+00    3.79285e+10    0.00000e+00
  0.558   2.340   -4.82484e+08    0.00000e+00    0.00000e+00    0.00000e+00    3.79286e+10    0.00000e+00
  0.563   2.350   -4.82491e+08    0.00000e+00    0.00000e+00    0.00000e+00    3.79287e+10    0.00000e+00
  0.568   2.360   -4.82498e+08    0.00000e+00    0.00000e+00    0.00000e+00    3.79288e+10    0.00000e+00
  0.573   2.370   -4.82505e+08    0.00000e+00    0.00000e+00    0.00000e+00    3.79288e+10    0.00000e+00
  0.578   2.380   -4.82511e+08    0.00000e+00    0.00000e+00    0.00000e+00    3.79289e+10    0.00000e+00
  0.583   2.390   -4.82518e+08    0.00000e+00    0.00000e+00    0.00000e+00    3.79290e+10    0.00000e+00
  0.587   2.400   -4.82525e+08    0.00000e+00    0.00000e+00    0.00000e+00    3.79291e+10    0.00000e+00
  0.592   2.410   -4.82531e+08    0.00000e+00    0.00000e+00    0.00000e+00    3.79291e+10    0.00000e+00
  0.597   2.420   -4.82537e+08    0.00000e+00    0.00000e+00    0.00000e+00    3.79292e+10    0.00000e+00
  0.602   2.430   -4.82544e+08    0.00000e+00    0.00000e+00    0.00000e+00    3.79293e+10    0.00000e+00
  0.607   2.440   -4.82550e+08    0.00000e+00    0.00000e+00    0.00000e+00    3.79294e+10    0.00000e+00
  0.612   2.450   -4.82556e+08    0.00000e+00    0.00000e+00    0.00000e+00    3.79294e+10    0.00000e+00
  0.617   2.460   -4.82562e+08    0.00000e+00    0.00000e+00    0.00000e+00    3.79295e+10    0.00000e+00
  0.622   2.470   -4.82568e+08    0.00000e+00    0.00000e+00    0.00000e+00    3.79296e+10    0.00000e+00
  0.627   2.480   -4.82574e+08    0.00000e+00    0.00000e+00    0.00000e+00    3.79296e+10    0.00000e+00
  0.632   2.490   -4.82579e+08    0.00000e+00    0.00000e+00    0.00000e+00    3.79297e+10    0.00000e+00
  0.637   2.500   -4.82585e+08    0.00000e+00    0.00000e+00    0.00000e+00    3.79297e+10    0.00000e+00
  0.642   2.510   -4.82591e+08    0.00000e+00    0.00000e+00    0.00000e+00    3.79298e+10    0.00000e+00
  0.648   2.520   -4.82596e+08    0.00000e+00    0.00000e+00    0.00000e+00    3.79299e+10    0.00000e+00
  0.653   2.530   -4.82601e+08    0.00000e+00    0.00000e+00    0.00000e+00    3.79299e+10    0.00000e+00
  0.658   2.540   -4.82607e+08    0.00000e+00    0.00000e+00    0.00000e+00    3.79300e+10    0.00000e+00
  0.663   2.550   -4.82612e+08    0.00000e+00    0.00000e+00    0.00000e+00    3.79300e+10    0.00000e+00
  0.668   2.560   -4.82617e+08    0.00000e+00    0.00000e+00    0.00000e+00    3.79301e+10    0.00000e+00
  0.674   2.570   -4.82622e+08    0.00000e+00    0.00000e+00    0.00000e+00    3.79301e+10    0.00000e+00
  0.679   2.580   -4.82627e+08    0.00000e+00    0.00000e+00    0.00000e+00    3.79302e+10    0.00000e+00
  0.684   2.590   -4.82632e+08    0.00000e+00    0.00000e+00    0.00000e+00    3.79302e+10    0.00000e+00
  0.689   2.600   -4.82637e+08    0.00000e+00    0.00000e+00    0.00000e+00    3.79303e+10    0.00000e+00
  0.695   2.610   -4.82642e+08    0.00000e+00    0.00000e+00    0.00000e+00    3.79303e+10    0.00000e+00
  0.700   2.620   -4.82646e+08    0.00000e+00    0.00000e+00    0.00000e+00    3.79304e+10    0.00000e+00
  0.705   2.630   -4.82651e+08    0.00000e+00    0.00000e+00    0.00000e+00    3.79304e+10    0.00000e+00
  0.711   2.640   -4.82655e+08    0.00000e+00    0.00000e+00    0.00000e+00    3.79305e+10    0.00000e+00
  0.716   2.650   -4.82660e+08    0.00000e+00    0.00000e+00    0.00000e+00    3.79305e+10    0.00000e+00
  0.722   2.660   -4.82664e+08    0.00000e+00    0.00000e+00    0.00000e+00    3.79306e+10    0.00000e+00
  0.727   2.670   -4.82669e+08    0.00000e+00    0.00000e+00    0.00000e+00    3.79306e+10    0.00000e+00
  0.732   2.680   -4.82673e+08    0.00000e+00    0.00000e+00    0.00000e+00    3.79306e+10    0.00000e+00
  0.738   2.690   -4.82677e+08    0.00000e+00    0.00000e+00    0.00000e+00    3.79307e+10    0.00000e+00
  0.743   2.700   -4.82682e+08    0.00000e+00    0.00000e+00    0.00000e+00    3.79307e+10    0.00000e+00
  0.749   2.710   -4.82686e+08    0.00000e+00    0.00000e+00    0.00000e+00    3.79308e+10    0.00000e+00
  0.754   2.720   -4.82690e+08    0.00000e+00    0.00000e+00    0.00000e+00    3.79308e+10    0.00000e+00
  0.760   2.730   -4.82694e+08    0.00000e+00    0.00000e+00    0.00000e+00    3.79308e+10    0.00000e+00
  0.766   2.740   -4.82698e+08    0.00000e+00    0.00000e+00    0.00000e+00    3.79309e+10    0.00000e+00
  0.771   2.750   -4.82702e+08    0.00000e+00    0.00000e+00    0.00000e+00    3.79309e+10    0.00000e+00
  0.777   2.760   -4.82705e+08    0.00000e+00    0.00000e+00    0.00000e+00    3.79309e+10    0.00000e+00
  0.782   2.770   -4.82709e+08    0.00000e+00    0.00000e+00    0.00000e+00    3.79310e+10    0.00000e+00
  0.788   2.780   -4.82713e+08    0.00000e+00    0.00000e+00    0.00000e+00    3.79310e+10    0.00000e+00
  0.794   2.790   -4.82717e+08    0.00000e+00    0.00000e+00    0.00000e+00    3.79311e+10    0.00000e+00
  0.799   2.800   -4.82721e+08    0.00000e+00    0.00000e+00    0.00000e+00    3.79311e+10    0.00000e+00
  0.805   2.810   -4.82725e+08    0.00000e+00    0.00000e+00    0.00000e+00    3.79312e+10    0.00000e+00
  0.811   2.820   -4.82729e+08    0.00000e+00    0.00000e+00    0.00000e+00    3.79313e+10    0.00000e+00
  0.817   2.830   -4.82734e+08    0.00000e+00    0.00000e+00    0.00000e+00    3.79314e+10    0.00000e+00
  0.823   2.840   -4.82738e+08    0.00000e+00    0.00000e+00    0.00000e+00    3.79315e+10    0.00000e+00
  0.828   2.850   -4.82743e+08    0.00000e+00    0.00000e+00    0.00000e+00    3.79316e+10    0.00000e+00
  0.834   2.860   -4.82746e+08    0.00000e+00    0.00000e+00    0.00000e+00    3.79316e+10    0.00000e+00
  0.840   2.870   -4.82749e+08    0.00000e+00    0.00000e+00    0.00000e+00    3.79317e+10    0.00000e+00
  0.846   2.880   -4.82753e+08    0.00000e+00    0.00000e+00    0.00000e+00    3.79317e+10    0.00000e+00
  0.852   2.890   -4.82756e+08    0.00000e+00    0.00000e+00    0.00000e+00    3.79317e+10    0.00000e+00
  0.858   2.900   -4.82759e+08    0.00000e+00    0.00000e+00    0.00000e+00    3.79318e+10    0.00000e+00
  0.864   2.910   -4.82762e+08    0.00000e+00    0.00000e+00    0.00000e+00    3.79318e+10    0.00000e+00
  0.870   2.920   -4.82765e+08    0.00000e+00    0.00000e+00    0.00000e+00    3.79318e+10    0.00000e+00
  0.875   2.930   -4.82768e+08    0.00000e+00    0.00000e+00    0.00000e+00    3.79318e+10    0.00000e+00
  0.881   2.940   -4.82771e+08    0.00000e+00    0.00000e+00    0.00000e+00    3.79319e+10    0.00000e+00
  0.887   2.950   -4.82774e+08    0.00000e+00    0.00000e+00    0.00000e+00    3.79319e+10    0.00000e+00
  0.893   2.960   -4.82777e+08    0.00000e+00    0.00000e+00    0.00000e+00    3.79319e+10    0.00000e+00
  0.900   2.970   -4.82779e+08    0.00000e+00    0.00000e+00    0.00000e+00    3.79319e+10    0.00000e+00
  0.906   2.980   -4.82782e+08    0.00000e+00    0.00000e+00    0.00000e+00    3.79319e+10    0.00000e+00
  0.912   2.990   -4.82785e+08    0.00000e+00    0.00000e+00    0.00000e+00    3.79320e+10    0.00000e+00
  0.918   3.000   -4.82788e+08    0.00000e+00    0.00000e+00    0.00000e+00    3.79320e+10    0.00000e+00
  0.924   3.010   -4.82790e+08    0.00000e+00    0.00000e+00    0.00000e+00    3.79320e+10    0.00000e+00
  0.930   3.020   -4.82793e+08    0.00000e+00    0.00000e+00    0.00000e+00    3.79320e+10    0.00000e+00
  0.936   3.030   -4.82796e+08    0.00000e+00    0.00000e+00    0.00000e+00    3.79320e+10    0.00000e+00
  0.942   3.040   -4.82798e+08    0.00000e+00    0.00000e+00    0.00000e+00    3.79321e+10    0.00000e+00
  0.949   3.050   -4.82801e+08    0.00000e+00    0.00000e+00    0.00000e+00    3.79321e+10    0.00000e+00
  0.955   3.060   -4.82803e+08    0.00000e+00    0.00000e+00    0.00000e+00    3.79321e+10    0.00000e+00
  0.961   3.070   -4.82806e+08    0.00000e+00    0.00000e+00    0.00000e+00    3.79321e+10    0.00000e+00
  0.967   3.080   -4.82808e+08    0.00000e+00    0.00000e+00    0.00000e+00    3.79322e+10    0.00000e+00
  0.974   3.090   -4.82811e+08    0.00000e+00    0.00000e+00    0.00000e+00    3.79322e+10    0.00000e+00
  0.980   3.100   -4.82813e+08    0.00000e+00    0.00000e+00    0.00000e+00    3.79322e+10    0.00000e+00
  0.986   3.110   -4.82816e+08    0.00000e+00    0.00000e+00    0.00000e+00    3.79322e+10    0.00000e+00
  0.993   3.120   -4.82818e+08    0.00000e+00    0.00000e+00    0.00000e+00    3.79322e+10    0.00000e+00
  0.999   3.130   -4.82820e+08    0.00000e+00    0.00000e+00    0.00000e+00    3.79323e+10    0.00000e+00
  1.005   3.140   -4.82823e+08    0.00000e+00    0.00000e+00    0.00000e+00    3.79323e+10    0.00000e+00
  1.012   3.150   -4.82825e+08    0.00000e+00    0.00000e+00    0.00000e+00    3.79323e+10    0.00000e+00
  1.018   3.160   -4.82828e+08    0.00000e+00    0.00000e+00    0.00000e+00    3.79323e+10    0.00000e+00
  1.025   3.170   -4.82830e+08    0.00000e+00    0.00000e+00    0.00000e+00    3.79324e+10    0.00000e+00
  1.031   3.180   -4.82832e+08    0.00000e+00    0.00000e+00    0.00000e+00    3.79324e+10    0.00000e+00
  1.038   3.190   -4.82834e+08    0.00000e+00    0.00000e+00    0.00000e+00    3.79324e+10    0.00000e+00
  1.044   3.200   -4.82837e+08    0.00000e+00    0.00000e+00    0.00000e+00    3.79324e+10    0.00000e+00
  1.051   3.210   -4.82839e+08    0.00000e+00    0.00000e+00    0.00000e+00    3.79325e+10    0.00000e+00
  1.057   3.220   -4.82841e+08    0.00000e+00    0.00000e+00    0.00000e+00    3.79325e+10    0.00000e+00
  1.064   3.230   -4.82843e+08    0.00000e+00    0.00000e+00    0.00000e+00    3.79325e+10    0.00000e+00
  1.070   3.240   -4.82845e+08    0.00000e+00    0.00000e+00    0.00000e+00    3.79325e+10    0.00000e+00
  1.077   3.250   -4.82848e+08    0.00000e+00    0.00000e+00    0.00000e+00    3.79325e+10    0.00000e+00
  1.084   3.260   -4.82850e+08    0.00000e+00    0.00000e+00    0.00000e+00    3.79326e+10    0.00000e+00
  1.090   3.270   -4.82852e+08    0.00000e+00    0.00000e+00    0.00000e+00    3.79326e+10    0.00000e+00
  1.097   3.280   -4.82854e+08    0.00000e+00    0.00000e+00    0.00000e+00    3.79326e+10    0.00000e+00
  1.104   3.290   -4.82856e+08    0.00000e+00    0.00000e+00    0.00000e+00    3.79326e+10    0.00000e+00
  1.110   3.300   -4.82858e+08    0.00000e+00    0.00000e+00    0.00000e+00    3.79326e+10    0.00000e+00
  1.117   3.310   -4.82860e+08    0.00000e+00    0.00000e+00    0.00000e+00    3.79327e+10    0.00000e+00
  1.124   3.320   -4.82862e+08    0.00000e+00    0.00000e+00    0.00000e+00    3.79327e+10    0.00000e+00
  1.131   3.330   -4.82864e+08    0.00000e+00    0.00000e+00    0.00000e+00    3.79327e+10    0.00000e+00
  1.138   3.340   -4.82866e+08    0.00000e+00    0.00000e+00    0.00000e+00    3.79327e+10    0.00000e+00
  1.144   3.350   -4.82868e+08    0.00000e+00    0.00000e+00    0.00000e+00    3.79328e+10    0.00000e+00
  1.151   3.360   -4.82870e+08    0.00000e+00    0.00000e+00    0.00000e+00    3.79328e+10    0.00000e+00
  1.158   3.370   -4.82872e+08    0.00000e+00    0.00000e+00    0.00000e+00    3.79328e+10    0.00000e+00
  1.165   3.380   -4.82873e+08    0.00000e+00    0.00000e+00    0.00000e+00    3.79328e+10    0.00000e+00
  1.172   3.390   -4.82875e+08    0.00000e+00    0.00000e+00    0.00000e+00    3.79328e+10    0.00000e+00
  1.179   3.400   -4.82877e+08    0.00000e+00    0.00000e+00    0.00000e+00    3.79329e+10    0.00000e+00
  1.186   3.410   -4.82879e+08    0.00000e+00    0.00000e+00    0.00000e+00    3.79329e+10    0.00000e+00
  1.193   3.420   -4.82881e+08    0.00000e+00    0.00000e+00    0.00000e+00    3.79329e+10    0.00000e+00
  1.200   3.430   -4.82882e+08    0.00000e+00    0.00000e+00    0.00000e+00    3.79329e+10    0.00000e+00
  1.207   3.440   -4.82884e+08    0.00000e+00    0.00000e+00    0.00000e+00    3.79330e+10    0.00000e+00
  1.214   3.450   -4.82886e+08    0.00000e+00    0.00000e+00    0.00000e+00    3.79330e+10    0.00000e+00
  1.221   3.460   -4.82888e+08    0.00000e+00    0.00000e+00    0.00000e+00    3.79330e+10    0.00000e+00
  1.228   3.470   -4.82890e+08    0.00000e+00    0.00000e+00    0.00000e+00    3.79330e+10    0.00000e+00
  1.235   3.480   -4.82891e+08    0.00000e+00    0.00000e+00    0.00000e+00    3.79330e+10    0.00000e+00
  1.242   3.490   -4.82893e+08    0.00000e+00    0.00000e+00    0.00000e+00    3.79331e+10    0.00000e+00
  1.249   3.500   -4.82895e+08    0.00000e+00    0.00000e+00    0.00000e+00    3.79331e+10    0.00000e+00
  1.256   3.510   -4.82897e+08    0.00000e+00    0.00000e+00    0.00000e+00    3.79331e+10    0.00000e+00
  1.264   3.520   -4.82898e+08    0.00000e+00    0.00000e+00    0.00000e+00    3.79331e+10    0.00000e+00
  1.271   3.530   -4.82900e+08    0.00000e+00    0.00000e+00    0.00000e+00    3.79332e+10    0.00000e+00
  1.278   3.540   -4.82901e+08    0.00000e+00    0.00000e+00    0.00000e+00    3.79332e+10    0.00000e+00
  1.285   3.550   -4.82903e+08    0.00000e+00    0.00000e+00    0.00000e+00    3.79332e+10    0.00000e+00
  1.292   3.560   -4.82904e+08    0.00000e+00    0.00000e+00    0.00000e+00    3.79332e+10    0.00000e+00
  1.300   3.570   -4.82906e+08    0.00000e+00    0.00000e+00    0.00000e+00    3.79332e+10    0.00000e+00
  1.307   3.580   -4.82908e+08    0.00000e+00    0.00000e+00    0.00000e+00    3.79332e+10    0.00000e+00
  1.314   3.590   -4.82909e+08    0.00000e+00    0.00000e+00    0.00000e+00    3.79333e+10    0.00000e+00
  1.322   3.600   -4.82911e+08    0.00000e+00    0.00000e+00    0.00000e+00    3.79333e+10    0.00000e+00
  1.329   3.610   -4.82912e+08    0.00000e+00    0.00000e+00    0.00000e+00    3.79333e+10    0.00000e+00
  1.336   3.620   -4.82914e+08    0.00000e+00    0.00000e+00    0.00000e+00    3.79333e+10    0.00000e+00
  1.344   3.630   -4.82915e+08    0.00000e+00    0.00000e+00    0.00000e+00    3.79333e+10    0.00000e+00
  1.351   3.640   -4.82917e+08    0.00000e+00    0.00000e+00    0.00000e+00    3.79334e+10    0.00000e+00
  1.359   3.650   -4.82918e+08    0.00000e+00    0.00000e+00    0.00000e+00    3.79334e+10    0.00000e+00
  1.366   3.660   -4.82920e+08    0.00000e+00    0.00000e+00    0.00000e+00    3.79334e+10    0.00000e+00
  1.374   3.670   -4.82921e+08    0.00000e+00    0.00000e+00    0.00000e+00    3.79334e+10    0.00000e+00
  1.381   3.680   -4.82922e+08    0.00000e+00    0.00000e+00    0.00000e+00    3.79334e+10    0.00000e+00
  1.388   3.690   -4.82924e+08    0.00000e+00    0.00000e+00    0.00000e+00    3.79334e+10    0.00000e+00
  1.396   3.700   -4.82925e+08    0.00000e+00    0.00000e+00    0.00000e+00    3.79335e+10    0.00000e+00
  1.404   3.710   -4.82926e+08    0.00000e+00    0.00000e+00    0.00000e+00    3.79335e+10    0.00000e+00
  1.411   3.720   -4.82928e+08    0.00000e+00    0.00000e+00    0.00000e+00    3.79335e+10    0.00000e+00
  1.419   3.730   -4.82929e+08    0.00000e+00    0.00000e+00    0.00000e+00    3.79335e+10    0.00000e+00
  1.426   3.740   -4.82931e+08    0.00000e+00    0.00000e+00    0.00000e+00    3.79335e+10    0.00000e+00
  1.434   3.750   -4.82932e+08    0.00000e+00    0.00000e+00    0.00000e+00    3.79336e+10    0.00000e+00
  1.442   3.760   -4.82933e+08    0.00000e+00    0.00000e+00    0.00000e+00    3.79336e+10    0.00000e+00
  1.449   3.770   -4.82934e+08    0.00000e+00    0.00000e+00    0.00000e+00    3.79336e+10    0.00000e+00
  1.457   3.780   -4.82936e+08    0.00000e+00    0.00000e+00    0.00000e+00    3.79336e+10    0.00000e+00
  1.465   3.790   -4.82937e+08    0.00000e+00    0.00000e+00    0.00000e+00    3.79336e+10    0.00000e+00
  1.472   3.800   -4.82938e+08    0.00000e+00    0.00000e+00    0.00000e+00    3.79336e+10    0.00000e+00
  1.480   3.810   -4.82939e+08    0.00000e+00    0.00000e+00    0.00000e+00    3.79336e+10    0.00000e+00
  1.488   3.820   -4.82940e+08    0.00000e+00    0.00000e+00    0.00000e+00    3.79336e+10    0.00000e+00
  1.496   3.830   -4.82942e+08    0.00000e+00    0.00000e+00    0.00000e+00    3.79337e+10    0.00000e+00
  1.504   3.840   -4.82943e+08    0.00000e+00    0.00000e+00    0.00000e+00    3.79337e+10    0.00000e+00
  1.511   3.850   -4.82944e+08    0.00000e+00    0.00000e+00    0.00000e+00    3.79337e+10    0.00000e+00
  1.519   3.860   -4.82945e+08    0.00000e+00    0.00000e+00    0.00000e+00    3.79337e+10    0.00000e+00
  1.527   3.870   -4.82947e+08    0.00000e+00    0.00000e+00    0.00000e+00    3.79337e+10    0.00000e+00
  1.535   3.880   -4.82948e+08    0.00000e+00    0.00000e+00    0.00000e+00    3.79338e+10    0.00000e+00
  1.543   3.890   -4.82949e+08    0.00000e+00    0.00000e+00    0.00000e+00    3.79338e+10    0.00000e+00
  1.551   3.900   -4.82951e+08    0.00000e+00    0.00000e+00    0.00000e+00    3.79338e+10    0.00000e+00
  1.559   3.910   -4.82952e+08    0.00000e+00    0.00000e+00    0.00000e+00    3.79338e+10    0.00000e+00
  1.567   3.920   -4.82953e+08    0.00000e+00    0.00000e+00    0.00000e+00    3.79339e+10    0.00000e+00
  1.575   3.930   -4.82954e+08    0.00000e+00    0.00000e+00    0.00000e+00    3.79339e+10    0.00000e+00
  1.583   3.940   -4.82955e+08    0.00000e+00    0.00000e+00    0.00000e+00    3.79339e+10    0.00000e+00
  1.591   3.950   -4.82957e+08    0.00000e+00    0.00000e+00    0.00000e+00    3.79339e+10    0.00000e+00
  1.599   3.960   -4.82956e+08    0.00000e+00    0.00000e+00    0.00000e+00    3.79338e+10    0.00000e+00
  1.607   3.970   -4.82955e+08    0.00000e+00    0.00000e+00    0.00000e+00    3.79337e+10    0.00000e+00
  1.615   3.980   -4.82954e+08    0.00000e+00    0.00000e+00    0.00000e+00    3.79335e+10    0.00000e+00
  1.623   3.990   -4.82953e+08    0.00000e+00    0.00000e+00    0.00000e+00    3.79334e+10    0.00000e+00
  1.632   4.000   -4.82952e+08    0.00000e+00    0.00000e+00    0.00000e+00    3.79333e+10    0.00000e+00
  1.640   4.010   -4.82952e+08    0.00000e+00    0.00000e+00    0.00000e+00    3.79333e+10    0.00000e+00
  1.648   4.020   -4.82953e+08    0.00000e+00    0.00000e+00    0.00000e+00    3.79333e+10    0.00000e+00
  1.656   4.030   -4.82954e+08    0.00000e+00    0.00000e+00    0.00000e+00    3.79333e+10    0.00000e+00
  1.664   4.040   -4.82955e+08    0.00000e+00    0.00000e+00    0.00000e+00    3.79333e+10    0.00000e+00
  1.673   4.050   -4.82956e+08    0.00000e+00    0.00000e+00    0.00000e+00    3.79333e+10    0.00000e+00
  1.681   4.060   -4.82956e+08    0.00000e+00    0.00000e+00    0.00000e+00    3.79333e+10    0.00000e+00
  1.689   4.070   -4.82957e+08    0.00000e+00    0.00000e+00    0.00000e+00    3.79333e+10    0.00000e+00
  1.698   4.080   -4.82958e+08    0.00000e+00    0.00000e+00    0.00000e+00    3.79333e+10    0.00000e+00
  1.706   4.090   -4.82959e+08    0.00000e+00    0.00000e+00    0.00000e+00    3.79333e+10    0.00000e+00
  1.714   4.100   -4.82960e+08    0.00000e+00    0.00000e+00    0.00000e+00    3.79333e+10    0.00000e+00
  1.723   4.110   -4.82961e+08    0.00000e+00    0.00000e+00    0.00000e+00    3.79333e+10    0.00000e+00
  1.731   4.120   -4.82963e+08    0.00000e+00    0.00000e+00    0.00000e+00    3.79334e+10    0.00000e+00
  1.739   4.130   -4.82964e+08    0.00000e+00    0.00000e+00    0.00000e+00    3.79334e+10    0.00000e+00
  1.748   4.140   -4.82965e+08    0.00000e+00    0.00000e+00    0.00000e+00    3.79334e+10    0.00000e+00
  1.756   4.150   -4.82967e+08    0.00000e+00    0.00000e+00    0.00000e+00    3.79335e+10    0.00000e+00
  1.765   4.160   -4.82968e+08    0.00000e+00    0.00000e+00    0.00000e+00    3.79335e+10    0.00000e+00
  1.773   4.170   -4.82969e+08    0.00000e+00    0.00000e+00    0.00000e+00    3.79335e+10    0.00000e+00
  1.782   4.180   -4.82970e+08    0.00000e+00    0.00000e+00    0.00000e+00    3.79336e+10    0.00000e+00
  1.790   4.190   -4.82971e+08    0.00000e+00    0.00000e+00    0.00000e+00    3.79336e+10    0.00000e+00
  1.799   4.200   -4.82973e+08    0.00000e+00    0.00000e+00    0.00000e+00    3.79336e+10    0.00000e+00
  1.807   4.210   -4.82974e+08    0.00000e+00    0.00000e+00    0.00000e+00    3.79337e+10    0.00000e+00
  1.816   4.220   -4.82976e+08    0.00000e+00    0.00000e+00    0.00000e+00    3.79338e+10    0.00000e+00
  1.825   4.230   -4.82978e+08    0.00000e+00    0.00000e+00    0.00000e+00    3.79338e+10    0.00000e+00
  1.833   4.240   -4.82979e+08    0.00000e+00    0.00000e+00    0.00000e+00    3.79339e+10    0.00000e+00
  1.842   4.250   -4.82981e+08    0.00000e+00    0.00000e+00    0.00000e+00    3.79340e+10    0.00000e+00
  1.851   4.260   -4.82982e+08    0.00000e+00    0.00000e+00    0.00000e+00    3.79340e+10    0.00000e+00
  1.859   4.270   -4.82983e+08    0.00000e+00    0.00000e+00    0.00000e+00    3.79341e+10    0.00000e+00
  1.868   4.280   -4.82985e+08    0.00000e+00    0.00000e+00    0.00000e+00    3.79341e+10    0.00000e+00
  1.877   4.290   -4.82986e+08    0.00000e+00    0.00000e+00    0.00000e+00    3.79341e+10    0.00000e+00
  1.885   4.300   -4.82987e+08    0.00000e+00    0.00000e+00    0.00000e+00    3.79341e+10    0.00000e+00
  1.894   4.310   -4.82988e+08    0.00000e+00    0.00000e+00    0.00000e+00    3.79342e+10    0.00000e+00
  1.903   4.320   -4.82989e+08    0.00000e+00    0.00000e+00    0.00000e+00    3.79342e+10    0.00000e+00
  1.912   4.330   -4.82990e+08    0.00000e+00    0.00000e+00    0.00000e+00    3.79342e+10    0.00000e+00
  1.921   4.340   -4.82991e+08    0.00000e+00    0.00000e+00    0.00000e+00    3.79342e+10    0.00000e+00
  1.930   4.350   -4.82992e+08    0.00000e+00    0.00000e+00    0.00000e+00    3.79343e+10    0.00000e+00
  1.938   4.360   -4.82993e+08    0.00000e+00    0.00000e+00    0.00000e+00    3.79343e+10    0.00000e+00
  1.947   4.370   -4.82994e+08    0.00000e+00    0.00000e+00    0.00000e+00    3.79343e+10    0.00000e+00
  1.956   4.380   -4.82995e+08    0.00000e+00    0.00000e+00    0.00000e+00    3.79344e+10    0.00000e+00
  1.965   4.390   -4.82996e+08    0.00000e+00    0.00000e+00    0.00000e+00    3.79344e+10    0.00000e+00
  1.974   4.400   -4.82997e+08    0.00000e+00    0.00000e+00    0.00000e+00    3.79344e+10    0.00000e+00
  1.983   4.410   -4.82998e+08    0.00000e+00    0.00000e+00    0.00000e+00    3.79344e+10    0.00000e+00
  1.992   4.420   -4.82999e+08    0.00000e+00    0.00000e+00    0.00000e+00    3.79344e+10    0.00000e+00
  2.001   4.430   -4.83000e+08    0.00000e+00    0.00000e+00    0.00000e+00    3.79345e+10    0.00000e+00
  2.010   4.440   -4.83000e+08    0.00000e+00    0.00000e+00    0.00000e+00    3.79345e+10    0.00000e+00
  2.019   4.450   -4.83001e+08    0.00000e+00    0.00000e+00    0.00000e+00    3.79345e+10    0.00000e+00
  2.028   4.460   -4.83002e+08    0.00000e+00    0.00000e+00    0.00000e+00    3.79345e+10    0.00000e+00
  2.038   4.470   -4.83003e+08    0.00000e+00    0.00000e+00    0.00000e+00    3.79345e+10    0.00000e+00
  2.047   4.480   -4.83003e+08    0.00000e+00    0.00000e+00    0.00000e+00    3.79345e+10    0.00000e+00
  2.056   4.490   -4.83004e+08    0.00000e+00    0.00000e+00    0.00000e+00    3.79345e+10    0.00000e+00
  2.065   4.500   -4.83005e+08    0.00000e+00    0.00000e+00    0.00000e+00    3.79345e+10    0.00000e+00
  2.074   4.510   -4.83006e+08    0.00000e+00    0.00000e+00    0.00000e+00    3.79345e+10    0.00000e+00
  2.083   4.520   -4.83006e+08    0.00000e+00    0.00000e+00    0.00000e+00    3.79346e+10    0.00000e+00
  2.093   4.530   -4.83007e+08    0.00000e+00    0.00000e+00    0.00000e+00    3.79346e+10    0.00000e+00
  2.102   4.540   -4.83008e+08    0.00000e+00    0.00000e+00    0.00000e+00    3.79346e+10    0.00000e+00
  2.111   4.550   -4.83009e+08    0.00000e+00    0.00000e+00    0.00000e+00    3.79346e+10    0.00000e+00
  2.120   4.560   -4.83010e+08    0.00000e+00    0.00000e+00    0.00000e+00    3.79346e+10    0.00000e+00
  2.130   4.570   -4.83010e+08    0.00000e+00    0.00000e+00    0.00000e+00    3.79347e+10    0.00000e+00
  2.139   4.580   -4.83011e+08    0.00000e+00    0.00000e+00    0.00000e+00    3.79347e+10    0.00000e+00
  2.148   4.590   -4.83012e+08    0.00000e+00    0.00000e+00    0.00000e+00    3.79347e+10    0.00000e+00
  2.158   4.600   -4.83012e+08    0.00000e+00    0.00000e+00    0.00000e+00    3.79347e+10    0.00000e+00
  2.167   4.610   -4.83013e+08    0.00000e+00    0.00000e+00    0.00000e+00    3.79347e+10    0.00000e+00
  2.177   4.620   -4.83014e+08    0.00000e+00    0.00000e+00    0.00000e+00    3.79347e+10    0.00000e+00
  2.186   4.630   -4.83015e+08    0.00000e+00    0.00000e+00    0.00000e+00    3.79347e+10    0.00000e+00
  2.195   4.640   -4.83015e+08    0.00000e+00    0.00000e+00    0.00000e+00    3.79347e+10    0.00000e+00
  2.205   4.650   -4.83016e+08    0.00000e+00    0.00000e+00    0.00000e+00    3.79347e+10    0.00000e+00
  2.214   4.660   -4.83016e+08    0.00000e+00    0.00000e+00    0.00000e+00    3.79347e+10    0.00000e+00
  2.224   4.670   -4.83017e+08    0.00000e+00    0.00000e+00    0.00000e+00    3.79347e+10    0.00000e+00
  2.233   4.680   -4.83017e+08    0.00000e+00    0.00000e+00    0.00000e+00    3.79347e+10    0.00000e+00
  2.243   4.690   -4.83018e+08    0.00000e+00    0.00000e+00    0.00000e+00    3.79347e+10    0.00000e+00
  2.253   4.700   -4.83018e+08    0.00000e+00    0.00000e+00    0.00000e+00    3.79347e+10    0.00000e+00
  2.262   4.710   -4.83019e+08    0.00000e+00    0.00000e+00    0.00000e+00    3.79347e+10    0.00000e+00
  2.272   4.720   -4.83019e+08    0.00000e+00    0.00000e+00    0.00000e+00    3.79347e+10    0.00000e+00
  2.281   4.730   -4.83020e+08    0.00000e+00    0.00000e+00    0.00000e+00    3.79347e+10    0.00000e+00
  2.291   4.740   -4.83020e+08    0.00000e+00    0.00000e+00    0.00000e+00    3.79347e+10    0.00000e+00
  2.301   4.750   -4.83021e+08    0.00000e+00    0.00000e+00    0.00000e+00    3.79347e+10    0.00000e+00
  2.310   4.760   -4.83021e+08    0.00000e+00    0.00000e+00    0.00000e+00    3.79347e+10    0.00000e+00
  2.320   4.770   -4.83022e+08    0.00000e+00    0.00000e+00    0.00000e+00    3.79347e+10    0.00000e+00
  2.330   4.780   -4.83022e+08    0.00000e+00    0.00000e+00    0.00000e+00    3.79347e+10    0.00000e+00
  2.340   4.790   -4.83023e+08    0.00000e+00    0.00000e+00    0.00000e+00    3.79348e+10    0.00000e+00
  2.349   4.800   -4.83023e+08    0.00000e+00    0.00000e+00    0.00000e+00    3.79348e+10    0.00000e+00
  2.359   4.810   -4.83024e+08    0.00000e+00    0.00000e+00    0.00000e+00    3.79348e+10    0.00000e+00
  2.369   4.820   -4.83025e+08    0.00000e+00    0.00000e+00    0.00000e+00    3.79348e+10    0.00000e+00
  2.379   4.830   -4.83025e+08    0.00000e+00    0.00000e+00    0.00000e+00    3.79348e+10    0.00000e+00
  2.389   4.840   -4.83026e+08    0.00000e+00    0.00000e+00    0.00000e+00    3.79348e+10    0.00000e+00
  2.399   4.850   -4.83027e+08    0.00000e+00    0.00000e+00    0.00000e+00    3.79348e+10    0.00000e+00
  2.409   4.860   -4.83027e+08    0.00000e+00    0.00000e+00    0.00000e+00    3.79348e+10    0.00000e+00
  2.419   4.870   -4.83027e+08    0.00000e+00    0.00000e+00    0.00000e+00    3.79348e+10    0.00000e+00
  2.428   4.880   -4.83028e+08    0.00000e+00    0.00000e+00    0.00000e+00    3.79348e+10    0.00000e+00
  2.438   4.890   -4.83028e+08    0.00000e+00    0.00000e+00    0.00000e+00    3.79348e+10    0.00000e+00
  2.448   4.900   -4.83029e+08    0.00000e+00    0.00000e+00    0.00000e+00    3.79348e+10    0.00000e+00
  2.458   4.910   -4.83029e+08    0.00000e+00    0.00000e+00    0.00000e+00    3.79348e+10    0.00000e+00
  2.468   4.920   -4.83030e+08    0.00000e+00    0.00000e+00    0.00000e+00    3.79348e+10    0.00000e+00
  2.478   4.930   -4.83030e+08    0.00000e+00    0.00000e+00    0.00000e+00    3.79348e+10    0.00000e+00
  2.489   4.940   -4.83030e+08    0.00000e+00    0.00000e+00    0.00000e+00    3.79348e+10    0.00000e+00
  2.499   4.950   -4.83031e+08    0.00000e+00    0.00000e+00    0.00000e+00    3.79348e+10    0.00000e+00
  2.509   4.960   -4.83031e+08    0.00000e+00    0.00000e+00    0.00000e+00    3.79348e+10    0.00000e+00
  2.519   4.970   -4.83032e+08    0.00000e+00    0.00000e+00    0.00000e+00    3.79348e+10    0.00000e+00
  2.529   4.980   -4.83033e+08    0.00000e+00    0.00000e+00    0.00000e+00    3.79348e+10    0.00000e+00
  2.539   4.990   -4.83033e+08    0.00000e+00    0.00000e+00    0.00000e+00    3.79349e+10    0.00000e+00
