  0.000   0.010    0.00000e+00    0.00000e+00    0.00000e+00    0.00000e+00    0.00000e+00    2.59855e-06
  0.000   0.020    0.00000e+00    0.00000e+00    0.00000e+00    0.00000e+00    0.00000e+00    2.59855e-06
  0.000   0.030    0.00000e+00    0.00000e+00    0.00000e+00    0.00000e+00    0.00000e+00    2.59855e-06
  0.000   0.040    0.00000e+00    0.00000e+00    0.00000e+00    0.00000e+00    0.00000e+00    2.59855e-06
  0.000   0.050    0.00000e+00    0.00000e+00    0.00000e+00    0.00000e+00    0.00000e+00    2.59855e-06
  0.000   0.060    0.00000e+00    0.00000e+00    0.00000e+00    0.00000e+00    0.00000e+00    2.59855e-06
  0.001   0.070    0.00000e+00    0.00000e+00    0.00000e+00    0.00000e+00    0.00000e+00    2.59855e-06
  0.001   0.080    0.00000e+00    0.00000e+00    0.00000e+00    0.00000e+00    0.00000e+00    2.59855e-06
  0.001   0.090    0.00000e+00    0.00000e+00    0.00000e+00    0.00000e+00    0.00000e+00    2.59856e-06
  0.001   0.100    0.00000e+00    0.00000e+00    0.00000e+00    0.00000e+00    0.00000e+00    2.59856e-06
  0.001   0.110    0.00000e+00    0.00000e+00    0.00000e+00    0.00000e+00    0.00000e+00    2.59856e-06
  0.002   0.120    0.00000e+00    0.00000e+00    0.00000e+00    0.00000e+00    0.00000e+00    2.59856e-06
  0.002   0.130    0.00000e+00    0.00000e+00    0.00000e+00    0.00000e+00    0.00000e+00    2.59856e-06
  0.002   0.140    0.00000e+00    0.00000e+00    0.00000e+00    0.00000e+00    0.00000e+00    2.59856e-06
  0.002   0.150    0.00000e+00    0.00000e+00    0.00000e+00    0.00000e+00    0.00000e+00    2.59856e-06
  0.003   0.160    0.00000e+00    0.00000e+00    0.00000e+00    0.00000e+00    0.00000e+00    2.59856e-06
  0.003   0.170    0.00000e+00    0.00000e+00    0.00000e+00    0.00000e+00    0.00000e+00    2.59856e-06
  0.003   0.180    0.00000e+00    0.00000e+00    0.00000e+00    0.00000e+00    0.00000e+00    2.59856e-06
  0.004   0.190    0.00000e+00    0.00000e+00    0.00000e+00    0.00000e+00    0.00000e+00    2.59856e-06
  0.004   0.200    0.00000e+00    0.00000e+00    0.00000e+00    0.00000e+00    0.00000e+00    2.59856e-06
  0.005   0.210    0.00000e+00    0.00000e+00    0.00000e+00    0.00000e+00    0.00000e+00    2.59856e-06
  0.005   0.220    0.00000e+00    0.00000e+00    0.00000e+00    0.00000e+00    0.00000e+00    2.59856e-06
  0.005   0.230    0.00000e+00    0.00000e+00    0.00000e+00    0.00000e+00    0.00000e+00    2.59856e-06
  0.006   0.240    0.00000e+00    0.00000e+00    0.00000e+00    0.00000e+00    0.00000e+00    2.59856e-06
  0.006   0.250    0.00000e+00    0.00000e+00    0.00000e+00    0.00000e+00    0.00000e+00    2.59856e-06
  0.007   0.260    0.00000e+00    0.00000e+00    0.00000e+00    0.00000e+00    0.00000e+00    2.59856e-06
  0.007   0.270    0.00000e+00    0.00000e+00    0.00000e+00    0.00000e+00    0.00000e+00    2.59856e-06
  0.008   0.280    0.00000e+00    0.00000e+00    0.00000e+00    0.00000e+00    0.00000e+00    2.59856e-06
  0.009   0.290    0.00000e+00    0.00000e+00    0.00000e+00    0.00000e+00    0.00000e+00    2.59856e-06
  0.009   0.300    0.00000e+00    0.00000e+00    0.00000e+00    0.00000e+00    0.00000e+00    2.59856e-06
  0.010   0.310    0.00000e+00    0.00000e+00    0.00000e+00    0.00000e+00    0.00000e+00    2.59856e-06
  0.011   0.320    0.00000e+00    0.00000e+00    0.00000e+00    0.00000e+00    0.00000e+00    2.59856e-06
  0.011   0.330    0.00000e+00    0.00000e+00    0.00000e+00    0.00000e+00    0.00000e+00    2.59856e-06
  0.012   0.340    0.00000e+00    0.00000e+00    0.00000e+00    0.00000e+00    0.00000e+00    2.59856e-06
  0.012   0.350    0.00000e+00    0.00000e+00    0.00000e+00    0.00000e+00    0.00000e+00    2.59856e-06
  0.013   0.360    0.00000e+00    0.00000e+00    0.00000e+00    0.00000e+00    0.00000e+00    2.59856e-06
  0.014   0.370    0.00000e+00    0.00000e+00    0.00000e+00    0.00000e+00    0.00000e+00    2.59856e-06
  0.015   0.380    0.00000e+00    0.00000e+00    0.00000e+00    0.00000e+00    0.00000e+00    2.59856e-06
  0.016   0.390    0.00000e+00    0.00000e+00    0.00000e+00    0.00000e+00    0.00000e+00    2.59856e-06
  0.016   0.400    0.00000e+00    0.00000e+00    0.00000e+00    0.00000e+00    0.00000e+00    2.59856e-06
  0.017   0.410    0.00000e+00    0.00000e+00    0.00000e+00    0.00000e+00    0.00000e+00    2.59856e-06
  0.018   0.420    0.00000e+00    0.00000e+00    0.00000e+00    0.00000e+00    0.00000e+00    2.59856e-06
  0.019   0.430    0.00000e+00    0.00000e+00    0.00000e+00    0.00000e+00    0.00000e+00    2.59856e-06
  0.020   0.440    0.00000e+00    0.00000e+00    0.00000e+00    0.00000e+00    0.00000e+00    2.59856e-06
  0.021   0.450    0.00000e+00    0.00000e+00    0.00000e+00    0.00000e+00    0.00000e+00    2.59856e-06
  0.022   0.460    0.00000e+00    0.00000e+00    0.00000e+00    0.00000e+00    0.00000e+00    2.59856e-06
  0.023   0.470    0.00000e+00    0.00000e+00    0.00000e+00    0.00000e+00    0.00000e+00    2.59856e-06
  0.024   0.480    0.00000e+00    0.00000e+00    0.00000e+00    0.00000e+00    0.00000e+00    2.59856e-06
  0.025   0.490    0.00000e+00    0.00000e+00    0.00000e+00    0.00000e+00    0.00000e+00    2.59856e-06
  0.025   0.500    0.00000e+00    0.00000e+00    0.00000e+00    0.00000e+00    0.00000e+00    2.59856e-06
  0.027   0.510    0.00000e+00    0.00000e+00    0.00000e+00    0.00000e+00    0.00000e+00    2.59856e-06
  0.028   0.520    0.00000e+00    0.00000e+00    0.00000e+00    0.00000e+00    0.00000e+00    2.59856e-06
  0.029   0.530    0.00000e+00    0.00000e+00    0.00000e+00    0.00000e+00    0.00000e+00    2.59856e-06
  0.030   0.540    0.00000e+00    0.00000e+00    0.00000e+00    0.00000e+00    0.00000e+00    2.59856e-06
  0.031   0.550    0.00000e+00    0.00000e+00    0.00000e+00    0.00000e+00    0.00000e+00    2.59856e-06
  0.032   0.560    0.00000e+00    0.00000e+00    0.00000e+00    0.00000e+00    0.00000e+00    2.59856e-06
  0.033   0.570    0.00000e+00    0.00000e+00    0.00000e+00    0.00000e+00    0.00000e+00    2.59856e-06
  0.034   0.580    0.00000e+00    0.00000e+00    0.00000e+00    0.00000e+00    0.00000e+00    2.59856e-06
  0.036   0.590    0.00000e+00    0.00000e+00    0.00000e+00    0.00000e+00    0.00000e+00    2.59856e-06
  0.037   0.600    0.00000e+00    0.00000e+00    0.00000e+00    0.00000e+00    0.00000e+00    2.59856e-06
  0.038   0.610    0.00000e+00    0.00000e+00    0.00000e+00    0.00000e+00    0.00000e+00    2.59856e-06
  0.039   0.620    0.00000e+00    0.00000e+00    0.00000e+00    0.00000e+00    0.00000e+00    2.59856e-06
  0.041   0.630    0.00000e+00    0.00000e+00    0.00000e+00    0.00000e+00    0.00000e+00    2.59856e-06
  0.042   0.640    0.00000e+00    0.00000e+00    0.00000e+00    0.00000e+00    0.00000e+00    2.59856e-06
  0.043   0.650    0.00000e+00    0.00000e+00    0.00000e+00    0.00000e+00    0.00000e+00    2.59856e-06
  0.044   0.660    0.00000e+00    0.00000e+00    0.00000e+00    0.00000e+00    0.00000e+00    2.59856e-06
  0.046   0.670    0.00000e+00    0.00000e+00    0.00000e+00    0.00000e+00    0.00000e+00    2.59856e-06
  0.047   0.680    0.00000e+00    0.00000e+00    0.00000e+00    0.00000e+00    0.00000e+00    2.59856e-06
  0.049   0.690    0.00000e+00    0.00000e+00    0.00000e+00    0.00000e+00    0.00000e+00    2.59856e-06
  0.050   0.700    0.00000e+00    0.00000e+00    0.00000e+00    0.00000e+00    0.00000e+00    2.59856e-06
  0.051   0.710    0.00000e+00    0.00000e+00    0.00000e+00    0.00000e+00    0.00000e+00    2.59856e-06
  0.053   0.720    0.00000e+00    0.00000e+00    0.00000e+00    0.00000e+00    0.00000e+00    2.59856e-06
  0.054   0.730    0.00000e+00    0.00000e+00    0.00000e+00    0.00000e+00    0.00000e+00    2.59856e-06
  0.056   0.740    0.00000e+00    0.00000e+00    0.00000e+00    0.00000e+00    0.00000e+00    2.59856e-06
  0.057   0.750    0.00000e+00    0.00000e+00    0.00000e+00    0.00000e+00    0.00000e+00    2.59856e-06
  0.059   0.760    0.00000e+00    0.00000e+00    0.00000e+00    0.00000e+00    0.00000e+00    2.59856e-06
  0.061   0.770    0.00000e+00    0.00000e+00    0.00000e+00    0.00000e+00    0.00000e+00    2.59856e-06
  0.062   0.780    0.00000e+00    0.00000e+00    0.00000e+00    0.00000e+00    0.00000e+00    2.59856e-06
  0.064   0.790    0.00000e+00    0.00000e+00    0.00000e+00    0.00000e+00    0.00000e+00    2.59856e-06
  0.065   0.800    0.00000e+00    0.00000e+00    0.00000e+00    0.00000e+00    0.00000e+00    2.59856e-06
  0.067   0.810    0.00000e+00    0.00000e+00    0.00000e+00    0.00000e+00    0.00000e+00    2.59856e-06
  0.069   0.820    0.00000e+00    0.00000e+00    0.00000e+00    0.00000e+00    0.00000e+00    2.59856e-06
  0.070   0.830    0.00000e+00    0.00000e+00    0.00000e+00    0.00000e+00    0.00000e+00    2.59856e-06
  0.072   0.840    0.00000e+00    0.00000e+00    0.00000e+00    0.00000e+00    0.00000e+00    2.59856e-06
  0.074   0.850    0.00000e+00    0.00000e+00    0.00000e+00    0.00000e+00    0.00000e+00    2.59856e-06
  0.075   0.860    0.00000e+00    0.00000e+00    0.00000e+00    0.00000e+00    0.00000e+00    2.59856e-06
  0.077   0.870    0.00000e+00    0.00000e+00    0.00000e+00    0.00000e+00    0.00000e+00    2.59856e-06
  0.079   0.880    0.00000e+00    0.00000e+00    0.00000e+00    0.00000e+00    0.00000e+00    2.59856e-06
  0.081   0.890    0.00000e+00    0.00000e+00    0.00000e+00    0.00000e+00    0.00000e+00    2.59856e-06
  0.083   0.900    0.00000e+00    0.00000e+00    0.00000e+00    0.00000e+00    0.00000e+00    2.59856e-06
  0.084   0.910    0.00000e+00    0.00000e+00    0.00000e+00    0.00000e+00    0.00000e+00    2.59856e-06
  0.086   0.920    0.00000e+00    0.00000e+00    0.00000e+00    0.00000e+00    0.00000e+00    2.59856e-06
  0.088   0.930    0.00000e+00    0.00000e+00    0.00000e+00    0.00000e+00    0.00000e+00    2.59856e-06
  0.090   0.940    0.00000e+00    0.00000e+00    0.00000e+00    0.00000e+00    0.00000e+00    2.59856e-06
  0.092   0.950    0.00000e+00    0.00000e+00    0.00000e+00    0.00000e+00    0.00000e+00    2.59856e-06
  0.094   0.960    0.00000e+00    0.00000e+00    0.00000e+00    0.00000e+00    0.00000e+00    2.59856e-06
  0.096   0.970    0.00000e+00    0.00000e+00    0.00000e+00    0.00000e+00    0.00000e+00    2.59856e-06
  0.098   0.980    0.00000e+00    0.00000e+00    0.00000e+00    0.00000e+00    0.00000e+00    2.59856e-06
  0.100   0.990    0.00000e+00    0.00000e+00    0.00000e+00    0.00000e+00    0.00000e+00    2.59856e-06
  0.102   1.000    0.00000e+00    0.00000e+00    0.00000e+00    0.00000e+00    0.00000e+00    2.59856e-06
  0.104   1.010    0.00000e+00    0.00000e+00    0.00000e+00    0.00000e+00    0.00000e+00    2.59856e-06
  0.106   1.020    0.00000e+00    0.00000e+00    0.00000e+00    0.00000e+00    0.00000e+00    2.59856e-06
  0.108   1.030    0.00000e+00    0.00000e+00    0.00000e+00    0.00000e+00    0.00000e+00    2.59856e-06
  0.110   1.040    0.00000e+00    0.00000e+00    0.00000e+00    0.00000e+00    0.00000e+00    2.59856e-06
  0.112   1.050    0.00000e+00    0.00000e+00    0.00000e+00    0.00000e+00    0.00000e+00    2.59856e-06
  0.115   1.060    0.00000e+00    0.00000e+00    0.00000e+00    0.00000e+00    0.00000e+00    2.59856e-06
  0.117   1.070    0.00000e+00    0.00000e+00    0.00000e+00    0.00000e+00    0.00000e+00    2.59856e-06
  0.119   1.080    0.00000e+00    0.00000e+00    0.00000e+00    0.00000e+00    0.00000e+00    2.59856e-06
  0.121   1.090    0.00000e+00    0.00000e+00    0.00000e+00    0.00000e+00    0.00000e+00    2.59856e-06
  0.123   1.100    0.00000e+00    0.00000e+00    0.00000e+00    0.00000e+00    0.00000e+00    2.59856e-06
  0.126   1.110    0.00000e+00    0.00000e+00    0.00000e+00    0.00000e+00    0.00000e+00    2.59856e-06
  0.128   1.120    0.00000e+00    0.00000e+00    0.00000e+00    0.00000e+00    0.00000e+00    2.59856e-06
  0.130   1.130    0.00000e+00    0.00000e+00    0.00000e+00    0.00000e+00    0.00000e+00    2.59856e-06
  0.133   1.140    0.00000e+00    0.00000e+00    0.00000e+00    0.00000e+00    0.00000e+00    2.59856e-06
  0.135   1.150    0.00000e+00    0.00000e+00    0.00000e+00    0.00000e+00    0.00000e+00    2.59856e-06
  0.137   1.160    0.00000e+00    0.00000e+00    0.00000e+00    0.00000e+00    0.00000e+00    2.59856e-06
  0.140   1.170    0.00000e+00    0.00000e+00    0.00000e+00    0.00000e+00    0.00000e+00    2.59856e-06
  0.142   1.180    0.00000e+00    0.00000e+00    0.00000e+00    0.00000e+00    0.00000e+00    2.59856e-06
  0.144   1.190    0.00000e+00    0.00000e+00    0.00000e+00    0.00000e+00    0.00000e+00    2.59856e-06
  0.147   1.200    0.00000e+00    0.00000e+00    0.00000e+00    0.00000e+00    0.00000e+00    2.59856e-06
  0.149   1.210    0.00000e+00    0.00000e+00    0.00000e+00    0.00000e+00    0.00000e+00    2.59856e-06
  0.152   1.220    0.00000e+00    0.00000e+00    0.00000e+00    0.00000e+00    0.00000e+00    2.59857e-06
  0.154   1.230    0.00000e+00    0.00000e+00    0.00000e+00    0.00000e+00    0.00000e+00    2.59857e-06
  0.157   1.240    0.00000e+00    0.00000e+00    0.00000e+00    0.00000e+00    0.00000e+00    2.59857e-06
  0.159   1.250    0.00000e+00    0.00000e+00    0.00000e+00    0.00000e+00    0.00000e+00    2.59857e-06
  0.162   1.260    0.00000e+00    0.00000e+00    0.00000e+00    0.00000e+00    0.00000e+00    2.59857e-06
  0.165   1.270    0.00000e+00    0.00000e+00    0.00000e+00    0.00000e+00    0.00000e+00    2.59857e-06
  0.167   1.280    0.00000e+00    0.00000e+00    0.00000e+00    0.00000e+00    0.00000e+00    2.59857e-06
  0.170   1.290    0.00000e+00    0.00000e+00    0.00000e+00    0.00000e+00    0.00000e+00    2.59857e-06
  0.172   1.300    0.00000e+00    0.00000e+00    0.00000e+00    0.00000e+00    0.00000e+00    2.59857e-06
  0.175   1.310    0.00000e+00    0.00000e+00    0.00000e+00    0.00000e+00    0.00000e+00    2.59857e-06
  0.178   1.320    0.00000e+00    0.00000e+00    0.00000e+00    0.00000e+00    0.00000e+00    2.59857e-06
  0.180   1.330    0.00000e+00    0.00000e+00    0.00000e+00    0.00000e+00    0.00000e+00    2.59857e-06
  0.183   1.340    0.00000e+00    0.00000e+00    0.00000e+00    0.00000e+00    0.00000e+00    2.59857e-06
  0.186   1.350    0.00000e+00    0.00000e+00    0.00000e+00    0.00000e+00    0.00000e+00    2.59857e-06
  0.189   1.360    0.00000e+00    0.00000e+00    0.00000e+00    0.00000e+00    0.00000e+00    2.59857e-06
  0.191   1.370    0.00000e+00    0.00000e+00    0.00000e+00    0.00000e+00    0.00000e+00    2.59857e-06
  0.194   1.380    0.00000e+00    0.00000e+00    0.00000e+00    0.00000e+00    0.00000e+00    2.59857e-06
  0.197   1.390    0.00000e+00    0.00000e+00    0.00000e+00    0.00000e+00    0.00000e+00    2.59857e-06
  0.200   1.400    0.00000e+00    0.00000e+00    0.00000e+00    0.00000e+00    0.00000e+00    2.59857e-06
  0.203   1.410    0.00000e+00    0.00000e+00    0.00000e+00    0.00000e+00    0.00000e+00    2.59857e-06
  0.206   1.420    0.00000e+00    0.00000e+00    0.00000e+00    0.00000e+00    0.00000e+00    2.59857e-06
  0.209   1.430    0.00000e+00    0.00000e+00    0.00000e+00    0.00000e+00    0.00000e+00    2.59857e-06
  0.211   1.440    0.00000e+00    0.00000e+00    0.00000e+00    0.00000e+00    0.00000e+00    2.59857e-06
  0.214   1.450    0.00000e+00    0.00000e+00    0.00000e+00    0.00000e+00    0.00000e+00    2.59857e-06
  0.217   1.460    0.00000e+00    0.00000e+00    0.00000e+00    0.00000e+00    0.00000e+00    2.59857e-06
  0.220   1.470    0.00000e+00    0.00000e+00    0.00000e+00    0.00000e+00    0.00000e+00    2.59857e-06
  0.223   1.480    0.00000e+00    0.00000e+00    0.00000e+00    0.00000e+00    0.00000e+00    2.59857e-06
  0.226   1.490    0.00000e+00    0.00000e+00    0.00000e+00    0.00000e+00    0.00000e+00    2.59857e-06
  0.229   1.500    0.00000e+00    0.00000e+00    0.00000e+00    0.00000e+00    0.00000e+00    2.59857e-06
  0.233   1.510    0.00000e+00    0.00000e+00    0.00000e+00    0.00000e+00    0.00000e+00    2.59857e-06
  0.236   1.520    0.00000e+00    0.00000e+00    0.00000e+00    0.00000e+00    0.00000e+00    2.59857e-06
  0.239   1.530    0.00000e+00    0.00000e+00    0.00000e+00    0.00000e+00    0.00000e+00    2.59857e-06
  0.242   1.540    0.00000e+00    0.00000e+00    0.00000e+00    0.00000e+00    0.00000e+00    2.59857e-06
  0.245   1.550    0.00000e+00    0.00000e+00    0.00000e+00    0.00000e+00    0.00000e+00    2.59857e-06
  0.248   1.560    0.00000e+00    0.00000e+00    0.00000e+00    0.00000e+00    0.00000e+00    2.59857e-06
  0.251   1.570    0.00000e+00    0.00000e+00    0.00000e+00    0.00000e+00    0.00000e+00    2.59857e-06
  0.255   1.580    0.00000e+00    0.00000e+00    0.00000e+00    0.00000e+00    0.00000e+00    2.59857e-06
  0.258   1.590    0.00000e+00    0.00000e+00    0.00000e+00    0.00000e+00    0.00000e+00    2.59857e-06
  0.261   1.600    0.00000e+00    0.00000e+00    0.00000e+00    0.00000e+00    0.00000e+00    2.59857e-06
  0.264   1.610    0.00000e+00    0.00000e+00    0.00000e+00    0.00000e+00    0.00000e+00    2.59857e-06
  0.268   1.620    0.00000e+00    0.00000e+00    0.00000e+00    0.00000e+00    0.00000e+00    2.59857e-06
  0.271   1.630    0.00000e+00    0.00000e+00    0.00000e+00    0.00000e+00    0.00000e+00    2.59857e-06
  0.274   1.640    0.00000e+00    0.00000e+00    0.00000e+00    0.00000e+00    0.00000e+00    2.59857e-06
  0.278   1.650    0.00000e+00    0.00000e+00    0.00000e+00    0.00000e+00    0.00000e+00    2.59857e-06
  0.281   1.660    0.00000e+00    0.00000e+00    0.00000e+00    0.00000e+00    0.00000e+00    2.59857e-06
  0.284   1.670    0.00000e+00    0.00000e+00    0.00000e+00    0.00000e+00    0.00000e+00    2.59857e-06
  0.288   1.680    0.00000e+00    0.00000e+00    0.00000e+00    0.00000e+00    0.00000e+00    2.59857e-06
  0.291   1.690    0.00000e+00    0.00000e+00    0.00000e+00    0.00000e+00    0.00000e+00    2.59858e-06
  0.295   1.700    0.00000e+00    0.00000e+00    0.00000e+00    0.00000e+00    0.00000e+00    2.59858e-06
  0.298   1.710    0.00000e+00    0.00000e+00    0.00000e+00    0.00000e+00    0.00000e+00    2.59858e-06
  0.302   1.720    0.00000e+00    0.00000e+00    0.00000e+00    0.00000e+00    0.00000e+00    2.59858e-06
  0.305   1.730    0.00000e+00    0.00000e+00    0.00000e+00    0.00000e+00    0.00000e+00    2.59858e-06
  0.309   1.740    0.00000e+00    0.00000e+00    0.00000e+00    0.00000e+00    0.00000e+00    2.59858e-06
  0.312   1.750    0.00000e+00    0.00000e+00    0.00000e+00    0.00000e+00    0.00000e+00    2.59858e-06
  0.316   1.760    0.00000e+00    0.00000e+00    0.00000e+00    0.00000e+00    0.00000e+00    2.59858e-06
  0.320   1.770    0.00000e+00    0.00000e+00    0.00000e+00    0.00000e+00    0.00000e+00    2.59858e-06
  0.323   1.780    0.00000e+00    0.00000e+00    0.00000e+00    0.00000e+00    0.00000e+00    2.59858e-06
  0.327   1.790    0.00000e+00    0.00000e+00    0.00000e+00    0.00000e+00    0.00000e+00    2.59858e-06
  0.330   1.800    0.00000e+00    0.00000e+00    0.00000e+00    0.00000e+00    0.00000e+00    2.59858e-06
  0.334   1.810    0.00000e+00    0.00000e+00    0.00000e+00    0.00000e+00    0.00000e+00    2.59858e-06
  0.338   1.820    0.00000e+00    0.00000e+00    0.00000e+00    0.00000e+00    0.00000e+00    2.59858e-06
  0.342   1.830    0.00000e+00    0.00000e+00    0.00000e+00    0.00000e+00    0.00000e+00    2.59858e-06
  0.345   1.840    0.00000e+00    0.00000e+00    0.00000e+00    0.00000e+00    0.00000e+00    2.59858e-06
  0.349   1.850    0.00000e+00    0.00000e+00    0.00000e+00    0.00000e+00    0.00000e+00    2.59858e-06
  0.353   1.860    0.00000e+00    0.00000e+00    0.00000e+00    0.00000e+00    0.00000e+00    2.59858e-06
  0.357   1.870    0.00000e+00    0.00000e+00    0.00000e+00    0.00000e+00    0.00000e+00    2.59858e-06
  0.360   1.880    0.00000e+00    0.00000e+00    0.00000e+00    0.00000e+00    0.00000e+00    2.59858e-06
  0.364   1.890    0.00000e+00    0.00000e+00    0.00000e+00    0.00000e+00    0.00000e+00    2.59858e-06
  0.368   1.900    0.00000e+00    0.00000e+00    0.00000e+00    0.00000e+00    0.00000e+00    2.59858e-06
  0.372   1.910    0.00000e+00    0.00000e+00    0.00000e+00    0.00000e+00    0.00000e+00    2.59858e-06
  0.376   1.920    0.00000e+00    0.00000e+00    0.00000e+00    0.00000e+00    0.00000e+00    2.59858e-06
  0.380   1.930    0.00000e+00    0.00000e+00    0.00000e+00    0.00000e+00    0.00000e+00    2.59858e-06
  0.384   1.940    0.00000e+00    0.00000e+00    0.00000e+00    0.00000e+00    0.00000e+00    2.59858e-06
  0.388   1.950    0.00000e+00    0.00000e+00    0.00000e+00    0.00000e+00    0.00000e+00    2.59858e-06
  0.392   1.960    0.00000e+00    0.00000e+00    0.00000e+00    0.00000e+00    0.00000e+00    2.59858e-06
  0.396   1.970    0.00000e+00    0.00000e+00    0.00000e+00    0.00000e+00    0.00000e+00    2.59858e-06
  0.400   1.980    0.00000e+00    0.00000e+00    0.00000e+00    0.00000e+00    0.00000e+00    2.59858e-06
  0.404   1.990    0.00000e+00    0.00000e+00    0.00000e+00    0.00000e+00    0.00000e+00    2.59858e-06
  0.408   2.000    0.00000e+00    0.00000e+00    0.00000e+00    0.00000e+00    0.00000e+00    2.59858e-06
  0.412   2.010    0.00000e+00    0.00000e+00    0.00000e+00    0.00000e+00    0.00000e+00    2.59858e-06
  0.416   2.020    0.00000e+00    0.00000e+00    0.00000e+00    0.00000e+00    0.00000e+00    2.59859e-06
  0.420   2.030    0.00000e+00    0.00000e+00    0.00000e+00    0.00000e+00    0.00000e+00    2.59859e-06
  0.424   2.040    0.00000e+00    0.00000e+00    0.00000e+00    0.00000e+00    0.00000e+00    2.59859e-06
  0.429   2.050    0.00000e+00    0.00000e+00    0.00000e+00    0.00000e+00    0.00000e+00    2.59859e-06
  0.433   2.060    0.00000e+00    0.00000e+00    0.00000e+00    0.00000e+00    0.00000e+00    2.59859e-06
  0.437   2.070    0.00000e+00    0.00000e+00    0.00000e+00    0.00000e+00    0.00000e+00    2.59859e-06
  0.441   2.080    0.00000e+00    0.00000e+00    0.00000e+00    0.00000e+00    0.00000e+00    2.59859e-06
  0.445   2.090    0.00000e+00    0.00000e+00    0.00000e+00    0.00000e+00    0.00000e+00    2.59859e-06
  0.450   2.100    0.00000e+00    0.00000e+00    0.00000e+00    0.00000e+00    0.00000e+00    2.59859e-06
  0.454   2.110    0.00000e+00    0.00000e+00    0.00000e+00    0.00000e+00    0.00000e+00    2.59859e-06
  0.458   2.120    0.00000e+00    0.00000e+00    0.00000e+00    0.00000e+00    0.00000e+00    2.59859e-06
  0.463   2.130    0.00000e+00    0.00000e+00    0.00000e+00    0.00000e+00    0.00000e+00    2.59859e-06
  0.467   2.140    0.00000e+00    0.00000e+00    0.00000e+00    0.00000e+00    0.00000e+00    2.59859e-06
  0.471   2.150    0.00000e+00    0.00000e+00    0.00000e+00    0.00000e+00    0.00000e+00    2.59859e-06
  0.476   2.160    0.00000e+00    0.00000e+00    0.00000e+00    0.00000e+00    0.00000e+00    2.59859e-06
  0.480   2.170    0.00000e+00    0.00000e+00    0.00000e+00    0.00000e+00    0.00000e+00    2.59859e-06
  0.485   2.180    0.00000e+00    0.00000e+00    0.00000e+00    0.00000e+00    0.00000e+00    2.59859e-06
  0.489   2.190    0.00000e+00    0.00000e+00    0.00000e+00    0.00000e+00    0.00000e+00    2.59859e-06
  0.494   2.200    0.00000e+00    0.00000e+00    0.00000e+00    0.00000e+00    0.00000e+00    2.59859e-06
  0.498   2.210    0.00000e+00    0.00000e+00    0.00000e+00    0.00000e+00    0.00000e+00    2.59859e-06
  0.503   2.220    0.00000e+00    0.00000e+00    0.00000e+00    0.00000e+00    0.00000e+00    2.59859e-06
  0.507   2.230    0.00000e+00    0.00000e+00    0.00000e+00    0.00000e+00    0.00000e+00    2.59859e-06
  0.512   2.240    0.00000e+00    0.00000e+00    0.00000e+00    0.00000e+00    0.00000e+00    2.59859e-06
  0.516   2.250    0.00000e+00    0.00000e+00    0.00000e+00    0.00000e+00    0.00000e+00    2.59859e-06
  0.521   2.260    0.00000e+00    0.00000e+00    0.00000e+00    0.00000e+00    0.00000e+00    2.59859e-06
  0.526   2.270    0.00000e+00    0.00000e+00    0.00000e+00    0.00000e+00    0.00000e+00    2.59860e-06
  0.530   2.280    0.00000e+00    0.00000e+00    0.00000e+00    0.00000e+00    0.00000e+00    2.59860e-06
  0.535   2.290    0.00000e+00    0.00000e+00    0.00000e+00    0.00000e+00    0.00000e+00    2.59860e-06
  0.539   2.300    0.00000e+00    0.00000e+00    0.00000e+00    0.00000e+00    0.00000e+00    2.59860e-06
  0.544   2.310    0.00000e+00    0.00000e+00    0.00000e+00    0.00000e+00    0.00000e+00    2.59860e-06
  0.549   2.320    0.00000e+00    0.00000e+00    0.00000e+00    0.00000e+00    0.00000e+00    2.59860e-06
  0.554   2.330    0.00000e+00    0.00000e+00    0.00000e+00    0.00000e+00    0.00000e+00    2.59860e-06
  0.558   2.340    0.00000e+00    0.00000e+00    0.00000e+00    0.00000e+00    0.00000e+00    2.59860e-06
  0.563   2.350    0.00000e+00    0.00000e+00    0.00000e+00    0.00000e+00    0.00000e+00    2.59860e-06
  0.568   2.360    0.00000e+00    0.00000e+00    0.00000e+00    0.00000e+00    0.00000e+00    2.59860e-06
  0.573   2.370    0.00000e+00    0.00000e+00    0.00000e+00    0.00000e+00    0.00000e+00    2.59860e-06
  0.578   2.380    0.00000e+00    0.00000e+00    0.00000e+00    0.00000e+00    0.00000e+00    2.59860e-06
  0.583   2.390    0.00000e+00    0.00000e+00    0.00000e+00    0.00000e+00    0.00000e+00    2.59860e-06
  0.587   2.400    0.00000e+00    0.00000e+00    0.00000e+00    0.00000e+00    0.00000e+00    2.59860e-06
  0.592   2.410    0.00000e+00    0.00000e+00    0.00000e+00    0.00000e+00    0.00000e+00    2.59860e-06
  0.597   2.420    0.00000e+00    0.00000e+00    0.00000e+00    0.00000e+00    0.00000e+00    2.59860e-06
  0.602   2.430    0.00000e+00    0.00000e+00    0.00000e+00    0.00000e+00    0.00000e+00    2.59860e-06
  0.607   2.440    0.00000e+00    0.00000e+00    0.00000e+00    0.00000e+00    0.00000e+00    2.59860e-06
  0.612   2.450    0.00000e+00    0.00000e+00    0.00000e+00    0.00000e+00    0.00000e+00    2.59860e-06
  0.617   2.460    0.00000e+00    0.00000e+00    0.00000e+00    0.00000e+00    0.00000e+00    2.59861e-06
  0.622   2.470    0.00000e+00    0.00000e+00    0.00000e+00    0.00000e+00    0.00000e+00    2.59861e-06
  0.627   2.480    0.00000e+00    0.00000e+00    0.00000e+00    0.00000e+00    0.00000e+00    2.59861e-06
  0.632   2.490    0.00000e+00    0.00000e+00    0.00000e+00    0.00000e+00    0.00000e+00    2.59861e-06
  0.637   2.500    0.00000e+00    0.00000e+00    0.00000e+00    0.00000e+00    0.00000e+00    2.59861e-06
  0.642   2.510    0.00000e+00    0.00000e+00    0.00000e+00    0.00000e+00    0.00000e+00    2.59861e-06
  0.648   2.520    0.00000e+00    0.00000e+00    0.00000e+00    0.00000e+00    0.00000e+00    2.59861e-06
  0.653   2.530    0.00000e+00    0.00000e+00    0.00000e+00    0.00000e+00    0.00000e+00    2.59861e-06
  0.658   2.540    0.00000e+00    0.00000e+00    0.00000e+00    0.00000e+00    0.00000e+00    2.59861e-06
  0.663   2.550    0.00000e+00    0.00000e+00    0.00000e+00    0.00000e+00    0.00000e+00    2.59861e-06
  0.668   2.560    0.00000e+00    0.00000e+00    0.00000e+00    0.00000e+00    0.00000e+00    2.59861e-06
  0.674   2.570    0.00000e+00    0.00000e+00    0.00000e+00    0.00000e+00    0.00000e+00    2.59861e-06
  0.679   2.580    0.00000e+00    0.00000e+00    0.00000e+00    0.00000e+00    0.00000e+00    2.59861e-06
  0.684   2.590    0.00000e+00    0.00000e+00    0.00000e+00    0.00000e+00    0.00000e+00    2.59861e-06
  0.689   2.600    0.00000e+00    0.00000e+00    0.00000e+00    0.00000e+00    0.00000e+00    2.59861e-06
  0.695   2.610    0.00000e+00    0.00000e+00    0.00000e+00    0.00000e+00    0.00000e+00    2.59861e-06
  0.700   2.620    0.00000e+00    0.00000e+00    0.00000e+00    0.00000e+00    0.00000e+00    2.59862e-06
  0.705   2.630    0.00000e+00    0.00000e+00    0.00000e+00    0.00000e+00    0.00000e+00    2.59862e-06
  0.711   2.640    0.00000e+00    0.00000e+00    0.00000e+00    0.00000e+00    0.00000e+00    2.59862e-06
  0.716   2.650    0.00000e+00    0.00000e+00    0.00000e+00    0.00000e+00    0.00000e+00    2.59862e-06
  0.722   2.660    0.00000e+00    0.00000e+00    0.00000e+00    0.00000e+00    0.00000e+00    2.59862e-06
  0.727   2.670    0.00000e+00    0.00000e+00    0.00000e+00    0.00000e+00    0.00000e+00    2.59862e-06
  0.732   2.680    0.00000e+00    0.00000e+00    0.00000e+00    0.00000e+00    0.00000e+00    2.59862e-06
  0.738   2.690    0.00000e+00    0.00000e+00    0.00000e+00    0.00000e+00    0.00000e+00    2.59862e-06
  0.743   2.700    0.00000e+00    0.00000e+00    0.00000e+00    0.00000e+00    0.00000e+00    2.59862e-06
  0.749   2.710    0.00000e+00    0.00000e+00    0.00000e+00    0.00000e+00    0.00000e+00    2.59862e-06
  0.754   2.720    0.00000e+00    0.00000e+00    0.00000e+00    0.00000e+00    0.00000e+00    2.59862e-06
  0.760   2.730    0.00000e+00    0.00000e+00    0.00000e+00    0.00000e+00    0.00000e+00    2.59862e-06
  0.766   2.740    0.00000e+00    0.00000e+00    0.00000e+00    0.00000e+00    0.00000e+00    2.59862e-06
  0.771   2.750    0.00000e+00    0.00000e+00    0.00000e+00    0.00000e+00    0.00000e+00    2.59863e-06
  0.777   2.760    0.00000e+00    0.00000e+00    0.00000e+00    0.00000e+00    0.00000e+00    2.59863e-06
  0.782   2.770    0.00000e+00    0.00000e+00    0.00000e+00    0.00000e+00    0.00000e+00    2.59863e-06
  0.788   2.780    0.00000e+00    0.00000e+00    0.00000e+00    0.00000e+00    0.00000e+00    2.59863e-06
  0.794   2.790    0.00000e+00    0.00000e+00    0.00000e+00    0.00000e+00    0.00000e+00    2.59863e-06
  0.799   2.800    0.00000e+00    0.00000e+00    0.00000e+00    0.00000e+00    0.00000e+00    2.59863e-06
  0.805   2.810    0.00000e+00    0.00000e+00    0.00000e+00    0.00000e+00    0.00000e+00    2.59863e-06
  0.811   2.820    0.00000e+00    0.00000e+00    0.00000e+00    0.00000e+00    0.00000e+00    2.59863e-06
  0.817   2.830    0.00000e+00    0.00000e+00    0.00000e+00    0.00000e+00    0.00000e+00    2.59863e-06
  0.823   2.840    0.00000e+00    0.00000e+00    0.00000e+00    0.00000e+00    0.00000e+00    2.59863e-06
  0.828   2.850    0.00000e+00    0.00000e+00    0.00000e+00    0.00000e+00    0.00000e+00    2.59863e-06
  0.834   2.860    0.00000e+00    0.00000e+00    0.00000e+00    0.00000e+00    0.00000e+00    2.59863e-06
  0.840   2.870    0.00000e+00    0.00000e+00    0.00000e+00    0.00000e+00    0.00000e+00    2.59863e-06
  0.846   2.880    0.00000e+00    0.00000e+00    0.00000e+00    0.00000e+00    0.00000e+00    2.59863e-06
  0.852   2.890    0.00000e+00    0.00000e+00    0.00000e+00    0.00000e+00    0.00000e+00    2.59863e-06
  0.858   2.900    0.00000e+00    0.00000e+00    0.00000e+00    0.00000e+00    0.00000e+00    2.59863e-06
  0.864   2.910    0.00000e+00    0.00000e+00    0.00000e+00    0.00000e+00    0.00000e+00    2.59863e-06
  0.870   2.920    0.00000e+00    0.00000e+00    0.00000e+00    0.00000e+00    0.00000e+00    2.59863e-06
  0.875   2.930    0.00000e+00    0.00000e+00    0.00000e+00    0.00000e+00    0.00000e+00    2.59863e-06
  0.881   2.940    0.00000e+00    0.00000e+00    0.00000e+00    0.00000e+00    0.00000e+00    2.59864e-06
  0.887   2.950    0.00000e+00    0.00000e+00    0.00000e+00    0.00000e+00    0.00000e+00    2.59864e-06
  0.893   2.960    0.00000e+00    0.00000e+00    0.00000e+00    0.00000e+00    0.00000e+00    2.59864e-06
  0.900   2.970    0.00000e+00    0.00000e+00    0.00000e+00    0.00000e+00    0.00000e+00    2.59864e-06
  0.906   2.980    0.00000e+00    0.00000e+00    0.00000e+00    0.00000e+00    0.00000e+00    2.59864e-06
  0.912   2.990    0.00000e+00    0.00000e+00    0.00000e+00    0.00000e+00    0.00000e+00    2.59864e-06
  0.918   3.000    0.00000e+00    0.00000e+00    0.00000e+00    0.00000e+00    0.00000e+00    2.59864e-06
  0.924   3.010    0.00000e+00    0.00000e+00    0.00000e+00    0.00000e+00    0.00000e+00    2.59864e-06
  0.930   3.020    0.00000e+00    0.00000e+00    0.00000e+00    0.00000e+00    0.00000e+00    2.59864e-06
  0.936   3.030    0.00000e+00    0.00000e+00    0.00000e+00    0.00000e+00    0.00000e+00    2.59864e-06
  0.942   3.040    0.00000e+00    0.00000e+00    0.00000e+00    0.00000e+00    0.00000e+00    2.59864e-06
  0.949   3.050    0.00000e+00    0.00000e+00    0.00000e+00    0.00000e+00    0.00000e+00    2.59864e-06
  0.955   3.060    0.00000e+00    0.00000e+00    0.00000e+00    0.00000e+00    0.00000e+00    2.59864e-06
  0.961   3.070    0.00000e+00    0.00000e+00    0.00000e+00    0.00000e+00    0.00000e+00    2.59864e-06
  0.967   3.080    0.00000e+00    0.00000e+00    0.00000e+00    0.00000e+00    0.00000e+00    2.59864e-06
  0.974   3.090    0.00000e+00    0.00000e+00    0.00000e+00    0.00000e+00    0.00000e+00    2.59864e-06
  0.980   3.100    0.00000e+00    0.00000e+00    0.00000e+00    0.00000e+00    0.00000e+00    2.59864e-06
  0.986   3.110    0.00000e+00    0.00000e+00    0.00000e+00    0.00000e+00    0.00000e+00    2.59864e-06
  0.993   3.120    0.00000e+00    0.00000e+00    0.00000e+00    0.00000e+00    0.00000e+00    2.59864e-06
  0.999   3.130    0.00000e+00    0.00000e+00    0.00000e+00    0.00000e+00    0.00000e+00    2.59864e-06
  1.005   3.140    0.00000e+00    0.00000e+00    0.00000e+00    0.00000e+00    0.00000e+00    2.59864e-06
  1.012   3.150    0.00000e+00    0.00000e+00    0.00000e+00    0.00000e+00    0.00000e+00    2.59864e-06
  1.018   3.160    0.00000e+00    0.00000e+00    0.00000e+00    0.00000e+00    0.00000e+00    2.59864e-06
  1.025   3.170    0.00000e+00    0.00000e+00    0.00000e+00    0.00000e+00    0.00000e+00    2.59865e-06
  1.031   3.180    0.00000e+00    0.00000e+00    0.00000e+00    0.00000e+00    0.00000e+00    2.59865e-06
  1.038   3.190    0.00000e+00    0.00000e+00    0.00000e+00    0.00000e+00    0.00000e+00    2.59865e-06
  1.044   3.200    0.00000e+00    0.00000e+00    0.00000e+00    0.00000e+00    0.00000e+00    2.59865e-06
  1.051   3.210    0.00000e+00    0.00000e+00    0.00000e+00    0.00000e+00    0.00000e+00    2.59865e-06
  1.057   3.220    0.00000e+00    0.00000e+00    0.00000e+00    0.00000e+00    0.00000e+00    2.59865e-06
  1.064   3.230    0.00000e+00    0.00000e+00    0.00000e+00    0.00000e+00    0.00000e+00    2.59865e-06
  1.070   3.240    0.00000e+00    0.00000e+00    0.00000e+00    0.00000e+00    0.00000e+00    2.59865e-06
  1.077   3.250    0.00000e+00    0.00000e+00    0.00000e+00    0.00000e+00    0.00000e+00    2.59865e-06
  1.084   3.260    0.00000e+00    0.00000e+00    0.00000e+00    0.00000e+00    0.00000e+00    2.59865e-06
  1.090   3.270    0.00000e+00    0.00000e+00    0.00000e+00    0.00000e+00    0.00000e+00    2.59865e-06
  1.097   3.280    0.00000e+00    0.00000e+00    0.00000e+00    0.00000e+00    0.00000e+00    2.59865e-06
  1.104   3.290    0.00000e+00    0.00000e+00    0.00000e+00    0.00000e+00    0.00000e+00    2.59865e-06
  1.110   3.300    0.00000e+00    0.00000e+00    0.00000e+00    0.00000e+00    0.00000e+00    2.59865e-06
  1.117   3.310    0.00000e+00    0.00000e+00    0.00000e+00    0.00000e+00    0.00000e+00    2.59865e-06
  1.124   3.320    0.00000e+00    0.00000e+00    0.00000e+00    0.00000e+00    0.00000e+00    2.59865e-06
  1.131   3.330    0.00000e+00    0.00000e+00    0.00000e+00    0.00000e+00    0.00000e+00    2.59865e-06
  1.138   3.340    0.00000e+00    0.00000e+00    0.00000e+00    0.00000e+00    0.00000e+00    2.59865e-06
  1.144   3.350    0.00000e+00    0.00000e+00    0.00000e+00    0.00000e+00    0.00000e+00    2.59864e-06
  1.151   3.360    0.00000e+00    0.00000e+00    0.00000e+00    0.00000e+00    0.00000e+00    2.59864e-06
  1.158   3.370    0.00000e+00    0.00000e+00    0.00000e+00    0.00000e+00    0.00000e+00    2.59864e-06
  1.165   3.380    0.00000e+00    0.00000e+00    0.00000e+00    0.00000e+00    0.00000e+00    2.59864e-06
  1.172   3.390    0.00000e+00    0.00000e+00    0.00000e+00    0.00000e+00    0.00000e+00    2.59864e-06
  1.179   3.400    0.00000e+00    0.00000e+00    0.00000e+00    0.00000e+00    0.00000e+00    2.59864e-06
  1.186   3.410    0.00000e+00    0.00000e+00    0.00000e+00    0.00000e+00    0.00000e+00    2.59864e-06
  1.193   3.420    0.00000e+00    0.00000e+00    0.00000e+00    0.00000e+00    0.00000e+00    2.59864e-06
  1.200   3.430    0.00000e+00    0.00000e+00    0.00000e+00    0.00000e+00    0.00000e+00    2.59864e-06
  1.207   3.440    0.00000e+00    0.00000e+00    0.00000e+00    0.00000e+00    0.00000e+00    2.59864e-06
  1.214   3.450    0.00000e+00    0.00000e+00    0.00000e+00    0.00000e+00    0.00000e+00    2.59864e-06
  1.221   3.460    0.00000e+00    0.00000e+00    0.00000e+00    0.00000e+00    0.00000e+00    2.59864e-06
  1.228   3.470    0.00000e+00    0.00000e+00    0.00000e+00    0.00000e+00    0.00000e+00    2.59864e-06
  1.235   3.480    0.00000e+00    0.00000e+00    0.00000e+00    0.00000e+00    0.00000e+00    2.59865e-06
  1.242   3.490    0.00000e+00    0.00000e+00    0.00000e+00    0.00000e+00    0.00000e+00    2.59865e-06
  1.249   3.500    0.00000e+00    0.00000e+00    0.00000e+00    0.00000e+00    0.00000e+00    2.59865e-06
  1.256   3.510    0.00000e+00    0.00000e+00    0.00000e+00    0.00000e+00    0.00000e+00    2.59865e-06
  1.264   3.520    0.00000e+00    0.00000e+00    0.00000e+00    0.00000e+00    0.00000e+00    2.59865e-06
  1.271   3.530    0.00000e+00    0.00000e+00    0.00000e+00    0.00000e+00    0.00000e+00    2.59866e-06
  1.278   3.540    0.00000e+00    0.00000e+00    0.00000e+00    0.00000e+00    0.00000e+00    2.59866e-06
  1.285   3.550    0.00000e+00    0.00000e+00    0.00000e+00    0.00000e+00    0.00000e+00    2.59866e-06
  1.292   3.560    0.00000e+00    0.00000e+00    0.00000e+00    0.00000e+00    0.00000e+00    2.59866e-06
  1.300   3.570    0.00000e+00    0.00000e+00    0.00000e+00    0.00000e+00    0.00000e+00    2.59866e-06
  1.307   3.580    0.00000e+00    0.00000e+00    0.00000e+00    0.00000e+00    0.00000e+00    2.59866e-06
  1.314   3.590    0.00000e+00    0.00000e+00    0.00000e+00    0.00000e+00    0.00000e+00    2.59866e-06
  1.322   3.600    0.00000e+00    0.00000e+00    0.00000e+00    0.00000e+00    0.00000e+00    2.59866e-06
  1.329   3.610    0.00000e+00    0.00000e+00    0.00000e+00    0.00000e+00    0.00000e+00    2.59866e-06
  1.336   3.620    0.00000e+00    0.00000e+00    0.00000e+00    0.00000e+00    0.00000e+00    2.59866e-06
  1.344   3.630    0.00000e+00    0.00000e+00    0.00000e+00    0.00000e+00    0.00000e+00    2.59867e-06
  1.351   3.640    0.00000e+00    0.00000e+00    0.00000e+00    0.00000e+00    0.00000e+00    2.59867e-06
  1.359   3.650    0.00000e+00    0.00000e+00    0.00000e+00    0.00000e+00    0.00000e+00    2.59867e-06
  1.366   3.660    0.00000e+00    0.00000e+00    0.00000e+00    0.00000e+00    0.00000e+00    2.59867e-06
  1.374   3.670    0.00000e+00    0.00000e+00    0.00000e+00    0.00000e+00    0.00000e+00    2.59867e-06
  1.381   3.680    0.00000e+00    0.00000e+00    0.00000e+00    0.00000e+00    0.00000e+00    2.59867e-06
  1.388   3.690    0.00000e+00    0.00000e+00    0.00000e+00    0.00000e+00    0.00000e+00    2.59867e-06
  1.396   3.700    0.00000e+00    0.00000e+00    0.00000e+00    0.00000e+00    0.00000e+00    2.59867e-06
  1.404   3.710    0.00000e+00    0.00000e+00    0.00000e+00    0.00000e+00    0.00000e+00    2.59868e-06
  1.411   3.720    0.00000e+00    0.00000e+00    0.00000e+00    0.00000e+00    0.00000e+00    2.59868e-06
  1.419   3.730    0.00000e+00    0.00000e+00    0.00000e+00    0.00000e+00    0.00000e+00    2.59868e-06
  1.426   3.740    0.00000e+00    0.00000e+00    0.00000e+00    0.00000e+00    0.00000e+00    2.59868e-06
  1.434   3.750    0.00000e+00    0.00000e+00    0.00000e+00    0.00000e+00    0.00000e+00    2.59868e-06
  1.442   3.760    0.00000e+00    0.00000e+00    0.00000e+00    0.00000e+00    0.00000e+00    2.59868e-06
  1.449   3.770    0.00000e+00    0.00000e+00    0.00000e+00    0.00000e+00    0.00000e+00    2.59868e-06
  1.457   3.780    0.00000e+00    0.00000e+00    0.00000e+00    0.00000e+00    0.00000e+00    2.59869e-06
  1.465   3.790    0.00000e+00    0.00000e+00    0.00000e+00    0.00000e+00    0.00000e+00    2.59869e-06
  1.472   3.800    0.00000e+00    0.00000e+00    0.00000e+00    0.00000e+00    0.00000e+00    2.59869e-06
  1.480   3.810    0.00000e+00    0.00000e+00    0.00000e+00    0.00000e+00    0.00000e+00    2.59869e-06
  1.488   3.820    0.00000e+00    0.00000e+00    0.00000e+00    0.00000e+00    0.00000e+00    2.59869e-06
  1.496   3.830    0.00000e+00    0.00000e+00    0.00000e+00    0.00000e+00    0.00000e+00    2.59869e-06
  1.504   3.840    0.00000e+00    0.00000e+00    0.00000e+00    0.00000e+00    0.00000e+00    2.59869e-06
  1.511   3.850    0.00000e+00    0.00000e+00    0.00000e+00    0.00000e+00    0.00000e+00    2.59870e-06
  1.519   3.860    0.00000e+00    0.00000e+00    0.00000e+00    0.00000e+00    0.00000e+00    2.59870e-06
  1.527   3.870    0.00000e+00    0.00000e+00    0.00000e+00    0.00000e+00    0.00000e+00    2.59870e-06
  1.535   3.880    0.00000e+00    0.00000e+00    0.00000e+00    0.00000e+00    0.00000e+00    2.59870e-06
  1.543   3.890    0.00000e+00    0.00000e+00    0.00000e+00    0.00000e+00    0.00000e+00    2.59870e-06
  1.551   3.900    0.00000e+00    0.00000e+00    0.00000e+00    0.00000e+00    0.00000e+00    2.59869e-06
  1.559   3.910    0.00000e+00    0.00000e+00    0.00000e+00    0.00000e+00    0.00000e+00    2.59870e-06
  1.567   3.920    0.00000e+00    0.00000e+00    0.00000e+00    0.00000e+00    0.00000e+00    2.59870e-06
  1.575   3.930    0.00000e+00    0.00000e+00    0.00000e+00    0.00000e+00    0.00000e+00    2.59870e-06
  1.583   3.940    0.00000e+00    0.00000e+00    0.00000e+00    0.00000e+00    0.00000e+00    2.59870e-06
  1.591   3.950    0.00000e+00    0.00000e+00    0.00000e+00    0.00000e+00    0.00000e+00    2.59870e-06
  1.599   3.960    0.00000e+00    0.00000e+00    0.00000e+00    0.00000e+00    0.00000e+00    2.59870e-06
  1.607   3.970    0.00000e+00    0.00000e+00    0.00000e+00    0.00000e+00    0.00000e+00    2.59870e-06
  1.615   3.980    0.00000e+00    0.00000e+00    0.00000e+00    0.00000e+00    0.00000e+00    2.59870e-06
  1.623   3.990    0.00000e+00    0.00000e+00    0.00000e+00    0.00000e+00    0.00000e+00    2.59870e-06
  1.632   4.000    0.00000e+00    0.00000e+00    0.00000e+00    0.00000e+00    0.00000e+00    2.59870e-06
  1.640   4.010    0.00000e+00    0.00000e+00    0.00000e+00    0.00000e+00    0.00000e+00    2.59871e-06
  1.648   4.020    0.00000e+00    0.00000e+00    0.00000e+00    0.00000e+00    0.00000e+00    2.59871e-06
  1.656   4.030    0.00000e+00    0.00000e+00    0.00000e+00    0.00000e+00    0.00000e+00    2.59871e-06
  1.664   4.040    0.00000e+00    0.00000e+00    0.00000e+00    0.00000e+00    0.00000e+00    2.59871e-06
  1.673   4.050    0.00000e+00    0.00000e+00    0.00000e+00    0.00000e+00    0.00000e+00    2.59872e-06
  1.681   4.060    0.00000e+00    0.00000e+00    0.00000e+00    0.00000e+00    0.00000e+00    2.59872e-06
  1.689   4.070    0.00000e+00    0.00000e+00    0.00000e+00    0.00000e+00    0.00000e+00    2.59872e-06
  1.698   4.080    0.00000e+00    0.00000e+00    0.00000e+00    0.00000e+00    0.00000e+00    2.59872e-06
  1.706   4.090    0.00000e+00    0.00000e+00    0.00000e+00    0.00000e+00    0.00000e+00    2.59872e-06
  1.714   4.100    0.00000e+00    0.00000e+00    0.00000e+00    0.00000e+00    0.00000e+00    2.59872e-06
  1.723   4.110    0.00000e+00    0.00000e+00    0.00000e+00    0.00000e+00    0.00000e+00    2.59872e-06
  1.731   4.120    0.00000e+00    0.00000e+00    0.00000e+00    0.00000e+00    0.00000e+00    2.59872e-06
  1.739   4.130    0.00000e+00    0.00000e+00    0.00000e+00    0.00000e+00    0.00000e+00    2.59872e-06
  1.748   4.140    0.00000e+00    0.00000e+00    0.00000e+00    0.00000e+00    0.00000e+00    2.59873e-06
  1.756   4.150    0.00000e+00    0.00000e+00    0.00000e+00    0.00000e+00    0.00000e+00    2.59873e-06
  1.765   4.160    0.00000e+00    0.00000e+00    0.00000e+00    0.00000e+00    0.00000e+00    2.59873e-06
  1.773   4.170    0.00000e+00    0.00000e+00    0.00000e+00    0.00000e+00    0.00000e+00    2.59873e-06
  1.782   4.180    0.00000e+00    0.00000e+00    0.00000e+00    0.00000e+00    0.00000e+00    2.59873e-06
  1.790   4.190    0.00000e+00    0.00000e+00    0.00000e+00    0.00000e+00    0.00000e+00    2.59873e-06
  1.799   4.200    0.00000e+00    0.00000e+00    0.00000e+00    0.00000e+00    0.00000e+00    2.59874e-06
  1.807   4.210    0.00000e+00    0.00000e+00    0.00000e+00    0.00000e+00    0.00000e+00    2.59874e-06
  1.816   4.220    0.00000e+00    0.00000e+00    0.00000e+00    0.00000e+00    0.00000e+00    2.59874e-06
  1.825   4.230    0.00000e+00    0.00000e+00    0.00000e+00    0.00000e+00    0.00000e+00    2.59874e-06
  1.833   4.240    0.00000e+00    0.00000e+00    0.00000e+00    0.00000e+00    0.00000e+00    2.59874e-06
  1.842   4.250    0.00000e+00    0.00000e+00    0.00000e+00    0.00000e+00    0.00000e+00    2.59875e-06
  1.851   4.260    0.00000e+00    0.00000e+00    0.00000e+00    0.00000e+00    0.00000e+00    2.59875e-06
  1.859   4.270    0.00000e+00    0.00000e+00    0.00000e+00    0.00000e+00    0.00000e+00    2.59876e-06
  1.868   4.280    0.00000e+00    0.00000e+00    0.00000e+00    0.00000e+00    0.00000e+00    2.59876e-06
  1.877   4.290    0.00000e+00    0.00000e+00    0.00000e+00    0.00000e+00    0.00000e+00    2.59877e-06
  1.885   4.300    0.00000e+00    0.00000e+00    0.00000e+00    0.00000e+00    0.00000e+00    2.59877e-06
  1.894   4.310    0.00000e+00    0.00000e+00    0.00000e+00    0.00000e+00    0.00000e+00    2.59877e-06
  1.903   4.320    0.00000e+00    0.00000e+00    0.00000e+00    0.00000e+00    0.00000e+00    2.59877e-06
  1.912   4.330    0.00000e+00    0.00000e+00    0.00000e+00    0.00000e+00    0.00000e+00    2.59877e-06
  1.921   4.340    0.00000e+00    0.00000e+00    0.00000e+00    0.00000e+00    0.00000e+00    2.59877e-06
  1.930   4.350    0.00000e+00    0.00000e+00    0.00000e+00    0.00000e+00    0.00000e+00    2.59877e-06
  1.938   4.360    0.00000e+00    0.00000e+00    0.00000e+00    0.00000e+00    0.00000e+00    2.59878e-06
  1.947   4.370    0.00000e+00    0.00000e+00    0.00000e+00    0.00000e+00    0.00000e+00    2.59878e-06
  1.956   4.380    0.00000e+00    0.00000e+00    0.00000e+00    0.00000e+00    0.00000e+00    2.59878e-06
  1.965   4.390    0.00000e+00    0.00000e+00    0.00000e+00    0.00000e+00    0.00000e+00    2.59878e-06
  1.974   4.400    0.00000e+00    0.00000e+00    0.00000e+00    0.00000e+00    0.00000e+00    2.59879e-06
  1.983   4.410    0.00000e+00    0.00000e+00    0.00000e+00    0.00000e+00    0.00000e+00    2.59879e-06
  1.992   4.420    0.00000e+00    0.00000e+00    0.00000e+00    0.00000e+00    0.00000e+00    2.59879e-06
  2.001   4.430    0.00000e+00    0.00000e+00    0.00000e+00    0.00000e+00    0.00000e+00    2.59879e-06
  2.010   4.440    0.00000e+00    0.00000e+00    0.00000e+00    0.00000e+00    0.00000e+00    2.59879e-06
  2.019   4.450    0.00000e+00    0.00000e+00    0.00000e+00    0.00000e+00    0.00000e+00    2.59879e-06
  2.028   4.460    0.00000e+00    0.00000e+00    0.00000e+00    0.00000e+00    0.00000e+00    2.59879e-06
  2.038   4.470    0.00000e+00    0.00000e+00    0.00000e+00    0.00000e+00    0.00000e+00    2.59879e-06
  2.047   4.480    0.00000e+00    0.00000e+00    0.00000e+00    0.00000e+00    0.00000e+00    2.59879e-06
  2.056   4.490    0.00000e+00    0.00000e+00    0.00000e+00    0.00000e+00    0.00000e+00    2.59879e-06
  2.065   4.500    0.00000e+00    0.00000e+00    0.00000e+00    0.00000e+00    0.00000e+00    2.59878e-06
  2.074   4.510    0.00000e+00    0.00000e+00    0.00000e+00    0.00000e+00    0.00000e+00    2.59878e-06
  2.083   4.520    0.00000e+00    0.00000e+00    0.00000e+00    0.00000e+00    0.00000e+00    2.59878e-06
  2.093   4.530    0.00000e+00    0.00000e+00    0.00000e+00    0.00000e+00    0.00000e+00    2.59879e-06
  2.102   4.540    0.00000e+00    0.00000e+00    0.00000e+00    0.00000e+00    0.00000e+00    2.59879e-06
  2.111   4.550    0.00000e+00    0.00000e+00    0.00000e+00    0.00000e+00    0.00000e+00    2.59879e-06
  2.120   4.560    0.00000e+00    0.00000e+00    0.00000e+00    0.00000e+00    0.00000e+00    2.59878e-06
  2.130   4.570    0.00000e+00    0.00000e+00    0.00000e+00    0.00000e+00    0.00000e+00    2.59878e-06
  2.139   4.580    0.00000e+00    0.00000e+00    0.00000e+00    0.00000e+00    0.00000e+00    2.59878e-06
  2.148   4.590    0.00000e+00    0.00000e+00    0.00000e+00    0.00000e+00    0.00000e+00    2.59878e-06
  2.158   4.600    0.00000e+00    0.00000e+00    0.00000e+00    0.00000e+00    0.00000e+00    2.59878e-06
  2.167   4.610    0.00000e+00    0.00000e+00    0.00000e+00    0.00000e+00    0.00000e+00    2.59878e-06
  2.177   4.620    0.00000e+00    0.00000e+00    0.00000e+00    0.00000e+00    0.00000e+00    2.59878e-06
  2.186   4.630    0.00000e+00    0.00000e+00    0.00000e+00    0.00000e+00    0.00000e+00    2.59878e-06
  2.195   4.640    0.00000e+00    0.00000e+00    0.00000e+00    0.00000e+00    0.00000e+00    2.59878e-06
  2.205   4.650    0.00000e+00    0.00000e+00    0.00000e+00    0.00000e+00    0.00000e+00    2.59878e-06
  2.214   4.660    0.00000e+00    0.00000e+00    0.00000e+00    0.00000e+00    0.00000e+00    2.59877e-06
  2.224   4.670    0.00000e+00    0.00000e+00    0.00000e+00    0.00000e+00    0.00000e+00    2.59877e-06
  2.233   4.680    0.00000e+00    0.00000e+00    0.00000e+00    0.00000e+00    0.00000e+00    2.59877e-06
  2.243   4.690    0.00000e+00    0.00000e+00    0.00000e+00    0.00000e+00    0.00000e+00    2.59877e-06
  2.253   4.700    0.00000e+00    0.00000e+00    0.00000e+00    0.00000e+00    0.00000e+00    2.59877e-06
  2.262   4.710    0.00000e+00    0.00000e+00    0.00000e+00    0.00000e+00    0.00000e+00    2.59878e-06
  2.272   4.720    0.00000e+00    0.00000e+00    0.00000e+00    0.00000e+00    0.00000e+00    2.59879e-06
  2.281   4.730    0.00000e+00    0.00000e+00    0.00000e+00    0.00000e+00    0.00000e+00    2.59880e-06
  2.291   4.740    0.00000e+00    0.00000e+00    0.00000e+00    0.00000e+00    0.00000e+00    2.59880e-06
  2.301   4.750    0.00000e+00    0.00000e+00    0.00000e+00    0.00000e+00    0.00000e+00    2.59881e-06
  2.310   4.760    0.00000e+00    0.00000e+00    0.00000e+00    0.00000e+00    0.00000e+00    2.59881e-06
  2.320   4.770    0.00000e+00    0.00000e+00    0.00000e+00    0.00000e+00    0.00000e+00    2.59881e-06
  2.330   4.780    0.00000e+00    0.00000e+00    0.00000e+00    0.00000e+00    0.00000e+00    2.59881e-06
  2.340   4.790    0.00000e+00    0.00000e+00    0.00000e+00    0.00000e+00    0.00000e+00    2.59881e-06
  2.349   4.800    0.00000e+00    0.00000e+00    0.00000e+00    0.00000e+00    0.00000e+00    2.59881e-06
  2.359   4.810    0.00000e+00    0.00000e+00    0.00000e+00    0.00000e+00    0.00000e+00    2.59880e-06
  2.369   4.820    0.00000e+00    0.00000e+00    0.00000e+00    0.00000e+00    0.00000e+00    2.59880e-06
  2.379   4.830    0.00000e+00    0.00000e+00    0.00000e+00    0.00000e+00    0.00000e+00    2.59880e-06
  2.389   4.840    0.00000e+00    0.00000e+00    0.00000e+00    0.00000e+00    0.00000e+00    2.59880e-06
  2.399   4.850    0.00000e+00    0.00000e+00    0.00000e+00    0.00000e+00    0.00000e+00    2.59880e-06
  2.409   4.860    0.00000e+00    0.00000e+00    0.00000e+00    0.00000e+00    0.00000e+00    2.59879e-06
  2.419   4.870    0.00000e+00    0.00000e+00    0.00000e+00    0.00000e+00    0.00000e+00    2.59879e-06
  2.428   4.880    0.00000e+00    0.00000e+00    0.00000e+00    0.00000e+00    0.00000e+00    2.59879e-06
  2.438   4.890    0.00000e+00    0.00000e+00    0.00000e+00    0.00000e+00    0.00000e+00    2.59879e-06
  2.448   4.900    0.00000e+00    0.00000e+00    0.00000e+00    0.00000e+00    0.00000e+00    2.59879e-06
  2.458   4.910    0.00000e+00    0.00000e+00    0.00000e+00    0.00000e+00    0.00000e+00    2.59878e-06
  2.468   4.920    0.00000e+00    0.00000e+00    0.00000e+00    0.00000e+00    0.00000e+00    2.59878e-06
  2.478   4.930    0.00000e+00    0.00000e+00    0.00000e+00    0.00000e+00    0.00000e+00    2.59878e-06
  2.489   4.940    0.00000e+00    0.00000e+00    0.00000e+00    0.00000e+00    0.00000e+00    2.59878e-06
  2.499   4.950    0.00000e+00    0.00000e+00    0.00000e+00    0.00000e+00    0.00000e+00    2.59877e-06
  2.509   4.960    0.00000e+00    0.00000e+00    0.00000e+00    0.00000e+00    0.00000e+00    2.59877e-06
  2.519   4.970    0.00000e+00    0.00000e+00    0.00000e+00    0.00000e+00    0.00000e+00    2.59877e-06
  2.529   4.980    0.00000e+00    0.00000e+00    0.00000e+00    0.00000e+00    0.00000e+00    2.59876e-06
  2.539   4.990    0.00000e+00    0.00000e+00    0.00000e+00    0.00000e+00    0.00000e+00    2.59876e-06
