  0.000   0.010    0.00000e+00    0.00000e+00    2.51084e+05    0.00000e+00    0.00000e+00    0.00000e+00
  0.000   0.020    0.00000e+00    0.00000e+00    2.51084e+05    0.00000e+00    0.00000e+00    0.00000e+00
  0.000   0.030    0.00000e+00    0.00000e+00    2.51084e+05    0.00000e+00    0.00000e+00    0.00000e+00
  0.000   0.040    0.00000e+00    0.00000e+00    2.51084e+05    0.00000e+00    0.00000e+00    0.00000e+00
  0.000   0.050    0.00000e+00    0.00000e+00    2.51084e+05    0.00000e+00    0.00000e+00    0.00000e+00
  0.000   0.060    0.00000e+00    0.00000e+00    2.51022e+05    0.00000e+00    0.00000e+00    0.00000e+00
  0.001   0.070    0.00000e+00    0.00000e+00    2.50960e+05    0.00000e+00    0.00000e+00    0.00000e+00
  0.001   0.080    0.00000e+00    0.00000e+00    2.50898e+05    0.00000e+00    0.00000e+00    0.00000e+00
  0.001   0.090    0.00000e+00    0.00000e+00    2.50836e+05    0.00000e+00    0.00000e+00    0.00000e+00
  0.001   0.100    0.00000e+00    0.00000e+00    2.50774e+05    0.00000e+00    0.00000e+00    0.00000e+00
  0.001   0.110    0.00000e+00    0.00000e+00    2.50780e+05    0.00000e+00    0.00000e+00    0.00000e+00
  0.002   0.120    0.00000e+00    0.00000e+00    2.50785e+05    0.00000e+00    0.00000e+00    0.00000e+00
  0.002   0.130    0.00000e+00    0.00000e+00    2.50791e+05    0.00000e+00    0.00000e+00    0.00000e+00
  0.002   0.140    0.00000e+00    0.00000e+00    2.50796e+05    0.00000e+00    0.00000e+00    0.00000e+00
  0.002   0.150    0.00000e+00    0.00000e+00    2.50802e+05    0.00000e+00    0.00000e+00    0.00000e+00
  0.003   0.160    0.00000e+00    0.00000e+00    2.50888e+05    0.00000e+00    0.00000e+00    0.00000e+00
  0.003   0.170    0.00000e+00    0.00000e+00    2.50975e+05    0.00000e+00    0.00000e+00    0.00000e+00
  0.003   0.180    0.00000e+00    0.00000e+00    2.51062e+05    0.00000e+00    0.00000e+00    0.00000e+00
  0.004   0.190    0.00000e+00    0.00000e+00    2.51149e+05    0.00000e+00    0.00000e+00    0.00000e+00
  0.004   0.200    0.00000e+00    0.00000e+00    2.51235e+05    0.00000e+00    0.00000e+00    0.00000e+00
  0.005   0.210    0.00000e+00    0.00000e+00    2.51442e+05    0.00000e+00    0.00000e+00    0.00000e+00
  0.005   0.220    0.00000e+00    0.00000e+00    2.51648e+05    0.00000e+00    0.00000e+00    0.00000e+00
  0.005   0.230    0.00000e+00    0.00000e+00    2.51854e+05    0.00000e+00    0.00000e+00    0.00000e+00
  0.006   0.240    0.00000e+00    0.00000e+00    2.52060e+05    0.00000e+00    0.00000e+00    0.00000e+00
  0.006   0.250    0.00000e+00    0.00000e+00    2.52266e+05    0.00000e+00    0.00000e+00    0.00000e+00
  0.007   0.260    0.00000e+00    0.00000e+00    2.52570e+05    0.00000e+00    0.00000e+00    0.00000e+00
  0.007   0.270    0.00000e+00    0.00000e+00    2.52874e+05    0.00000e+00    0.00000e+00    0.00000e+00
  0.008   0.280    0.00000e+00    0.00000e+00    2.53178e+05    0.00000e+00    0.00000e+00    0.00000e+00
  0.009   0.290    0.00000e+00    0.00000e+00    2.53482e+05    0.00000e+00    0.00000e+00    0.00000e+00
  0.009   0.300    0.00000e+00    0.00000e+00    2.53786e+05    0.00000e+00    0.00000e+00    0.00000e+00
  0.010   0.310    0.00000e+00    0.00000e+00    2.54075e+05    0.00000e+00    0.00000e+00    0.00000e+00
  0.011   0.320    0.00000e+00    0.00000e+00    2.54364e+05    0.00000e+00    0.00000e+00    0.00000e+00
  0.011   0.330    0.00000e+00    0.00000e+00    2.54654e+05    0.00000e+00    0.00000e+00    0.00000e+00
  0.012   0.340    0.00000e+00    0.00000e+00    2.54943e+05    0.00000e+00    0.00000e+00    0.00000e+00
  0.012   0.350    0.00000e+00    0.00000e+00    2.55232e+05    0.00000e+00    0.00000e+00    0.00000e+00
  0.013   0.360    0.00000e+00    0.00000e+00    2.55401e+05    0.00000e+00    0.00000e+00    0.00000e+00
  0.014   0.370    0.00000e+00    0.00000e+00    2.55570e+05    0.00000e+00    0.00000e+00    0.00000e+00
  0.015   0.380    0.00000e+00    0.00000e+00    2.55738e+05    0.00000e+00    0.00000e+00    0.00000e+00
  0.016   0.390    0.00000e+00    0.00000e+00    2.55907e+05    0.00000e+00    0.00000e+00    0.00000e+00
  0.016   0.400    0.00000e+00    0.00000e+00    2.56076e+05    0.00000e+00    0.00000e+00    0.00000e+00
  0.017   0.410    0.00000e+00    0.00000e+00    2.56078e+05    0.00000e+00    0.00000e+00    0.00000e+00
  0.018   0.420    0.00000e+00    0.00000e+00    2.56079e+05    0.00000e+00    0.00000e+00    0.00000e+00
  0.019   0.430    0.00000e+00    0.00000e+00    2.56081e+05    0.00000e+00    0.00000e+00    0.00000e+00
  0.020   0.440    0.00000e+00    0.00000e+00    2.56082e+05    0.00000e+00    0.00000e+00    0.00000e+00
  0.021   0.450    0.00000e+00    0.00000e+00    2.56084e+05    0.00000e+00    0.00000e+00    0.00000e+00
  0.022   0.460    0.00000e+00    0.00000e+00    2.55920e+05    0.00000e+00    0.00000e+00    0.00000e+00
  0.023   0.470    0.00000e+00    0.00000e+00    2.55757e+05    0.00000e+00    0.00000e+00    0.00000e+00
  0.024   0.480    0.00000e+00    0.00000e+00    2.55593e+05    0.00000e+00    0.00000e+00    0.00000e+00
  0.025   0.490    0.00000e+00    0.00000e+00    2.55430e+05    0.00000e+00    0.00000e+00    0.00000e+00
  0.025   0.500    0.00000e+00    0.00000e+00    2.55266e+05    0.00000e+00    0.00000e+00    0.00000e+00
  0.027   0.510    0.00000e+00    0.00000e+00    2.54977e+05    0.00000e+00    0.00000e+00    0.00000e+00
  0.028   0.520    0.00000e+00    0.00000e+00    2.54688e+05    0.00000e+00    0.00000e+00    0.00000e+00
  0.029   0.530    0.00000e+00    0.00000e+00    2.54399e+05    0.00000e+00    0.00000e+00    0.00000e+00
  0.030   0.540    0.00000e+00    0.00000e+00    2.54110e+05    0.00000e+00    0.00000e+00    0.00000e+00
  0.031   0.550    0.00000e+00    0.00000e+00    2.53821e+05    0.00000e+00    0.00000e+00    0.00000e+00
  0.032   0.560    0.00000e+00    0.00000e+00    2.53454e+05    0.00000e+00    0.00000e+00    0.00000e+00
  0.033   0.570    0.00000e+00    0.00000e+00    2.53086e+05    0.00000e+00    0.00000e+00    0.00000e+00
  0.034   0.580    0.00000e+00    0.00000e+00    2.52719e+05    0.00000e+00    0.00000e+00    0.00000e+00
  0.036   0.590    0.00000e+00    0.00000e+00    2.52351e+05    0.00000e+00    0.00000e+00    0.00000e+00
  0.037   0.600    0.00000e+00    0.00000e+00    2.51984e+05    0.00000e+00    0.00000e+00    0.00000e+00
  0.038   0.610    0.00000e+00    0.00000e+00    2.51579e+05    0.00000e+00    0.00000e+00    0.00000e+00
  0.039   0.620    0.00000e+00    0.00000e+00    2.51175e+05    0.00000e+00    0.00000e+00    0.00000e+00
  0.041   0.630    0.00000e+00    0.00000e+00    2.50770e+05    0.00000e+00    0.00000e+00    0.00000e+00
  0.042   0.640    0.00000e+00    0.00000e+00    2.50366e+05    0.00000e+00    0.00000e+00    0.00000e+00
  0.043   0.650    0.00000e+00    0.00000e+00    2.49961e+05    0.00000e+00    0.00000e+00    0.00000e+00
  0.044   0.660    0.00000e+00    0.00000e+00    2.49547e+05    0.00000e+00    0.00000e+00    0.00000e+00
  0.046   0.670    0.00000e+00    0.00000e+00    2.49134e+05    0.00000e+00    0.00000e+00    0.00000e+00
  0.047   0.680    0.00000e+00    0.00000e+00    2.48720e+05    0.00000e+00    0.00000e+00    0.00000e+00
  0.049   0.690    0.00000e+00    0.00000e+00    2.48306e+05    0.00000e+00    0.00000e+00    0.00000e+00
  0.050   0.700    0.00000e+00    0.00000e+00    2.47893e+05    0.00000e+00    0.00000e+00    0.00000e+00
  0.051   0.710    0.00000e+00    0.00000e+00    2.47489e+05    0.00000e+00    0.00000e+00    0.00000e+00
  0.053   0.720    0.00000e+00    0.00000e+00    2.47086e+05    0.00000e+00    0.00000e+00    0.00000e+00
  0.054   0.730    0.00000e+00    0.00000e+00    2.46682e+05    0.00000e+00    0.00000e+00    0.00000e+00
  0.056   0.740    0.00000e+00    0.00000e+00    2.46278e+05    0.00000e+00    0.00000e+00    0.00000e+00
  0.057   0.750    0.00000e+00    0.00000e+00    2.45875e+05    0.00000e+00    0.00000e+00    0.00000e+00
  0.059   0.760    0.00000e+00    0.00000e+00    2.45493e+05    0.00000e+00    0.00000e+00    0.00000e+00
  0.061   0.770    0.00000e+00    0.00000e+00    2.45112e+05    0.00000e+00    0.00000e+00    0.00000e+00
  0.062   0.780    0.00000e+00    0.00000e+00    2.44730e+05    0.00000e+00    0.00000e+00    0.00000e+00
  0.064   0.790    0.00000e+00    0.00000e+00    2.44348e+05    0.00000e+00    0.00000e+00    0.00000e+00
  0.065   0.800    0.00000e+00    0.00000e+00    2.43967e+05    0.00000e+00    0.00000e+00    0.00000e+00
  0.067   0.810    0.00000e+00    0.00000e+00    2.43616e+05    0.00000e+00    0.00000e+00    0.00000e+00
  0.069   0.820    0.00000e+00    0.00000e+00    2.43266e+05    0.00000e+00    0.00000e+00    0.00000e+00
  0.070   0.830    0.00000e+00    0.00000e+00    2.42916e+05    0.00000e+00    0.00000e+00    0.00000e+00
  0.072   0.840    0.00000e+00    0.00000e+00    2.42566e+05    0.00000e+00    0.00000e+00    0.00000e+00
  0.074   0.850    0.00000e+00    0.00000e+00    2.42215e+05    0.00000e+00    0.00000e+00    0.00000e+00
  0.075   0.860    0.00000e+00    0.00000e+00    2.41902e+05    0.00000e+00    0.00000e+00    0.00000e+00
  0.077   0.870    0.00000e+00    0.00000e+00    2.41589e+05    0.00000e+00    0.00000e+00    0.00000e+00
  0.079   0.880    0.00000e+00    0.00000e+00    2.41275e+05    0.00000e+00    0.00000e+00    0.00000e+00
  0.081   0.890    0.00000e+00    0.00000e+00    2.40962e+05    0.00000e+00    0.00000e+00    0.00000e+00
  0.083   0.900    0.00000e+00    0.00000e+00    2.40648e+05    0.00000e+00    0.00000e+00    0.00000e+00
  0.084   0.910    0.00000e+00    0.00000e+00    2.40376e+05    0.00000e+00    0.00000e+00    0.00000e+00
  0.086   0.920    0.00000e+00    0.00000e+00    2.40105e+05    0.00000e+00    0.00000e+00    0.00000e+00
  0.088   0.930    0.00000e+00    0.00000e+00    2.39833e+05    0.00000e+00    0.00000e+00    0.00000e+00
  0.090   0.940    0.00000e+00    0.00000e+00    2.39561e+05    0.00000e+00    0.00000e+00    0.00000e+00
  0.092   0.950    0.00000e+00    0.00000e+00    2.39289e+05    0.00000e+00    0.00000e+00    0.00000e+00
  0.094   0.960    0.00000e+00    0.00000e+00    2.39060e+05    0.00000e+00    0.00000e+00    0.00000e+00
  0.096   0.970    0.00000e+00    0.00000e+00    2.38832e+05    0.00000e+00    0.00000e+00    0.00000e+00
  0.098   0.980    0.00000e+00    0.00000e+00    2.38603e+05    0.00000e+00    0.00000e+00    0.00000e+00
  0.100   0.990    0.00000e+00    0.00000e+00    2.38375e+05    0.00000e+00    0.00000e+00    0.00000e+00
  0.102   1.000    0.00000e+00    0.00000e+00    2.38147e+05    0.00000e+00    0.00000e+00    0.00000e+00
  0.104   1.010    0.00000e+00    0.00000e+00    2.37963e+05    0.00000e+00    0.00000e+00    0.00000e+00
  0.106   1.020    0.00000e+00    0.00000e+00    2.37778e+05    0.00000e+00    0.00000e+00    0.00000e+00
  0.108   1.030    0.00000e+00    0.00000e+00    2.37594e+05    0.00000e+00    0.00000e+00    0.00000e+00
  0.110   1.040    0.00000e+00    0.00000e+00    2.37410e+05    0.00000e+00    0.00000e+00    0.00000e+00
  0.112   1.050    0.00000e+00    0.00000e+00    2.37226e+05    0.00000e+00    0.00000e+00    0.00000e+00
  0.115   1.060    0.00000e+00    0.00000e+00    2.37083e+05    0.00000e+00    0.00000e+00    0.00000e+00
  0.117   1.070    0.00000e+00    0.00000e+00    2.36941e+05    0.00000e+00    0.00000e+00    0.00000e+00
  0.119   1.080    0.00000e+00    0.00000e+00    2.36798e+05    0.00000e+00    0.00000e+00    0.00000e+00
  0.121   1.090    0.00000e+00    0.00000e+00    2.36655e+05    0.00000e+00    0.00000e+00    0.00000e+00
  0.123   1.100    0.00000e+00    0.00000e+00    2.36513e+05    0.00000e+00    0.00000e+00    0.00000e+00
  0.126   1.110    0.00000e+00    0.00000e+00    2.36409e+05    0.00000e+00    0.00000e+00    0.00000e+00
  0.128   1.120    0.00000e+00    0.00000e+00    2.36306e+05    0.00000e+00    0.00000e+00    0.00000e+00
  0.130   1.130    0.00000e+00    0.00000e+00    2.36203e+05    0.00000e+00    0.00000e+00    0.00000e+00
  0.133   1.140    0.00000e+00    0.00000e+00    2.36099e+05    0.00000e+00    0.00000e+00    0.00000e+00
  0.135   1.150    0.00000e+00    0.00000e+00    2.35996e+05    0.00000e+00    0.00000e+00    0.00000e+00
  0.137   1.160    0.00000e+00    0.00000e+00    2.35929e+05    0.00000e+00    0.00000e+00    0.00000e+00
  0.140   1.170    0.00000e+00    0.00000e+00    2.35861e+05    0.00000e+00    0.00000e+00    0.00000e+00
  0.142   1.180    0.00000e+00    0.00000e+00    2.35794e+05    0.00000e+00    0.00000e+00    0.00000e+00
  0.144   1.190    0.00000e+00    0.00000e+00    2.35727e+05    0.00000e+00    0.00000e+00    0.00000e+00
  0.147   1.200    0.00000e+00    0.00000e+00    2.35659e+05    0.00000e+00    0.00000e+00    0.00000e+00
  0.149   1.210    0.00000e+00    0.00000e+00    2.35622e+05    0.00000e+00    0.00000e+00    0.00000e+00
  0.152   1.220    0.00000e+00    0.00000e+00    2.35585e+05    0.00000e+00    0.00000e+00    0.00000e+00
  0.154   1.230    0.00000e+00    0.00000e+00    2.35548e+05    0.00000e+00    0.00000e+00    0.00000e+00
  0.157   1.240    0.00000e+00    0.00000e+00    2.35512e+05    0.00000e+00    0.00000e+00    0.00000e+00
  0.159   1.250    0.00000e+00    0.00000e+00    2.35475e+05    0.00000e+00    0.00000e+00    0.00000e+00
  0.162   1.260    0.00000e+00    0.00000e+00    2.35465e+05    0.00000e+00    0.00000e+00    0.00000e+00
  0.165   1.270    0.00000e+00    0.00000e+00    2.35456e+05    0.00000e+00    0.00000e+00    0.00000e+00
  0.167   1.280    0.00000e+00    0.00000e+00    2.35446e+05    0.00000e+00    0.00000e+00    0.00000e+00
  0.170   1.290    0.00000e+00    0.00000e+00    2.35437e+05    0.00000e+00    0.00000e+00    0.00000e+00
  0.172   1.300    0.00000e+00    0.00000e+00    2.35428e+05    0.00000e+00    0.00000e+00    0.00000e+00
  0.175   1.310    0.00000e+00    0.00000e+00    2.35438e+05    0.00000e+00    0.00000e+00    0.00000e+00
  0.178   1.320    0.00000e+00    0.00000e+00    2.35449e+05    0.00000e+00    0.00000e+00    0.00000e+00
  0.180   1.330    0.00000e+00    0.00000e+00    2.35459e+05    0.00000e+00    0.00000e+00    0.00000e+00
  0.183   1.340    0.00000e+00    0.00000e+00    2.35470e+05    0.00000e+00    0.00000e+00    0.00000e+00
  0.186   1.350    0.00000e+00    0.00000e+00    2.35480e+05    0.00000e+00    0.00000e+00    0.00000e+00
  0.189   1.360    0.00000e+00    0.00000e+00    2.35507e+05    0.00000e+00    0.00000e+00    0.00000e+00
  0.191   1.370    0.00000e+00    0.00000e+00    2.35534e+05    0.00000e+00    0.00000e+00    0.00000e+00
  0.194   1.380    0.00000e+00    0.00000e+00    2.35560e+05    0.00000e+00    0.00000e+00    0.00000e+00
  0.197   1.390    0.00000e+00    0.00000e+00    2.35587e+05    0.00000e+00    0.00000e+00    0.00000e+00
  0.200   1.400    0.00000e+00    0.00000e+00    2.35614e+05    0.00000e+00    0.00000e+00    0.00000e+00
  0.203   1.410    0.00000e+00    0.00000e+00    2.35653e+05    0.00000e+00    0.00000e+00    0.00000e+00
  0.206   1.420    0.00000e+00    0.00000e+00    2.35693e+05    0.00000e+00    0.00000e+00    0.00000e+00
  0.209   1.430    0.00000e+00    0.00000e+00    2.35733e+05    0.00000e+00    0.00000e+00    0.00000e+00
  0.211   1.440    0.00000e+00    0.00000e+00    2.35772e+05    0.00000e+00    0.00000e+00    0.00000e+00
  0.214   1.450    0.00000e+00    0.00000e+00    2.35812e+05    0.00000e+00    0.00000e+00    0.00000e+00
  0.217   1.460    0.00000e+00    0.00000e+00    2.35861e+05    0.00000e+00    0.00000e+00    0.00000e+00
  0.220   1.470    0.00000e+00    0.00000e+00    2.35910e+05    0.00000e+00    0.00000e+00    0.00000e+00
  0.223   1.480    0.00000e+00    0.00000e+00    2.35959e+05    0.00000e+00    0.00000e+00    0.00000e+00
  0.226   1.490    0.00000e+00    0.00000e+00    2.36008e+05    0.00000e+00    0.00000e+00    0.00000e+00
  0.229   1.500    0.00000e+00    0.00000e+00    2.36058e+05    0.00000e+00    0.00000e+00    0.00000e+00
  0.233   1.510    0.00000e+00    0.00000e+00    2.36112e+05    0.00000e+00    0.00000e+00    0.00000e+00
  0.236   1.520    0.00000e+00    0.00000e+00    2.36166e+05    0.00000e+00    0.00000e+00    0.00000e+00
  0.239   1.530    0.00000e+00    0.00000e+00    2.36221e+05    0.00000e+00    0.00000e+00    0.00000e+00
  0.242   1.540    0.00000e+00    0.00000e+00    2.36275e+05    0.00000e+00    0.00000e+00    0.00000e+00
  0.245   1.550    0.00000e+00    0.00000e+00    2.36329e+05    0.00000e+00    0.00000e+00    0.00000e+00
  0.248   1.560    0.00000e+00    0.00000e+00    2.36386e+05    0.00000e+00    0.00000e+00    0.00000e+00
  0.251   1.570    0.00000e+00    0.00000e+00    2.36443e+05    0.00000e+00    0.00000e+00    0.00000e+00
  0.255   1.580    0.00000e+00    0.00000e+00    2.36500e+05    0.00000e+00    0.00000e+00    0.00000e+00
  0.258   1.590    0.00000e+00    0.00000e+00    2.36557e+05    0.00000e+00    0.00000e+00    0.00000e+00
  0.261   1.600    0.00000e+00    0.00000e+00    2.36614e+05    0.00000e+00    0.00000e+00    0.00000e+00
  0.264   1.610    0.00000e+00    0.00000e+00    2.36672e+05    0.00000e+00    0.00000e+00    0.00000e+00
  0.268   1.620    0.00000e+00    0.00000e+00    2.36730e+05    0.00000e+00    0.00000e+00    0.00000e+00
  0.271   1.630    0.00000e+00    0.00000e+00    2.36787e+05    0.00000e+00    0.00000e+00    0.00000e+00
  0.274   1.640    0.00000e+00    0.00000e+00    2.36845e+05    0.00000e+00    0.00000e+00    0.00000e+00
  0.278   1.650    0.00000e+00    0.00000e+00    2.36903e+05    0.00000e+00    0.00000e+00    0.00000e+00
  0.281   1.660    0.00000e+00    0.00000e+00    2.36961e+05    0.00000e+00    0.00000e+00    0.00000e+00
  0.284   1.670    0.00000e+00    0.00000e+00    2.37018e+05    0.00000e+00    0.00000e+00    0.00000e+00
  0.288   1.680    0.00000e+00    0.00000e+00    2.37076e+05    0.00000e+00    0.00000e+00    0.00000e+00
  0.291   1.690    0.00000e+00    0.00000e+00    2.37134e+05    0.00000e+00    0.00000e+00    0.00000e+00
  0.295   1.700    0.00000e+00    0.00000e+00    2.37192e+05    0.00000e+00    0.00000e+00    0.00000e+00
  0.298   1.710    0.00000e+00    0.00000e+00    2.37246e+05    0.00000e+00    0.00000e+00    0.00000e+00
  0.302   1.720    0.00000e+00    0.00000e+00    2.37301e+05    0.00000e+00    0.00000e+00    0.00000e+00
  0.305   1.730    0.00000e+00    0.00000e+00    2.37356e+05    0.00000e+00    0.00000e+00    0.00000e+00
  0.309   1.740    0.00000e+00    0.00000e+00    2.37411e+05    0.00000e+00    0.00000e+00    0.00000e+00
  0.312   1.750    0.00000e+00    0.00000e+00    2.37466e+05    0.00000e+00    0.00000e+00    0.00000e+00
  0.316   1.760    0.00000e+00    0.00000e+00    2.37519e+05    0.00000e+00    0.00000e+00    0.00000e+00
  0.320   1.770    0.00000e+00    0.00000e+00    2.37573e+05    0.00000e+00    0.00000e+00    0.00000e+00
  0.323   1.780    0.00000e+00    0.00000e+00    2.37626e+05    0.00000e+00    0.00000e+00    0.00000e+00
  0.327   1.790    0.00000e+00    0.00000e+00    2.37679e+05    0.00000e+00    0.00000e+00    0.00000e+00
  0.330   1.800    0.00000e+00    0.00000e+00    2.37733e+05    0.00000e+00    0.00000e+00    0.00000e+00
  0.334   1.810    0.00000e+00    0.00000e+00    2.37782e+05    0.00000e+00    0.00000e+00    0.00000e+00
  0.338   1.820    0.00000e+00    0.00000e+00    2.37832e+05    0.00000e+00    0.00000e+00    0.00000e+00
  0.342   1.830    0.00000e+00    0.00000e+00    2.37882e+05    0.00000e+00    0.00000e+00    0.00000e+00
  0.345   1.840    0.00000e+00    0.00000e+00    2.37932e+05    0.00000e+00    0.00000e+00    0.00000e+00
  0.349   1.850    0.00000e+00    0.00000e+00    2.37982e+05    0.00000e+00    0.00000e+00    0.00000e+00
  0.353   1.860    0.00000e+00    0.00000e+00    2.38028e+05    0.00000e+00    0.00000e+00    0.00000e+00
  0.357   1.870    0.00000e+00    0.00000e+00    2.38074e+05    0.00000e+00    0.00000e+00    0.00000e+00
  0.360   1.880    0.00000e+00    0.00000e+00    2.38121e+05    0.00000e+00    0.00000e+00    0.00000e+00
  0.364   1.890    0.00000e+00    0.00000e+00    2.38167e+05    0.00000e+00    0.00000e+00    0.00000e+00
  0.368   1.900    0.00000e+00    0.00000e+00    2.38214e+05    0.00000e+00    0.00000e+00    0.00000e+00
  0.372   1.910    0.00000e+00    0.00000e+00    2.38257e+05    0.00000e+00    0.00000e+00    0.00000e+00
  0.376   1.920    0.00000e+00    0.00000e+00    2.38299e+05    0.00000e+00    0.00000e+00    0.00000e+00
  0.380   1.930    0.00000e+00    0.00000e+00    2.38342e+05    0.00000e+00    0.00000e+00    0.00000e+00
  0.384   1.940    0.00000e+00    0.00000e+00    2.38385e+05    0.00000e+00    0.00000e+00    0.00000e+00
  0.388   1.950    0.00000e+00    0.00000e+00    2.38428e+05    0.00000e+00    0.00000e+00    0.00000e+00
  0.392   1.960    0.00000e+00    0.00000e+00    2.38467e+05    0.00000e+00    0.00000e+00    0.00000e+00
  0.396   1.970    0.00000e+00    0.00000e+00    2.38507e+05    0.00000e+00    0.00000e+00    0.00000e+00
  0.400   1.980    0.00000e+00    0.00000e+00    2.38546e+05    0.00000e+00    0.00000e+00    0.00000e+00
  0.404   1.990    0.00000e+00    0.00000e+00    2.38585e+05    0.00000e+00    0.00000e+00    0.00000e+00
  0.408   2.000    0.00000e+00    0.00000e+00    2.38625e+05    0.00000e+00    0.00000e+00    0.00000e+00
  0.412   2.010    0.00000e+00    0.00000e+00    2.38661e+05    0.00000e+00    0.00000e+00    0.00000e+00
  0.416   2.020    0.00000e+00    0.00000e+00    2.38697e+05    0.00000e+00    0.00000e+00    0.00000e+00
  0.420   2.030    0.00000e+00    0.00000e+00    2.38733e+05    0.00000e+00    0.00000e+00    0.00000e+00
  0.424   2.040    0.00000e+00    0.00000e+00    2.38770e+05    0.00000e+00    0.00000e+00    0.00000e+00
  0.429   2.050    0.00000e+00    0.00000e+00    2.38806e+05    0.00000e+00    0.00000e+00    0.00000e+00
  0.433   2.060    0.00000e+00    0.00000e+00    2.38839e+05    0.00000e+00    0.00000e+00    0.00000e+00
  0.437   2.070    0.00000e+00    0.00000e+00    2.38871e+05    0.00000e+00    0.00000e+00    0.00000e+00
  0.441   2.080    0.00000e+00    0.00000e+00    2.38904e+05    0.00000e+00    0.00000e+00    0.00000e+00
  0.445   2.090    0.00000e+00    0.00000e+00    2.38937e+05    0.00000e+00    0.00000e+00    0.00000e+00
  0.450   2.100    0.00000e+00    0.00000e+00    2.38969e+05    0.00000e+00    0.00000e+00    0.00000e+00
  0.454   2.110    0.00000e+00    0.00000e+00    2.39000e+05    0.00000e+00    0.00000e+00    0.00000e+00
  0.458   2.120    0.00000e+00    0.00000e+00    2.39030e+05    0.00000e+00    0.00000e+00    0.00000e+00
  0.463   2.130    0.00000e+00    0.00000e+00    2.39061e+05    0.00000e+00    0.00000e+00    0.00000e+00
  0.467   2.140    0.00000e+00    0.00000e+00    2.39091e+05    0.00000e+00    0.00000e+00    0.00000e+00
  0.471   2.150    0.00000e+00    0.00000e+00    2.39122e+05    0.00000e+00    0.00000e+00    0.00000e+00
  0.476   2.160    0.00000e+00    0.00000e+00    2.39150e+05    0.00000e+00    0.00000e+00    0.00000e+00
  0.480   2.170    0.00000e+00    0.00000e+00    2.39177e+05    0.00000e+00    0.00000e+00    0.00000e+00
  0.485   2.180    0.00000e+00    0.00000e+00    2.39205e+05    0.00000e+00    0.00000e+00    0.00000e+00
  0.489   2.190    0.00000e+00    0.00000e+00    2.39233e+05    0.00000e+00    0.00000e+00    0.00000e+00
  0.494   2.200    0.00000e+00    0.00000e+00    2.39261e+05    0.00000e+00    0.00000e+00    0.00000e+00
  0.498   2.210    0.00000e+00    0.00000e+00    2.39285e+05    0.00000e+00    0.00000e+00    0.00000e+00
  0.503   2.220    0.00000e+00    0.00000e+00    2.39309e+05    0.00000e+00    0.00000e+00    0.00000e+00
  0.507   2.230    0.00000e+00    0.00000e+00    2.39333e+05    0.00000e+00    0.00000e+00    0.00000e+00
  0.512   2.240    0.00000e+00    0.00000e+00    2.39357e+05    0.00000e+00    0.00000e+00    0.00000e+00
  0.516   2.250    0.00000e+00    0.00000e+00    2.39381e+05    0.00000e+00    0.00000e+00    0.00000e+00
  0.521   2.260    0.00000e+00    0.00000e+00    2.39404e+05    0.00000e+00    0.00000e+00    0.00000e+00
  0.526   2.270    0.00000e+00    0.00000e+00    2.39426e+05    0.00000e+00    0.00000e+00    0.00000e+00
  0.530   2.280    0.00000e+00    0.00000e+00    2.39448e+05    0.00000e+00    0.00000e+00    0.00000e+00
  0.535   2.290    0.00000e+00    0.00000e+00    2.39471e+05    0.00000e+00    0.00000e+00    0.00000e+00
  0.539   2.300    0.00000e+00    0.00000e+00    2.39493e+05    0.00000e+00    0.00000e+00    0.00000e+00
  0.544   2.310    0.00000e+00    0.00000e+00    2.39514e+05    0.00000e+00    0.00000e+00    0.00000e+00
  0.549   2.320    0.00000e+00    0.00000e+00    2.39535e+05    0.00000e+00    0.00000e+00    0.00000e+00
  0.554   2.330    0.00000e+00    0.00000e+00    2.39557e+05    0.00000e+00    0.00000e+00    0.00000e+00
  0.558   2.340    0.00000e+00    0.00000e+00    2.39578e+05    0.00000e+00    0.00000e+00    0.00000e+00
  0.563   2.350    0.00000e+00    0.00000e+00    2.39599e+05    0.00000e+00    0.00000e+00    0.00000e+00
  0.568   2.360    0.00000e+00    0.00000e+00    2.39618e+05    0.00000e+00    0.00000e+00    0.00000e+00
  0.573   2.370    0.00000e+00    0.00000e+00    2.39637e+05    0.00000e+00    0.00000e+00    0.00000e+00
  0.578   2.380    0.00000e+00    0.00000e+00    2.39656e+05    0.00000e+00    0.00000e+00    0.00000e+00
  0.583   2.390    0.00000e+00    0.00000e+00    2.39675e+05    0.00000e+00    0.00000e+00    0.00000e+00
  0.587   2.400    0.00000e+00    0.00000e+00    2.39694e+05    0.00000e+00    0.00000e+00    0.00000e+00
  0.592   2.410    0.00000e+00    0.00000e+00    2.39711e+05    0.00000e+00    0.00000e+00    0.00000e+00
  0.597   2.420    0.00000e+00    0.00000e+00    2.39728e+05    0.00000e+00    0.00000e+00    0.00000e+00
  0.602   2.430    0.00000e+00    0.00000e+00    2.39745e+05    0.00000e+00    0.00000e+00    0.00000e+00
  0.607   2.440    0.00000e+00    0.00000e+00    2.39763e+05    0.00000e+00    0.00000e+00    0.00000e+00
  0.612   2.450    0.00000e+00    0.00000e+00    2.39780e+05    0.00000e+00    0.00000e+00    0.00000e+00
  0.617   2.460    0.00000e+00    0.00000e+00    2.39795e+05    0.00000e+00    0.00000e+00    0.00000e+00
  0.622   2.470    0.00000e+00    0.00000e+00    2.39811e+05    0.00000e+00    0.00000e+00    0.00000e+00
  0.627   2.480    0.00000e+00    0.00000e+00    2.39826e+05    0.00000e+00    0.00000e+00    0.00000e+00
  0.632   2.490    0.00000e+00    0.00000e+00    2.39841e+05    0.00000e+00    0.00000e+00    0.00000e+00
  0.637   2.500    0.00000e+00    0.00000e+00    2.39857e+05    0.00000e+00    0.00000e+00    0.00000e+00
  0.642   2.510    0.00000e+00    0.00000e+00    2.39871e+05    0.00000e+00    0.00000e+00    0.00000e+00
  0.648   2.520    0.00000e+00    0.00000e+00    2.39884e+05    0.00000e+00    0.00000e+00    0.00000e+00
  0.653   2.530    0.00000e+00    0.00000e+00    2.39898e+05    0.00000e+00    0.00000e+00    0.00000e+00
  0.658   2.540    0.00000e+00    0.00000e+00    2.39912e+05    0.00000e+00    0.00000e+00    0.00000e+00
  0.663   2.550    0.00000e+00    0.00000e+00    2.39926e+05    0.00000e+00    0.00000e+00    0.00000e+00
  0.668   2.560    0.00000e+00    0.00000e+00    2.39939e+05    0.00000e+00    0.00000e+00    0.00000e+00
  0.674   2.570    0.00000e+00    0.00000e+00    2.39953e+05    0.00000e+00    0.00000e+00    0.00000e+00
  0.679   2.580    0.00000e+00    0.00000e+00    2.39966e+05    0.00000e+00    0.00000e+00    0.00000e+00
  0.684   2.590    0.00000e+00    0.00000e+00    2.39979e+05    0.00000e+00    0.00000e+00    0.00000e+00
  0.689   2.600    0.00000e+00    0.00000e+00    2.39992e+05    0.00000e+00    0.00000e+00    0.00000e+00
  0.695   2.610    0.00000e+00    0.00000e+00    2.40005e+05    0.00000e+00    0.00000e+00    0.00000e+00
  0.700   2.620    0.00000e+00    0.00000e+00    2.40018e+05    0.00000e+00    0.00000e+00    0.00000e+00
  0.705   2.630    0.00000e+00    0.00000e+00    2.40030e+05    0.00000e+00    0.00000e+00    0.00000e+00
  0.711   2.640    0.00000e+00    0.00000e+00    2.40043e+05    0.00000e+00    0.00000e+00    0.00000e+00
  0.716   2.650    0.00000e+00    0.00000e+00    2.40055e+05    0.00000e+00    0.00000e+00    0.00000e+00
  0.722   2.660    0.00000e+00    0.00000e+00    2.40067e+05    0.00000e+00    0.00000e+00    0.00000e+00
  0.727   2.670    0.00000e+00    0.00000e+00    2.40078e+05    0.00000e+00    0.00000e+00    0.00000e+00
  0.732   2.680    0.00000e+00    0.00000e+00    2.40090e+05    0.00000e+00    0.00000e+00    0.00000e+00
  0.738   2.690    0.00000e+00    0.00000e+00    2.40101e+05    0.00000e+00    0.00000e+00    0.00000e+00
  0.743   2.700    0.00000e+00    0.00000e+00    2.40113e+05    0.00000e+00    0.00000e+00    0.00000e+00
  0.749   2.710    0.00000e+00    0.00000e+00    2.40123e+05    0.00000e+00    0.00000e+00    0.00000e+00
  0.754   2.720    0.00000e+00    0.00000e+00    2.40134e+05    0.00000e+00    0.00000e+00    0.00000e+00
  0.760   2.730    0.00000e+00    0.00000e+00    2.40144e+05    0.00000e+00    0.00000e+00    0.00000e+00
  0.766   2.740    0.00000e+00    0.00000e+00    2.40155e+05    0.00000e+00    0.00000e+00    0.00000e+00
  0.771   2.750    0.00000e+00    0.00000e+00    2.40165e+05    0.00000e+00    0.00000e+00    0.00000e+00
  0.777   2.760    0.00000e+00    0.00000e+00    2.40175e+05    0.00000e+00    0.00000e+00    0.00000e+00
  0.782   2.770    0.00000e+00    0.00000e+00    2.40184e+05    0.00000e+00    0.00000e+00    0.00000e+00
  0.788   2.780    0.00000e+00    0.00000e+00    2.40194e+05    0.00000e+00    0.00000e+00    0.00000e+00
  0.794   2.790    0.00000e+00    0.00000e+00    2.40203e+05    0.00000e+00    0.00000e+00    0.00000e+00
  0.799   2.800    0.00000e+00    0.00000e+00    2.40212e+05    0.00000e+00    0.00000e+00    0.00000e+00
  0.805   2.810    0.00000e+00    0.00000e+00    2.40221e+05    0.00000e+00    0.00000e+00    0.00000e+00
  0.811   2.820    0.00000e+00    0.00000e+00    2.40230e+05    0.00000e+00    0.00000e+00    0.00000e+00
  0.817   2.830    0.00000e+00    0.00000e+00    2.40239e+05    0.00000e+00    0.00000e+00    0.00000e+00
  0.823   2.840    0.00000e+00    0.00000e+00    2.40247e+05    0.00000e+00    0.00000e+00    0.00000e+00
  0.828   2.850    0.00000e+00    0.00000e+00    2.40256e+05    0.00000e+00    0.00000e+00    0.00000e+00
  0.834   2.860    0.00000e+00    0.00000e+00    2.40264e+05    0.00000e+00    0.00000e+00    0.00000e+00
  0.840   2.870    0.00000e+00    0.00000e+00    2.40272e+05    0.00000e+00    0.00000e+00    0.00000e+00
  0.846   2.880    0.00000e+00    0.00000e+00    2.40280e+05    0.00000e+00    0.00000e+00    0.00000e+00
  0.852   2.890    0.00000e+00    0.00000e+00    2.40289e+05    0.00000e+00    0.00000e+00    0.00000e+00
  0.858   2.900    0.00000e+00    0.00000e+00    2.40297e+05    0.00000e+00    0.00000e+00    0.00000e+00
  0.864   2.910    0.00000e+00    0.00000e+00    2.40304e+05    0.00000e+00    0.00000e+00    0.00000e+00
  0.870   2.920    0.00000e+00    0.00000e+00    2.40312e+05    0.00000e+00    0.00000e+00    0.00000e+00
  0.875   2.930    0.00000e+00    0.00000e+00    2.40320e+05    0.00000e+00    0.00000e+00    0.00000e+00
  0.881   2.940    0.00000e+00    0.00000e+00    2.40327e+05    0.00000e+00    0.00000e+00    0.00000e+00
  0.887   2.950    0.00000e+00    0.00000e+00    2.40335e+05    0.00000e+00    0.00000e+00    0.00000e+00
  0.893   2.960    0.00000e+00    0.00000e+00    2.40342e+05    0.00000e+00    0.00000e+00    0.00000e+00
  0.900   2.970    0.00000e+00    0.00000e+00    2.40349e+05    0.00000e+00    0.00000e+00    0.00000e+00
  0.906   2.980    0.00000e+00    0.00000e+00    2.40357e+05    0.00000e+00    0.00000e+00    0.00000e+00
  0.912   2.990    0.00000e+00    0.00000e+00    2.40364e+05    0.00000e+00    0.00000e+00    0.00000e+00
  0.918   3.000    0.00000e+00    0.00000e+00    2.40371e+05    0.00000e+00    0.00000e+00    0.00000e+00
  0.924   3.010    0.00000e+00    0.00000e+00    2.40378e+05    0.00000e+00    0.00000e+00    0.00000e+00
  0.930   3.020    0.00000e+00    0.00000e+00    2.40385e+05    0.00000e+00    0.00000e+00    0.00000e+00
  0.936   3.030    0.00000e+00    0.00000e+00    2.40392e+05    0.00000e+00    0.00000e+00    0.00000e+00
  0.942   3.040    0.00000e+00    0.00000e+00    2.40399e+05    0.00000e+00    0.00000e+00    0.00000e+00
  0.949   3.050    0.00000e+00    0.00000e+00    2.40406e+05    0.00000e+00    0.00000e+00    0.00000e+00
  0.955   3.060    0.00000e+00    0.00000e+00    2.40412e+05    0.00000e+00    0.00000e+00    0.00000e+00
  0.961   3.070    0.00000e+00    0.00000e+00    2.40419e+05    0.00000e+00    0.00000e+00    0.00000e+00
  0.967   3.080    0.00000e+00    0.00000e+00    2.40426e+05    0.00000e+00    0.00000e+00    0.00000e+00
  0.974   3.090    0.00000e+00    0.00000e+00    2.40432e+05    0.00000e+00    0.00000e+00    0.00000e+00
  0.980   3.100    0.00000e+00    0.00000e+00    2.40439e+05    0.00000e+00    0.00000e+00    0.00000e+00
  0.986   3.110    0.00000e+00    0.00000e+00    2.40445e+05    0.00000e+00    0.00000e+00    0.00000e+00
  0.993   3.120    0.00000e+00    0.00000e+00    2.40451e+05    0.00000e+00    0.00000e+00    0.00000e+00
  0.999   3.130    0.00000e+00    0.00000e+00    2.40457e+05    0.00000e+00    0.00000e+00    0.00000e+00
  1.005   3.140    0.00000e+00    0.00000e+00    2.40463e+05    0.00000e+00    0.00000e+00    0.00000e+00
  1.012   3.150    0.00000e+00    0.00000e+00    2.40469e+05    0.00000e+00    0.00000e+00    0.00000e+00
  1.018   3.160    0.00000e+00    0.00000e+00    2.40475e+05    0.00000e+00    0.00000e+00    0.00000e+00
  1.025   3.170    0.00000e+00    0.00000e+00    2.40481e+05    0.00000e+00    0.00000e+00    0.00000e+00
  1.031   3.180    0.00000e+00    0.00000e+00    2.40487e+05    0.00000e+00    0.00000e+00    0.00000e+00
  1.038   3.190    0.00000e+00    0.00000e+00    2.40493e+05    0.00000e+00    0.00000e+00    0.00000e+00
  1.044   3.200    0.00000e+00    0.00000e+00    2.40498e+05    0.00000e+00    0.00000e+00    0.00000e+00
  1.051   3.210    0.00000e+00    0.00000e+00    2.40504e+05    0.00000e+00    0.00000e+00    0.00000e+00
  1.057   3.220    0.00000e+00    0.00000e+00    2.40509e+05    0.00000e+00    0.00000e+00    0.00000e+00
  1.064   3.230    0.00000e+00    0.00000e+00    2.40515e+05    0.00000e+00    0.00000e+00    0.00000e+00
  1.070   3.240    0.00000e+00    0.00000e+00    2.40520e+05    0.00000e+00    0.00000e+00    0.00000e+00
  1.077   3.250    0.00000e+00    0.00000e+00    2.40526e+05    0.00000e+00    0.00000e+00    0.00000e+00
  1.084   3.260    0.00000e+00    0.00000e+00    2.40531e+05    0.00000e+00    0.00000e+00    0.00000e+00
  1.090   3.270    0.00000e+00    0.00000e+00    2.40536e+05    0.00000e+00    0.00000e+00    0.00000e+00
  1.097   3.280    0.00000e+00    0.00000e+00    2.40541e+05    0.00000e+00    0.00000e+00    0.00000e+00
  1.104   3.290    0.00000e+00    0.00000e+00    2.40546e+05    0.00000e+00    0.00000e+00    0.00000e+00
  1.110   3.300    0.00000e+00    0.00000e+00    2.40551e+05    0.00000e+00    0.00000e+00    0.00000e+00
  1.117   3.310    0.00000e+00    0.00000e+00    2.40556e+05    0.00000e+00    0.00000e+00    0.00000e+00
  1.124   3.320    0.00000e+00    0.00000e+00    2.40561e+05    0.00000e+00    0.00000e+00    0.00000e+00
  1.131   3.330    0.00000e+00    0.00000e+00    2.40566e+05    0.00000e+00    0.00000e+00    0.00000e+00
  1.138   3.340    0.00000e+00    0.00000e+00    2.40570e+05    0.00000e+00    0.00000e+00    0.00000e+00
  1.144   3.350    0.00000e+00    0.00000e+00    2.40575e+05    0.00000e+00    0.00000e+00    0.00000e+00
  1.151   3.360    0.00000e+00    0.00000e+00    2.40580e+05    0.00000e+00    0.00000e+00    0.00000e+00
  1.158   3.370    0.00000e+00    0.00000e+00    2.40584e+05    0.00000e+00    0.00000e+00    0.00000e+00
  1.165   3.380    0.00000e+00    0.00000e+00    2.40588e+05    0.00000e+00    0.00000e+00    0.00000e+00
  1.172   3.390    0.00000e+00    0.00000e+00    2.40592e+05    0.00000e+00    0.00000e+00    0.00000e+00
  1.179   3.400    0.00000e+00    0.00000e+00    2.40597e+05    0.00000e+00    0.00000e+00    0.00000e+00
  1.186   3.410    0.00000e+00    0.00000e+00    2.40600e+05    0.00000e+00    0.00000e+00    0.00000e+00
  1.193   3.420    0.00000e+00    0.00000e+00    2.40604e+05    0.00000e+00    0.00000e+00    0.00000e+00
  1.200   3.430    0.00000e+00    0.00000e+00    2.40608e+05    0.00000e+00    0.00000e+00    0.00000e+00
  1.207   3.440    0.00000e+00    0.00000e+00    2.40612e+05    0.00000e+00    0.00000e+00    0.00000e+00
  1.214   3.450    0.00000e+00    0.00000e+00    2.40616e+05    0.00000e+00    0.00000e+00    0.00000e+00
  1.221   3.460    0.00000e+00    0.00000e+00    2.40620e+05    0.00000e+00    0.00000e+00    0.00000e+00
  1.228   3.470    0.00000e+00    0.00000e+00    2.40624e+05    0.00000e+00    0.00000e+00    0.00000e+00
  1.235   3.480    0.00000e+00    0.00000e+00    2.40628e+05    0.00000e+00    0.00000e+00    0.00000e+00
  1.242   3.490    0.00000e+00    0.00000e+00    2.40632e+05    0.00000e+00    0.00000e+00    0.00000e+00
  1.249   3.500    0.00000e+00    0.00000e+00    2.40636e+05    0.00000e+00    0.00000e+00    0.00000e+00
  1.256   3.510    0.00000e+00    0.00000e+00    2.40640e+05    0.00000e+00    0.00000e+00    0.00000e+00
  1.264   3.520    0.00000e+00    0.00000e+00    2.40643e+05    0.00000e+00    0.00000e+00    0.00000e+00
  1.271   3.530    0.00000e+00    0.00000e+00    2.40647e+05    0.00000e+00    0.00000e+00    0.00000e+00
  1.278   3.540    0.00000e+00    0.00000e+00    2.40651e+05    0.00000e+00    0.00000e+00    0.00000e+00
  1.285   3.550    0.00000e+00    0.00000e+00    2.40655e+05    0.00000e+00    0.00000e+00    0.00000e+00
  1.292   3.560    0.00000e+00    0.00000e+00    2.40658e+05    0.00000e+00    0.00000e+00    0.00000e+00
  1.300   3.570    0.00000e+00    0.00000e+00    2.40662e+05    0.00000e+00    0.00000e+00    0.00000e+00
  1.307   3.580    0.00000e+00    0.00000e+00    2.40666e+05    0.00000e+00    0.00000e+00    0.00000e+00
  1.314   3.590    0.00000e+00    0.00000e+00    2.40670e+05    0.00000e+00    0.00000e+00    0.00000e+00
  1.322   3.600    0.00000e+00    0.00000e+00    2.40673e+05    0.00000e+00    0.00000e+00    0.00000e+00
  1.329   3.610    0.00000e+00    0.00000e+00    2.40677e+05    0.00000e+00    0.00000e+00    0.00000e+00
  1.336   3.620    0.00000e+00    0.00000e+00    2.40680e+05    0.00000e+00    0.00000e+00    0.00000e+00
  1.344   3.630    0.00000e+00    0.00000e+00    2.40684e+05    0.00000e+00    0.00000e+00    0.00000e+00
  1.351   3.640    0.00000e+00    0.00000e+00    2.40688e+05    0.00000e+00    0.00000e+00    0.00000e+00
  1.359   3.650    0.00000e+00    0.00000e+00    2.40691e+05    0.00000e+00    0.00000e+00    0.00000e+00
  1.366   3.660    0.00000e+00    0.00000e+00    2.40695e+05    0.00000e+00    0.00000e+00    0.00000e+00
  1.374   3.670    0.00000e+00    0.00000e+00    2.40698e+05    0.00000e+00    0.00000e+00    0.00000e+00
  1.381   3.680    0.00000e+00    0.00000e+00    2.40702e+05    0.00000e+00    0.00000e+00    0.00000e+00
  1.388   3.690    0.00000e+00    0.00000e+00    2.40705e+05    0.00000e+00    0.00000e+00    0.00000e+00
  1.396   3.700    0.00000e+00    0.00000e+00    2.40708e+05    0.00000e+00    0.00000e+00    0.00000e+00
  1.404   3.710    0.00000e+00    0.00000e+00    2.40712e+05    0.00000e+00    0.00000e+00    0.00000e+00
  1.411   3.720    0.00000e+00    0.00000e+00    2.40715e+05    0.00000e+00    0.00000e+00    0.00000e+00
  1.419   3.730    0.00000e+00    0.00000e+00    2.40718e+05    0.00000e+00    0.00000e+00    0.00000e+00
  1.426   3.740    0.00000e+00    0.00000e+00    2.40721e+05    0.00000e+00    0.00000e+00    0.00000e+00
  1.434   3.750    0.00000e+00    0.00000e+00    2.40725e+05    0.00000e+00    0.00000e+00    0.00000e+00
  1.442   3.760    0.00000e+00    0.00000e+00    2.40728e+05    0.00000e+00    0.00000e+00    0.00000e+00
  1.449   3.770    0.00000e+00    0.00000e+00    2.40731e+05    0.00000e+00    0.00000e+00    0.00000e+00
  1.457   3.780    0.00000e+00    0.00000e+00    2.40734e+05    0.00000e+00    0.00000e+00    0.00000e+00
  1.465   3.790    0.00000e+00    0.00000e+00    2.40737e+05    0.00000e+00    0.00000e+00    0.00000e+00
  1.472   3.800    0.00000e+00    0.00000e+00    2.40741e+05    0.00000e+00    0.00000e+00    0.00000e+00
  1.480   3.810    0.00000e+00    0.00000e+00    2.40744e+05    0.00000e+00    0.00000e+00    0.00000e+00
  1.488   3.820    0.00000e+00    0.00000e+00    2.40747e+05    0.00000e+00    0.00000e+00    0.00000e+00
  1.496   3.830    0.00000e+00    0.00000e+00    2.40750e+05    0.00000e+00    0.00000e+00    0.00000e+00
  1.504   3.840    0.00000e+00    0.00000e+00    2.40753e+05    0.00000e+00    0.00000e+00    0.00000e+00
  1.511   3.850    0.00000e+00    0.00000e+00    2.40756e+05    0.00000e+00    0.00000e+00    0.00000e+00
  1.519   3.860    0.00000e+00    0.00000e+00    2.40759e+05    0.00000e+00    0.00000e+00    0.00000e+00
  1.527   3.870    0.00000e+00    0.00000e+00    2.40762e+05    0.00000e+00    0.00000e+00    0.00000e+00
  1.535   3.880    0.00000e+00    0.00000e+00    2.40765e+05    0.00000e+00    0.00000e+00    0.00000e+00
  1.543   3.890    0.00000e+00    0.00000e+00    2.40767e+05    0.00000e+00    0.00000e+00    0.00000e+00
  1.551   3.900    0.00000e+00    0.00000e+00    2.40770e+05    0.00000e+00    0.00000e+00    0.00000e+00
  1.559   3.910    0.00000e+00    0.00000e+00    2.40773e+05    0.00000e+00    0.00000e+00    0.00000e+00
  1.567   3.920    0.00000e+00    0.00000e+00    2.40775e+05    0.00000e+00    0.00000e+00    0.00000e+00
  1.575   3.930    0.00000e+00    0.00000e+00    2.40778e+05    0.00000e+00    0.00000e+00    0.00000e+00
  1.583   3.940    0.00000e+00    0.00000e+00    2.40781e+05    0.00000e+00    0.00000e+00    0.00000e+00
  1.591   3.950    0.00000e+00    0.00000e+00    2.40783e+05    0.00000e+00    0.00000e+00    0.00000e+00
  1.599   3.960    0.00000e+00    0.00000e+00    2.40786e+05    0.00000e+00    0.00000e+00    0.00000e+00
  1.607   3.970    0.00000e+00    0.00000e+00    2.40788e+05    0.00000e+00    0.00000e+00    0.00000e+00
  1.615   3.980    0.00000e+00    0.00000e+00    2.40790e+05    0.00000e+00    0.00000e+00    0.00000e+00
  1.623   3.990    0.00000e+00    0.00000e+00    2.40793e+05    0.00000e+00    0.00000e+00    0.00000e+00
  1.632   4.000    0.00000e+00    0.00000e+00    2.40795e+05    0.00000e+00    0.00000e+00    0.00000e+00
  1.640   4.010    0.00000e+00    0.00000e+00    2.40798e+05    0.00000e+00    0.00000e+00    0.00000e+00
  1.648   4.020    0.00000e+00    0.00000e+00    2.40800e+05    0.00000e+00    0.00000e+00    0.00000e+00
  1.656   4.030    0.00000e+00    0.00000e+00    2.40802e+05    0.00000e+00    0.00000e+00    0.00000e+00
  1.664   4.040    0.00000e+00    0.00000e+00    2.40805e+05    0.00000e+00    0.00000e+00    0.00000e+00
  1.673   4.050    0.00000e+00    0.00000e+00    2.40807e+05    0.00000e+00    0.00000e+00    0.00000e+00
  1.681   4.060    0.00000e+00    0.00000e+00    2.40810e+05    0.00000e+00    0.00000e+00    0.00000e+00
  1.689   4.070    0.00000e+00    0.00000e+00    2.40812e+05    0.00000e+00    0.00000e+00    0.00000e+00
  1.698   4.080    0.00000e+00    0.00000e+00    2.40814e+05    0.00000e+00    0.00000e+00    0.00000e+00
  1.706   4.090    0.00000e+00    0.00000e+00    2.40817e+05    0.00000e+00    0.00000e+00    0.00000e+00
  1.714   4.100    0.00000e+00    0.00000e+00    2.40819e+05    0.00000e+00    0.00000e+00    0.00000e+00
  1.723   4.110    0.00000e+00    0.00000e+00    2.40822e+05    0.00000e+00    0.00000e+00    0.00000e+00
  1.731   4.120    0.00000e+00    0.00000e+00    2.40824e+05    0.00000e+00    0.00000e+00    0.00000e+00
  1.739   4.130    0.00000e+00    0.00000e+00    2.40826e+05    0.00000e+00    0.00000e+00    0.00000e+00
  1.748   4.140    0.00000e+00    0.00000e+00    2.40828e+05    0.00000e+00    0.00000e+00    0.00000e+00
  1.756   4.150    0.00000e+00    0.00000e+00    2.40831e+05    0.00000e+00    0.00000e+00    0.00000e+00
  1.765   4.160    0.00000e+00    0.00000e+00    2.40833e+05    0.00000e+00    0.00000e+00    0.00000e+00
  1.773   4.170    0.00000e+00    0.00000e+00    2.40835e+05    0.00000e+00    0.00000e+00    0.00000e+00
  1.782   4.180    0.00000e+00    0.00000e+00    2.40837e+05    0.00000e+00    0.00000e+00    0.00000e+00
  1.790   4.190    0.00000e+00    0.00000e+00    2.40840e+05    0.00000e+00    0.00000e+00    0.00000e+00
  1.799   4.200    0.00000e+00    0.00000e+00    2.40842e+05    0.00000e+00    0.00000e+00    0.00000e+00
  1.807   4.210    0.00000e+00    0.00000e+00    2.40844e+05    0.00000e+00    0.00000e+00    0.00000e+00
  1.816   4.220    0.00000e+00    0.00000e+00    2.40846e+05    0.00000e+00    0.00000e+00    0.00000e+00
  1.825   4.230    0.00000e+00    0.00000e+00    2.40848e+05    0.00000e+00    0.00000e+00    0.00000e+00
  1.833   4.240    0.00000e+00    0.00000e+00    2.40850e+05    0.00000e+00    0.00000e+00    0.00000e+00
  1.842   4.250    0.00000e+00    0.00000e+00    2.40853e+05    0.00000e+00    0.00000e+00    0.00000e+00
  1.851   4.260    0.00000e+00    0.00000e+00    2.40855e+05    0.00000e+00    0.00000e+00    0.00000e+00
  1.859   4.270    0.00000e+00    0.00000e+00    2.40857e+05    0.00000e+00    0.00000e+00    0.00000e+00
  1.868   4.280    0.00000e+00    0.00000e+00    2.40859e+05    0.00000e+00    0.00000e+00    0.00000e+00
  1.877   4.290    0.00000e+00    0.00000e+00    2.40861e+05    0.00000e+00    0.00000e+00    0.00000e+00
  1.885   4.300    0.00000e+00    0.00000e+00    2.40863e+05    0.00000e+00    0.00000e+00    0.00000e+00
  1.894   4.310    0.00000e+00    0.00000e+00    2.40865e+05    0.00000e+00    0.00000e+00    0.00000e+00
  1.903   4.320    0.00000e+00    0.00000e+00    2.40867e+05    0.00000e+00    0.00000e+00    0.00000e+00
  1.912   4.330    0.00000e+00    0.00000e+00    2.40869e+05    0.00000e+00    0.00000e+00    0.00000e+00
  1.921   4.340    0.00000e+00    0.00000e+00    2.40871e+05    0.00000e+00    0.00000e+00    0.00000e+00
  1.930   4.350    0.00000e+00    0.00000e+00    2.40873e+05    0.00000e+00    0.00000e+00    0.00000e+00
  1.938   4.360    0.00000e+00    0.00000e+00    2.40875e+05    0.00000e+00    0.00000e+00    0.00000e+00
  1.947   4.370    0.00000e+00    0.00000e+00    2.40876e+05    0.00000e+00    0.00000e+00    0.00000e+00
  1.956   4.380    0.00000e+00    0.00000e+00    2.40878e+05    0.00000e+00    0.00000e+00    0.00000e+00
  1.965   4.390    0.00000e+00    0.00000e+00    2.40880e+05    0.00000e+00    0.00000e+00    0.00000e+00
  1.974   4.400    0.00000e+00    0.00000e+00    2.40882e+05    0.00000e+00    0.00000e+00    0.00000e+00
  1.983   4.410    0.00000e+00    0.00000e+00    2.40883e+05    0.00000e+00    0.00000e+00    0.00000e+00
  1.992   4.420    0.00000e+00    0.00000e+00    2.40885e+05    0.00000e+00    0.00000e+00    0.00000e+00
  2.001   4.430    0.00000e+00    0.00000e+00    2.40887e+05    0.00000e+00    0.00000e+00    0.00000e+00
  2.010   4.440    0.00000e+00    0.00000e+00    2.40889e+05    0.00000e+00    0.00000e+00    0.00000e+00
  2.019   4.450    0.00000e+00    0.00000e+00    2.40890e+05    0.00000e+00    0.00000e+00    0.00000e+00
  2.028   4.460    0.00000e+00    0.00000e+00    2.40892e+05    0.00000e+00    0.00000e+00    0.00000e+00
  2.038   4.470    0.00000e+00    0.00000e+00    2.40894e+05    0.00000e+00    0.00000e+00    0.00000e+00
  2.047   4.480    0.00000e+00    0.00000e+00    2.40895e+05    0.00000e+00    0.00000e+00    0.00000e+00
  2.056   4.490    0.00000e+00    0.00000e+00    2.40897e+05    0.00000e+00    0.00000e+00    0.00000e+00
  2.065   4.500    0.00000e+00    0.00000e+00    2.40899e+05    0.00000e+00    0.00000e+00    0.00000e+00
  2.074   4.510    0.00000e+00    0.00000e+00    2.40900e+05    0.00000e+00    0.00000e+00    0.00000e+00
  2.083   4.520    0.00000e+00    0.00000e+00    2.40902e+05    0.00000e+00    0.00000e+00    0.00000e+00
  2.093   4.530    0.00000e+00    0.00000e+00    2.40904e+05    0.00000e+00    0.00000e+00    0.00000e+00
  2.102   4.540    0.00000e+00    0.00000e+00    2.40905e+05    0.00000e+00    0.00000e+00    0.00000e+00
  2.111   4.550    0.00000e+00    0.00000e+00    2.40907e+05    0.00000e+00    0.00000e+00    0.00000e+00
  2.120   4.560    0.00000e+00    0.00000e+00    2.40908e+05    0.00000e+00    0.00000e+00    0.00000e+00
  2.130   4.570    0.00000e+00    0.00000e+00    2.40910e+05    0.00000e+00    0.00000e+00    0.00000e+00
  2.139   4.580    0.00000e+00    0.00000e+00    2.40912e+05    0.00000e+00    0.00000e+00    0.00000e+00
  2.148   4.590    0.00000e+00    0.00000e+00    2.40913e+05    0.00000e+00    0.00000e+00    0.00000e+00
  2.158   4.600    0.00000e+00    0.00000e+00    2.40915e+05    0.00000e+00    0.00000e+00    0.00000e+00
  2.167   4.610    0.00000e+00    0.00000e+00    2.40916e+05    0.00000e+00    0.00000e+00    0.00000e+00
  2.177   4.620    0.00000e+00    0.00000e+00    2.40918e+05    0.00000e+00    0.00000e+00    0.00000e+00
  2.186   4.630    0.00000e+00    0.00000e+00    2.40919e+05    0.00000e+00    0.00000e+00    0.00000e+00
  2.195   4.640    0.00000e+00    0.00000e+00    2.40921e+05    0.00000e+00    0.00000e+00    0.00000e+00
  2.205   4.650    0.00000e+00    0.00000e+00    2.40922e+05    0.00000e+00    0.00000e+00    0.00000e+00
  2.214   4.660    0.00000e+00    0.00000e+00    2.40924e+05    0.00000e+00    0.00000e+00    0.00000e+00
  2.224   4.670    0.00000e+00    0.00000e+00    2.40925e+05    0.00000e+00    0.00000e+00    0.00000e+00
  2.233   4.680    0.00000e+00    0.00000e+00    2.40927e+05    0.00000e+00    0.00000e+00    0.00000e+00
  2.243   4.690    0.00000e+00    0.00000e+00    2.40928e+05    0.00000e+00    0.00000e+00    0.00000e+00
  2.253   4.700    0.00000e+00    0.00000e+00    2.40929e+05    0.00000e+00    0.00000e+00    0.00000e+00
  2.262   4.710    0.00000e+00    0.00000e+00    2.40932e+05    0.00000e+00    0.00000e+00    0.00000e+00
  2.272   4.720    0.00000e+00    0.00000e+00    2.40934e+05    0.00000e+00    0.00000e+00    0.00000e+00
  2.281   4.730    0.00000e+00    0.00000e+00    2.40937e+05    0.00000e+00    0.00000e+00    0.00000e+00
  2.291   4.740    0.00000e+00    0.00000e+00    2.40939e+05    0.00000e+00    0.00000e+00    0.00000e+00
  2.301   4.750    0.00000e+00    0.00000e+00    2.40942e+05    0.00000e+00    0.00000e+00    0.00000e+00
  2.310   4.760    0.00000e+00    0.00000e+00    2.40943e+05    0.00000e+00    0.00000e+00    0.00000e+00
  2.320   4.770    0.00000e+00    0.00000e+00    2.40945e+05    0.00000e+00    0.00000e+00    0.00000e+00
  2.330   4.780    0.00000e+00    0.00000e+00    2.40947e+05    0.00000e+00    0.00000e+00    0.00000e+00
  2.340   4.790    0.00000e+00    0.00000e+00    2.40949e+05    0.00000e+00    0.00000e+00    0.00000e+00
  2.349   4.800    0.00000e+00    0.00000e+00    2.40951e+05    0.00000e+00    0.00000e+00    0.00000e+00
  2.359   4.810    0.00000e+00    0.00000e+00    2.40952e+05    0.00000e+00    0.00000e+00    0.00000e+00
  2.369   4.820    0.00000e+00    0.00000e+00    2.40953e+05    0.00000e+00    0.00000e+00    0.00000e+00
  2.379   4.830    0.00000e+00    0.00000e+00    2.40954e+05    0.00000e+00    0.00000e+00    0.00000e+00
  2.389   4.840    0.00000e+00    0.00000e+00    2.40955e+05    0.00000e+00    0.00000e+00    0.00000e+00
  2.399   4.850    0.00000e+00    0.00000e+00    2.40957e+05    0.00000e+00    0.00000e+00    0.00000e+00
  2.409   4.860    0.00000e+00    0.00000e+00    2.40958e+05    0.00000e+00    0.00000e+00    0.00000e+00
  2.419   4.870    0.00000e+00    0.00000e+00    2.40959e+05    0.00000e+00    0.00000e+00    0.00000e+00
  2.428   4.880    0.00000e+00    0.00000e+00    2.40960e+05    0.00000e+00    0.00000e+00    0.00000e+00
  2.438   4.890    0.00000e+00    0.00000e+00    2.40962e+05    0.00000e+00    0.00000e+00    0.00000e+00
  2.448   4.900    0.00000e+00    0.00000e+00    2.40963e+05    0.00000e+00    0.00000e+00    0.00000e+00
  2.458   4.910    0.00000e+00    0.00000e+00    2.40964e+05    0.00000e+00    0.00000e+00    0.00000e+00
  2.468   4.920    0.00000e+00    0.00000e+00    2.40965e+05    0.00000e+00    0.00000e+00    0.00000e+00
  2.478   4.930    0.00000e+00    0.00000e+00    2.40966e+05    0.00000e+00    0.00000e+00    0.00000e+00
  2.489   4.940    0.00000e+00    0.00000e+00    2.40967e+05    0.00000e+00    0.00000e+00    0.00000e+00
  2.499   4.950    0.00000e+00    0.00000e+00    2.40969e+05    0.00000e+00    0.00000e+00    0.00000e+00
  2.509   4.960    0.00000e+00    0.00000e+00    2.40970e+05    0.00000e+00    0.00000e+00    0.00000e+00
  2.519   4.970    0.00000e+00    0.00000e+00    2.40971e+05    0.00000e+00    0.00000e+00    0.00000e+00
  2.529   4.980    0.00000e+00    0.00000e+00    2.40972e+05    0.00000e+00    0.00000e+00    0.00000e+00
  2.539   4.990    0.00000e+00    0.00000e+00    2.40973e+05    0.00000e+00    0.00000e+00    0.00000e+00
