  0.000   0.010    0.00000e+00    0.00000e+00    0.00000e+00    0.00000e+00    0.00000e+00    4.57362e-15
  0.000   0.020    0.00000e+00    0.00000e+00    0.00000e+00    0.00000e+00    0.00000e+00    4.57362e-15
  0.000   0.030    0.00000e+00    0.00000e+00    0.00000e+00    0.00000e+00    0.00000e+00    4.57362e-15
  0.000   0.040    0.00000e+00    0.00000e+00    0.00000e+00    0.00000e+00    0.00000e+00    4.57362e-15
  0.000   0.050    0.00000e+00    0.00000e+00    0.00000e+00    0.00000e+00    0.00000e+00    4.57362e-15
  0.000   0.060    0.00000e+00    0.00000e+00    0.00000e+00    0.00000e+00    0.00000e+00    5.09494e-15
  0.001   0.070    0.00000e+00    0.00000e+00    0.00000e+00    0.00000e+00    0.00000e+00    5.61626e-15
  0.001   0.080    0.00000e+00    0.00000e+00    0.00000e+00    0.00000e+00    0.00000e+00    6.13757e-15
  0.001   0.090    0.00000e+00    0.00000e+00    0.00000e+00    0.00000e+00    0.00000e+00    6.65889e-15
  0.001   0.100    0.00000e+00    0.00000e+00    0.00000e+00    0.00000e+00    0.00000e+00    7.18021e-15
  0.001   0.110    0.00000e+00    0.00000e+00    0.00000e+00    0.00000e+00    0.00000e+00    5.04562e-15
  0.002   0.120    0.00000e+00    0.00000e+00    0.00000e+00    0.00000e+00    0.00000e+00    2.91103e-15
  0.002   0.130    0.00000e+00    0.00000e+00    0.00000e+00    0.00000e+00    0.00000e+00    7.76447e-16
  0.002   0.140    0.00000e+00    0.00000e+00    0.00000e+00    0.00000e+00    0.00000e+00   -1.35814e-15
  0.002   0.150    0.00000e+00    0.00000e+00    0.00000e+00    0.00000e+00    0.00000e+00   -3.49273e-15
  0.003   0.160    0.00000e+00    0.00000e+00    0.00000e+00    0.00000e+00    0.00000e+00   -6.32507e-16
  0.003   0.170    0.00000e+00    0.00000e+00    0.00000e+00    0.00000e+00    0.00000e+00    2.22771e-15
  0.003   0.180    0.00000e+00    0.00000e+00    0.00000e+00    0.00000e+00    0.00000e+00    5.08794e-15
  0.004   0.190    0.00000e+00    0.00000e+00    0.00000e+00    0.00000e+00    0.00000e+00    7.94816e-15
  0.004   0.200    0.00000e+00    0.00000e+00    0.00000e+00    0.00000e+00    0.00000e+00    1.08084e-14
  0.005   0.210    0.00000e+00    0.00000e+00    0.00000e+00    0.00000e+00    0.00000e+00    5.35996e-15
  0.005   0.220    0.00000e+00    0.00000e+00    0.00000e+00    0.00000e+00    0.00000e+00   -8.84515e-17
  0.005   0.230    0.00000e+00    0.00000e+00    0.00000e+00    0.00000e+00    0.00000e+00   -5.53687e-15
  0.006   0.240    0.00000e+00    0.00000e+00    0.00000e+00    0.00000e+00    0.00000e+00   -1.09853e-14
  0.006   0.250    0.00000e+00    0.00000e+00    0.00000e+00    0.00000e+00    0.00000e+00   -1.64337e-14
  0.007   0.260    0.00000e+00    0.00000e+00    0.00000e+00    0.00000e+00    0.00000e+00   -1.99223e-14
  0.007   0.270    0.00000e+00    0.00000e+00    0.00000e+00    0.00000e+00    0.00000e+00   -2.34110e-14
  0.008   0.280    0.00000e+00    0.00000e+00    0.00000e+00    0.00000e+00    0.00000e+00   -2.68996e-14
  0.009   0.290    0.00000e+00    0.00000e+00    0.00000e+00    0.00000e+00    0.00000e+00   -3.03883e-14
  0.009   0.300    0.00000e+00    0.00000e+00    0.00000e+00    0.00000e+00    0.00000e+00   -3.38769e-14
  0.010   0.310    0.00000e+00    0.00000e+00    0.00000e+00    0.00000e+00    0.00000e+00   -2.81251e-14
  0.011   0.320    0.00000e+00    0.00000e+00    0.00000e+00    0.00000e+00    0.00000e+00   -2.23732e-14
  0.011   0.330    0.00000e+00    0.00000e+00    0.00000e+00    0.00000e+00    0.00000e+00   -1.66213e-14
  0.012   0.340    0.00000e+00    0.00000e+00    0.00000e+00    0.00000e+00    0.00000e+00   -1.08694e-14
  0.012   0.350    0.00000e+00    0.00000e+00    0.00000e+00    0.00000e+00    0.00000e+00   -5.11748e-15
  0.013   0.360    0.00000e+00    0.00000e+00    0.00000e+00    0.00000e+00    0.00000e+00   -7.15988e-15
  0.014   0.370    0.00000e+00    0.00000e+00    0.00000e+00    0.00000e+00    0.00000e+00   -9.20228e-15
  0.015   0.380    0.00000e+00    0.00000e+00    0.00000e+00    0.00000e+00    0.00000e+00   -1.12447e-14
  0.016   0.390    0.00000e+00    0.00000e+00    0.00000e+00    0.00000e+00    0.00000e+00   -1.32871e-14
  0.016   0.400    0.00000e+00    0.00000e+00    0.00000e+00    0.00000e+00    0.00000e+00   -1.53295e-14
  0.017   0.410    0.00000e+00    0.00000e+00    0.00000e+00    0.00000e+00    0.00000e+00   -6.97414e-15
  0.018   0.420    0.00000e+00    0.00000e+00    0.00000e+00    0.00000e+00    0.00000e+00    1.38121e-15
  0.019   0.430    0.00000e+00    0.00000e+00    0.00000e+00    0.00000e+00    0.00000e+00    9.73656e-15
  0.020   0.440    0.00000e+00    0.00000e+00    0.00000e+00    0.00000e+00    0.00000e+00    1.80919e-14
  0.021   0.450    0.00000e+00    0.00000e+00    0.00000e+00    0.00000e+00    0.00000e+00    2.64473e-14
  0.022   0.460    0.00000e+00    0.00000e+00    0.00000e+00    0.00000e+00    0.00000e+00    2.92521e-14
  0.023   0.470    0.00000e+00    0.00000e+00    0.00000e+00    0.00000e+00    0.00000e+00    3.20569e-14
  0.024   0.480    0.00000e+00    0.00000e+00    0.00000e+00    0.00000e+00    0.00000e+00    3.48618e-14
  0.025   0.490    0.00000e+00    0.00000e+00    0.00000e+00    0.00000e+00    0.00000e+00    3.76666e-14
  0.025   0.500    0.00000e+00    0.00000e+00    0.00000e+00    0.00000e+00    0.00000e+00    4.04714e-14
  0.027   0.510    0.00000e+00    0.00000e+00    0.00000e+00    0.00000e+00    0.00000e+00    4.93000e-14
  0.028   0.520    0.00000e+00    0.00000e+00    0.00000e+00    0.00000e+00    0.00000e+00    5.81286e-14
  0.029   0.530    0.00000e+00    0.00000e+00    0.00000e+00    0.00000e+00    0.00000e+00    6.69572e-14
  0.030   0.540    0.00000e+00    0.00000e+00    0.00000e+00    0.00000e+00    0.00000e+00    7.57858e-14
  0.031   0.550    0.00000e+00    0.00000e+00    0.00000e+00    0.00000e+00    0.00000e+00    8.46144e-14
  0.032   0.560    0.00000e+00    0.00000e+00    0.00000e+00    0.00000e+00    0.00000e+00    9.65998e-14
  0.033   0.570    0.00000e+00    0.00000e+00    0.00000e+00    0.00000e+00    0.00000e+00    1.08585e-13
  0.034   0.580    0.00000e+00    0.00000e+00    0.00000e+00    0.00000e+00    0.00000e+00    1.20571e-13
  0.036   0.590    0.00000e+00    0.00000e+00    0.00000e+00    0.00000e+00    0.00000e+00    1.32556e-13
  0.037   0.600    0.00000e+00    0.00000e+00    0.00000e+00    0.00000e+00    0.00000e+00    1.44541e-13
  0.038   0.610    0.00000e+00    0.00000e+00    0.00000e+00    0.00000e+00    0.00000e+00    1.22272e-13
  0.039   0.620    0.00000e+00    0.00000e+00    0.00000e+00    0.00000e+00    0.00000e+00    1.00003e-13
  0.041   0.630    0.00000e+00    0.00000e+00    0.00000e+00    0.00000e+00    0.00000e+00    7.77342e-14
  0.042   0.640    0.00000e+00    0.00000e+00    0.00000e+00    0.00000e+00    0.00000e+00    5.54651e-14
  0.043   0.650    0.00000e+00    0.00000e+00    0.00000e+00    0.00000e+00    0.00000e+00    3.31960e-14
  0.044   0.660    0.00000e+00    0.00000e+00    0.00000e+00    0.00000e+00    0.00000e+00    3.13486e-14
  0.046   0.670    0.00000e+00    0.00000e+00    0.00000e+00    0.00000e+00    0.00000e+00    2.95012e-14
  0.047   0.680    0.00000e+00    0.00000e+00    0.00000e+00    0.00000e+00    0.00000e+00    2.76538e-14
  0.049   0.690    0.00000e+00    0.00000e+00    0.00000e+00    0.00000e+00    0.00000e+00    2.58063e-14
  0.050   0.700    0.00000e+00    0.00000e+00    0.00000e+00    0.00000e+00    0.00000e+00    2.39589e-14
  0.051   0.710    0.00000e+00    0.00000e+00    0.00000e+00    0.00000e+00    0.00000e+00    2.35248e-14
  0.053   0.720    0.00000e+00    0.00000e+00    0.00000e+00    0.00000e+00    0.00000e+00    2.30907e-14
  0.054   0.730    0.00000e+00    0.00000e+00    0.00000e+00    0.00000e+00    0.00000e+00    2.26566e-14
  0.056   0.740    0.00000e+00    0.00000e+00    0.00000e+00    0.00000e+00    0.00000e+00    2.22225e-14
  0.057   0.750    0.00000e+00    0.00000e+00    0.00000e+00    0.00000e+00    0.00000e+00    2.17884e-14
  0.059   0.760    0.00000e+00    0.00000e+00    0.00000e+00    0.00000e+00    0.00000e+00    1.71369e-14
  0.061   0.770    0.00000e+00    0.00000e+00    0.00000e+00    0.00000e+00    0.00000e+00    1.24853e-14
  0.062   0.780    0.00000e+00    0.00000e+00    0.00000e+00    0.00000e+00    0.00000e+00    7.83379e-15
  0.064   0.790    0.00000e+00    0.00000e+00    0.00000e+00    0.00000e+00    0.00000e+00    3.18224e-15
  0.065   0.800    0.00000e+00    0.00000e+00    0.00000e+00    0.00000e+00    0.00000e+00   -1.46931e-15
  0.067   0.810    0.00000e+00    0.00000e+00    0.00000e+00    0.00000e+00    0.00000e+00   -1.11168e-15
  0.069   0.820    0.00000e+00    0.00000e+00    0.00000e+00    0.00000e+00    0.00000e+00   -7.54041e-16
  0.070   0.830    0.00000e+00    0.00000e+00    0.00000e+00    0.00000e+00    0.00000e+00   -3.96408e-16
  0.072   0.840    0.00000e+00    0.00000e+00    0.00000e+00    0.00000e+00    0.00000e+00   -3.87737e-17
  0.074   0.850    0.00000e+00    0.00000e+00    0.00000e+00    0.00000e+00    0.00000e+00    3.18860e-16
  0.075   0.860    0.00000e+00    0.00000e+00    0.00000e+00    0.00000e+00    0.00000e+00    2.21317e-15
  0.077   0.870    0.00000e+00    0.00000e+00    0.00000e+00    0.00000e+00    0.00000e+00    4.10748e-15
  0.079   0.880    0.00000e+00    0.00000e+00    0.00000e+00    0.00000e+00    0.00000e+00    6.00179e-15
  0.081   0.890    0.00000e+00    0.00000e+00    0.00000e+00    0.00000e+00    0.00000e+00    7.89610e-15
  0.083   0.900    0.00000e+00    0.00000e+00    0.00000e+00    0.00000e+00    0.00000e+00    9.79041e-15
  0.084   0.910    0.00000e+00    0.00000e+00    0.00000e+00    0.00000e+00    0.00000e+00    9.65187e-15
  0.086   0.920    0.00000e+00    0.00000e+00    0.00000e+00    0.00000e+00    0.00000e+00    9.51332e-15
  0.088   0.930    0.00000e+00    0.00000e+00    0.00000e+00    0.00000e+00    0.00000e+00    9.37478e-15
  0.090   0.940    0.00000e+00    0.00000e+00    0.00000e+00    0.00000e+00    0.00000e+00    9.23623e-15
  0.092   0.950    0.00000e+00    0.00000e+00    0.00000e+00    0.00000e+00    0.00000e+00    9.09769e-15
  0.094   0.960    0.00000e+00    0.00000e+00    0.00000e+00    0.00000e+00    0.00000e+00    7.94972e-15
  0.096   0.970    0.00000e+00    0.00000e+00    0.00000e+00    0.00000e+00    0.00000e+00    6.80175e-15
  0.098   0.980    0.00000e+00    0.00000e+00    0.00000e+00    0.00000e+00    0.00000e+00    5.65379e-15
  0.100   0.990    0.00000e+00    0.00000e+00    0.00000e+00    0.00000e+00    0.00000e+00    4.50582e-15
  0.102   1.000    0.00000e+00    0.00000e+00    0.00000e+00    0.00000e+00    0.00000e+00    3.35785e-15
  0.104   1.010    0.00000e+00    0.00000e+00    0.00000e+00    0.00000e+00    0.00000e+00    2.92108e-15
  0.106   1.020    0.00000e+00    0.00000e+00    0.00000e+00    0.00000e+00    0.00000e+00    2.48430e-15
  0.108   1.030    0.00000e+00    0.00000e+00    0.00000e+00    0.00000e+00    0.00000e+00    2.04752e-15
  0.110   1.040    0.00000e+00    0.00000e+00    0.00000e+00    0.00000e+00    0.00000e+00    1.61075e-15
  0.112   1.050    0.00000e+00    0.00000e+00    0.00000e+00    0.00000e+00    0.00000e+00    1.17397e-15
  0.115   1.060    0.00000e+00    0.00000e+00    0.00000e+00    0.00000e+00    0.00000e+00    1.93888e-15
  0.117   1.070    0.00000e+00    0.00000e+00    0.00000e+00    0.00000e+00    0.00000e+00    2.70379e-15
  0.119   1.080    0.00000e+00    0.00000e+00    0.00000e+00    0.00000e+00    0.00000e+00    3.46870e-15
  0.121   1.090    0.00000e+00    0.00000e+00    0.00000e+00    0.00000e+00    0.00000e+00    4.23360e-15
  0.123   1.100    0.00000e+00    0.00000e+00    0.00000e+00    0.00000e+00    0.00000e+00    4.99851e-15
  0.126   1.110    0.00000e+00    0.00000e+00    0.00000e+00    0.00000e+00    0.00000e+00    4.79531e-15
  0.128   1.120    0.00000e+00    0.00000e+00    0.00000e+00    0.00000e+00    0.00000e+00    4.59211e-15
  0.130   1.130    0.00000e+00    0.00000e+00    0.00000e+00    0.00000e+00    0.00000e+00    4.38891e-15
  0.133   1.140    0.00000e+00    0.00000e+00    0.00000e+00    0.00000e+00    0.00000e+00    4.18571e-15
  0.135   1.150    0.00000e+00    0.00000e+00    0.00000e+00    0.00000e+00    0.00000e+00    3.98251e-15
  0.137   1.160    0.00000e+00    0.00000e+00    0.00000e+00    0.00000e+00    0.00000e+00    5.24550e-15
  0.140   1.170    0.00000e+00    0.00000e+00    0.00000e+00    0.00000e+00    0.00000e+00    6.50849e-15
  0.142   1.180    0.00000e+00    0.00000e+00    0.00000e+00    0.00000e+00    0.00000e+00    7.77149e-15
  0.144   1.190    0.00000e+00    0.00000e+00    0.00000e+00    0.00000e+00    0.00000e+00    9.03448e-15
  0.147   1.200    0.00000e+00    0.00000e+00    0.00000e+00    0.00000e+00    0.00000e+00    1.02975e-14
  0.149   1.210    0.00000e+00    0.00000e+00    0.00000e+00    0.00000e+00    0.00000e+00    1.00715e-14
  0.152   1.220    0.00000e+00    0.00000e+00    0.00000e+00    0.00000e+00    0.00000e+00    9.84559e-15
  0.154   1.230    0.00000e+00    0.00000e+00    0.00000e+00    0.00000e+00    0.00000e+00    9.61966e-15
  0.157   1.240    0.00000e+00    0.00000e+00    0.00000e+00    0.00000e+00    0.00000e+00    9.39372e-15
  0.159   1.250    0.00000e+00    0.00000e+00    0.00000e+00    0.00000e+00    0.00000e+00    9.16778e-15
  0.162   1.260    0.00000e+00    0.00000e+00    0.00000e+00    0.00000e+00    0.00000e+00    8.65208e-15
  0.165   1.270    0.00000e+00    0.00000e+00    0.00000e+00    0.00000e+00    0.00000e+00    8.13639e-15
  0.167   1.280    0.00000e+00    0.00000e+00    0.00000e+00    0.00000e+00    0.00000e+00    7.62069e-15
  0.170   1.290    0.00000e+00    0.00000e+00    0.00000e+00    0.00000e+00    0.00000e+00    7.10500e-15
  0.172   1.300    0.00000e+00    0.00000e+00    0.00000e+00    0.00000e+00    0.00000e+00    6.58930e-15
  0.175   1.310    0.00000e+00    0.00000e+00    0.00000e+00    0.00000e+00    0.00000e+00    6.84533e-15
  0.178   1.320    0.00000e+00    0.00000e+00    0.00000e+00    0.00000e+00    0.00000e+00    7.10136e-15
  0.180   1.330    0.00000e+00    0.00000e+00    0.00000e+00    0.00000e+00    0.00000e+00    7.35738e-15
  0.183   1.340    0.00000e+00    0.00000e+00    0.00000e+00    0.00000e+00    0.00000e+00    7.61341e-15
  0.186   1.350    0.00000e+00    0.00000e+00    0.00000e+00    0.00000e+00    0.00000e+00    7.86943e-15
  0.189   1.360    0.00000e+00    0.00000e+00    0.00000e+00    0.00000e+00    0.00000e+00    8.79707e-15
  0.191   1.370    0.00000e+00    0.00000e+00    0.00000e+00    0.00000e+00    0.00000e+00    9.72471e-15
  0.194   1.380    0.00000e+00    0.00000e+00    0.00000e+00    0.00000e+00    0.00000e+00    1.06524e-14
  0.197   1.390    0.00000e+00    0.00000e+00    0.00000e+00    0.00000e+00    0.00000e+00    1.15800e-14
  0.200   1.400    0.00000e+00    0.00000e+00    0.00000e+00    0.00000e+00    0.00000e+00    1.25076e-14
  0.203   1.410    0.00000e+00    0.00000e+00    0.00000e+00    0.00000e+00    0.00000e+00    1.25313e-14
  0.206   1.420    0.00000e+00    0.00000e+00    0.00000e+00    0.00000e+00    0.00000e+00    1.25551e-14
  0.209   1.430    0.00000e+00    0.00000e+00    0.00000e+00    0.00000e+00    0.00000e+00    1.25788e-14
  0.211   1.440    0.00000e+00    0.00000e+00    0.00000e+00    0.00000e+00    0.00000e+00    1.26025e-14
  0.214   1.450    0.00000e+00    0.00000e+00    0.00000e+00    0.00000e+00    0.00000e+00    1.26262e-14
  0.217   1.460    0.00000e+00    0.00000e+00    0.00000e+00    0.00000e+00    0.00000e+00    1.24903e-14
  0.220   1.470    0.00000e+00    0.00000e+00    0.00000e+00    0.00000e+00    0.00000e+00    1.23544e-14
  0.223   1.480    0.00000e+00    0.00000e+00    0.00000e+00    0.00000e+00    0.00000e+00    1.22184e-14
  0.226   1.490    0.00000e+00    0.00000e+00    0.00000e+00    0.00000e+00    0.00000e+00    1.20825e-14
  0.229   1.500    0.00000e+00    0.00000e+00    0.00000e+00    0.00000e+00    0.00000e+00    1.19466e-14
  0.233   1.510    0.00000e+00    0.00000e+00    0.00000e+00    0.00000e+00    0.00000e+00    1.29286e-14
  0.236   1.520    0.00000e+00    0.00000e+00    0.00000e+00    0.00000e+00    0.00000e+00    1.39106e-14
  0.239   1.530    0.00000e+00    0.00000e+00    0.00000e+00    0.00000e+00    0.00000e+00    1.48925e-14
  0.242   1.540    0.00000e+00    0.00000e+00    0.00000e+00    0.00000e+00    0.00000e+00    1.58745e-14
  0.245   1.550    0.00000e+00    0.00000e+00    0.00000e+00    0.00000e+00    0.00000e+00    1.68565e-14
  0.248   1.560    0.00000e+00    0.00000e+00    0.00000e+00    0.00000e+00    0.00000e+00    1.63467e-14
  0.251   1.570    0.00000e+00    0.00000e+00    0.00000e+00    0.00000e+00    0.00000e+00    1.58369e-14
  0.255   1.580    0.00000e+00    0.00000e+00    0.00000e+00    0.00000e+00    0.00000e+00    1.53271e-14
  0.258   1.590    0.00000e+00    0.00000e+00    0.00000e+00    0.00000e+00    0.00000e+00    1.48173e-14
  0.261   1.600    0.00000e+00    0.00000e+00    0.00000e+00    0.00000e+00    0.00000e+00    1.43075e-14
  0.264   1.610    0.00000e+00    0.00000e+00    0.00000e+00    0.00000e+00    0.00000e+00    1.34756e-14
  0.268   1.620    0.00000e+00    0.00000e+00    0.00000e+00    0.00000e+00    0.00000e+00    1.26437e-14
  0.271   1.630    0.00000e+00    0.00000e+00    0.00000e+00    0.00000e+00    0.00000e+00    1.18117e-14
  0.274   1.640    0.00000e+00    0.00000e+00    0.00000e+00    0.00000e+00    0.00000e+00    1.09798e-14
  0.278   1.650    0.00000e+00    0.00000e+00    0.00000e+00    0.00000e+00    0.00000e+00    1.01478e-14
  0.281   1.660    0.00000e+00    0.00000e+00    0.00000e+00    0.00000e+00    0.00000e+00    1.17557e-14
  0.284   1.670    0.00000e+00    0.00000e+00    0.00000e+00    0.00000e+00    0.00000e+00    1.33636e-14
  0.288   1.680    0.00000e+00    0.00000e+00    0.00000e+00    0.00000e+00    0.00000e+00    1.49715e-14
  0.291   1.690    0.00000e+00    0.00000e+00    0.00000e+00    0.00000e+00    0.00000e+00    1.65793e-14
  0.295   1.700    0.00000e+00    0.00000e+00    0.00000e+00    0.00000e+00    0.00000e+00    1.81872e-14
  0.298   1.710    0.00000e+00    0.00000e+00    0.00000e+00    0.00000e+00    0.00000e+00    2.06792e-14
  0.302   1.720    0.00000e+00    0.00000e+00    0.00000e+00    0.00000e+00    0.00000e+00    2.31712e-14
  0.305   1.730    0.00000e+00    0.00000e+00    0.00000e+00    0.00000e+00    0.00000e+00    2.56632e-14
  0.309   1.740    0.00000e+00    0.00000e+00    0.00000e+00    0.00000e+00    0.00000e+00    2.81552e-14
  0.312   1.750    0.00000e+00    0.00000e+00    0.00000e+00    0.00000e+00    0.00000e+00    3.06472e-14
  0.316   1.760    0.00000e+00    0.00000e+00    0.00000e+00    0.00000e+00    0.00000e+00    3.13619e-14
  0.320   1.770    0.00000e+00    0.00000e+00    0.00000e+00    0.00000e+00    0.00000e+00    3.20766e-14
  0.323   1.780    0.00000e+00    0.00000e+00    0.00000e+00    0.00000e+00    0.00000e+00    3.27913e-14
  0.327   1.790    0.00000e+00    0.00000e+00    0.00000e+00    0.00000e+00    0.00000e+00    3.35059e-14
  0.330   1.800    0.00000e+00    0.00000e+00    0.00000e+00    0.00000e+00    0.00000e+00    3.42206e-14
  0.334   1.810    0.00000e+00    0.00000e+00    0.00000e+00    0.00000e+00    0.00000e+00    3.81335e-14
  0.338   1.820    0.00000e+00    0.00000e+00    0.00000e+00    0.00000e+00    0.00000e+00    4.20463e-14
  0.342   1.830    0.00000e+00    0.00000e+00    0.00000e+00    0.00000e+00    0.00000e+00    4.59591e-14
  0.345   1.840    0.00000e+00    0.00000e+00    0.00000e+00    0.00000e+00    0.00000e+00    4.98720e-14
  0.349   1.850    0.00000e+00    0.00000e+00    0.00000e+00    0.00000e+00    0.00000e+00    5.37848e-14
  0.353   1.860    0.00000e+00    0.00000e+00    0.00000e+00    0.00000e+00    0.00000e+00    5.86454e-14
  0.357   1.870    0.00000e+00    0.00000e+00    0.00000e+00    0.00000e+00    0.00000e+00    6.35059e-14
  0.360   1.880    0.00000e+00    0.00000e+00    0.00000e+00    0.00000e+00    0.00000e+00    6.83664e-14
  0.364   1.890    0.00000e+00    0.00000e+00    0.00000e+00    0.00000e+00    0.00000e+00    7.32270e-14
  0.368   1.900    0.00000e+00    0.00000e+00    0.00000e+00    0.00000e+00    0.00000e+00    7.80875e-14
  0.372   1.910    0.00000e+00    0.00000e+00    0.00000e+00    0.00000e+00    0.00000e+00    8.55668e-14
  0.376   1.920    0.00000e+00    0.00000e+00    0.00000e+00    0.00000e+00    0.00000e+00    9.30461e-14
  0.380   1.930    0.00000e+00    0.00000e+00    0.00000e+00    0.00000e+00    0.00000e+00    1.00525e-13
  0.384   1.940    0.00000e+00    0.00000e+00    0.00000e+00    0.00000e+00    0.00000e+00    1.08005e-13
  0.388   1.950    0.00000e+00    0.00000e+00    0.00000e+00    0.00000e+00    0.00000e+00    1.15484e-13
  0.392   1.960    0.00000e+00    0.00000e+00    0.00000e+00    0.00000e+00    0.00000e+00    1.28621e-13
  0.396   1.970    0.00000e+00    0.00000e+00    0.00000e+00    0.00000e+00    0.00000e+00    1.41758e-13
  0.400   1.980    0.00000e+00    0.00000e+00    0.00000e+00    0.00000e+00    0.00000e+00    1.54894e-13
  0.404   1.990    0.00000e+00    0.00000e+00    0.00000e+00    0.00000e+00    0.00000e+00    1.68031e-13
  0.408   2.000    0.00000e+00    0.00000e+00    0.00000e+00    0.00000e+00    0.00000e+00    1.81168e-13
  0.412   2.010    0.00000e+00    0.00000e+00    0.00000e+00    0.00000e+00    0.00000e+00    1.99908e-13
  0.416   2.020    0.00000e+00    0.00000e+00    0.00000e+00    0.00000e+00    0.00000e+00    2.18649e-13
  0.420   2.030    0.00000e+00    0.00000e+00    0.00000e+00    0.00000e+00    0.00000e+00    2.37389e-13
  0.424   2.040    0.00000e+00    0.00000e+00    0.00000e+00    0.00000e+00    0.00000e+00    2.56129e-13
  0.429   2.050    0.00000e+00    0.00000e+00    0.00000e+00    0.00000e+00    0.00000e+00    2.74869e-13
  0.433   2.060    0.00000e+00    0.00000e+00    0.00000e+00    0.00000e+00    0.00000e+00    3.01742e-13
  0.437   2.070    0.00000e+00    0.00000e+00    0.00000e+00    0.00000e+00    0.00000e+00    3.28615e-13
  0.441   2.080    0.00000e+00    0.00000e+00    0.00000e+00    0.00000e+00    0.00000e+00    3.55487e-13
  0.445   2.090    0.00000e+00    0.00000e+00    0.00000e+00    0.00000e+00    0.00000e+00    3.82360e-13
  0.450   2.100    0.00000e+00    0.00000e+00    0.00000e+00    0.00000e+00    0.00000e+00    4.09233e-13
  0.454   2.110    0.00000e+00    0.00000e+00    0.00000e+00    0.00000e+00    0.00000e+00    4.48516e-13
  0.458   2.120    0.00000e+00    0.00000e+00    0.00000e+00    0.00000e+00    0.00000e+00    4.87799e-13
  0.463   2.130    0.00000e+00    0.00000e+00    0.00000e+00    0.00000e+00    0.00000e+00    5.27081e-13
  0.467   2.140    0.00000e+00    0.00000e+00    0.00000e+00    0.00000e+00    0.00000e+00    5.66364e-13
  0.471   2.150    0.00000e+00    0.00000e+00    0.00000e+00    0.00000e+00    0.00000e+00    6.05647e-13
  0.476   2.160    0.00000e+00    0.00000e+00    0.00000e+00    0.00000e+00    0.00000e+00    6.59480e-13
  0.480   2.170    0.00000e+00    0.00000e+00    0.00000e+00    0.00000e+00    0.00000e+00    7.13314e-13
  0.485   2.180    0.00000e+00    0.00000e+00    0.00000e+00    0.00000e+00    0.00000e+00    7.67147e-13
  0.489   2.190    0.00000e+00    0.00000e+00    0.00000e+00    0.00000e+00    0.00000e+00    8.20980e-13
  0.494   2.200    0.00000e+00    0.00000e+00    0.00000e+00    0.00000e+00    0.00000e+00    8.74814e-13
  0.498   2.210    0.00000e+00    0.00000e+00    0.00000e+00    0.00000e+00    0.00000e+00    9.50237e-13
  0.503   2.220    0.00000e+00    0.00000e+00    0.00000e+00    0.00000e+00    0.00000e+00    1.02566e-12
  0.507   2.230    0.00000e+00    0.00000e+00    0.00000e+00    0.00000e+00    0.00000e+00    1.10108e-12
  0.512   2.240    0.00000e+00    0.00000e+00    0.00000e+00    0.00000e+00    0.00000e+00    1.17651e-12
  0.516   2.250    0.00000e+00    0.00000e+00    0.00000e+00    0.00000e+00    0.00000e+00    1.25193e-12
  0.521   2.260    0.00000e+00    0.00000e+00    0.00000e+00    0.00000e+00    0.00000e+00    1.35130e-12
  0.526   2.270    0.00000e+00    0.00000e+00    0.00000e+00    0.00000e+00    0.00000e+00    1.45066e-12
  0.530   2.280    0.00000e+00    0.00000e+00    0.00000e+00    0.00000e+00    0.00000e+00    1.55003e-12
  0.535   2.290    0.00000e+00    0.00000e+00    0.00000e+00    0.00000e+00    0.00000e+00    1.64940e-12
  0.539   2.300    0.00000e+00    0.00000e+00    0.00000e+00    0.00000e+00    0.00000e+00    1.74877e-12
  0.544   2.310    0.00000e+00    0.00000e+00    0.00000e+00    0.00000e+00    0.00000e+00    1.88242e-12
  0.549   2.320    0.00000e+00    0.00000e+00    0.00000e+00    0.00000e+00    0.00000e+00    2.01608e-12
  0.554   2.330    0.00000e+00    0.00000e+00    0.00000e+00    0.00000e+00    0.00000e+00    2.14974e-12
  0.558   2.340    0.00000e+00    0.00000e+00    0.00000e+00    0.00000e+00    0.00000e+00    2.28340e-12
  0.563   2.350    0.00000e+00    0.00000e+00    0.00000e+00    0.00000e+00    0.00000e+00    2.41705e-12
  0.568   2.360    0.00000e+00    0.00000e+00    0.00000e+00    0.00000e+00    0.00000e+00    2.59544e-12
  0.573   2.370    0.00000e+00    0.00000e+00    0.00000e+00    0.00000e+00    0.00000e+00    2.77382e-12
  0.578   2.380    0.00000e+00    0.00000e+00    0.00000e+00    0.00000e+00    0.00000e+00    2.95220e-12
  0.583   2.390    0.00000e+00    0.00000e+00    0.00000e+00    0.00000e+00    0.00000e+00    3.13058e-12
  0.587   2.400    0.00000e+00    0.00000e+00    0.00000e+00    0.00000e+00    0.00000e+00    3.30897e-12
  0.592   2.410    0.00000e+00    0.00000e+00    0.00000e+00    0.00000e+00    0.00000e+00    3.54488e-12
  0.597   2.420    0.00000e+00    0.00000e+00    0.00000e+00    0.00000e+00    0.00000e+00    3.78080e-12
  0.602   2.430    0.00000e+00    0.00000e+00    0.00000e+00    0.00000e+00    0.00000e+00    4.01672e-12
  0.607   2.440    0.00000e+00    0.00000e+00    0.00000e+00    0.00000e+00    0.00000e+00    4.25264e-12
  0.612   2.450    0.00000e+00    0.00000e+00    0.00000e+00    0.00000e+00    0.00000e+00    4.48856e-12
  0.617   2.460    0.00000e+00    0.00000e+00    0.00000e+00    0.00000e+00    0.00000e+00    4.79376e-12
  0.622   2.470    0.00000e+00    0.00000e+00    0.00000e+00    0.00000e+00    0.00000e+00    5.09896e-12
  0.627   2.480    0.00000e+00    0.00000e+00    0.00000e+00    0.00000e+00    0.00000e+00    5.40416e-12
  0.632   2.490    0.00000e+00    0.00000e+00    0.00000e+00    0.00000e+00    0.00000e+00    5.70936e-12
  0.637   2.500    0.00000e+00    0.00000e+00    0.00000e+00    0.00000e+00    0.00000e+00    6.01456e-12
  0.642   2.510    0.00000e+00    0.00000e+00    0.00000e+00    0.00000e+00    0.00000e+00    6.40554e-12
  0.648   2.520    0.00000e+00    0.00000e+00    0.00000e+00    0.00000e+00    0.00000e+00    6.79651e-12
  0.653   2.530    0.00000e+00    0.00000e+00    0.00000e+00    0.00000e+00    0.00000e+00    7.18748e-12
  0.658   2.540    0.00000e+00    0.00000e+00    0.00000e+00    0.00000e+00    0.00000e+00    7.57846e-12
  0.663   2.550    0.00000e+00    0.00000e+00    0.00000e+00    0.00000e+00    0.00000e+00    7.96943e-12
  0.668   2.560    0.00000e+00    0.00000e+00    0.00000e+00    0.00000e+00    0.00000e+00    8.47092e-12
  0.674   2.570    0.00000e+00    0.00000e+00    0.00000e+00    0.00000e+00    0.00000e+00    8.97240e-12
  0.679   2.580    0.00000e+00    0.00000e+00    0.00000e+00    0.00000e+00    0.00000e+00    9.47389e-12
  0.684   2.590    0.00000e+00    0.00000e+00    0.00000e+00    0.00000e+00    0.00000e+00    9.97537e-12
  0.689   2.600    0.00000e+00    0.00000e+00    0.00000e+00    0.00000e+00    0.00000e+00    1.04769e-11
  0.695   2.610    0.00000e+00    0.00000e+00    0.00000e+00    0.00000e+00    0.00000e+00    1.11115e-11
  0.700   2.620    0.00000e+00    0.00000e+00    0.00000e+00    0.00000e+00    0.00000e+00    1.17462e-11
  0.705   2.630    0.00000e+00    0.00000e+00    0.00000e+00    0.00000e+00    0.00000e+00    1.23809e-11
  0.711   2.640    0.00000e+00    0.00000e+00    0.00000e+00    0.00000e+00    0.00000e+00    1.30156e-11
  0.716   2.650    0.00000e+00    0.00000e+00    0.00000e+00    0.00000e+00    0.00000e+00    1.36503e-11
  0.722   2.660    0.00000e+00    0.00000e+00    0.00000e+00    0.00000e+00    0.00000e+00    1.44421e-11
  0.727   2.670    0.00000e+00    0.00000e+00    0.00000e+00    0.00000e+00    0.00000e+00    1.52340e-11
  0.732   2.680    0.00000e+00    0.00000e+00    0.00000e+00    0.00000e+00    0.00000e+00    1.60258e-11
  0.738   2.690    0.00000e+00    0.00000e+00    0.00000e+00    0.00000e+00    0.00000e+00    1.68177e-11
  0.743   2.700    0.00000e+00    0.00000e+00    0.00000e+00    0.00000e+00    0.00000e+00    1.76095e-11
  0.749   2.710    0.00000e+00    0.00000e+00    0.00000e+00    0.00000e+00    0.00000e+00    1.85894e-11
  0.754   2.720    0.00000e+00    0.00000e+00    0.00000e+00    0.00000e+00    0.00000e+00    1.95694e-11
  0.760   2.730    0.00000e+00    0.00000e+00    0.00000e+00    0.00000e+00    0.00000e+00    2.05493e-11
  0.766   2.740    0.00000e+00    0.00000e+00    0.00000e+00    0.00000e+00    0.00000e+00    2.15292e-11
  0.771   2.750    0.00000e+00    0.00000e+00    0.00000e+00    0.00000e+00    0.00000e+00    2.25091e-11
  0.777   2.760    0.00000e+00    0.00000e+00    0.00000e+00    0.00000e+00    0.00000e+00    2.37096e-11
  0.782   2.770    0.00000e+00    0.00000e+00    0.00000e+00    0.00000e+00    0.00000e+00    2.49101e-11
  0.788   2.780    0.00000e+00    0.00000e+00    0.00000e+00    0.00000e+00    0.00000e+00    2.61106e-11
  0.794   2.790    0.00000e+00    0.00000e+00    0.00000e+00    0.00000e+00    0.00000e+00    2.73111e-11
  0.799   2.800    0.00000e+00    0.00000e+00    0.00000e+00    0.00000e+00    0.00000e+00    2.85116e-11
  0.805   2.810    0.00000e+00    0.00000e+00    0.00000e+00    0.00000e+00    0.00000e+00    2.99479e-11
  0.811   2.820    0.00000e+00    0.00000e+00    0.00000e+00    0.00000e+00    0.00000e+00    3.13842e-11
  0.817   2.830    0.00000e+00    0.00000e+00    0.00000e+00    0.00000e+00    0.00000e+00    3.28205e-11
  0.823   2.840    0.00000e+00    0.00000e+00    0.00000e+00    0.00000e+00    0.00000e+00    3.42568e-11
  0.828   2.850    0.00000e+00    0.00000e+00    0.00000e+00    0.00000e+00    0.00000e+00    3.56931e-11
  0.834   2.860    0.00000e+00    0.00000e+00    0.00000e+00    0.00000e+00    0.00000e+00    3.73871e-11
  0.840   2.870    0.00000e+00    0.00000e+00    0.00000e+00    0.00000e+00    0.00000e+00    3.90810e-11
  0.846   2.880    0.00000e+00    0.00000e+00    0.00000e+00    0.00000e+00    0.00000e+00    4.07749e-11
  0.852   2.890    0.00000e+00    0.00000e+00    0.00000e+00    0.00000e+00    0.00000e+00    4.24689e-11
  0.858   2.900    0.00000e+00    0.00000e+00    0.00000e+00    0.00000e+00    0.00000e+00    4.41628e-11
  0.864   2.910    0.00000e+00    0.00000e+00    0.00000e+00    0.00000e+00    0.00000e+00    4.61078e-11
  0.870   2.920    0.00000e+00    0.00000e+00    0.00000e+00    0.00000e+00    0.00000e+00    4.80529e-11
  0.875   2.930    0.00000e+00    0.00000e+00    0.00000e+00    0.00000e+00    0.00000e+00    4.99979e-11
  0.881   2.940    0.00000e+00    0.00000e+00    0.00000e+00    0.00000e+00    0.00000e+00    5.19429e-11
  0.887   2.950    0.00000e+00    0.00000e+00    0.00000e+00    0.00000e+00    0.00000e+00    5.38879e-11
  0.893   2.960    0.00000e+00    0.00000e+00    0.00000e+00    0.00000e+00    0.00000e+00    5.60548e-11
  0.900   2.970    0.00000e+00    0.00000e+00    0.00000e+00    0.00000e+00    0.00000e+00    5.82217e-11
  0.906   2.980    0.00000e+00    0.00000e+00    0.00000e+00    0.00000e+00    0.00000e+00    6.03886e-11
  0.912   2.990    0.00000e+00    0.00000e+00    0.00000e+00    0.00000e+00    0.00000e+00    6.25555e-11
  0.918   3.000    0.00000e+00    0.00000e+00    0.00000e+00    0.00000e+00    0.00000e+00    6.47224e-11
  0.924   3.010    0.00000e+00    0.00000e+00    0.00000e+00    0.00000e+00    0.00000e+00    6.70567e-11
  0.930   3.020    0.00000e+00    0.00000e+00    0.00000e+00    0.00000e+00    0.00000e+00    6.93911e-11
  0.936   3.030    0.00000e+00    0.00000e+00    0.00000e+00    0.00000e+00    0.00000e+00    7.17255e-11
  0.942   3.040    0.00000e+00    0.00000e+00    0.00000e+00    0.00000e+00    0.00000e+00    7.40599e-11
  0.949   3.050    0.00000e+00    0.00000e+00    0.00000e+00    0.00000e+00    0.00000e+00    7.63943e-11
  0.955   3.060    0.00000e+00    0.00000e+00    0.00000e+00    0.00000e+00    0.00000e+00    7.87956e-11
  0.961   3.070    0.00000e+00    0.00000e+00    0.00000e+00    0.00000e+00    0.00000e+00    8.11969e-11
  0.967   3.080    0.00000e+00    0.00000e+00    0.00000e+00    0.00000e+00    0.00000e+00    8.35982e-11
  0.974   3.090    0.00000e+00    0.00000e+00    0.00000e+00    0.00000e+00    0.00000e+00    8.59995e-11
  0.980   3.100    0.00000e+00    0.00000e+00    0.00000e+00    0.00000e+00    0.00000e+00    8.84008e-11
  0.986   3.110    0.00000e+00    0.00000e+00    0.00000e+00    0.00000e+00    0.00000e+00    9.07544e-11
  0.993   3.120    0.00000e+00    0.00000e+00    0.00000e+00    0.00000e+00    0.00000e+00    9.31079e-11
  0.999   3.130    0.00000e+00    0.00000e+00    0.00000e+00    0.00000e+00    0.00000e+00    9.54614e-11
  1.005   3.140    0.00000e+00    0.00000e+00    0.00000e+00    0.00000e+00    0.00000e+00    9.78150e-11
  1.012   3.150    0.00000e+00    0.00000e+00    0.00000e+00    0.00000e+00    0.00000e+00    1.00169e-10
  1.018   3.160    0.00000e+00    0.00000e+00    0.00000e+00    0.00000e+00    0.00000e+00    1.02340e-10
  1.025   3.170    0.00000e+00    0.00000e+00    0.00000e+00    0.00000e+00    0.00000e+00    1.04512e-10
  1.031   3.180    0.00000e+00    0.00000e+00    0.00000e+00    0.00000e+00    0.00000e+00    1.06684e-10
  1.038   3.190    0.00000e+00    0.00000e+00    0.00000e+00    0.00000e+00    0.00000e+00    1.08856e-10
  1.044   3.200    0.00000e+00    0.00000e+00    0.00000e+00    0.00000e+00    0.00000e+00    1.11028e-10
  1.051   3.210    0.00000e+00    0.00000e+00    0.00000e+00    0.00000e+00    0.00000e+00    1.12893e-10
  1.057   3.220    0.00000e+00    0.00000e+00    0.00000e+00    0.00000e+00    0.00000e+00    1.14759e-10
  1.064   3.230    0.00000e+00    0.00000e+00    0.00000e+00    0.00000e+00    0.00000e+00    1.16625e-10
  1.070   3.240    0.00000e+00    0.00000e+00    0.00000e+00    0.00000e+00    0.00000e+00    1.18491e-10
  1.077   3.250    0.00000e+00    0.00000e+00    0.00000e+00    0.00000e+00    0.00000e+00    1.20356e-10
  1.084   3.260    0.00000e+00    0.00000e+00    0.00000e+00    0.00000e+00    0.00000e+00    1.21824e-10
  1.090   3.270    0.00000e+00    0.00000e+00    0.00000e+00    0.00000e+00    0.00000e+00    1.23291e-10
  1.097   3.280    0.00000e+00    0.00000e+00    0.00000e+00    0.00000e+00    0.00000e+00    1.24758e-10
  1.104   3.290    0.00000e+00    0.00000e+00    0.00000e+00    0.00000e+00    0.00000e+00    1.26225e-10
  1.110   3.300    0.00000e+00    0.00000e+00    0.00000e+00    0.00000e+00    0.00000e+00    1.27692e-10
  1.117   3.310    0.00000e+00    0.00000e+00    0.00000e+00    0.00000e+00    0.00000e+00    1.28715e-10
  1.124   3.320    0.00000e+00    0.00000e+00    0.00000e+00    0.00000e+00    0.00000e+00    1.29737e-10
  1.131   3.330    0.00000e+00    0.00000e+00    0.00000e+00    0.00000e+00    0.00000e+00    1.30760e-10
  1.138   3.340    0.00000e+00    0.00000e+00    0.00000e+00    0.00000e+00    0.00000e+00    1.31783e-10
  1.144   3.350    0.00000e+00    0.00000e+00    0.00000e+00    0.00000e+00    0.00000e+00    1.32806e-10
  1.151   3.360    0.00000e+00    0.00000e+00    0.00000e+00    0.00000e+00    0.00000e+00    1.33388e-10
  1.158   3.370    0.00000e+00    0.00000e+00    0.00000e+00    0.00000e+00    0.00000e+00    1.33971e-10
  1.165   3.380    0.00000e+00    0.00000e+00    0.00000e+00    0.00000e+00    0.00000e+00    1.34554e-10
  1.172   3.390    0.00000e+00    0.00000e+00    0.00000e+00    0.00000e+00    0.00000e+00    1.35137e-10
  1.179   3.400    0.00000e+00    0.00000e+00    0.00000e+00    0.00000e+00    0.00000e+00    1.35720e-10
  1.186   3.410    0.00000e+00    0.00000e+00    0.00000e+00    0.00000e+00    0.00000e+00    1.35904e-10
  1.193   3.420    0.00000e+00    0.00000e+00    0.00000e+00    0.00000e+00    0.00000e+00    1.36089e-10
  1.200   3.430    0.00000e+00    0.00000e+00    0.00000e+00    0.00000e+00    0.00000e+00    1.36273e-10
  1.207   3.440    0.00000e+00    0.00000e+00    0.00000e+00    0.00000e+00    0.00000e+00    1.36458e-10
  1.214   3.450    0.00000e+00    0.00000e+00    0.00000e+00    0.00000e+00    0.00000e+00    1.36642e-10
  1.221   3.460    0.00000e+00    0.00000e+00    0.00000e+00    0.00000e+00    0.00000e+00    1.36498e-10
  1.228   3.470    0.00000e+00    0.00000e+00    0.00000e+00    0.00000e+00    0.00000e+00    1.36355e-10
  1.235   3.480    0.00000e+00    0.00000e+00    0.00000e+00    0.00000e+00    0.00000e+00    1.36211e-10
  1.242   3.490    0.00000e+00    0.00000e+00    0.00000e+00    0.00000e+00    0.00000e+00    1.36067e-10
  1.249   3.500    0.00000e+00    0.00000e+00    0.00000e+00    0.00000e+00    0.00000e+00    1.35923e-10
  1.256   3.510    0.00000e+00    0.00000e+00    0.00000e+00    0.00000e+00    0.00000e+00    1.35534e-10
  1.264   3.520    0.00000e+00    0.00000e+00    0.00000e+00    0.00000e+00    0.00000e+00    1.35144e-10
  1.271   3.530    0.00000e+00    0.00000e+00    0.00000e+00    0.00000e+00    0.00000e+00    1.34754e-10
  1.278   3.540    0.00000e+00    0.00000e+00    0.00000e+00    0.00000e+00    0.00000e+00    1.34365e-10
  1.285   3.550    0.00000e+00    0.00000e+00    0.00000e+00    0.00000e+00    0.00000e+00    1.33975e-10
  1.292   3.560    0.00000e+00    0.00000e+00    0.00000e+00    0.00000e+00    0.00000e+00    1.33425e-10
  1.300   3.570    0.00000e+00    0.00000e+00    0.00000e+00    0.00000e+00    0.00000e+00    1.32875e-10
  1.307   3.580    0.00000e+00    0.00000e+00    0.00000e+00    0.00000e+00    0.00000e+00    1.32324e-10
  1.314   3.590    0.00000e+00    0.00000e+00    0.00000e+00    0.00000e+00    0.00000e+00    1.31774e-10
  1.322   3.600    0.00000e+00    0.00000e+00    0.00000e+00    0.00000e+00    0.00000e+00    1.31224e-10
  1.329   3.610    0.00000e+00    0.00000e+00    0.00000e+00    0.00000e+00    0.00000e+00    1.30589e-10
  1.336   3.620    0.00000e+00    0.00000e+00    0.00000e+00    0.00000e+00    0.00000e+00    1.29954e-10
  1.344   3.630    0.00000e+00    0.00000e+00    0.00000e+00    0.00000e+00    0.00000e+00    1.29319e-10
  1.351   3.640    0.00000e+00    0.00000e+00    0.00000e+00    0.00000e+00    0.00000e+00    1.28684e-10
  1.359   3.650    0.00000e+00    0.00000e+00    0.00000e+00    0.00000e+00    0.00000e+00    1.28049e-10
  1.366   3.660    0.00000e+00    0.00000e+00    0.00000e+00    0.00000e+00    0.00000e+00    1.27403e-10
  1.374   3.670    0.00000e+00    0.00000e+00    0.00000e+00    0.00000e+00    0.00000e+00    1.26758e-10
  1.381   3.680    0.00000e+00    0.00000e+00    0.00000e+00    0.00000e+00    0.00000e+00    1.26113e-10
  1.388   3.690    0.00000e+00    0.00000e+00    0.00000e+00    0.00000e+00    0.00000e+00    1.25468e-10
  1.396   3.700    0.00000e+00    0.00000e+00    0.00000e+00    0.00000e+00    0.00000e+00    1.24822e-10
  1.404   3.710    0.00000e+00    0.00000e+00    0.00000e+00    0.00000e+00    0.00000e+00    1.24234e-10
  1.411   3.720    0.00000e+00    0.00000e+00    0.00000e+00    0.00000e+00    0.00000e+00    1.23646e-10
  1.419   3.730    0.00000e+00    0.00000e+00    0.00000e+00    0.00000e+00    0.00000e+00    1.23058e-10
  1.426   3.740    0.00000e+00    0.00000e+00    0.00000e+00    0.00000e+00    0.00000e+00    1.22470e-10
  1.434   3.750    0.00000e+00    0.00000e+00    0.00000e+00    0.00000e+00    0.00000e+00    1.21882e-10
  1.442   3.760    0.00000e+00    0.00000e+00    0.00000e+00    0.00000e+00    0.00000e+00    1.21419e-10
  1.449   3.770    0.00000e+00    0.00000e+00    0.00000e+00    0.00000e+00    0.00000e+00    1.20957e-10
  1.457   3.780    0.00000e+00    0.00000e+00    0.00000e+00    0.00000e+00    0.00000e+00    1.20495e-10
  1.465   3.790    0.00000e+00    0.00000e+00    0.00000e+00    0.00000e+00    0.00000e+00    1.20032e-10
  1.472   3.800    0.00000e+00    0.00000e+00    0.00000e+00    0.00000e+00    0.00000e+00    1.19570e-10
  1.480   3.810    0.00000e+00    0.00000e+00    0.00000e+00    0.00000e+00    0.00000e+00    1.19302e-10
  1.488   3.820    0.00000e+00    0.00000e+00    0.00000e+00    0.00000e+00    0.00000e+00    1.19035e-10
  1.496   3.830    0.00000e+00    0.00000e+00    0.00000e+00    0.00000e+00    0.00000e+00    1.18767e-10
  1.504   3.840    0.00000e+00    0.00000e+00    0.00000e+00    0.00000e+00    0.00000e+00    1.18499e-10
  1.511   3.850    0.00000e+00    0.00000e+00    0.00000e+00    0.00000e+00    0.00000e+00    1.18231e-10
  1.519   3.860    0.00000e+00    0.00000e+00    0.00000e+00    0.00000e+00    0.00000e+00    1.18226e-10
  1.527   3.870    0.00000e+00    0.00000e+00    0.00000e+00    0.00000e+00    0.00000e+00    1.18222e-10
  1.535   3.880    0.00000e+00    0.00000e+00    0.00000e+00    0.00000e+00    0.00000e+00    1.18217e-10
  1.543   3.890    0.00000e+00    0.00000e+00    0.00000e+00    0.00000e+00    0.00000e+00    1.18212e-10
  1.551   3.900    0.00000e+00    0.00000e+00    0.00000e+00    0.00000e+00    0.00000e+00    1.18207e-10
  1.559   3.910    0.00000e+00    0.00000e+00    0.00000e+00    0.00000e+00    0.00000e+00    1.18555e-10
  1.567   3.920    0.00000e+00    0.00000e+00    0.00000e+00    0.00000e+00    0.00000e+00    1.18903e-10
  1.575   3.930    0.00000e+00    0.00000e+00    0.00000e+00    0.00000e+00    0.00000e+00    1.19251e-10
  1.583   3.940    0.00000e+00    0.00000e+00    0.00000e+00    0.00000e+00    0.00000e+00    1.19599e-10
  1.591   3.950    0.00000e+00    0.00000e+00    0.00000e+00    0.00000e+00    0.00000e+00    1.19947e-10
  1.599   3.960    0.00000e+00    0.00000e+00    0.00000e+00    0.00000e+00    0.00000e+00    1.20745e-10
  1.607   3.970    0.00000e+00    0.00000e+00    0.00000e+00    0.00000e+00    0.00000e+00    1.21544e-10
  1.615   3.980    0.00000e+00    0.00000e+00    0.00000e+00    0.00000e+00    0.00000e+00    1.22342e-10
  1.623   3.990    0.00000e+00    0.00000e+00    0.00000e+00    0.00000e+00    0.00000e+00    1.23140e-10
  1.632   4.000    0.00000e+00    0.00000e+00    0.00000e+00    0.00000e+00    0.00000e+00    1.23939e-10
  1.640   4.010    0.00000e+00    0.00000e+00    0.00000e+00    0.00000e+00    0.00000e+00    1.25315e-10
  1.648   4.020    0.00000e+00    0.00000e+00    0.00000e+00    0.00000e+00    0.00000e+00    1.26691e-10
  1.656   4.030    0.00000e+00    0.00000e+00    0.00000e+00    0.00000e+00    0.00000e+00    1.28067e-10
  1.664   4.040    0.00000e+00    0.00000e+00    0.00000e+00    0.00000e+00    0.00000e+00    1.29443e-10
  1.673   4.050    0.00000e+00    0.00000e+00    0.00000e+00    0.00000e+00    0.00000e+00    1.30819e-10
  1.681   4.060    0.00000e+00    0.00000e+00    0.00000e+00    0.00000e+00    0.00000e+00    1.32916e-10
  1.689   4.070    0.00000e+00    0.00000e+00    0.00000e+00    0.00000e+00    0.00000e+00    1.35013e-10
  1.698   4.080    0.00000e+00    0.00000e+00    0.00000e+00    0.00000e+00    0.00000e+00    1.37110e-10
  1.706   4.090    0.00000e+00    0.00000e+00    0.00000e+00    0.00000e+00    0.00000e+00    1.39207e-10
  1.714   4.100    0.00000e+00    0.00000e+00    0.00000e+00    0.00000e+00    0.00000e+00    1.41304e-10
  1.723   4.110    0.00000e+00    0.00000e+00    0.00000e+00    0.00000e+00    0.00000e+00    1.44296e-10
  1.731   4.120    0.00000e+00    0.00000e+00    0.00000e+00    0.00000e+00    0.00000e+00    1.47287e-10
  1.739   4.130    0.00000e+00    0.00000e+00    0.00000e+00    0.00000e+00    0.00000e+00    1.50278e-10
  1.748   4.140    0.00000e+00    0.00000e+00    0.00000e+00    0.00000e+00    0.00000e+00    1.53270e-10
  1.756   4.150    0.00000e+00    0.00000e+00    0.00000e+00    0.00000e+00    0.00000e+00    1.56261e-10
  1.765   4.160    0.00000e+00    0.00000e+00    0.00000e+00    0.00000e+00    0.00000e+00    1.60342e-10
  1.773   4.170    0.00000e+00    0.00000e+00    0.00000e+00    0.00000e+00    0.00000e+00    1.64424e-10
  1.782   4.180    0.00000e+00    0.00000e+00    0.00000e+00    0.00000e+00    0.00000e+00    1.68505e-10
  1.790   4.190    0.00000e+00    0.00000e+00    0.00000e+00    0.00000e+00    0.00000e+00    1.72586e-10
  1.799   4.200    0.00000e+00    0.00000e+00    0.00000e+00    0.00000e+00    0.00000e+00    1.76668e-10
  1.807   4.210    0.00000e+00    0.00000e+00    0.00000e+00    0.00000e+00    0.00000e+00    1.82053e-10
  1.816   4.220    0.00000e+00    0.00000e+00    0.00000e+00    0.00000e+00    0.00000e+00    1.87437e-10
  1.825   4.230    0.00000e+00    0.00000e+00    0.00000e+00    0.00000e+00    0.00000e+00    1.92822e-10
  1.833   4.240    0.00000e+00    0.00000e+00    0.00000e+00    0.00000e+00    0.00000e+00    1.98207e-10
  1.842   4.250    0.00000e+00    0.00000e+00    0.00000e+00    0.00000e+00    0.00000e+00    2.03592e-10
  1.851   4.260    0.00000e+00    0.00000e+00    0.00000e+00    0.00000e+00    0.00000e+00    2.10499e-10
  1.859   4.270    0.00000e+00    0.00000e+00    0.00000e+00    0.00000e+00    0.00000e+00    2.17407e-10
  1.868   4.280    0.00000e+00    0.00000e+00    0.00000e+00    0.00000e+00    0.00000e+00    2.24314e-10
  1.877   4.290    0.00000e+00    0.00000e+00    0.00000e+00    0.00000e+00    0.00000e+00    2.31221e-10
  1.885   4.300    0.00000e+00    0.00000e+00    0.00000e+00    0.00000e+00    0.00000e+00    2.38129e-10
  1.894   4.310    0.00000e+00    0.00000e+00    0.00000e+00    0.00000e+00    0.00000e+00    2.46749e-10
  1.903   4.320    0.00000e+00    0.00000e+00    0.00000e+00    0.00000e+00    0.00000e+00    2.55369e-10
  1.912   4.330    0.00000e+00    0.00000e+00    0.00000e+00    0.00000e+00    0.00000e+00    2.63989e-10
  1.921   4.340    0.00000e+00    0.00000e+00    0.00000e+00    0.00000e+00    0.00000e+00    2.72609e-10
  1.930   4.350    0.00000e+00    0.00000e+00    0.00000e+00    0.00000e+00    0.00000e+00    2.81229e-10
  1.938   4.360    0.00000e+00    0.00000e+00    0.00000e+00    0.00000e+00    0.00000e+00    2.91697e-10
  1.947   4.370    0.00000e+00    0.00000e+00    0.00000e+00    0.00000e+00    0.00000e+00    3.02164e-10
  1.956   4.380    0.00000e+00    0.00000e+00    0.00000e+00    0.00000e+00    0.00000e+00    3.12632e-10
  1.965   4.390    0.00000e+00    0.00000e+00    0.00000e+00    0.00000e+00    0.00000e+00    3.23099e-10
  1.974   4.400    0.00000e+00    0.00000e+00    0.00000e+00    0.00000e+00    0.00000e+00    3.33566e-10
  1.983   4.410    0.00000e+00    0.00000e+00    0.00000e+00    0.00000e+00    0.00000e+00    3.45893e-10
  1.992   4.420    0.00000e+00    0.00000e+00    0.00000e+00    0.00000e+00    0.00000e+00    3.58220e-10
  2.001   4.430    0.00000e+00    0.00000e+00    0.00000e+00    0.00000e+00    0.00000e+00    3.70546e-10
  2.010   4.440    0.00000e+00    0.00000e+00    0.00000e+00    0.00000e+00    0.00000e+00    3.82873e-10
  2.019   4.450    0.00000e+00    0.00000e+00    0.00000e+00    0.00000e+00    0.00000e+00    3.95199e-10
  2.028   4.460    0.00000e+00    0.00000e+00    0.00000e+00    0.00000e+00    0.00000e+00    4.09229e-10
  2.038   4.470    0.00000e+00    0.00000e+00    0.00000e+00    0.00000e+00    0.00000e+00    4.23259e-10
  2.047   4.480    0.00000e+00    0.00000e+00    0.00000e+00    0.00000e+00    0.00000e+00    4.37290e-10
  2.056   4.490    0.00000e+00    0.00000e+00    0.00000e+00    0.00000e+00    0.00000e+00    4.51320e-10
  2.065   4.500    0.00000e+00    0.00000e+00    0.00000e+00    0.00000e+00    0.00000e+00    4.65350e-10
  2.074   4.510    0.00000e+00    0.00000e+00    0.00000e+00    0.00000e+00    0.00000e+00    4.80711e-10
  2.083   4.520    0.00000e+00    0.00000e+00    0.00000e+00    0.00000e+00    0.00000e+00    4.96073e-10
  2.093   4.530    0.00000e+00    0.00000e+00    0.00000e+00    0.00000e+00    0.00000e+00    5.11434e-10
  2.102   4.540    0.00000e+00    0.00000e+00    0.00000e+00    0.00000e+00    0.00000e+00    5.26795e-10
  2.111   4.550    0.00000e+00    0.00000e+00    0.00000e+00    0.00000e+00    0.00000e+00    5.42157e-10
  2.120   4.560    0.00000e+00    0.00000e+00    0.00000e+00    0.00000e+00    0.00000e+00    5.58254e-10
  2.130   4.570    0.00000e+00    0.00000e+00    0.00000e+00    0.00000e+00    0.00000e+00    5.74351e-10
  2.139   4.580    0.00000e+00    0.00000e+00    0.00000e+00    0.00000e+00    0.00000e+00    5.90448e-10
  2.148   4.590    0.00000e+00    0.00000e+00    0.00000e+00    0.00000e+00    0.00000e+00    6.06546e-10
  2.158   4.600    0.00000e+00    0.00000e+00    0.00000e+00    0.00000e+00    0.00000e+00    6.22643e-10
  2.167   4.610    0.00000e+00    0.00000e+00    0.00000e+00    0.00000e+00    0.00000e+00    6.38699e-10
  2.177   4.620    0.00000e+00    0.00000e+00    0.00000e+00    0.00000e+00    0.00000e+00    6.54755e-10
  2.186   4.630    0.00000e+00    0.00000e+00    0.00000e+00    0.00000e+00    0.00000e+00    6.70810e-10
  2.195   4.640    0.00000e+00    0.00000e+00    0.00000e+00    0.00000e+00    0.00000e+00    6.86866e-10
  2.205   4.650    0.00000e+00    0.00000e+00    0.00000e+00    0.00000e+00    0.00000e+00    7.02922e-10
  2.214   4.660    0.00000e+00    0.00000e+00    0.00000e+00    0.00000e+00    0.00000e+00    7.18077e-10
  2.224   4.670    0.00000e+00    0.00000e+00    0.00000e+00    0.00000e+00    0.00000e+00    7.33231e-10
  2.233   4.680    0.00000e+00    0.00000e+00    0.00000e+00    0.00000e+00    0.00000e+00    7.48386e-10
  2.243   4.690    0.00000e+00    0.00000e+00    0.00000e+00    0.00000e+00    0.00000e+00    7.63541e-10
  2.253   4.700    0.00000e+00    0.00000e+00    0.00000e+00    0.00000e+00    0.00000e+00    7.78696e-10
  2.262   4.710    0.00000e+00    0.00000e+00    0.00000e+00    0.00000e+00    0.00000e+00    7.92165e-10
  2.272   4.720    0.00000e+00    0.00000e+00    0.00000e+00    0.00000e+00    0.00000e+00    8.05634e-10
  2.281   4.730    0.00000e+00    0.00000e+00    0.00000e+00    0.00000e+00    0.00000e+00    8.19103e-10
  2.291   4.740    0.00000e+00    0.00000e+00    0.00000e+00    0.00000e+00    0.00000e+00    8.32572e-10
  2.301   4.750    0.00000e+00    0.00000e+00    0.00000e+00    0.00000e+00    0.00000e+00    8.46041e-10
  2.310   4.760    0.00000e+00    0.00000e+00    0.00000e+00    0.00000e+00    0.00000e+00    8.57230e-10
  2.320   4.770    0.00000e+00    0.00000e+00    0.00000e+00    0.00000e+00    0.00000e+00    8.68419e-10
  2.330   4.780    0.00000e+00    0.00000e+00    0.00000e+00    0.00000e+00    0.00000e+00    8.79607e-10
  2.340   4.790    0.00000e+00    0.00000e+00    0.00000e+00    0.00000e+00    0.00000e+00    8.90796e-10
  2.349   4.800    0.00000e+00    0.00000e+00    0.00000e+00    0.00000e+00    0.00000e+00    9.01985e-10
  2.359   4.810    0.00000e+00    0.00000e+00    0.00000e+00    0.00000e+00    0.00000e+00    9.10576e-10
  2.369   4.820    0.00000e+00    0.00000e+00    0.00000e+00    0.00000e+00    0.00000e+00    9.19166e-10
  2.379   4.830    0.00000e+00    0.00000e+00    0.00000e+00    0.00000e+00    0.00000e+00    9.27757e-10
  2.389   4.840    0.00000e+00    0.00000e+00    0.00000e+00    0.00000e+00    0.00000e+00    9.36348e-10
  2.399   4.850    0.00000e+00    0.00000e+00    0.00000e+00    0.00000e+00    0.00000e+00    9.44939e-10
  2.409   4.860    0.00000e+00    0.00000e+00    0.00000e+00    0.00000e+00    0.00000e+00    9.50942e-10
  2.419   4.870    0.00000e+00    0.00000e+00    0.00000e+00    0.00000e+00    0.00000e+00    9.56945e-10
  2.428   4.880    0.00000e+00    0.00000e+00    0.00000e+00    0.00000e+00    0.00000e+00    9.62949e-10
  2.438   4.890    0.00000e+00    0.00000e+00    0.00000e+00    0.00000e+00    0.00000e+00    9.68952e-10
  2.448   4.900    0.00000e+00    0.00000e+00    0.00000e+00    0.00000e+00    0.00000e+00    9.74955e-10
  2.458   4.910    0.00000e+00    0.00000e+00    0.00000e+00    0.00000e+00    0.00000e+00    9.78592e-10
  2.468   4.920    0.00000e+00    0.00000e+00    0.00000e+00    0.00000e+00    0.00000e+00    9.82229e-10
  2.478   4.930    0.00000e+00    0.00000e+00    0.00000e+00    0.00000e+00    0.00000e+00    9.85865e-10
  2.489   4.940    0.00000e+00    0.00000e+00    0.00000e+00    0.00000e+00    0.00000e+00    9.89502e-10
  2.499   4.950    0.00000e+00    0.00000e+00    0.00000e+00    0.00000e+00    0.00000e+00    9.93139e-10
  2.509   4.960    0.00000e+00    0.00000e+00    0.00000e+00    0.00000e+00    0.00000e+00    9.94814e-10
  2.519   4.970    0.00000e+00    0.00000e+00    0.00000e+00    0.00000e+00    0.00000e+00    9.96489e-10
  2.529   4.980    0.00000e+00    0.00000e+00    0.00000e+00    0.00000e+00    0.00000e+00    9.98164e-10
  2.539   4.990    0.00000e+00    0.00000e+00    0.00000e+00    0.00000e+00    0.00000e+00    9.99840e-10
