  0.000   0.010    0.00000e+00    2.57523e+02    0.00000e+00    1.57680e+04    0.00000e+00    0.00000e+00
  0.000   0.020    0.00000e+00    2.57523e+02    0.00000e+00    1.57680e+04    0.00000e+00    0.00000e+00
  0.000   0.030    0.00000e+00    2.57523e+02    0.00000e+00    1.57680e+04    0.00000e+00    0.00000e+00
  0.000   0.040    0.00000e+00    2.57523e+02    0.00000e+00    1.57680e+04    0.00000e+00    0.00000e+00
  0.000   0.050    0.00000e+00    2.57523e+02    0.00000e+00    1.57680e+04    0.00000e+00    0.00000e+00
  0.000   0.060    0.00000e+00    6.88625e+02    0.00000e+00    4.18567e+04    0.00000e+00    0.00000e+00
  0.001   0.070    0.00000e+00    1.11973e+03    0.00000e+00    6.79455e+04    0.00000e+00    0.00000e+00
  0.001   0.080    0.00000e+00    1.55083e+03    0.00000e+00    9.40342e+04    0.00000e+00    0.00000e+00
  0.001   0.090    0.00000e+00    1.98193e+03    0.00000e+00    1.20123e+05    0.00000e+00    0.00000e+00
  0.001   0.100    0.00000e+00    2.41303e+03    0.00000e+00    1.46212e+05    0.00000e+00    0.00000e+00
  0.001   0.110    0.00000e+00    4.06623e+03    0.00000e+00    2.43632e+05    0.00000e+00    0.00000e+00
  0.002   0.120    0.00000e+00    5.71944e+03    0.00000e+00    3.41052e+05    0.00000e+00    0.00000e+00
  0.002   0.130    0.00000e+00    7.37264e+03    0.00000e+00    4.38471e+05    0.00000e+00    0.00000e+00
  0.002   0.140    0.00000e+00    9.02584e+03    0.00000e+00    5.35891e+05    0.00000e+00    0.00000e+00
  0.002   0.150    0.00000e+00    1.06790e+04    0.00000e+00    6.33311e+05    0.00000e+00    0.00000e+00
  0.003   0.160    0.00000e+00    1.59458e+04    0.00000e+00    9.31504e+05    0.00000e+00    0.00000e+00
  0.003   0.170    0.00000e+00    2.12126e+04    0.00000e+00    1.22970e+06    0.00000e+00    0.00000e+00
  0.003   0.180    0.00000e+00    2.64794e+04    0.00000e+00    1.52789e+06    0.00000e+00    0.00000e+00
  0.004   0.190    0.00000e+00    3.17462e+04    0.00000e+00    1.82608e+06    0.00000e+00    0.00000e+00
  0.004   0.200    0.00000e+00    3.70130e+04    0.00000e+00    2.12427e+06    0.00000e+00    0.00000e+00
  0.005   0.210    0.00000e+00    5.17580e+04    0.00000e+00    2.91362e+06    0.00000e+00    0.00000e+00
  0.005   0.220    0.00000e+00    6.65031e+04    0.00000e+00    3.70296e+06    0.00000e+00    0.00000e+00
  0.005   0.230    0.00000e+00    8.12482e+04    0.00000e+00    4.49230e+06    0.00000e+00    0.00000e+00
  0.006   0.240    0.00000e+00    9.59933e+04    0.00000e+00    5.28165e+06    0.00000e+00    0.00000e+00
  0.006   0.250    0.00000e+00    1.10738e+05    0.00000e+00    6.07099e+06    0.00000e+00    0.00000e+00
  0.007   0.260    0.00000e+00    1.43221e+05    0.00000e+00    7.68177e+06    0.00000e+00    0.00000e+00
  0.007   0.270    0.00000e+00    1.75703e+05    0.00000e+00    9.29255e+06    0.00000e+00    0.00000e+00
  0.008   0.280    0.00000e+00    2.08185e+05    0.00000e+00    1.09033e+07    0.00000e+00    0.00000e+00
  0.009   0.290    0.00000e+00    2.40667e+05    0.00000e+00    1.25141e+07    0.00000e+00    0.00000e+00
  0.009   0.300    0.00000e+00    2.73149e+05    0.00000e+00    1.41249e+07    0.00000e+00    0.00000e+00
  0.010   0.310    0.00000e+00    3.26860e+05    0.00000e+00    1.65261e+07    0.00000e+00    0.00000e+00
  0.011   0.320    0.00000e+00    3.80571e+05    0.00000e+00    1.89273e+07    0.00000e+00    0.00000e+00
  0.011   0.330    0.00000e+00    4.34282e+05    0.00000e+00    2.13285e+07    0.00000e+00    0.00000e+00
  0.012   0.340    0.00000e+00    4.87992e+05    0.00000e+00    2.37297e+07    0.00000e+00    0.00000e+00
  0.012   0.350    0.00000e+00    5.41703e+05    0.00000e+00    2.61309e+07    0.00000e+00    0.00000e+00
  0.013   0.360    0.00000e+00    6.12812e+05    0.00000e+00    2.88894e+07    0.00000e+00    0.00000e+00
  0.014   0.370    0.00000e+00    6.83920e+05    0.00000e+00    3.16480e+07    0.00000e+00    0.00000e+00
  0.015   0.380    0.00000e+00    7.55029e+05    0.00000e+00    3.44065e+07    0.00000e+00    0.00000e+00
  0.016   0.390    0.00000e+00    8.26137e+05    0.00000e+00    3.71651e+07    0.00000e+00    0.00000e+00
  0.016   0.400    0.00000e+00    8.97246e+05    0.00000e+00    3.99236e+07    0.00000e+00    0.00000e+00
  0.017   0.410    0.00000e+00    9.77272e+05    0.00000e+00    4.24701e+07    0.00000e+00    0.00000e+00
  0.018   0.420    0.00000e+00    1.05730e+06    0.00000e+00    4.50166e+07    0.00000e+00    0.00000e+00
  0.019   0.430    0.00000e+00    1.13732e+06    0.00000e+00    4.75630e+07    0.00000e+00    0.00000e+00
  0.020   0.440    0.00000e+00    1.21735e+06    0.00000e+00    5.01095e+07    0.00000e+00    0.00000e+00
  0.021   0.450    0.00000e+00    1.29737e+06    0.00000e+00    5.26560e+07    0.00000e+00    0.00000e+00
  0.022   0.460    0.00000e+00    1.37675e+06    0.00000e+00    5.45424e+07    0.00000e+00    0.00000e+00
  0.023   0.470    0.00000e+00    1.45612e+06    0.00000e+00    5.64288e+07    0.00000e+00    0.00000e+00
  0.024   0.480    0.00000e+00    1.53549e+06    0.00000e+00    5.83152e+07    0.00000e+00    0.00000e+00
  0.025   0.490    0.00000e+00    1.61486e+06    0.00000e+00    6.02016e+07    0.00000e+00    0.00000e+00
  0.025   0.500    0.00000e+00    1.69423e+06    0.00000e+00    6.20879e+07    0.00000e+00    0.00000e+00
  0.027   0.510    0.00000e+00    1.76568e+06    0.00000e+00    6.31375e+07    0.00000e+00    0.00000e+00
  0.028   0.520    0.00000e+00    1.83713e+06    0.00000e+00    6.41870e+07    0.00000e+00    0.00000e+00
  0.029   0.530    0.00000e+00    1.90858e+06    0.00000e+00    6.52365e+07    0.00000e+00    0.00000e+00
  0.030   0.540    0.00000e+00    1.98003e+06    0.00000e+00    6.62861e+07    0.00000e+00    0.00000e+00
  0.031   0.550    0.00000e+00    2.05149e+06    0.00000e+00    6.73356e+07    0.00000e+00    0.00000e+00
  0.032   0.560    0.00000e+00    2.11149e+06    0.00000e+00    6.76212e+07    0.00000e+00    0.00000e+00
  0.033   0.570    0.00000e+00    2.17149e+06    0.00000e+00    6.79069e+07    0.00000e+00    0.00000e+00
  0.034   0.580    0.00000e+00    2.23149e+06    0.00000e+00    6.81925e+07    0.00000e+00    0.00000e+00
  0.036   0.590    0.00000e+00    2.29149e+06    0.00000e+00    6.84781e+07    0.00000e+00    0.00000e+00
  0.037   0.600    0.00000e+00    2.35149e+06    0.00000e+00    6.87637e+07    0.00000e+00    0.00000e+00
  0.038   0.610    0.00000e+00    2.39971e+06    0.00000e+00    6.84888e+07    0.00000e+00    0.00000e+00
  0.039   0.620    0.00000e+00    2.44792e+06    0.00000e+00    6.82139e+07    0.00000e+00    0.00000e+00
  0.041   0.630    0.00000e+00    2.49614e+06    0.00000e+00    6.79390e+07    0.00000e+00    0.00000e+00
  0.042   0.640    0.00000e+00    2.54435e+06    0.00000e+00    6.76641e+07    0.00000e+00    0.00000e+00
  0.043   0.650    0.00000e+00    2.59257e+06    0.00000e+00    6.73892e+07    0.00000e+00    0.00000e+00
  0.044   0.660    0.00000e+00    2.63046e+06    0.00000e+00    6.67727e+07    0.00000e+00    0.00000e+00
  0.046   0.670    0.00000e+00    2.66835e+06    0.00000e+00    6.61562e+07    0.00000e+00    0.00000e+00
  0.047   0.680    0.00000e+00    2.70624e+06    0.00000e+00    6.55396e+07    0.00000e+00    0.00000e+00
  0.049   0.690    0.00000e+00    2.74413e+06    0.00000e+00    6.49231e+07    0.00000e+00    0.00000e+00
  0.050   0.700    0.00000e+00    2.78203e+06    0.00000e+00    6.43065e+07    0.00000e+00    0.00000e+00
  0.051   0.710    0.00000e+00    2.81155e+06    0.00000e+00    6.35200e+07    0.00000e+00    0.00000e+00
  0.053   0.720    0.00000e+00    2.84107e+06    0.00000e+00    6.27335e+07    0.00000e+00    0.00000e+00
  0.054   0.730    0.00000e+00    2.87059e+06    0.00000e+00    6.19470e+07    0.00000e+00    0.00000e+00
  0.056   0.740    0.00000e+00    2.90011e+06    0.00000e+00    6.11605e+07    0.00000e+00    0.00000e+00
  0.057   0.750    0.00000e+00    2.92964e+06    0.00000e+00    6.03740e+07    0.00000e+00    0.00000e+00
  0.059   0.760    0.00000e+00    2.95248e+06    0.00000e+00    5.95274e+07    0.00000e+00    0.00000e+00
  0.061   0.770    0.00000e+00    2.97533e+06    0.00000e+00    5.86808e+07    0.00000e+00    0.00000e+00
  0.062   0.780    0.00000e+00    2.99818e+06    0.00000e+00    5.78341e+07    0.00000e+00    0.00000e+00
  0.064   0.790    0.00000e+00    3.02102e+06    0.00000e+00    5.69875e+07    0.00000e+00    0.00000e+00
  0.065   0.800    0.00000e+00    3.04387e+06    0.00000e+00    5.61408e+07    0.00000e+00    0.00000e+00
  0.067   0.810    0.00000e+00    3.06117e+06    0.00000e+00    5.52932e+07    0.00000e+00    0.00000e+00
  0.069   0.820    0.00000e+00    3.07846e+06    0.00000e+00    5.44456e+07    0.00000e+00    0.00000e+00
  0.070   0.830    0.00000e+00    3.09576e+06    0.00000e+00    5.35980e+07    0.00000e+00    0.00000e+00
  0.072   0.840    0.00000e+00    3.11306e+06    0.00000e+00    5.27504e+07    0.00000e+00    0.00000e+00
  0.074   0.850    0.00000e+00    3.13035e+06    0.00000e+00    5.19028e+07    0.00000e+00    0.00000e+00
  0.075   0.860    0.00000e+00    3.14270e+06    0.00000e+00    5.10805e+07    0.00000e+00    0.00000e+00
  0.077   0.870    0.00000e+00    3.15504e+06    0.00000e+00    5.02582e+07    0.00000e+00    0.00000e+00
  0.079   0.880    0.00000e+00    3.16739e+06    0.00000e+00    4.94360e+07    0.00000e+00    0.00000e+00
  0.081   0.890    0.00000e+00    3.17973e+06    0.00000e+00    4.86137e+07    0.00000e+00    0.00000e+00
  0.083   0.900    0.00000e+00    3.19207e+06    0.00000e+00    4.77915e+07    0.00000e+00    0.00000e+00
  0.084   0.910    0.00000e+00    3.19967e+06    0.00000e+00    4.70031e+07    0.00000e+00    0.00000e+00
  0.086   0.920    0.00000e+00    3.20727e+06    0.00000e+00    4.62148e+07    0.00000e+00    0.00000e+00
  0.088   0.930    0.00000e+00    3.21486e+06    0.00000e+00    4.54265e+07    0.00000e+00    0.00000e+00
  0.090   0.940    0.00000e+00    3.22246e+06    0.00000e+00    4.46381e+07    0.00000e+00    0.00000e+00
  0.092   0.950    0.00000e+00    3.23005e+06    0.00000e+00    4.38498e+07    0.00000e+00    0.00000e+00
  0.094   0.960    0.00000e+00    3.23287e+06    0.00000e+00    4.30959e+07    0.00000e+00    0.00000e+00
  0.096   0.970    0.00000e+00    3.23568e+06    0.00000e+00    4.23420e+07    0.00000e+00    0.00000e+00
  0.098   0.980    0.00000e+00    3.23849e+06    0.00000e+00    4.15881e+07    0.00000e+00    0.00000e+00
  0.100   0.990    0.00000e+00    3.24130e+06    0.00000e+00    4.08342e+07    0.00000e+00    0.00000e+00
  0.102   1.000    0.00000e+00    3.24411e+06    0.00000e+00    4.00802e+07    0.00000e+00    0.00000e+00
  0.104   1.010    0.00000e+00    3.24200e+06    0.00000e+00    3.93586e+07    0.00000e+00    0.00000e+00
  0.106   1.020    0.00000e+00    3.23988e+06    0.00000e+00    3.86370e+07    0.00000e+00    0.00000e+00
  0.108   1.030    0.00000e+00    3.23777e+06    0.00000e+00    3.79153e+07    0.00000e+00    0.00000e+00
  0.110   1.040    0.00000e+00    3.23565e+06    0.00000e+00    3.71937e+07    0.00000e+00    0.00000e+00
  0.112   1.050    0.00000e+00    3.23354e+06    0.00000e+00    3.64721e+07    0.00000e+00    0.00000e+00
  0.115   1.060    0.00000e+00    3.22632e+06    0.00000e+00    3.57806e+07    0.00000e+00    0.00000e+00
  0.117   1.070    0.00000e+00    3.21911e+06    0.00000e+00    3.50891e+07    0.00000e+00    0.00000e+00
  0.119   1.080    0.00000e+00    3.21189e+06    0.00000e+00    3.43976e+07    0.00000e+00    0.00000e+00
  0.121   1.090    0.00000e+00    3.20468e+06    0.00000e+00    3.37062e+07    0.00000e+00    0.00000e+00
  0.123   1.100    0.00000e+00    3.19746e+06    0.00000e+00    3.30147e+07    0.00000e+00    0.00000e+00
  0.126   1.110    0.00000e+00    3.18504e+06    0.00000e+00    3.23523e+07    0.00000e+00    0.00000e+00
  0.128   1.120    0.00000e+00    3.17261e+06    0.00000e+00    3.16900e+07    0.00000e+00    0.00000e+00
  0.130   1.130    0.00000e+00    3.16019e+06    0.00000e+00    3.10276e+07    0.00000e+00    0.00000e+00
  0.133   1.140    0.00000e+00    3.14777e+06    0.00000e+00    3.03653e+07    0.00000e+00    0.00000e+00
  0.135   1.150    0.00000e+00    3.13534e+06    0.00000e+00    2.97029e+07    0.00000e+00    0.00000e+00
  0.137   1.160    0.00000e+00    3.11772e+06    0.00000e+00    2.90700e+07    0.00000e+00    0.00000e+00
  0.140   1.170    0.00000e+00    3.10009e+06    0.00000e+00    2.84372e+07    0.00000e+00    0.00000e+00
  0.142   1.180    0.00000e+00    3.08247e+06    0.00000e+00    2.78043e+07    0.00000e+00    0.00000e+00
  0.144   1.190    0.00000e+00    3.06484e+06    0.00000e+00    2.71714e+07    0.00000e+00    0.00000e+00
  0.147   1.200    0.00000e+00    3.04722e+06    0.00000e+00    2.65385e+07    0.00000e+00    0.00000e+00
  0.149   1.210    0.00000e+00    3.02457e+06    0.00000e+00    2.59369e+07    0.00000e+00    0.00000e+00
  0.152   1.220    0.00000e+00    3.00193e+06    0.00000e+00    2.53352e+07    0.00000e+00    0.00000e+00
  0.154   1.230    0.00000e+00    2.97929e+06    0.00000e+00    2.47335e+07    0.00000e+00    0.00000e+00
  0.157   1.240    0.00000e+00    2.95665e+06    0.00000e+00    2.41319e+07    0.00000e+00    0.00000e+00
  0.159   1.250    0.00000e+00    2.93400e+06    0.00000e+00    2.35302e+07    0.00000e+00    0.00000e+00
  0.162   1.260    0.00000e+00    2.90674e+06    0.00000e+00    2.29626e+07    0.00000e+00    0.00000e+00
  0.165   1.270    0.00000e+00    2.87947e+06    0.00000e+00    2.23949e+07    0.00000e+00    0.00000e+00
  0.167   1.280    0.00000e+00    2.85221e+06    0.00000e+00    2.18273e+07    0.00000e+00    0.00000e+00
  0.170   1.290    0.00000e+00    2.82494e+06    0.00000e+00    2.12596e+07    0.00000e+00    0.00000e+00
  0.172   1.300    0.00000e+00    2.79768e+06    0.00000e+00    2.06920e+07    0.00000e+00    0.00000e+00
  0.175   1.310    0.00000e+00    2.76641e+06    0.00000e+00    2.01618e+07    0.00000e+00    0.00000e+00
  0.178   1.320    0.00000e+00    2.73514e+06    0.00000e+00    1.96315e+07    0.00000e+00    0.00000e+00
  0.180   1.330    0.00000e+00    2.70387e+06    0.00000e+00    1.91013e+07    0.00000e+00    0.00000e+00
  0.183   1.340    0.00000e+00    2.67260e+06    0.00000e+00    1.85711e+07    0.00000e+00    0.00000e+00
  0.186   1.350    0.00000e+00    2.64134e+06    0.00000e+00    1.80409e+07    0.00000e+00    0.00000e+00
  0.189   1.360    0.00000e+00    2.60689e+06    0.00000e+00    1.75515e+07    0.00000e+00    0.00000e+00
  0.191   1.370    0.00000e+00    2.57245e+06    0.00000e+00    1.70621e+07    0.00000e+00    0.00000e+00
  0.194   1.380    0.00000e+00    2.53801e+06    0.00000e+00    1.65727e+07    0.00000e+00    0.00000e+00
  0.197   1.390    0.00000e+00    2.50357e+06    0.00000e+00    1.60834e+07    0.00000e+00    0.00000e+00
  0.200   1.400    0.00000e+00    2.46912e+06    0.00000e+00    1.55940e+07    0.00000e+00    0.00000e+00
  0.203   1.410    0.00000e+00    2.43249e+06    0.00000e+00    1.51484e+07    0.00000e+00    0.00000e+00
  0.206   1.420    0.00000e+00    2.39585e+06    0.00000e+00    1.47028e+07    0.00000e+00    0.00000e+00
  0.209   1.430    0.00000e+00    2.35922e+06    0.00000e+00    1.42572e+07    0.00000e+00    0.00000e+00
  0.211   1.440    0.00000e+00    2.32259e+06    0.00000e+00    1.38116e+07    0.00000e+00    0.00000e+00
  0.214   1.450    0.00000e+00    2.28595e+06    0.00000e+00    1.33660e+07    0.00000e+00    0.00000e+00
  0.217   1.460    0.00000e+00    2.24818e+06    0.00000e+00    1.29660e+07    0.00000e+00    0.00000e+00
  0.220   1.470    0.00000e+00    2.21041e+06    0.00000e+00    1.25660e+07    0.00000e+00    0.00000e+00
  0.223   1.480    0.00000e+00    2.17264e+06    0.00000e+00    1.21660e+07    0.00000e+00    0.00000e+00
  0.226   1.490    0.00000e+00    2.13487e+06    0.00000e+00    1.17661e+07    0.00000e+00    0.00000e+00
  0.229   1.500    0.00000e+00    2.09711e+06    0.00000e+00    1.13661e+07    0.00000e+00    0.00000e+00
  0.233   1.510    0.00000e+00    2.05924e+06    0.00000e+00    1.10122e+07    0.00000e+00    0.00000e+00
  0.236   1.520    0.00000e+00    2.02138e+06    0.00000e+00    1.06584e+07    0.00000e+00    0.00000e+00
  0.239   1.530    0.00000e+00    1.98352e+06    0.00000e+00    1.03046e+07    0.00000e+00    0.00000e+00
  0.242   1.540    0.00000e+00    1.94566e+06    0.00000e+00    9.95074e+06    0.00000e+00    0.00000e+00
  0.245   1.550    0.00000e+00    1.90780e+06    0.00000e+00    9.59690e+06    0.00000e+00    0.00000e+00
  0.248   1.560    0.00000e+00    1.87079e+06    0.00000e+00    9.28828e+06    0.00000e+00    0.00000e+00
  0.251   1.570    0.00000e+00    1.83377e+06    0.00000e+00    8.97966e+06    0.00000e+00    0.00000e+00
  0.255   1.580    0.00000e+00    1.79676e+06    0.00000e+00    8.67104e+06    0.00000e+00    0.00000e+00
  0.258   1.590    0.00000e+00    1.75975e+06    0.00000e+00    8.36241e+06    0.00000e+00    0.00000e+00
  0.261   1.600    0.00000e+00    1.72273e+06    0.00000e+00    8.05379e+06    0.00000e+00    0.00000e+00
  0.264   1.610    0.00000e+00    1.68734e+06    0.00000e+00    7.78813e+06    0.00000e+00    0.00000e+00
  0.268   1.620    0.00000e+00    1.65195e+06    0.00000e+00    7.52246e+06    0.00000e+00    0.00000e+00
  0.271   1.630    0.00000e+00    1.61656e+06    0.00000e+00    7.25680e+06    0.00000e+00    0.00000e+00
  0.274   1.640    0.00000e+00    1.58118e+06    0.00000e+00    6.99113e+06    0.00000e+00    0.00000e+00
  0.278   1.650    0.00000e+00    1.54579e+06    0.00000e+00    6.72547e+06    0.00000e+00    0.00000e+00
  0.281   1.660    0.00000e+00    1.51260e+06    0.00000e+00    6.49947e+06    0.00000e+00    0.00000e+00
  0.284   1.670    0.00000e+00    1.47941e+06    0.00000e+00    6.27347e+06    0.00000e+00    0.00000e+00
  0.288   1.680    0.00000e+00    1.44623e+06    0.00000e+00    6.04748e+06    0.00000e+00    0.00000e+00
  0.291   1.690    0.00000e+00    1.41304e+06    0.00000e+00    5.82148e+06    0.00000e+00    0.00000e+00
  0.295   1.700    0.00000e+00    1.37985e+06    0.00000e+00    5.59548e+06    0.00000e+00    0.00000e+00
  0.298   1.710    0.00000e+00    1.34924e+06    0.00000e+00    5.40519e+06    0.00000e+00    0.00000e+00
  0.302   1.720    0.00000e+00    1.31864e+06    0.00000e+00    5.21489e+06    0.00000e+00    0.00000e+00
  0.305   1.730    0.00000e+00    1.28803e+06    0.00000e+00    5.02459e+06    0.00000e+00    0.00000e+00
  0.309   1.740    0.00000e+00    1.25742e+06    0.00000e+00    4.83429e+06    0.00000e+00    0.00000e+00
  0.312   1.750    0.00000e+00    1.22681e+06    0.00000e+00    4.64399e+06    0.00000e+00    0.00000e+00
  0.316   1.760    0.00000e+00    1.19897e+06    0.00000e+00    4.48509e+06    0.00000e+00    0.00000e+00
  0.320   1.770    0.00000e+00    1.17113e+06    0.00000e+00    4.32620e+06    0.00000e+00    0.00000e+00
  0.323   1.780    0.00000e+00    1.14328e+06    0.00000e+00    4.16731e+06    0.00000e+00    0.00000e+00
  0.327   1.790    0.00000e+00    1.11544e+06    0.00000e+00    4.00841e+06    0.00000e+00    0.00000e+00
  0.330   1.800    0.00000e+00    1.08760e+06    0.00000e+00    3.84952e+06    0.00000e+00    0.00000e+00
  0.334   1.810    0.00000e+00    1.06257e+06    0.00000e+00    3.71773e+06    0.00000e+00    0.00000e+00
  0.338   1.820    0.00000e+00    1.03753e+06    0.00000e+00    3.58594e+06    0.00000e+00    0.00000e+00
  0.342   1.830    0.00000e+00    1.01249e+06    0.00000e+00    3.45415e+06    0.00000e+00    0.00000e+00
  0.345   1.840    0.00000e+00    9.87457e+05    0.00000e+00    3.32236e+06    0.00000e+00    0.00000e+00
  0.349   1.850    0.00000e+00    9.62421e+05    0.00000e+00    3.19057e+06    0.00000e+00    0.00000e+00
  0.353   1.860    0.00000e+00    9.40111e+05    0.00000e+00    3.08180e+06    0.00000e+00    0.00000e+00
  0.357   1.870    0.00000e+00    9.17802e+05    0.00000e+00    2.97303e+06    0.00000e+00    0.00000e+00
  0.360   1.880    0.00000e+00    8.95493e+05    0.00000e+00    2.86426e+06    0.00000e+00    0.00000e+00
  0.364   1.890    0.00000e+00    8.73183e+05    0.00000e+00    2.75549e+06    0.00000e+00    0.00000e+00
  0.368   1.900    0.00000e+00    8.50874e+05    0.00000e+00    2.64672e+06    0.00000e+00    0.00000e+00
  0.372   1.910    0.00000e+00    8.31134e+05    0.00000e+00    2.55725e+06    0.00000e+00    0.00000e+00
  0.376   1.920    0.00000e+00    8.11394e+05    0.00000e+00    2.46777e+06    0.00000e+00    0.00000e+00
  0.380   1.930    0.00000e+00    7.91654e+05    0.00000e+00    2.37830e+06    0.00000e+00    0.00000e+00
  0.384   1.940    0.00000e+00    7.71914e+05    0.00000e+00    2.28882e+06    0.00000e+00    0.00000e+00
  0.388   1.950    0.00000e+00    7.52174e+05    0.00000e+00    2.19935e+06    0.00000e+00    0.00000e+00
  0.392   1.960    0.00000e+00    7.34800e+05    0.00000e+00    2.12589e+06    0.00000e+00    0.00000e+00
  0.396   1.970    0.00000e+00    7.17427e+05    0.00000e+00    2.05243e+06    0.00000e+00    0.00000e+00
  0.400   1.980    0.00000e+00    7.00053e+05    0.00000e+00    1.97897e+06    0.00000e+00    0.00000e+00
  0.404   1.990    0.00000e+00    6.82679e+05    0.00000e+00    1.90551e+06    0.00000e+00    0.00000e+00
  0.408   2.000    0.00000e+00    6.65306e+05    0.00000e+00    1.83205e+06    0.00000e+00    0.00000e+00
  0.412   2.010    0.00000e+00    6.50071e+05    0.00000e+00    1.77178e+06    0.00000e+00    0.00000e+00
  0.416   2.020    0.00000e+00    6.34837e+05    0.00000e+00    1.71151e+06    0.00000e+00    0.00000e+00
  0.420   2.030    0.00000e+00    6.19603e+05    0.00000e+00    1.65124e+06    0.00000e+00    0.00000e+00
  0.424   2.040    0.00000e+00    6.04368e+05    0.00000e+00    1.59097e+06    0.00000e+00    0.00000e+00
  0.429   2.050    0.00000e+00    5.89134e+05    0.00000e+00    1.53070e+06    0.00000e+00    0.00000e+00
  0.433   2.060    0.00000e+00    5.75809e+05    0.00000e+00    1.48123e+06    0.00000e+00    0.00000e+00
  0.437   2.070    0.00000e+00    5.62484e+05    0.00000e+00    1.43176e+06    0.00000e+00    0.00000e+00
  0.441   2.080    0.00000e+00    5.49159e+05    0.00000e+00    1.38229e+06    0.00000e+00    0.00000e+00
  0.445   2.090    0.00000e+00    5.35834e+05    0.00000e+00    1.33283e+06    0.00000e+00    0.00000e+00
  0.450   2.100    0.00000e+00    5.22508e+05    0.00000e+00    1.28336e+06    0.00000e+00    0.00000e+00
  0.454   2.110    0.00000e+00    5.10869e+05    0.00000e+00    1.24270e+06    0.00000e+00    0.00000e+00
  0.458   2.120    0.00000e+00    4.99229e+05    0.00000e+00    1.20205e+06    0.00000e+00    0.00000e+00
  0.463   2.130    0.00000e+00    4.87589e+05    0.00000e+00    1.16140e+06    0.00000e+00    0.00000e+00
  0.467   2.140    0.00000e+00    4.75949e+05    0.00000e+00    1.12074e+06    0.00000e+00    0.00000e+00
  0.471   2.150    0.00000e+00    4.64309e+05    0.00000e+00    1.08009e+06    0.00000e+00    0.00000e+00
  0.476   2.160    0.00000e+00    4.54146e+05    0.00000e+00    1.04661e+06    0.00000e+00    0.00000e+00
  0.480   2.170    0.00000e+00    4.43983e+05    0.00000e+00    1.01313e+06    0.00000e+00    0.00000e+00
  0.485   2.180    0.00000e+00    4.33820e+05    0.00000e+00    9.79657e+05    0.00000e+00    0.00000e+00
  0.489   2.190    0.00000e+00    4.23658e+05    0.00000e+00    9.46180e+05    0.00000e+00    0.00000e+00
  0.494   2.200    0.00000e+00    4.13495e+05    0.00000e+00    9.12703e+05    0.00000e+00    0.00000e+00
  0.498   2.210    0.00000e+00    4.04619e+05    0.00000e+00    8.85064e+05    0.00000e+00    0.00000e+00
  0.503   2.220    0.00000e+00    3.95744e+05    0.00000e+00    8.57426e+05    0.00000e+00    0.00000e+00
  0.507   2.230    0.00000e+00    3.86868e+05    0.00000e+00    8.29787e+05    0.00000e+00    0.00000e+00
  0.512   2.240    0.00000e+00    3.77992e+05    0.00000e+00    8.02149e+05    0.00000e+00    0.00000e+00
  0.516   2.250    0.00000e+00    3.69117e+05    0.00000e+00    7.74510e+05    0.00000e+00    0.00000e+00
  0.521   2.260    0.00000e+00    3.61359e+05    0.00000e+00    7.51623e+05    0.00000e+00    0.00000e+00
  0.526   2.270    0.00000e+00    3.53601e+05    0.00000e+00    7.28735e+05    0.00000e+00    0.00000e+00
  0.530   2.280    0.00000e+00    3.45843e+05    0.00000e+00    7.05848e+05    0.00000e+00    0.00000e+00
  0.535   2.290    0.00000e+00    3.38085e+05    0.00000e+00    6.82961e+05    0.00000e+00    0.00000e+00
  0.539   2.300    0.00000e+00    3.30327e+05    0.00000e+00    6.60073e+05    0.00000e+00    0.00000e+00
  0.544   2.310    0.00000e+00    3.23538e+05    0.00000e+00    6.41056e+05    0.00000e+00    0.00000e+00
  0.549   2.320    0.00000e+00    3.16748e+05    0.00000e+00    6.22038e+05    0.00000e+00    0.00000e+00
  0.554   2.330    0.00000e+00    3.09958e+05    0.00000e+00    6.03021e+05    0.00000e+00    0.00000e+00
  0.558   2.340    0.00000e+00    3.03168e+05    0.00000e+00    5.84003e+05    0.00000e+00    0.00000e+00
  0.563   2.350    0.00000e+00    2.96379e+05    0.00000e+00    5.64986e+05    0.00000e+00    0.00000e+00
  0.568   2.360    0.00000e+00    2.90427e+05    0.00000e+00    5.49128e+05    0.00000e+00    0.00000e+00
  0.573   2.370    0.00000e+00    2.84475e+05    0.00000e+00    5.33270e+05    0.00000e+00    0.00000e+00
  0.578   2.380    0.00000e+00    2.78523e+05    0.00000e+00    5.17412e+05    0.00000e+00    0.00000e+00
  0.583   2.390    0.00000e+00    2.72571e+05    0.00000e+00    5.01554e+05    0.00000e+00    0.00000e+00
  0.587   2.400    0.00000e+00    2.66619e+05    0.00000e+00    4.85695e+05    0.00000e+00    0.00000e+00
  0.592   2.410    0.00000e+00    2.61391e+05    0.00000e+00    4.72421e+05    0.00000e+00    0.00000e+00
  0.597   2.420    0.00000e+00    2.56163e+05    0.00000e+00    4.59147e+05    0.00000e+00    0.00000e+00
  0.602   2.430    0.00000e+00    2.50935e+05    0.00000e+00    4.45873e+05    0.00000e+00    0.00000e+00
  0.607   2.440    0.00000e+00    2.45707e+05    0.00000e+00    4.32599e+05    0.00000e+00    0.00000e+00
  0.612   2.450    0.00000e+00    2.40479e+05    0.00000e+00    4.19325e+05    0.00000e+00    0.00000e+00
  0.617   2.460    0.00000e+00    2.35876e+05    0.00000e+00    4.08165e+05    0.00000e+00    0.00000e+00
  0.622   2.470    0.00000e+00    2.31272e+05    0.00000e+00    3.97005e+05    0.00000e+00    0.00000e+00
  0.627   2.480    0.00000e+00    2.26669e+05    0.00000e+00    3.85845e+05    0.00000e+00    0.00000e+00
  0.632   2.490    0.00000e+00    2.22066e+05    0.00000e+00    3.74685e+05    0.00000e+00    0.00000e+00
  0.637   2.500    0.00000e+00    2.17463e+05    0.00000e+00    3.63525e+05    0.00000e+00    0.00000e+00
  0.642   2.510    0.00000e+00    2.13402e+05    0.00000e+00    3.54111e+05    0.00000e+00    0.00000e+00
  0.648   2.520    0.00000e+00    2.09341e+05    0.00000e+00    3.44698e+05    0.00000e+00    0.00000e+00
  0.653   2.530    0.00000e+00    2.05280e+05    0.00000e+00    3.35284e+05    0.00000e+00    0.00000e+00
  0.658   2.540    0.00000e+00    2.01220e+05    0.00000e+00    3.25871e+05    0.00000e+00    0.00000e+00
  0.663   2.550    0.00000e+00    1.97159e+05    0.00000e+00    3.16457e+05    0.00000e+00    0.00000e+00
  0.668   2.560    0.00000e+00    1.93570e+05    0.00000e+00    3.08490e+05    0.00000e+00    0.00000e+00
  0.674   2.570    0.00000e+00    1.89982e+05    0.00000e+00    3.00522e+05    0.00000e+00    0.00000e+00
  0.679   2.580    0.00000e+00    1.86393e+05    0.00000e+00    2.92554e+05    0.00000e+00    0.00000e+00
  0.684   2.590    0.00000e+00    1.82804e+05    0.00000e+00    2.84587e+05    0.00000e+00    0.00000e+00
  0.689   2.600    0.00000e+00    1.79216e+05    0.00000e+00    2.76619e+05    0.00000e+00    0.00000e+00
  0.695   2.610    0.00000e+00    1.76036e+05    0.00000e+00    2.69846e+05    0.00000e+00    0.00000e+00
  0.700   2.620    0.00000e+00    1.72856e+05    0.00000e+00    2.63074e+05    0.00000e+00    0.00000e+00
  0.705   2.630    0.00000e+00    1.69676e+05    0.00000e+00    2.56301e+05    0.00000e+00    0.00000e+00
  0.711   2.640    0.00000e+00    1.66496e+05    0.00000e+00    2.49528e+05    0.00000e+00    0.00000e+00
  0.716   2.650    0.00000e+00    1.63316e+05    0.00000e+00    2.42755e+05    0.00000e+00    0.00000e+00
  0.722   2.660    0.00000e+00    1.60492e+05    0.00000e+00    2.36975e+05    0.00000e+00    0.00000e+00
  0.727   2.670    0.00000e+00    1.57667e+05    0.00000e+00    2.31194e+05    0.00000e+00    0.00000e+00
  0.732   2.680    0.00000e+00    1.54843e+05    0.00000e+00    2.25413e+05    0.00000e+00    0.00000e+00
  0.738   2.690    0.00000e+00    1.52018e+05    0.00000e+00    2.19633e+05    0.00000e+00    0.00000e+00
  0.743   2.700    0.00000e+00    1.49193e+05    0.00000e+00    2.13852e+05    0.00000e+00    0.00000e+00
  0.749   2.710    0.00000e+00    1.46678e+05    0.00000e+00    2.08900e+05    0.00000e+00    0.00000e+00
  0.754   2.720    0.00000e+00    1.44163e+05    0.00000e+00    2.03949e+05    0.00000e+00    0.00000e+00
  0.760   2.730    0.00000e+00    1.41648e+05    0.00000e+00    1.98997e+05    0.00000e+00    0.00000e+00
  0.766   2.740    0.00000e+00    1.39133e+05    0.00000e+00    1.94045e+05    0.00000e+00    0.00000e+00
  0.771   2.750    0.00000e+00    1.36618e+05    0.00000e+00    1.89094e+05    0.00000e+00    0.00000e+00
  0.777   2.760    0.00000e+00    1.34374e+05    0.00000e+00    1.84837e+05    0.00000e+00    0.00000e+00
  0.782   2.770    0.00000e+00    1.32130e+05    0.00000e+00    1.80580e+05    0.00000e+00    0.00000e+00
  0.788   2.780    0.00000e+00    1.29885e+05    0.00000e+00    1.76323e+05    0.00000e+00    0.00000e+00
  0.794   2.790    0.00000e+00    1.27641e+05    0.00000e+00    1.72066e+05    0.00000e+00    0.00000e+00
  0.799   2.800    0.00000e+00    1.25396e+05    0.00000e+00    1.67809e+05    0.00000e+00    0.00000e+00
  0.805   2.810    0.00000e+00    1.23389e+05    0.00000e+00    1.64136e+05    0.00000e+00    0.00000e+00
  0.811   2.820    0.00000e+00    1.21381e+05    0.00000e+00    1.60463e+05    0.00000e+00    0.00000e+00
  0.817   2.830    0.00000e+00    1.19374e+05    0.00000e+00    1.56790e+05    0.00000e+00    0.00000e+00
  0.823   2.840    0.00000e+00    1.17366e+05    0.00000e+00    1.53117e+05    0.00000e+00    0.00000e+00
  0.828   2.850    0.00000e+00    1.15359e+05    0.00000e+00    1.49444e+05    0.00000e+00    0.00000e+00
  0.834   2.860    0.00000e+00    1.13559e+05    0.00000e+00    1.46264e+05    0.00000e+00    0.00000e+00
  0.840   2.870    0.00000e+00    1.11760e+05    0.00000e+00    1.43085e+05    0.00000e+00    0.00000e+00
  0.846   2.880    0.00000e+00    1.09961e+05    0.00000e+00    1.39905e+05    0.00000e+00    0.00000e+00
  0.852   2.890    0.00000e+00    1.08161e+05    0.00000e+00    1.36725e+05    0.00000e+00    0.00000e+00
  0.858   2.900    0.00000e+00    1.06362e+05    0.00000e+00    1.33545e+05    0.00000e+00    0.00000e+00
  0.864   2.910    0.00000e+00    1.04745e+05    0.00000e+00    1.30784e+05    0.00000e+00    0.00000e+00
  0.870   2.920    0.00000e+00    1.03129e+05    0.00000e+00    1.28023e+05    0.00000e+00    0.00000e+00
  0.875   2.930    0.00000e+00    1.01513e+05    0.00000e+00    1.25261e+05    0.00000e+00    0.00000e+00
  0.881   2.940    0.00000e+00    9.98963e+04    0.00000e+00    1.22500e+05    0.00000e+00    0.00000e+00
  0.887   2.950    0.00000e+00    9.82800e+04    0.00000e+00    1.19738e+05    0.00000e+00    0.00000e+00
  0.893   2.960    0.00000e+00    9.68249e+04    0.00000e+00    1.17332e+05    0.00000e+00    0.00000e+00
  0.900   2.970    0.00000e+00    9.53699e+04    0.00000e+00    1.14926e+05    0.00000e+00    0.00000e+00
  0.906   2.980    0.00000e+00    9.39148e+04    0.00000e+00    1.12520e+05    0.00000e+00    0.00000e+00
  0.912   2.990    0.00000e+00    9.24598e+04    0.00000e+00    1.10114e+05    0.00000e+00    0.00000e+00
  0.918   3.000    0.00000e+00    9.10047e+04    0.00000e+00    1.07707e+05    0.00000e+00    0.00000e+00
  0.924   3.010    0.00000e+00    8.96953e+04    0.00000e+00    1.05610e+05    0.00000e+00    0.00000e+00
  0.930   3.020    0.00000e+00    8.83859e+04    0.00000e+00    1.03513e+05    0.00000e+00    0.00000e+00
  0.936   3.030    0.00000e+00    8.70765e+04    0.00000e+00    1.01415e+05    0.00000e+00    0.00000e+00
  0.942   3.040    0.00000e+00    8.57670e+04    0.00000e+00    9.93177e+04    0.00000e+00    0.00000e+00
  0.949   3.050    0.00000e+00    8.44576e+04    0.00000e+00    9.72203e+04    0.00000e+00    0.00000e+00
  0.955   3.060    0.00000e+00    8.32751e+04    0.00000e+00    9.53810e+04    0.00000e+00    0.00000e+00
  0.961   3.070    0.00000e+00    8.20926e+04    0.00000e+00    9.35418e+04    0.00000e+00    0.00000e+00
  0.967   3.080    0.00000e+00    8.09100e+04    0.00000e+00    9.17025e+04    0.00000e+00    0.00000e+00
  0.974   3.090    0.00000e+00    7.97275e+04    0.00000e+00    8.98632e+04    0.00000e+00    0.00000e+00
  0.980   3.100    0.00000e+00    7.85450e+04    0.00000e+00    8.80240e+04    0.00000e+00    0.00000e+00
  0.986   3.110    0.00000e+00    7.74701e+04    0.00000e+00    8.63992e+04    0.00000e+00    0.00000e+00
  0.993   3.120    0.00000e+00    7.63952e+04    0.00000e+00    8.47745e+04    0.00000e+00    0.00000e+00
  0.999   3.130    0.00000e+00    7.53202e+04    0.00000e+00    8.31497e+04    0.00000e+00    0.00000e+00
  1.005   3.140    0.00000e+00    7.42453e+04    0.00000e+00    8.15249e+04    0.00000e+00    0.00000e+00
  1.012   3.150    0.00000e+00    7.31704e+04    0.00000e+00    7.99002e+04    0.00000e+00    0.00000e+00
  1.018   3.160    0.00000e+00    7.21945e+04    0.00000e+00    7.84693e+04    0.00000e+00    0.00000e+00
  1.025   3.170    0.00000e+00    7.12186e+04    0.00000e+00    7.70385e+04    0.00000e+00    0.00000e+00
  1.031   3.180    0.00000e+00    7.02427e+04    0.00000e+00    7.56076e+04    0.00000e+00    0.00000e+00
  1.038   3.190    0.00000e+00    6.92668e+04    0.00000e+00    7.41768e+04    0.00000e+00    0.00000e+00
  1.044   3.200    0.00000e+00    6.82909e+04    0.00000e+00    7.27459e+04    0.00000e+00    0.00000e+00
  1.051   3.210    0.00000e+00    6.74053e+04    0.00000e+00    7.14813e+04    0.00000e+00    0.00000e+00
  1.057   3.220    0.00000e+00    6.65197e+04    0.00000e+00    7.02167e+04    0.00000e+00    0.00000e+00
  1.064   3.230    0.00000e+00    6.56340e+04    0.00000e+00    6.89520e+04    0.00000e+00    0.00000e+00
  1.070   3.240    0.00000e+00    6.47484e+04    0.00000e+00    6.76874e+04    0.00000e+00    0.00000e+00
  1.077   3.250    0.00000e+00    6.38628e+04    0.00000e+00    6.64228e+04    0.00000e+00    0.00000e+00
  1.084   3.260    0.00000e+00    6.30578e+04    0.00000e+00    6.53057e+04    0.00000e+00    0.00000e+00
  1.090   3.270    0.00000e+00    6.22528e+04    0.00000e+00    6.41886e+04    0.00000e+00    0.00000e+00
  1.097   3.280    0.00000e+00    6.14479e+04    0.00000e+00    6.30715e+04    0.00000e+00    0.00000e+00
  1.104   3.290    0.00000e+00    6.06429e+04    0.00000e+00    6.19545e+04    0.00000e+00    0.00000e+00
  1.110   3.300    0.00000e+00    5.98379e+04    0.00000e+00    6.08374e+04    0.00000e+00    0.00000e+00
  1.117   3.310    0.00000e+00    5.91048e+04    0.00000e+00    5.98466e+04    0.00000e+00    0.00000e+00
  1.124   3.320    0.00000e+00    5.83718e+04    0.00000e+00    5.88559e+04    0.00000e+00    0.00000e+00
  1.131   3.330    0.00000e+00    5.76387e+04    0.00000e+00    5.78651e+04    0.00000e+00    0.00000e+00
  1.138   3.340    0.00000e+00    5.69056e+04    0.00000e+00    5.68743e+04    0.00000e+00    0.00000e+00
  1.144   3.350    0.00000e+00    5.61726e+04    0.00000e+00    5.58836e+04    0.00000e+00    0.00000e+00
  1.151   3.360    0.00000e+00    5.55039e+04    0.00000e+00    5.50019e+04    0.00000e+00    0.00000e+00
  1.158   3.370    0.00000e+00    5.48351e+04    0.00000e+00    5.41202e+04    0.00000e+00    0.00000e+00
  1.165   3.380    0.00000e+00    5.41664e+04    0.00000e+00    5.32386e+04    0.00000e+00    0.00000e+00
  1.172   3.390    0.00000e+00    5.34977e+04    0.00000e+00    5.23569e+04    0.00000e+00    0.00000e+00
  1.179   3.400    0.00000e+00    5.28290e+04    0.00000e+00    5.14752e+04    0.00000e+00    0.00000e+00
  1.186   3.410    0.00000e+00    5.22184e+04    0.00000e+00    5.06912e+04    0.00000e+00    0.00000e+00
  1.193   3.420    0.00000e+00    5.16079e+04    0.00000e+00    4.99072e+04    0.00000e+00    0.00000e+00
  1.200   3.430    0.00000e+00    5.09973e+04    0.00000e+00    4.91232e+04    0.00000e+00    0.00000e+00
  1.207   3.440    0.00000e+00    5.03868e+04    0.00000e+00    4.83392e+04    0.00000e+00    0.00000e+00
  1.214   3.450    0.00000e+00    4.97762e+04    0.00000e+00    4.75553e+04    0.00000e+00    0.00000e+00
  1.221   3.460    0.00000e+00    4.92173e+04    0.00000e+00    4.68523e+04    0.00000e+00    0.00000e+00
  1.228   3.470    0.00000e+00    4.86584e+04    0.00000e+00    4.61494e+04    0.00000e+00    0.00000e+00
  1.235   3.480    0.00000e+00    4.80995e+04    0.00000e+00    4.54464e+04    0.00000e+00    0.00000e+00
  1.242   3.490    0.00000e+00    4.75406e+04    0.00000e+00    4.47435e+04    0.00000e+00    0.00000e+00
  1.249   3.500    0.00000e+00    4.69817e+04    0.00000e+00    4.40405e+04    0.00000e+00    0.00000e+00
  1.256   3.510    0.00000e+00    4.64701e+04    0.00000e+00    4.34129e+04    0.00000e+00    0.00000e+00
  1.264   3.520    0.00000e+00    4.59585e+04    0.00000e+00    4.27853e+04    0.00000e+00    0.00000e+00
  1.271   3.530    0.00000e+00    4.54469e+04    0.00000e+00    4.21577e+04    0.00000e+00    0.00000e+00
  1.278   3.540    0.00000e+00    4.49353e+04    0.00000e+00    4.15301e+04    0.00000e+00    0.00000e+00
  1.285   3.550    0.00000e+00    4.44237e+04    0.00000e+00    4.09025e+04    0.00000e+00    0.00000e+00
  1.292   3.560    0.00000e+00    4.39542e+04    0.00000e+00    4.03389e+04    0.00000e+00    0.00000e+00
  1.300   3.570    0.00000e+00    4.34847e+04    0.00000e+00    3.97754e+04    0.00000e+00    0.00000e+00
  1.307   3.580    0.00000e+00    4.30151e+04    0.00000e+00    3.92118e+04    0.00000e+00    0.00000e+00
  1.314   3.590    0.00000e+00    4.25456e+04    0.00000e+00    3.86482e+04    0.00000e+00    0.00000e+00
  1.322   3.600    0.00000e+00    4.20761e+04    0.00000e+00    3.80846e+04    0.00000e+00    0.00000e+00
  1.329   3.610    0.00000e+00    4.16450e+04    0.00000e+00    3.75796e+04    0.00000e+00    0.00000e+00
  1.336   3.620    0.00000e+00    4.12138e+04    0.00000e+00    3.70745e+04    0.00000e+00    0.00000e+00
  1.344   3.630    0.00000e+00    4.07827e+04    0.00000e+00    3.65695e+04    0.00000e+00    0.00000e+00
  1.351   3.640    0.00000e+00    4.03515e+04    0.00000e+00    3.60644e+04    0.00000e+00    0.00000e+00
  1.359   3.650    0.00000e+00    3.99203e+04    0.00000e+00    3.55594e+04    0.00000e+00    0.00000e+00
  1.366   3.660    0.00000e+00    3.95242e+04    0.00000e+00    3.51035e+04    0.00000e+00    0.00000e+00
  1.374   3.670    0.00000e+00    3.91280e+04    0.00000e+00    3.46475e+04    0.00000e+00    0.00000e+00
  1.381   3.680    0.00000e+00    3.87319e+04    0.00000e+00    3.41916e+04    0.00000e+00    0.00000e+00
  1.388   3.690    0.00000e+00    3.83357e+04    0.00000e+00    3.37357e+04    0.00000e+00    0.00000e+00
  1.396   3.700    0.00000e+00    3.79396e+04    0.00000e+00    3.32798e+04    0.00000e+00    0.00000e+00
  1.404   3.710    0.00000e+00    3.75749e+04    0.00000e+00    3.28697e+04    0.00000e+00    0.00000e+00
  1.411   3.720    0.00000e+00    3.72102e+04    0.00000e+00    3.24596e+04    0.00000e+00    0.00000e+00
  1.419   3.730    0.00000e+00    3.68456e+04    0.00000e+00    3.20495e+04    0.00000e+00    0.00000e+00
  1.426   3.740    0.00000e+00    3.64809e+04    0.00000e+00    3.16394e+04    0.00000e+00    0.00000e+00
  1.434   3.750    0.00000e+00    3.61162e+04    0.00000e+00    3.12293e+04    0.00000e+00    0.00000e+00
  1.442   3.760    0.00000e+00    3.57798e+04    0.00000e+00    3.08580e+04    0.00000e+00    0.00000e+00
  1.449   3.770    0.00000e+00    3.54434e+04    0.00000e+00    3.04867e+04    0.00000e+00    0.00000e+00
  1.457   3.780    0.00000e+00    3.51069e+04    0.00000e+00    3.01154e+04    0.00000e+00    0.00000e+00
  1.465   3.790    0.00000e+00    3.47705e+04    0.00000e+00    2.97441e+04    0.00000e+00    0.00000e+00
  1.472   3.800    0.00000e+00    3.44341e+04    0.00000e+00    2.93728e+04    0.00000e+00    0.00000e+00
  1.480   3.810    0.00000e+00    3.41241e+04    0.00000e+00    2.90381e+04    0.00000e+00    0.00000e+00
  1.488   3.820    0.00000e+00    3.38141e+04    0.00000e+00    2.87034e+04    0.00000e+00    0.00000e+00
  1.496   3.830    0.00000e+00    3.35041e+04    0.00000e+00    2.83687e+04    0.00000e+00    0.00000e+00
  1.504   3.840    0.00000e+00    3.31941e+04    0.00000e+00    2.80339e+04    0.00000e+00    0.00000e+00
  1.511   3.850    0.00000e+00    3.28841e+04    0.00000e+00    2.76992e+04    0.00000e+00    0.00000e+00
  1.519   3.860    0.00000e+00    3.25979e+04    0.00000e+00    2.73964e+04    0.00000e+00    0.00000e+00
  1.527   3.870    0.00000e+00    3.23117e+04    0.00000e+00    2.70935e+04    0.00000e+00    0.00000e+00
  1.535   3.880    0.00000e+00    3.20256e+04    0.00000e+00    2.67907e+04    0.00000e+00    0.00000e+00
  1.543   3.890    0.00000e+00    3.17394e+04    0.00000e+00    2.64878e+04    0.00000e+00    0.00000e+00
  1.551   3.900    0.00000e+00    3.14533e+04    0.00000e+00    2.61850e+04    0.00000e+00    0.00000e+00
  1.559   3.910    0.00000e+00    3.11891e+04    0.00000e+00    2.59108e+04    0.00000e+00    0.00000e+00
  1.567   3.920    0.00000e+00    3.09250e+04    0.00000e+00    2.56365e+04    0.00000e+00    0.00000e+00
  1.575   3.930    0.00000e+00    3.06608e+04    0.00000e+00    2.53623e+04    0.00000e+00    0.00000e+00
  1.583   3.940    0.00000e+00    3.03967e+04    0.00000e+00    2.50881e+04    0.00000e+00    0.00000e+00
  1.591   3.950    0.00000e+00    3.01326e+04    0.00000e+00    2.48139e+04    0.00000e+00    0.00000e+00
  1.599   3.960    0.00000e+00    2.98882e+04    0.00000e+00    2.45641e+04    0.00000e+00    0.00000e+00
  1.607   3.970    0.00000e+00    2.96438e+04    0.00000e+00    2.43142e+04    0.00000e+00    0.00000e+00
  1.615   3.980    0.00000e+00    2.93995e+04    0.00000e+00    2.40644e+04    0.00000e+00    0.00000e+00
  1.623   3.990    0.00000e+00    2.91551e+04    0.00000e+00    2.38146e+04    0.00000e+00    0.00000e+00
  1.632   4.000    0.00000e+00    2.89107e+04    0.00000e+00    2.35648e+04    0.00000e+00    0.00000e+00
  1.640   4.010    0.00000e+00    2.86839e+04    0.00000e+00    2.33360e+04    0.00000e+00    0.00000e+00
  1.648   4.020    0.00000e+00    2.84572e+04    0.00000e+00    2.31071e+04    0.00000e+00    0.00000e+00
  1.656   4.030    0.00000e+00    2.82304e+04    0.00000e+00    2.28782e+04    0.00000e+00    0.00000e+00
  1.664   4.040    0.00000e+00    2.80036e+04    0.00000e+00    2.26494e+04    0.00000e+00    0.00000e+00
  1.673   4.050    0.00000e+00    2.77768e+04    0.00000e+00    2.24205e+04    0.00000e+00    0.00000e+00
  1.681   4.060    0.00000e+00    2.75672e+04    0.00000e+00    2.22159e+04    0.00000e+00    0.00000e+00
  1.689   4.070    0.00000e+00    2.73577e+04    0.00000e+00    2.20113e+04    0.00000e+00    0.00000e+00
  1.698   4.080    0.00000e+00    2.71481e+04    0.00000e+00    2.18067e+04    0.00000e+00    0.00000e+00
  1.706   4.090    0.00000e+00    2.69385e+04    0.00000e+00    2.16022e+04    0.00000e+00    0.00000e+00
  1.714   4.100    0.00000e+00    2.67289e+04    0.00000e+00    2.13976e+04    0.00000e+00    0.00000e+00
  1.723   4.110    0.00000e+00    2.65346e+04    0.00000e+00    2.12123e+04    0.00000e+00    0.00000e+00
  1.731   4.120    0.00000e+00    2.63403e+04    0.00000e+00    2.10270e+04    0.00000e+00    0.00000e+00
  1.739   4.130    0.00000e+00    2.61460e+04    0.00000e+00    2.08417e+04    0.00000e+00    0.00000e+00
  1.748   4.140    0.00000e+00    2.59517e+04    0.00000e+00    2.06564e+04    0.00000e+00    0.00000e+00
  1.756   4.150    0.00000e+00    2.57574e+04    0.00000e+00    2.04711e+04    0.00000e+00    0.00000e+00
  1.765   4.160    0.00000e+00    2.55773e+04    0.00000e+00    2.02975e+04    0.00000e+00    0.00000e+00
  1.773   4.170    0.00000e+00    2.53973e+04    0.00000e+00    2.01239e+04    0.00000e+00    0.00000e+00
  1.782   4.180    0.00000e+00    2.52172e+04    0.00000e+00    1.99503e+04    0.00000e+00    0.00000e+00
  1.790   4.190    0.00000e+00    2.50372e+04    0.00000e+00    1.97768e+04    0.00000e+00    0.00000e+00
  1.799   4.200    0.00000e+00    2.48571e+04    0.00000e+00    1.96032e+04    0.00000e+00    0.00000e+00
  1.807   4.210    0.00000e+00    2.46906e+04    0.00000e+00    1.94488e+04    0.00000e+00    0.00000e+00
  1.816   4.220    0.00000e+00    2.45240e+04    0.00000e+00    1.92945e+04    0.00000e+00    0.00000e+00
  1.825   4.230    0.00000e+00    2.43574e+04    0.00000e+00    1.91402e+04    0.00000e+00    0.00000e+00
  1.833   4.240    0.00000e+00    2.41908e+04    0.00000e+00    1.89858e+04    0.00000e+00    0.00000e+00
  1.842   4.250    0.00000e+00    2.40242e+04    0.00000e+00    1.88315e+04    0.00000e+00    0.00000e+00
  1.851   4.260    0.00000e+00    2.38692e+04    0.00000e+00    1.86909e+04    0.00000e+00    0.00000e+00
  1.859   4.270    0.00000e+00    2.37141e+04    0.00000e+00    1.85504e+04    0.00000e+00    0.00000e+00
  1.868   4.280    0.00000e+00    2.35591e+04    0.00000e+00    1.84098e+04    0.00000e+00    0.00000e+00
  1.877   4.290    0.00000e+00    2.34041e+04    0.00000e+00    1.82692e+04    0.00000e+00    0.00000e+00
  1.885   4.300    0.00000e+00    2.32490e+04    0.00000e+00    1.81287e+04    0.00000e+00    0.00000e+00
  1.894   4.310    0.00000e+00    2.31004e+04    0.00000e+00    1.79928e+04    0.00000e+00    0.00000e+00
  1.903   4.320    0.00000e+00    2.29517e+04    0.00000e+00    1.78569e+04    0.00000e+00    0.00000e+00
  1.912   4.330    0.00000e+00    2.28030e+04    0.00000e+00    1.77211e+04    0.00000e+00    0.00000e+00
  1.921   4.340    0.00000e+00    2.26543e+04    0.00000e+00    1.75852e+04    0.00000e+00    0.00000e+00
  1.930   4.350    0.00000e+00    2.25056e+04    0.00000e+00    1.74493e+04    0.00000e+00    0.00000e+00
  1.938   4.360    0.00000e+00    2.23719e+04    0.00000e+00    1.73418e+04    0.00000e+00    0.00000e+00
  1.947   4.370    0.00000e+00    2.22381e+04    0.00000e+00    1.72343e+04    0.00000e+00    0.00000e+00
  1.956   4.380    0.00000e+00    2.21043e+04    0.00000e+00    1.71268e+04    0.00000e+00    0.00000e+00
  1.965   4.390    0.00000e+00    2.19706e+04    0.00000e+00    1.70193e+04    0.00000e+00    0.00000e+00
  1.974   4.400    0.00000e+00    2.18368e+04    0.00000e+00    1.69118e+04    0.00000e+00    0.00000e+00
  1.983   4.410    0.00000e+00    2.17148e+04    0.00000e+00    1.68064e+04    0.00000e+00    0.00000e+00
  1.992   4.420    0.00000e+00    2.15929e+04    0.00000e+00    1.67011e+04    0.00000e+00    0.00000e+00
  2.001   4.430    0.00000e+00    2.14709e+04    0.00000e+00    1.65957e+04    0.00000e+00    0.00000e+00
  2.010   4.440    0.00000e+00    2.13490e+04    0.00000e+00    1.64903e+04    0.00000e+00    0.00000e+00
  2.019   4.450    0.00000e+00    2.12270e+04    0.00000e+00    1.63849e+04    0.00000e+00    0.00000e+00
  2.028   4.460    0.00000e+00    2.11137e+04    0.00000e+00    1.62926e+04    0.00000e+00    0.00000e+00
  2.038   4.470    0.00000e+00    2.10004e+04    0.00000e+00    1.62003e+04    0.00000e+00    0.00000e+00
  2.047   4.480    0.00000e+00    2.08871e+04    0.00000e+00    1.61081e+04    0.00000e+00    0.00000e+00
  2.056   4.490    0.00000e+00    2.07738e+04    0.00000e+00    1.60158e+04    0.00000e+00    0.00000e+00
  2.065   4.500    0.00000e+00    2.06605e+04    0.00000e+00    1.59235e+04    0.00000e+00    0.00000e+00
  2.074   4.510    0.00000e+00    2.05569e+04    0.00000e+00    1.58396e+04    0.00000e+00    0.00000e+00
  2.083   4.520    0.00000e+00    2.04534e+04    0.00000e+00    1.57558e+04    0.00000e+00    0.00000e+00
  2.093   4.530    0.00000e+00    2.03498e+04    0.00000e+00    1.56719e+04    0.00000e+00    0.00000e+00
  2.102   4.540    0.00000e+00    2.02463e+04    0.00000e+00    1.55881e+04    0.00000e+00    0.00000e+00
  2.111   4.550    0.00000e+00    2.01427e+04    0.00000e+00    1.55042e+04    0.00000e+00    0.00000e+00
  2.120   4.560    0.00000e+00    2.00439e+04    0.00000e+00    1.54267e+04    0.00000e+00    0.00000e+00
  2.130   4.570    0.00000e+00    1.99452e+04    0.00000e+00    1.53492e+04    0.00000e+00    0.00000e+00
  2.139   4.580    0.00000e+00    1.98464e+04    0.00000e+00    1.52717e+04    0.00000e+00    0.00000e+00
  2.148   4.590    0.00000e+00    1.97476e+04    0.00000e+00    1.51942e+04    0.00000e+00    0.00000e+00
  2.158   4.600    0.00000e+00    1.96488e+04    0.00000e+00    1.51167e+04    0.00000e+00    0.00000e+00
  2.167   4.610    0.00000e+00    1.95564e+04    0.00000e+00    1.50401e+04    0.00000e+00    0.00000e+00
  2.177   4.620    0.00000e+00    1.94640e+04    0.00000e+00    1.49635e+04    0.00000e+00    0.00000e+00
  2.186   4.630    0.00000e+00    1.93716e+04    0.00000e+00    1.48870e+04    0.00000e+00    0.00000e+00
  2.195   4.640    0.00000e+00    1.92793e+04    0.00000e+00    1.48104e+04    0.00000e+00    0.00000e+00
  2.205   4.650    0.00000e+00    1.91869e+04    0.00000e+00    1.47338e+04    0.00000e+00    0.00000e+00
  2.214   4.660    0.00000e+00    1.91006e+04    0.00000e+00    1.46694e+04    0.00000e+00    0.00000e+00
  2.224   4.670    0.00000e+00    1.90143e+04    0.00000e+00    1.46049e+04    0.00000e+00    0.00000e+00
  2.233   4.680    0.00000e+00    1.89281e+04    0.00000e+00    1.45405e+04    0.00000e+00    0.00000e+00
  2.243   4.690    0.00000e+00    1.88418e+04    0.00000e+00    1.44760e+04    0.00000e+00    0.00000e+00
  2.253   4.700    0.00000e+00    1.87555e+04    0.00000e+00    1.44115e+04    0.00000e+00    0.00000e+00
  2.262   4.710    0.00000e+00    1.86766e+04    0.00000e+00    1.43496e+04    0.00000e+00    0.00000e+00
  2.272   4.720    0.00000e+00    1.85977e+04    0.00000e+00    1.42876e+04    0.00000e+00    0.00000e+00
  2.281   4.730    0.00000e+00    1.85188e+04    0.00000e+00    1.42257e+04    0.00000e+00    0.00000e+00
  2.291   4.740    0.00000e+00    1.84399e+04    0.00000e+00    1.41637e+04    0.00000e+00    0.00000e+00
  2.301   4.750    0.00000e+00    1.83610e+04    0.00000e+00    1.41017e+04    0.00000e+00    0.00000e+00
  2.310   4.760    0.00000e+00    1.82855e+04    0.00000e+00    1.40441e+04    0.00000e+00    0.00000e+00
  2.320   4.770    0.00000e+00    1.82100e+04    0.00000e+00    1.39865e+04    0.00000e+00    0.00000e+00
  2.330   4.780    0.00000e+00    1.81345e+04    0.00000e+00    1.39289e+04    0.00000e+00    0.00000e+00
  2.340   4.790    0.00000e+00    1.80590e+04    0.00000e+00    1.38713e+04    0.00000e+00    0.00000e+00
  2.349   4.800    0.00000e+00    1.79835e+04    0.00000e+00    1.38137e+04    0.00000e+00    0.00000e+00
  2.359   4.810    0.00000e+00    1.79138e+04    0.00000e+00    1.37619e+04    0.00000e+00    0.00000e+00
  2.369   4.820    0.00000e+00    1.78441e+04    0.00000e+00    1.37100e+04    0.00000e+00    0.00000e+00
  2.379   4.830    0.00000e+00    1.77744e+04    0.00000e+00    1.36581e+04    0.00000e+00    0.00000e+00
  2.389   4.840    0.00000e+00    1.77047e+04    0.00000e+00    1.36063e+04    0.00000e+00    0.00000e+00
  2.399   4.850    0.00000e+00    1.76350e+04    0.00000e+00    1.35544e+04    0.00000e+00    0.00000e+00
  2.409   4.860    0.00000e+00    1.75689e+04    0.00000e+00    1.35074e+04    0.00000e+00    0.00000e+00
  2.419   4.870    0.00000e+00    1.75029e+04    0.00000e+00    1.34604e+04    0.00000e+00    0.00000e+00
  2.428   4.880    0.00000e+00    1.74368e+04    0.00000e+00    1.34133e+04    0.00000e+00    0.00000e+00
  2.438   4.890    0.00000e+00    1.73707e+04    0.00000e+00    1.33663e+04    0.00000e+00    0.00000e+00
  2.448   4.900    0.00000e+00    1.73046e+04    0.00000e+00    1.33193e+04    0.00000e+00    0.00000e+00
  2.458   4.910    0.00000e+00    1.72430e+04    0.00000e+00    1.32732e+04    0.00000e+00    0.00000e+00
  2.468   4.920    0.00000e+00    1.71814e+04    0.00000e+00    1.32271e+04    0.00000e+00    0.00000e+00
  2.478   4.930    0.00000e+00    1.71197e+04    0.00000e+00    1.31810e+04    0.00000e+00    0.00000e+00
  2.489   4.940    0.00000e+00    1.70581e+04    0.00000e+00    1.31349e+04    0.00000e+00    0.00000e+00
  2.499   4.950    0.00000e+00    1.69964e+04    0.00000e+00    1.30888e+04    0.00000e+00    0.00000e+00
  2.509   4.960    0.00000e+00    1.69387e+04    0.00000e+00    1.30557e+04    0.00000e+00    0.00000e+00
  2.519   4.970    0.00000e+00    1.68810e+04    0.00000e+00    1.30226e+04    0.00000e+00    0.00000e+00
  2.529   4.980    0.00000e+00    1.68233e+04    0.00000e+00    1.29895e+04    0.00000e+00    0.00000e+00
  2.539   4.990    0.00000e+00    1.67656e+04    0.00000e+00    1.29563e+04    0.00000e+00    0.00000e+00
