  0.000   0.010   -2.57720e+02    0.00000e+00    0.00000e+00    0.00000e+00    1.57900e+04    0.00000e+00
  0.000   0.020   -2.57720e+02    0.00000e+00    0.00000e+00    0.00000e+00    1.57900e+04    0.00000e+00
  0.000   0.030   -2.57720e+02    0.00000e+00    0.00000e+00    0.00000e+00    1.57900e+04    0.00000e+00
  0.000   0.040   -2.57720e+02    0.00000e+00    0.00000e+00    0.00000e+00    1.57900e+04    0.00000e+00
  0.000   0.050   -2.57720e+02    0.00000e+00    0.00000e+00    0.00000e+00    1.57900e+04    0.00000e+00
  0.000   0.060   -6.88851e+02    0.00000e+00    0.00000e+00    0.00000e+00    4.18653e+04    0.00000e+00
  0.001   0.070   -1.11998e+03    0.00000e+00    0.00000e+00    0.00000e+00    6.79406e+04    0.00000e+00
  0.001   0.080   -1.55111e+03    0.00000e+00    0.00000e+00    0.00000e+00    9.40159e+04    0.00000e+00
  0.001   0.090   -1.98225e+03    0.00000e+00    0.00000e+00    0.00000e+00    1.20091e+05    0.00000e+00
  0.001   0.100   -2.41338e+03    0.00000e+00    0.00000e+00    0.00000e+00    1.46167e+05    0.00000e+00
  0.001   0.110   -4.06723e+03    0.00000e+00    0.00000e+00    0.00000e+00    2.43631e+05    0.00000e+00
  0.002   0.120   -5.72108e+03    0.00000e+00    0.00000e+00    0.00000e+00    3.41095e+05    0.00000e+00
  0.002   0.130   -7.37494e+03    0.00000e+00    0.00000e+00    0.00000e+00    4.38560e+05    0.00000e+00
  0.002   0.140   -9.02879e+03    0.00000e+00    0.00000e+00    0.00000e+00    5.36024e+05    0.00000e+00
  0.002   0.150   -1.06826e+04    0.00000e+00    0.00000e+00    0.00000e+00    6.33488e+05    0.00000e+00
  0.003   0.160   -1.59484e+04    0.00000e+00    0.00000e+00    0.00000e+00    9.31656e+05    0.00000e+00
  0.003   0.170   -2.12141e+04    0.00000e+00    0.00000e+00    0.00000e+00    1.22982e+06    0.00000e+00
  0.003   0.180   -2.64799e+04    0.00000e+00    0.00000e+00    0.00000e+00    1.52799e+06    0.00000e+00
  0.004   0.190   -3.17457e+04    0.00000e+00    0.00000e+00    0.00000e+00    1.82616e+06    0.00000e+00
  0.004   0.200   -3.70114e+04    0.00000e+00    0.00000e+00    0.00000e+00    2.12432e+06    0.00000e+00
  0.005   0.210   -5.17566e+04    0.00000e+00    0.00000e+00    0.00000e+00    2.91367e+06    0.00000e+00
  0.005   0.220   -6.65018e+04    0.00000e+00    0.00000e+00    0.00000e+00    3.70301e+06    0.00000e+00
  0.005   0.230   -8.12470e+04    0.00000e+00    0.00000e+00    0.00000e+00    4.49235e+06    0.00000e+00
  0.006   0.240   -9.59922e+04    0.00000e+00    0.00000e+00    0.00000e+00    5.28169e+06    0.00000e+00
  0.006   0.250   -1.10737e+05    0.00000e+00    0.00000e+00    0.00000e+00    6.07103e+06    0.00000e+00
  0.007   0.260   -1.43217e+05    0.00000e+00    0.00000e+00    0.00000e+00    7.68177e+06    0.00000e+00
  0.007   0.270   -1.75697e+05    0.00000e+00    0.00000e+00    0.00000e+00    9.29252e+06    0.00000e+00
  0.008   0.280   -2.08177e+05    0.00000e+00    0.00000e+00    0.00000e+00    1.09033e+07    0.00000e+00
  0.009   0.290   -2.40657e+05    0.00000e+00    0.00000e+00    0.00000e+00    1.25140e+07    0.00000e+00
  0.009   0.300   -2.73137e+05    0.00000e+00    0.00000e+00    0.00000e+00    1.41248e+07    0.00000e+00
  0.010   0.310   -3.26851e+05    0.00000e+00    0.00000e+00    0.00000e+00    1.65260e+07    0.00000e+00
  0.011   0.320   -3.80564e+05    0.00000e+00    0.00000e+00    0.00000e+00    1.89272e+07    0.00000e+00
  0.011   0.330   -4.34278e+05    0.00000e+00    0.00000e+00    0.00000e+00    2.13285e+07    0.00000e+00
  0.012   0.340   -4.87992e+05    0.00000e+00    0.00000e+00    0.00000e+00    2.37297e+07    0.00000e+00
  0.012   0.350   -5.41705e+05    0.00000e+00    0.00000e+00    0.00000e+00    2.61309e+07    0.00000e+00
  0.013   0.360   -6.12810e+05    0.00000e+00    0.00000e+00    0.00000e+00    2.88895e+07    0.00000e+00
  0.014   0.370   -6.83914e+05    0.00000e+00    0.00000e+00    0.00000e+00    3.16481e+07    0.00000e+00
  0.015   0.380   -7.55019e+05    0.00000e+00    0.00000e+00    0.00000e+00    3.44067e+07    0.00000e+00
  0.016   0.390   -8.26123e+05    0.00000e+00    0.00000e+00    0.00000e+00    3.71653e+07    0.00000e+00
  0.016   0.400   -8.97228e+05    0.00000e+00    0.00000e+00    0.00000e+00    3.99239e+07    0.00000e+00
  0.017   0.410   -9.77255e+05    0.00000e+00    0.00000e+00    0.00000e+00    4.24704e+07    0.00000e+00
  0.018   0.420   -1.05728e+06    0.00000e+00    0.00000e+00    0.00000e+00    4.50168e+07    0.00000e+00
  0.019   0.430   -1.13731e+06    0.00000e+00    0.00000e+00    0.00000e+00    4.75633e+07    0.00000e+00
  0.020   0.440   -1.21734e+06    0.00000e+00    0.00000e+00    0.00000e+00    5.01097e+07    0.00000e+00
  0.021   0.450   -1.29736e+06    0.00000e+00    0.00000e+00    0.00000e+00    5.26562e+07    0.00000e+00
  0.022   0.460   -1.37674e+06    0.00000e+00    0.00000e+00    0.00000e+00    5.45426e+07    0.00000e+00
  0.023   0.470   -1.45611e+06    0.00000e+00    0.00000e+00    0.00000e+00    5.64290e+07    0.00000e+00
  0.024   0.480   -1.53549e+06    0.00000e+00    0.00000e+00    0.00000e+00    5.83153e+07    0.00000e+00
  0.025   0.490   -1.61486e+06    0.00000e+00    0.00000e+00    0.00000e+00    6.02017e+07    0.00000e+00
  0.025   0.500   -1.69423e+06    0.00000e+00    0.00000e+00    0.00000e+00    6.20881e+07    0.00000e+00
  0.027   0.510   -1.76569e+06    0.00000e+00    0.00000e+00    0.00000e+00    6.31377e+07    0.00000e+00
  0.028   0.520   -1.83714e+06    0.00000e+00    0.00000e+00    0.00000e+00    6.41872e+07    0.00000e+00
  0.029   0.530   -1.90860e+06    0.00000e+00    0.00000e+00    0.00000e+00    6.52368e+07    0.00000e+00
  0.030   0.540   -1.98005e+06    0.00000e+00    0.00000e+00    0.00000e+00    6.62863e+07    0.00000e+00
  0.031   0.550   -2.05150e+06    0.00000e+00    0.00000e+00    0.00000e+00    6.73359e+07    0.00000e+00
  0.032   0.560   -2.11150e+06    0.00000e+00    0.00000e+00    0.00000e+00    6.76215e+07    0.00000e+00
  0.033   0.570   -2.17150e+06    0.00000e+00    0.00000e+00    0.00000e+00    6.79071e+07    0.00000e+00
  0.034   0.580   -2.23150e+06    0.00000e+00    0.00000e+00    0.00000e+00    6.81928e+07    0.00000e+00
  0.036   0.590   -2.29150e+06    0.00000e+00    0.00000e+00    0.00000e+00    6.84784e+07    0.00000e+00
  0.037   0.600   -2.35150e+06    0.00000e+00    0.00000e+00    0.00000e+00    6.87640e+07    0.00000e+00
  0.038   0.610   -2.39972e+06    0.00000e+00    0.00000e+00    0.00000e+00    6.84891e+07    0.00000e+00
  0.039   0.620   -2.44793e+06    0.00000e+00    0.00000e+00    0.00000e+00    6.82142e+07    0.00000e+00
  0.041   0.630   -2.49615e+06    0.00000e+00    0.00000e+00    0.00000e+00    6.79393e+07    0.00000e+00
  0.042   0.640   -2.54436e+06    0.00000e+00    0.00000e+00    0.00000e+00    6.76644e+07    0.00000e+00
  0.043   0.650   -2.59258e+06    0.00000e+00    0.00000e+00    0.00000e+00    6.73895e+07    0.00000e+00
  0.044   0.660   -2.63047e+06    0.00000e+00    0.00000e+00    0.00000e+00    6.67730e+07    0.00000e+00
  0.046   0.670   -2.66836e+06    0.00000e+00    0.00000e+00    0.00000e+00    6.61564e+07    0.00000e+00
  0.047   0.680   -2.70625e+06    0.00000e+00    0.00000e+00    0.00000e+00    6.55399e+07    0.00000e+00
  0.049   0.690   -2.74414e+06    0.00000e+00    0.00000e+00    0.00000e+00    6.49234e+07    0.00000e+00
  0.050   0.700   -2.78203e+06    0.00000e+00    0.00000e+00    0.00000e+00    6.43068e+07    0.00000e+00
  0.051   0.710   -2.81156e+06    0.00000e+00    0.00000e+00    0.00000e+00    6.35203e+07    0.00000e+00
  0.053   0.720   -2.84108e+06    0.00000e+00    0.00000e+00    0.00000e+00    6.27338e+07    0.00000e+00
  0.054   0.730   -2.87060e+06    0.00000e+00    0.00000e+00    0.00000e+00    6.19473e+07    0.00000e+00
  0.056   0.740   -2.90013e+06    0.00000e+00    0.00000e+00    0.00000e+00    6.11608e+07    0.00000e+00
  0.057   0.750   -2.92965e+06    0.00000e+00    0.00000e+00    0.00000e+00    6.03743e+07    0.00000e+00
  0.059   0.760   -2.95250e+06    0.00000e+00    0.00000e+00    0.00000e+00    5.95276e+07    0.00000e+00
  0.061   0.770   -2.97534e+06    0.00000e+00    0.00000e+00    0.00000e+00    5.86810e+07    0.00000e+00
  0.062   0.780   -2.99819e+06    0.00000e+00    0.00000e+00    0.00000e+00    5.78343e+07    0.00000e+00
  0.064   0.790   -3.02103e+06    0.00000e+00    0.00000e+00    0.00000e+00    5.69877e+07    0.00000e+00
  0.065   0.800   -3.04388e+06    0.00000e+00    0.00000e+00    0.00000e+00    5.61411e+07    0.00000e+00
  0.067   0.810   -3.06117e+06    0.00000e+00    0.00000e+00    0.00000e+00    5.52934e+07    0.00000e+00
  0.069   0.820   -3.07847e+06    0.00000e+00    0.00000e+00    0.00000e+00    5.44458e+07    0.00000e+00
  0.070   0.830   -3.09577e+06    0.00000e+00    0.00000e+00    0.00000e+00    5.35982e+07    0.00000e+00
  0.072   0.840   -3.11307e+06    0.00000e+00    0.00000e+00    0.00000e+00    5.27506e+07    0.00000e+00
  0.074   0.850   -3.13036e+06    0.00000e+00    0.00000e+00    0.00000e+00    5.19030e+07    0.00000e+00
  0.075   0.860   -3.14271e+06    0.00000e+00    0.00000e+00    0.00000e+00    5.10807e+07    0.00000e+00
  0.077   0.870   -3.15505e+06    0.00000e+00    0.00000e+00    0.00000e+00    5.02584e+07    0.00000e+00
  0.079   0.880   -3.16740e+06    0.00000e+00    0.00000e+00    0.00000e+00    4.94362e+07    0.00000e+00
  0.081   0.890   -3.17974e+06    0.00000e+00    0.00000e+00    0.00000e+00    4.86139e+07    0.00000e+00
  0.083   0.900   -3.19208e+06    0.00000e+00    0.00000e+00    0.00000e+00    4.77916e+07    0.00000e+00
  0.084   0.910   -3.19968e+06    0.00000e+00    0.00000e+00    0.00000e+00    4.70033e+07    0.00000e+00
  0.086   0.920   -3.20728e+06    0.00000e+00    0.00000e+00    0.00000e+00    4.62150e+07    0.00000e+00
  0.088   0.930   -3.21487e+06    0.00000e+00    0.00000e+00    0.00000e+00    4.54266e+07    0.00000e+00
  0.090   0.940   -3.22247e+06    0.00000e+00    0.00000e+00    0.00000e+00    4.46383e+07    0.00000e+00
  0.092   0.950   -3.23007e+06    0.00000e+00    0.00000e+00    0.00000e+00    4.38499e+07    0.00000e+00
  0.094   0.960   -3.23288e+06    0.00000e+00    0.00000e+00    0.00000e+00    4.30960e+07    0.00000e+00
  0.096   0.970   -3.23569e+06    0.00000e+00    0.00000e+00    0.00000e+00    4.23421e+07    0.00000e+00
  0.098   0.980   -3.23851e+06    0.00000e+00    0.00000e+00    0.00000e+00    4.15882e+07    0.00000e+00
  0.100   0.990   -3.24132e+06    0.00000e+00    0.00000e+00    0.00000e+00    4.08342e+07    0.00000e+00
  0.102   1.000   -3.24413e+06    0.00000e+00    0.00000e+00    0.00000e+00    4.00803e+07    0.00000e+00
  0.104   1.010   -3.24202e+06    0.00000e+00    0.00000e+00    0.00000e+00    3.93587e+07    0.00000e+00
  0.106   1.020   -3.23990e+06    0.00000e+00    0.00000e+00    0.00000e+00    3.86370e+07    0.00000e+00
  0.108   1.030   -3.23778e+06    0.00000e+00    0.00000e+00    0.00000e+00    3.79154e+07    0.00000e+00
  0.110   1.040   -3.23567e+06    0.00000e+00    0.00000e+00    0.00000e+00    3.71938e+07    0.00000e+00
  0.112   1.050   -3.23355e+06    0.00000e+00    0.00000e+00    0.00000e+00    3.64721e+07    0.00000e+00
  0.115   1.060   -3.22634e+06    0.00000e+00    0.00000e+00    0.00000e+00    3.57807e+07    0.00000e+00
  0.117   1.070   -3.21912e+06    0.00000e+00    0.00000e+00    0.00000e+00    3.50892e+07    0.00000e+00
  0.119   1.080   -3.21190e+06    0.00000e+00    0.00000e+00    0.00000e+00    3.43977e+07    0.00000e+00
  0.121   1.090   -3.20469e+06    0.00000e+00    0.00000e+00    0.00000e+00    3.37062e+07    0.00000e+00
  0.123   1.100   -3.19747e+06    0.00000e+00    0.00000e+00    0.00000e+00    3.30147e+07    0.00000e+00
  0.126   1.110   -3.18505e+06    0.00000e+00    0.00000e+00    0.00000e+00    3.23524e+07    0.00000e+00
  0.128   1.120   -3.17262e+06    0.00000e+00    0.00000e+00    0.00000e+00    3.16900e+07    0.00000e+00
  0.130   1.130   -3.16020e+06    0.00000e+00    0.00000e+00    0.00000e+00    3.10277e+07    0.00000e+00
  0.133   1.140   -3.14777e+06    0.00000e+00    0.00000e+00    0.00000e+00    3.03653e+07    0.00000e+00
  0.135   1.150   -3.13534e+06    0.00000e+00    0.00000e+00    0.00000e+00    2.97030e+07    0.00000e+00
  0.137   1.160   -3.11772e+06    0.00000e+00    0.00000e+00    0.00000e+00    2.90701e+07    0.00000e+00
  0.140   1.170   -3.10009e+06    0.00000e+00    0.00000e+00    0.00000e+00    2.84372e+07    0.00000e+00
  0.142   1.180   -3.08247e+06    0.00000e+00    0.00000e+00    0.00000e+00    2.78043e+07    0.00000e+00
  0.144   1.190   -3.06484e+06    0.00000e+00    0.00000e+00    0.00000e+00    2.71714e+07    0.00000e+00
  0.147   1.200   -3.04721e+06    0.00000e+00    0.00000e+00    0.00000e+00    2.65385e+07    0.00000e+00
  0.149   1.210   -3.02457e+06    0.00000e+00    0.00000e+00    0.00000e+00    2.59369e+07    0.00000e+00
  0.152   1.220   -3.00193e+06    0.00000e+00    0.00000e+00    0.00000e+00    2.53352e+07    0.00000e+00
  0.154   1.230   -2.97928e+06    0.00000e+00    0.00000e+00    0.00000e+00    2.47336e+07    0.00000e+00
  0.157   1.240   -2.95664e+06    0.00000e+00    0.00000e+00    0.00000e+00    2.41319e+07    0.00000e+00
  0.159   1.250   -2.93400e+06    0.00000e+00    0.00000e+00    0.00000e+00    2.35302e+07    0.00000e+00
  0.162   1.260   -2.90673e+06    0.00000e+00    0.00000e+00    0.00000e+00    2.29626e+07    0.00000e+00
  0.165   1.270   -2.87947e+06    0.00000e+00    0.00000e+00    0.00000e+00    2.23949e+07    0.00000e+00
  0.167   1.280   -2.85220e+06    0.00000e+00    0.00000e+00    0.00000e+00    2.18273e+07    0.00000e+00
  0.170   1.290   -2.82494e+06    0.00000e+00    0.00000e+00    0.00000e+00    2.12596e+07    0.00000e+00
  0.172   1.300   -2.79767e+06    0.00000e+00    0.00000e+00    0.00000e+00    2.06920e+07    0.00000e+00
  0.175   1.310   -2.76640e+06    0.00000e+00    0.00000e+00    0.00000e+00    2.01618e+07    0.00000e+00
  0.178   1.320   -2.73514e+06    0.00000e+00    0.00000e+00    0.00000e+00    1.96315e+07    0.00000e+00
  0.180   1.330   -2.70387e+06    0.00000e+00    0.00000e+00    0.00000e+00    1.91013e+07    0.00000e+00
  0.183   1.340   -2.67260e+06    0.00000e+00    0.00000e+00    0.00000e+00    1.85711e+07    0.00000e+00
  0.186   1.350   -2.64133e+06    0.00000e+00    0.00000e+00    0.00000e+00    1.80408e+07    0.00000e+00
  0.189   1.360   -2.60689e+06    0.00000e+00    0.00000e+00    0.00000e+00    1.75515e+07    0.00000e+00
  0.191   1.370   -2.57245e+06    0.00000e+00    0.00000e+00    0.00000e+00    1.70621e+07    0.00000e+00
  0.194   1.380   -2.53800e+06    0.00000e+00    0.00000e+00    0.00000e+00    1.65727e+07    0.00000e+00
  0.197   1.390   -2.50356e+06    0.00000e+00    0.00000e+00    0.00000e+00    1.60833e+07    0.00000e+00
  0.200   1.400   -2.46912e+06    0.00000e+00    0.00000e+00    0.00000e+00    1.55940e+07    0.00000e+00
  0.203   1.410   -2.43248e+06    0.00000e+00    0.00000e+00    0.00000e+00    1.51484e+07    0.00000e+00
  0.206   1.420   -2.39585e+06    0.00000e+00    0.00000e+00    0.00000e+00    1.47028e+07    0.00000e+00
  0.209   1.430   -2.35922e+06    0.00000e+00    0.00000e+00    0.00000e+00    1.42572e+07    0.00000e+00
  0.211   1.440   -2.32258e+06    0.00000e+00    0.00000e+00    0.00000e+00    1.38116e+07    0.00000e+00
  0.214   1.450   -2.28595e+06    0.00000e+00    0.00000e+00    0.00000e+00    1.33659e+07    0.00000e+00
  0.217   1.460   -2.24818e+06    0.00000e+00    0.00000e+00    0.00000e+00    1.29660e+07    0.00000e+00
  0.220   1.470   -2.21041e+06    0.00000e+00    0.00000e+00    0.00000e+00    1.25660e+07    0.00000e+00
  0.223   1.480   -2.17264e+06    0.00000e+00    0.00000e+00    0.00000e+00    1.21660e+07    0.00000e+00
  0.226   1.490   -2.13487e+06    0.00000e+00    0.00000e+00    0.00000e+00    1.17660e+07    0.00000e+00
  0.229   1.500   -2.09710e+06    0.00000e+00    0.00000e+00    0.00000e+00    1.13661e+07    0.00000e+00
  0.233   1.510   -2.05924e+06    0.00000e+00    0.00000e+00    0.00000e+00    1.10122e+07    0.00000e+00
  0.236   1.520   -2.02138e+06    0.00000e+00    0.00000e+00    0.00000e+00    1.06584e+07    0.00000e+00
  0.239   1.530   -1.98352e+06    0.00000e+00    0.00000e+00    0.00000e+00    1.03046e+07    0.00000e+00
  0.242   1.540   -1.94566e+06    0.00000e+00    0.00000e+00    0.00000e+00    9.95072e+06    0.00000e+00
  0.245   1.550   -1.90780e+06    0.00000e+00    0.00000e+00    0.00000e+00    9.59688e+06    0.00000e+00
  0.248   1.560   -1.87078e+06    0.00000e+00    0.00000e+00    0.00000e+00    9.28826e+06    0.00000e+00
  0.251   1.570   -1.83377e+06    0.00000e+00    0.00000e+00    0.00000e+00    8.97964e+06    0.00000e+00
  0.255   1.580   -1.79676e+06    0.00000e+00    0.00000e+00    0.00000e+00    8.67102e+06    0.00000e+00
  0.258   1.590   -1.75974e+06    0.00000e+00    0.00000e+00    0.00000e+00    8.36240e+06    0.00000e+00
  0.261   1.600   -1.72273e+06    0.00000e+00    0.00000e+00    0.00000e+00    8.05378e+06    0.00000e+00
  0.264   1.610   -1.68734e+06    0.00000e+00    0.00000e+00    0.00000e+00    7.78811e+06    0.00000e+00
  0.268   1.620   -1.65195e+06    0.00000e+00    0.00000e+00    0.00000e+00    7.52245e+06    0.00000e+00
  0.271   1.630   -1.61656e+06    0.00000e+00    0.00000e+00    0.00000e+00    7.25679e+06    0.00000e+00
  0.274   1.640   -1.58117e+06    0.00000e+00    0.00000e+00    0.00000e+00    6.99112e+06    0.00000e+00
  0.278   1.650   -1.54579e+06    0.00000e+00    0.00000e+00    0.00000e+00    6.72546e+06    0.00000e+00
  0.281   1.660   -1.51260e+06    0.00000e+00    0.00000e+00    0.00000e+00    6.49946e+06    0.00000e+00
  0.284   1.670   -1.47941e+06    0.00000e+00    0.00000e+00    0.00000e+00    6.27347e+06    0.00000e+00
  0.288   1.680   -1.44623e+06    0.00000e+00    0.00000e+00    0.00000e+00    6.04747e+06    0.00000e+00
  0.291   1.690   -1.41304e+06    0.00000e+00    0.00000e+00    0.00000e+00    5.82148e+06    0.00000e+00
  0.295   1.700   -1.37985e+06    0.00000e+00    0.00000e+00    0.00000e+00    5.59548e+06    0.00000e+00
  0.298   1.710   -1.34924e+06    0.00000e+00    0.00000e+00    0.00000e+00    5.40518e+06    0.00000e+00
  0.302   1.720   -1.31864e+06    0.00000e+00    0.00000e+00    0.00000e+00    5.21488e+06    0.00000e+00
  0.305   1.730   -1.28803e+06    0.00000e+00    0.00000e+00    0.00000e+00    5.02458e+06    0.00000e+00
  0.309   1.740   -1.25742e+06    0.00000e+00    0.00000e+00    0.00000e+00    4.83429e+06    0.00000e+00
  0.312   1.750   -1.22681e+06    0.00000e+00    0.00000e+00    0.00000e+00    4.64399e+06    0.00000e+00
  0.316   1.760   -1.19897e+06    0.00000e+00    0.00000e+00    0.00000e+00    4.48509e+06    0.00000e+00
  0.320   1.770   -1.17113e+06    0.00000e+00    0.00000e+00    0.00000e+00    4.32620e+06    0.00000e+00
  0.323   1.780   -1.14328e+06    0.00000e+00    0.00000e+00    0.00000e+00    4.16731e+06    0.00000e+00
  0.327   1.790   -1.11544e+06    0.00000e+00    0.00000e+00    0.00000e+00    4.00841e+06    0.00000e+00
  0.330   1.800   -1.08760e+06    0.00000e+00    0.00000e+00    0.00000e+00    3.84952e+06    0.00000e+00
  0.334   1.810   -1.06257e+06    0.00000e+00    0.00000e+00    0.00000e+00    3.71773e+06    0.00000e+00
  0.338   1.820   -1.03753e+06    0.00000e+00    0.00000e+00    0.00000e+00    3.58594e+06    0.00000e+00
  0.342   1.830   -1.01249e+06    0.00000e+00    0.00000e+00    0.00000e+00    3.45415e+06    0.00000e+00
  0.345   1.840   -9.87457e+05    0.00000e+00    0.00000e+00    0.00000e+00    3.32236e+06    0.00000e+00
  0.349   1.850   -9.62421e+05    0.00000e+00    0.00000e+00    0.00000e+00    3.19057e+06    0.00000e+00
  0.353   1.860   -9.40112e+05    0.00000e+00    0.00000e+00    0.00000e+00    3.08180e+06    0.00000e+00
  0.357   1.870   -9.17802e+05    0.00000e+00    0.00000e+00    0.00000e+00    2.97303e+06    0.00000e+00
  0.360   1.880   -8.95493e+05    0.00000e+00    0.00000e+00    0.00000e+00    2.86426e+06    0.00000e+00
  0.364   1.890   -8.73184e+05    0.00000e+00    0.00000e+00    0.00000e+00    2.75549e+06    0.00000e+00
  0.368   1.900   -8.50875e+05    0.00000e+00    0.00000e+00    0.00000e+00    2.64672e+06    0.00000e+00
  0.372   1.910   -8.31135e+05    0.00000e+00    0.00000e+00    0.00000e+00    2.55725e+06    0.00000e+00
  0.376   1.920   -8.11395e+05    0.00000e+00    0.00000e+00    0.00000e+00    2.46777e+06    0.00000e+00
  0.380   1.930   -7.91655e+05    0.00000e+00    0.00000e+00    0.00000e+00    2.37830e+06    0.00000e+00
  0.384   1.940   -7.71914e+05    0.00000e+00    0.00000e+00    0.00000e+00    2.28882e+06    0.00000e+00
  0.388   1.950   -7.52174e+05    0.00000e+00    0.00000e+00    0.00000e+00    2.19935e+06    0.00000e+00
  0.392   1.960   -7.34801e+05    0.00000e+00    0.00000e+00    0.00000e+00    2.12589e+06    0.00000e+00
  0.396   1.970   -7.17427e+05    0.00000e+00    0.00000e+00    0.00000e+00    2.05243e+06    0.00000e+00
  0.400   1.980   -7.00054e+05    0.00000e+00    0.00000e+00    0.00000e+00    1.97897e+06    0.00000e+00
  0.404   1.990   -6.82680e+05    0.00000e+00    0.00000e+00    0.00000e+00    1.90551e+06    0.00000e+00
  0.408   2.000   -6.65307e+05    0.00000e+00    0.00000e+00    0.00000e+00    1.83206e+06    0.00000e+00
  0.412   2.010   -6.50072e+05    0.00000e+00    0.00000e+00    0.00000e+00    1.77178e+06    0.00000e+00
  0.416   2.020   -6.34838e+05    0.00000e+00    0.00000e+00    0.00000e+00    1.71151e+06    0.00000e+00
  0.420   2.030   -6.19603e+05    0.00000e+00    0.00000e+00    0.00000e+00    1.65124e+06    0.00000e+00
  0.424   2.040   -6.04369e+05    0.00000e+00    0.00000e+00    0.00000e+00    1.59097e+06    0.00000e+00
  0.429   2.050   -5.89134e+05    0.00000e+00    0.00000e+00    0.00000e+00    1.53070e+06    0.00000e+00
  0.433   2.060   -5.75809e+05    0.00000e+00    0.00000e+00    0.00000e+00    1.48123e+06    0.00000e+00
  0.437   2.070   -5.62484e+05    0.00000e+00    0.00000e+00    0.00000e+00    1.43176e+06    0.00000e+00
  0.441   2.080   -5.49159e+05    0.00000e+00    0.00000e+00    0.00000e+00    1.38230e+06    0.00000e+00
  0.445   2.090   -5.35834e+05    0.00000e+00    0.00000e+00    0.00000e+00    1.33283e+06    0.00000e+00
  0.450   2.100   -5.22509e+05    0.00000e+00    0.00000e+00    0.00000e+00    1.28336e+06    0.00000e+00
  0.454   2.110   -5.10869e+05    0.00000e+00    0.00000e+00    0.00000e+00    1.24271e+06    0.00000e+00
  0.458   2.120   -4.99229e+05    0.00000e+00    0.00000e+00    0.00000e+00    1.20205e+06    0.00000e+00
  0.463   2.130   -4.87589e+05    0.00000e+00    0.00000e+00    0.00000e+00    1.16140e+06    0.00000e+00
  0.467   2.140   -4.75949e+05    0.00000e+00    0.00000e+00    0.00000e+00    1.12074e+06    0.00000e+00
  0.471   2.150   -4.64309e+05    0.00000e+00    0.00000e+00    0.00000e+00    1.08009e+06    0.00000e+00
  0.476   2.160   -4.54146e+05    0.00000e+00    0.00000e+00    0.00000e+00    1.04661e+06    0.00000e+00
  0.480   2.170   -4.43984e+05    0.00000e+00    0.00000e+00    0.00000e+00    1.01314e+06    0.00000e+00
  0.485   2.180   -4.33821e+05    0.00000e+00    0.00000e+00    0.00000e+00    9.79658e+05    0.00000e+00
  0.489   2.190   -4.23658e+05    0.00000e+00    0.00000e+00    0.00000e+00    9.46180e+05    0.00000e+00
  0.494   2.200   -4.13495e+05    0.00000e+00    0.00000e+00    0.00000e+00    9.12703e+05    0.00000e+00
  0.498   2.210   -4.04620e+05    0.00000e+00    0.00000e+00    0.00000e+00    8.85064e+05    0.00000e+00
  0.503   2.220   -3.95744e+05    0.00000e+00    0.00000e+00    0.00000e+00    8.57425e+05    0.00000e+00
  0.507   2.230   -3.86868e+05    0.00000e+00    0.00000e+00    0.00000e+00    8.29786e+05    0.00000e+00
  0.512   2.240   -3.77992e+05    0.00000e+00    0.00000e+00    0.00000e+00    8.02148e+05    0.00000e+00
  0.516   2.250   -3.69117e+05    0.00000e+00    0.00000e+00    0.00000e+00    7.74509e+05    0.00000e+00
  0.521   2.260   -3.61359e+05    0.00000e+00    0.00000e+00    0.00000e+00    7.51622e+05    0.00000e+00
  0.526   2.270   -3.53601e+05    0.00000e+00    0.00000e+00    0.00000e+00    7.28734e+05    0.00000e+00
  0.530   2.280   -3.45843e+05    0.00000e+00    0.00000e+00    0.00000e+00    7.05847e+05    0.00000e+00
  0.535   2.290   -3.38085e+05    0.00000e+00    0.00000e+00    0.00000e+00    6.82960e+05    0.00000e+00
  0.539   2.300   -3.30328e+05    0.00000e+00    0.00000e+00    0.00000e+00    6.60073e+05    0.00000e+00
  0.544   2.310   -3.23538e+05    0.00000e+00    0.00000e+00    0.00000e+00    6.41056e+05    0.00000e+00
  0.549   2.320   -3.16748e+05    0.00000e+00    0.00000e+00    0.00000e+00    6.22038e+05    0.00000e+00
  0.554   2.330   -3.09958e+05    0.00000e+00    0.00000e+00    0.00000e+00    6.03021e+05    0.00000e+00
  0.558   2.340   -3.03168e+05    0.00000e+00    0.00000e+00    0.00000e+00    5.84004e+05    0.00000e+00
  0.563   2.350   -2.96379e+05    0.00000e+00    0.00000e+00    0.00000e+00    5.64986e+05    0.00000e+00
  0.568   2.360   -2.90427e+05    0.00000e+00    0.00000e+00    0.00000e+00    5.49128e+05    0.00000e+00
  0.573   2.370   -2.84475e+05    0.00000e+00    0.00000e+00    0.00000e+00    5.33269e+05    0.00000e+00
  0.578   2.380   -2.78522e+05    0.00000e+00    0.00000e+00    0.00000e+00    5.17410e+05    0.00000e+00
  0.583   2.390   -2.72570e+05    0.00000e+00    0.00000e+00    0.00000e+00    5.01552e+05    0.00000e+00
  0.587   2.400   -2.66618e+05    0.00000e+00    0.00000e+00    0.00000e+00    4.85693e+05    0.00000e+00
  0.592   2.410   -2.61390e+05    0.00000e+00    0.00000e+00    0.00000e+00    4.72419e+05    0.00000e+00
  0.597   2.420   -2.56162e+05    0.00000e+00    0.00000e+00    0.00000e+00    4.59144e+05    0.00000e+00
  0.602   2.430   -2.50934e+05    0.00000e+00    0.00000e+00    0.00000e+00    4.45870e+05    0.00000e+00
  0.607   2.440   -2.45706e+05    0.00000e+00    0.00000e+00    0.00000e+00    4.32595e+05    0.00000e+00
  0.612   2.450   -2.40478e+05    0.00000e+00    0.00000e+00    0.00000e+00    4.19320e+05    0.00000e+00
  0.617   2.460   -2.35875e+05    0.00000e+00    0.00000e+00    0.00000e+00    4.08161e+05    0.00000e+00
  0.622   2.470   -2.31272e+05    0.00000e+00    0.00000e+00    0.00000e+00    3.97001e+05    0.00000e+00
  0.627   2.480   -2.26668e+05    0.00000e+00    0.00000e+00    0.00000e+00    3.85842e+05    0.00000e+00
  0.632   2.490   -2.22065e+05    0.00000e+00    0.00000e+00    0.00000e+00    3.74682e+05    0.00000e+00
  0.637   2.500   -2.17462e+05    0.00000e+00    0.00000e+00    0.00000e+00    3.63522e+05    0.00000e+00
  0.642   2.510   -2.13401e+05    0.00000e+00    0.00000e+00    0.00000e+00    3.54109e+05    0.00000e+00
  0.648   2.520   -2.09340e+05    0.00000e+00    0.00000e+00    0.00000e+00    3.44696e+05    0.00000e+00
  0.653   2.530   -2.05280e+05    0.00000e+00    0.00000e+00    0.00000e+00    3.35282e+05    0.00000e+00
  0.658   2.540   -2.01219e+05    0.00000e+00    0.00000e+00    0.00000e+00    3.25869e+05    0.00000e+00
  0.663   2.550   -1.97158e+05    0.00000e+00    0.00000e+00    0.00000e+00    3.16456e+05    0.00000e+00
  0.668   2.560   -1.93570e+05    0.00000e+00    0.00000e+00    0.00000e+00    3.08489e+05    0.00000e+00
  0.674   2.570   -1.89981e+05    0.00000e+00    0.00000e+00    0.00000e+00    3.00521e+05    0.00000e+00
  0.679   2.580   -1.86393e+05    0.00000e+00    0.00000e+00    0.00000e+00    2.92554e+05    0.00000e+00
  0.684   2.590   -1.82804e+05    0.00000e+00    0.00000e+00    0.00000e+00    2.84586e+05    0.00000e+00
  0.689   2.600   -1.79215e+05    0.00000e+00    0.00000e+00    0.00000e+00    2.76619e+05    0.00000e+00
  0.695   2.610   -1.76035e+05    0.00000e+00    0.00000e+00    0.00000e+00    2.69846e+05    0.00000e+00
  0.700   2.620   -1.72856e+05    0.00000e+00    0.00000e+00    0.00000e+00    2.63073e+05    0.00000e+00
  0.705   2.630   -1.69676e+05    0.00000e+00    0.00000e+00    0.00000e+00    2.56301e+05    0.00000e+00
  0.711   2.640   -1.66496e+05    0.00000e+00    0.00000e+00    0.00000e+00    2.49528e+05    0.00000e+00
  0.716   2.650   -1.63316e+05    0.00000e+00    0.00000e+00    0.00000e+00    2.42755e+05    0.00000e+00
  0.722   2.660   -1.60491e+05    0.00000e+00    0.00000e+00    0.00000e+00    2.36974e+05    0.00000e+00
  0.727   2.670   -1.57667e+05    0.00000e+00    0.00000e+00    0.00000e+00    2.31194e+05    0.00000e+00
  0.732   2.680   -1.54842e+05    0.00000e+00    0.00000e+00    0.00000e+00    2.25413e+05    0.00000e+00
  0.738   2.690   -1.52017e+05    0.00000e+00    0.00000e+00    0.00000e+00    2.19632e+05    0.00000e+00
  0.743   2.700   -1.49193e+05    0.00000e+00    0.00000e+00    0.00000e+00    2.13852e+05    0.00000e+00
  0.749   2.710   -1.46678e+05    0.00000e+00    0.00000e+00    0.00000e+00    2.08900e+05    0.00000e+00
  0.754   2.720   -1.44163e+05    0.00000e+00    0.00000e+00    0.00000e+00    2.03949e+05    0.00000e+00
  0.760   2.730   -1.41648e+05    0.00000e+00    0.00000e+00    0.00000e+00    1.98997e+05    0.00000e+00
  0.766   2.740   -1.39133e+05    0.00000e+00    0.00000e+00    0.00000e+00    1.94045e+05    0.00000e+00
  0.771   2.750   -1.36618e+05    0.00000e+00    0.00000e+00    0.00000e+00    1.89094e+05    0.00000e+00
  0.777   2.760   -1.34374e+05    0.00000e+00    0.00000e+00    0.00000e+00    1.84837e+05    0.00000e+00
  0.782   2.770   -1.32129e+05    0.00000e+00    0.00000e+00    0.00000e+00    1.80580e+05    0.00000e+00
  0.788   2.780   -1.29885e+05    0.00000e+00    0.00000e+00    0.00000e+00    1.76323e+05    0.00000e+00
  0.794   2.790   -1.27640e+05    0.00000e+00    0.00000e+00    0.00000e+00    1.72066e+05    0.00000e+00
  0.799   2.800   -1.25396e+05    0.00000e+00    0.00000e+00    0.00000e+00    1.67809e+05    0.00000e+00
  0.805   2.810   -1.23388e+05    0.00000e+00    0.00000e+00    0.00000e+00    1.64136e+05    0.00000e+00
  0.811   2.820   -1.21381e+05    0.00000e+00    0.00000e+00    0.00000e+00    1.60463e+05    0.00000e+00
  0.817   2.830   -1.19373e+05    0.00000e+00    0.00000e+00    0.00000e+00    1.56790e+05    0.00000e+00
  0.823   2.840   -1.17366e+05    0.00000e+00    0.00000e+00    0.00000e+00    1.53117e+05    0.00000e+00
  0.828   2.850   -1.15358e+05    0.00000e+00    0.00000e+00    0.00000e+00    1.49444e+05    0.00000e+00
  0.834   2.860   -1.13559e+05    0.00000e+00    0.00000e+00    0.00000e+00    1.46264e+05    0.00000e+00
  0.840   2.870   -1.11760e+05    0.00000e+00    0.00000e+00    0.00000e+00    1.43084e+05    0.00000e+00
  0.846   2.880   -1.09960e+05    0.00000e+00    0.00000e+00    0.00000e+00    1.39905e+05    0.00000e+00
  0.852   2.890   -1.08161e+05    0.00000e+00    0.00000e+00    0.00000e+00    1.36725e+05    0.00000e+00
  0.858   2.900   -1.06361e+05    0.00000e+00    0.00000e+00    0.00000e+00    1.33545e+05    0.00000e+00
  0.864   2.910   -1.04745e+05    0.00000e+00    0.00000e+00    0.00000e+00    1.30784e+05    0.00000e+00
  0.870   2.920   -1.03129e+05    0.00000e+00    0.00000e+00    0.00000e+00    1.28023e+05    0.00000e+00
  0.875   2.930   -1.01512e+05    0.00000e+00    0.00000e+00    0.00000e+00    1.25261e+05    0.00000e+00
  0.881   2.940   -9.98959e+04    0.00000e+00    0.00000e+00    0.00000e+00    1.22500e+05    0.00000e+00
  0.887   2.950   -9.82795e+04    0.00000e+00    0.00000e+00    0.00000e+00    1.19738e+05    0.00000e+00
  0.893   2.960   -9.68244e+04    0.00000e+00    0.00000e+00    0.00000e+00    1.17332e+05    0.00000e+00
  0.900   2.970   -9.53694e+04    0.00000e+00    0.00000e+00    0.00000e+00    1.14926e+05    0.00000e+00
  0.906   2.980   -9.39143e+04    0.00000e+00    0.00000e+00    0.00000e+00    1.12520e+05    0.00000e+00
  0.912   2.990   -9.24593e+04    0.00000e+00    0.00000e+00    0.00000e+00    1.10113e+05    0.00000e+00
  0.918   3.000   -9.10042e+04    0.00000e+00    0.00000e+00    0.00000e+00    1.07707e+05    0.00000e+00
  0.924   3.010   -8.96948e+04    0.00000e+00    0.00000e+00    0.00000e+00    1.05610e+05    0.00000e+00
  0.930   3.020   -8.83853e+04    0.00000e+00    0.00000e+00    0.00000e+00    1.03513e+05    0.00000e+00
  0.936   3.030   -8.70759e+04    0.00000e+00    0.00000e+00    0.00000e+00    1.01415e+05    0.00000e+00
  0.942   3.040   -8.57664e+04    0.00000e+00    0.00000e+00    0.00000e+00    9.93179e+04    0.00000e+00
  0.949   3.050   -8.44570e+04    0.00000e+00    0.00000e+00    0.00000e+00    9.72205e+04    0.00000e+00
  0.955   3.060   -8.32745e+04    0.00000e+00    0.00000e+00    0.00000e+00    9.53811e+04    0.00000e+00
  0.961   3.070   -8.20920e+04    0.00000e+00    0.00000e+00    0.00000e+00    9.35417e+04    0.00000e+00
  0.967   3.080   -8.09095e+04    0.00000e+00    0.00000e+00    0.00000e+00    9.17023e+04    0.00000e+00
  0.974   3.090   -7.97271e+04    0.00000e+00    0.00000e+00    0.00000e+00    8.98628e+04    0.00000e+00
  0.980   3.100   -7.85446e+04    0.00000e+00    0.00000e+00    0.00000e+00    8.80234e+04    0.00000e+00
  0.986   3.110   -7.74697e+04    0.00000e+00    0.00000e+00    0.00000e+00    8.63988e+04    0.00000e+00
  0.993   3.120   -7.63948e+04    0.00000e+00    0.00000e+00    0.00000e+00    8.47741e+04    0.00000e+00
  0.999   3.130   -7.53200e+04    0.00000e+00    0.00000e+00    0.00000e+00    8.31495e+04    0.00000e+00
  1.005   3.140   -7.42451e+04    0.00000e+00    0.00000e+00    0.00000e+00    8.15249e+04    0.00000e+00
  1.012   3.150   -7.31702e+04    0.00000e+00    0.00000e+00    0.00000e+00    7.99002e+04    0.00000e+00
  1.018   3.160   -7.21943e+04    0.00000e+00    0.00000e+00    0.00000e+00    7.84694e+04    0.00000e+00
  1.025   3.170   -7.12184e+04    0.00000e+00    0.00000e+00    0.00000e+00    7.70385e+04    0.00000e+00
  1.031   3.180   -7.02426e+04    0.00000e+00    0.00000e+00    0.00000e+00    7.56077e+04    0.00000e+00
  1.038   3.190   -6.92667e+04    0.00000e+00    0.00000e+00    0.00000e+00    7.41769e+04    0.00000e+00
  1.044   3.200   -6.82908e+04    0.00000e+00    0.00000e+00    0.00000e+00    7.27460e+04    0.00000e+00
  1.051   3.210   -6.74052e+04    0.00000e+00    0.00000e+00    0.00000e+00    7.14814e+04    0.00000e+00
  1.057   3.220   -6.65197e+04    0.00000e+00    0.00000e+00    0.00000e+00    7.02167e+04    0.00000e+00
  1.064   3.230   -6.56341e+04    0.00000e+00    0.00000e+00    0.00000e+00    6.89521e+04    0.00000e+00
  1.070   3.240   -6.47485e+04    0.00000e+00    0.00000e+00    0.00000e+00    6.76875e+04    0.00000e+00
  1.077   3.250   -6.38630e+04    0.00000e+00    0.00000e+00    0.00000e+00    6.64228e+04    0.00000e+00
  1.084   3.260   -6.30580e+04    0.00000e+00    0.00000e+00    0.00000e+00    6.53057e+04    0.00000e+00
  1.090   3.270   -6.22530e+04    0.00000e+00    0.00000e+00    0.00000e+00    6.41886e+04    0.00000e+00
  1.097   3.280   -6.14480e+04    0.00000e+00    0.00000e+00    0.00000e+00    6.30714e+04    0.00000e+00
  1.104   3.290   -6.06430e+04    0.00000e+00    0.00000e+00    0.00000e+00    6.19543e+04    0.00000e+00
  1.110   3.300   -5.98380e+04    0.00000e+00    0.00000e+00    0.00000e+00    6.08372e+04    0.00000e+00
  1.117   3.310   -5.91050e+04    0.00000e+00    0.00000e+00    0.00000e+00    5.98465e+04    0.00000e+00
  1.124   3.320   -5.83720e+04    0.00000e+00    0.00000e+00    0.00000e+00    5.88558e+04    0.00000e+00
  1.131   3.330   -5.76390e+04    0.00000e+00    0.00000e+00    0.00000e+00    5.78651e+04    0.00000e+00
  1.138   3.340   -5.69060e+04    0.00000e+00    0.00000e+00    0.00000e+00    5.68744e+04    0.00000e+00
  1.144   3.350   -5.61730e+04    0.00000e+00    0.00000e+00    0.00000e+00    5.58837e+04    0.00000e+00
  1.151   3.360   -5.55042e+04    0.00000e+00    0.00000e+00    0.00000e+00    5.50020e+04    0.00000e+00
  1.158   3.370   -5.48354e+04    0.00000e+00    0.00000e+00    0.00000e+00    5.41203e+04    0.00000e+00
  1.165   3.380   -5.41667e+04    0.00000e+00    0.00000e+00    0.00000e+00    5.32386e+04    0.00000e+00
  1.172   3.390   -5.34979e+04    0.00000e+00    0.00000e+00    0.00000e+00    5.23570e+04    0.00000e+00
  1.179   3.400   -5.28292e+04    0.00000e+00    0.00000e+00    0.00000e+00    5.14753e+04    0.00000e+00
  1.186   3.410   -5.22186e+04    0.00000e+00    0.00000e+00    0.00000e+00    5.06913e+04    0.00000e+00
  1.193   3.420   -5.16080e+04    0.00000e+00    0.00000e+00    0.00000e+00    4.99073e+04    0.00000e+00
  1.200   3.430   -5.09975e+04    0.00000e+00    0.00000e+00    0.00000e+00    4.91233e+04    0.00000e+00
  1.207   3.440   -5.03869e+04    0.00000e+00    0.00000e+00    0.00000e+00    4.83394e+04    0.00000e+00
  1.214   3.450   -4.97764e+04    0.00000e+00    0.00000e+00    0.00000e+00    4.75554e+04    0.00000e+00
  1.221   3.460   -4.92175e+04    0.00000e+00    0.00000e+00    0.00000e+00    4.68525e+04    0.00000e+00
  1.228   3.470   -4.86585e+04    0.00000e+00    0.00000e+00    0.00000e+00    4.61495e+04    0.00000e+00
  1.235   3.480   -4.80996e+04    0.00000e+00    0.00000e+00    0.00000e+00    4.54466e+04    0.00000e+00
  1.242   3.490   -4.75407e+04    0.00000e+00    0.00000e+00    0.00000e+00    4.47436e+04    0.00000e+00
  1.249   3.500   -4.69818e+04    0.00000e+00    0.00000e+00    0.00000e+00    4.40407e+04    0.00000e+00
  1.256   3.510   -4.64702e+04    0.00000e+00    0.00000e+00    0.00000e+00    4.34131e+04    0.00000e+00
  1.264   3.520   -4.59586e+04    0.00000e+00    0.00000e+00    0.00000e+00    4.27855e+04    0.00000e+00
  1.271   3.530   -4.54470e+04    0.00000e+00    0.00000e+00    0.00000e+00    4.21579e+04    0.00000e+00
  1.278   3.540   -4.49354e+04    0.00000e+00    0.00000e+00    0.00000e+00    4.15302e+04    0.00000e+00
  1.285   3.550   -4.44238e+04    0.00000e+00    0.00000e+00    0.00000e+00    4.09026e+04    0.00000e+00
  1.292   3.560   -4.39543e+04    0.00000e+00    0.00000e+00    0.00000e+00    4.03391e+04    0.00000e+00
  1.300   3.570   -4.34848e+04    0.00000e+00    0.00000e+00    0.00000e+00    3.97755e+04    0.00000e+00
  1.307   3.580   -4.30153e+04    0.00000e+00    0.00000e+00    0.00000e+00    3.92120e+04    0.00000e+00
  1.314   3.590   -4.25457e+04    0.00000e+00    0.00000e+00    0.00000e+00    3.86484e+04    0.00000e+00
  1.322   3.600   -4.20762e+04    0.00000e+00    0.00000e+00    0.00000e+00    3.80848e+04    0.00000e+00
  1.329   3.610   -4.16451e+04    0.00000e+00    0.00000e+00    0.00000e+00    3.75798e+04    0.00000e+00
  1.336   3.620   -4.12140e+04    0.00000e+00    0.00000e+00    0.00000e+00    3.70747e+04    0.00000e+00
  1.344   3.630   -4.07828e+04    0.00000e+00    0.00000e+00    0.00000e+00    3.65696e+04    0.00000e+00
  1.351   3.640   -4.03517e+04    0.00000e+00    0.00000e+00    0.00000e+00    3.60646e+04    0.00000e+00
  1.359   3.650   -3.99206e+04    0.00000e+00    0.00000e+00    0.00000e+00    3.55595e+04    0.00000e+00
  1.366   3.660   -3.95244e+04    0.00000e+00    0.00000e+00    0.00000e+00    3.51036e+04    0.00000e+00
  1.374   3.670   -3.91282e+04    0.00000e+00    0.00000e+00    0.00000e+00    3.46476e+04    0.00000e+00
  1.381   3.680   -3.87320e+04    0.00000e+00    0.00000e+00    0.00000e+00    3.41917e+04    0.00000e+00
  1.388   3.690   -3.83359e+04    0.00000e+00    0.00000e+00    0.00000e+00    3.37358e+04    0.00000e+00
  1.396   3.700   -3.79397e+04    0.00000e+00    0.00000e+00    0.00000e+00    3.32798e+04    0.00000e+00
  1.404   3.710   -3.75750e+04    0.00000e+00    0.00000e+00    0.00000e+00    3.28697e+04    0.00000e+00
  1.411   3.720   -3.72103e+04    0.00000e+00    0.00000e+00    0.00000e+00    3.24596e+04    0.00000e+00
  1.419   3.730   -3.68457e+04    0.00000e+00    0.00000e+00    0.00000e+00    3.20496e+04    0.00000e+00
  1.426   3.740   -3.64810e+04    0.00000e+00    0.00000e+00    0.00000e+00    3.16395e+04    0.00000e+00
  1.434   3.750   -3.61163e+04    0.00000e+00    0.00000e+00    0.00000e+00    3.12294e+04    0.00000e+00
  1.442   3.760   -3.57799e+04    0.00000e+00    0.00000e+00    0.00000e+00    3.08581e+04    0.00000e+00
  1.449   3.770   -3.54434e+04    0.00000e+00    0.00000e+00    0.00000e+00    3.04869e+04    0.00000e+00
  1.457   3.780   -3.51070e+04    0.00000e+00    0.00000e+00    0.00000e+00    3.01156e+04    0.00000e+00
  1.465   3.790   -3.47706e+04    0.00000e+00    0.00000e+00    0.00000e+00    2.97443e+04    0.00000e+00
  1.472   3.800   -3.44342e+04    0.00000e+00    0.00000e+00    0.00000e+00    2.93731e+04    0.00000e+00
  1.480   3.810   -3.41242e+04    0.00000e+00    0.00000e+00    0.00000e+00    2.90383e+04    0.00000e+00
  1.488   3.820   -3.38142e+04    0.00000e+00    0.00000e+00    0.00000e+00    2.87035e+04    0.00000e+00
  1.496   3.830   -3.35042e+04    0.00000e+00    0.00000e+00    0.00000e+00    2.83687e+04    0.00000e+00
  1.504   3.840   -3.31942e+04    0.00000e+00    0.00000e+00    0.00000e+00    2.80339e+04    0.00000e+00
  1.511   3.850   -3.28842e+04    0.00000e+00    0.00000e+00    0.00000e+00    2.76991e+04    0.00000e+00
  1.519   3.860   -3.25981e+04    0.00000e+00    0.00000e+00    0.00000e+00    2.73963e+04    0.00000e+00
  1.527   3.870   -3.23119e+04    0.00000e+00    0.00000e+00    0.00000e+00    2.70935e+04    0.00000e+00
  1.535   3.880   -3.20258e+04    0.00000e+00    0.00000e+00    0.00000e+00    2.67906e+04    0.00000e+00
  1.543   3.890   -3.17396e+04    0.00000e+00    0.00000e+00    0.00000e+00    2.64878e+04    0.00000e+00
  1.551   3.900   -3.14535e+04    0.00000e+00    0.00000e+00    0.00000e+00    2.61850e+04    0.00000e+00
  1.559   3.910   -3.11893e+04    0.00000e+00    0.00000e+00    0.00000e+00    2.59107e+04    0.00000e+00
  1.567   3.920   -3.09251e+04    0.00000e+00    0.00000e+00    0.00000e+00    2.56365e+04    0.00000e+00
  1.575   3.930   -3.06610e+04    0.00000e+00    0.00000e+00    0.00000e+00    2.53623e+04    0.00000e+00
  1.583   3.940   -3.03968e+04    0.00000e+00    0.00000e+00    0.00000e+00    2.50881e+04    0.00000e+00
  1.591   3.950   -3.01326e+04    0.00000e+00    0.00000e+00    0.00000e+00    2.48138e+04    0.00000e+00
  1.599   3.960   -2.98882e+04    0.00000e+00    0.00000e+00    0.00000e+00    2.45640e+04    0.00000e+00
  1.607   3.970   -2.96439e+04    0.00000e+00    0.00000e+00    0.00000e+00    2.43141e+04    0.00000e+00
  1.615   3.980   -2.93995e+04    0.00000e+00    0.00000e+00    0.00000e+00    2.40643e+04    0.00000e+00
  1.623   3.990   -2.91551e+04    0.00000e+00    0.00000e+00    0.00000e+00    2.38144e+04    0.00000e+00
  1.632   4.000   -2.89108e+04    0.00000e+00    0.00000e+00    0.00000e+00    2.35646e+04    0.00000e+00
  1.640   4.010   -2.86840e+04    0.00000e+00    0.00000e+00    0.00000e+00    2.33358e+04    0.00000e+00
  1.648   4.020   -2.84572e+04    0.00000e+00    0.00000e+00    0.00000e+00    2.31070e+04    0.00000e+00
  1.656   4.030   -2.82304e+04    0.00000e+00    0.00000e+00    0.00000e+00    2.28782e+04    0.00000e+00
  1.664   4.040   -2.80036e+04    0.00000e+00    0.00000e+00    0.00000e+00    2.26495e+04    0.00000e+00
  1.673   4.050   -2.77768e+04    0.00000e+00    0.00000e+00    0.00000e+00    2.24207e+04    0.00000e+00
  1.681   4.060   -2.75673e+04    0.00000e+00    0.00000e+00    0.00000e+00    2.22160e+04    0.00000e+00
  1.689   4.070   -2.73578e+04    0.00000e+00    0.00000e+00    0.00000e+00    2.20113e+04    0.00000e+00
  1.698   4.080   -2.71482e+04    0.00000e+00    0.00000e+00    0.00000e+00    2.18067e+04    0.00000e+00
  1.706   4.090   -2.69387e+04    0.00000e+00    0.00000e+00    0.00000e+00    2.16020e+04    0.00000e+00
  1.714   4.100   -2.67291e+04    0.00000e+00    0.00000e+00    0.00000e+00    2.13973e+04    0.00000e+00
  1.723   4.110   -2.65348e+04    0.00000e+00    0.00000e+00    0.00000e+00    2.12120e+04    0.00000e+00
  1.731   4.120   -2.63405e+04    0.00000e+00    0.00000e+00    0.00000e+00    2.10266e+04    0.00000e+00
  1.739   4.130   -2.61462e+04    0.00000e+00    0.00000e+00    0.00000e+00    2.08413e+04    0.00000e+00
  1.748   4.140   -2.59519e+04    0.00000e+00    0.00000e+00    0.00000e+00    2.06560e+04    0.00000e+00
  1.756   4.150   -2.57576e+04    0.00000e+00    0.00000e+00    0.00000e+00    2.04706e+04    0.00000e+00
  1.765   4.160   -2.55776e+04    0.00000e+00    0.00000e+00    0.00000e+00    2.02971e+04    0.00000e+00
  1.773   4.170   -2.53975e+04    0.00000e+00    0.00000e+00    0.00000e+00    2.01236e+04    0.00000e+00
  1.782   4.180   -2.52175e+04    0.00000e+00    0.00000e+00    0.00000e+00    1.99501e+04    0.00000e+00
  1.790   4.190   -2.50375e+04    0.00000e+00    0.00000e+00    0.00000e+00    1.97766e+04    0.00000e+00
  1.799   4.200   -2.48574e+04    0.00000e+00    0.00000e+00    0.00000e+00    1.96031e+04    0.00000e+00
  1.807   4.210   -2.46908e+04    0.00000e+00    0.00000e+00    0.00000e+00    1.94488e+04    0.00000e+00
  1.816   4.220   -2.45242e+04    0.00000e+00    0.00000e+00    0.00000e+00    1.92945e+04    0.00000e+00
  1.825   4.230   -2.43576e+04    0.00000e+00    0.00000e+00    0.00000e+00    1.91401e+04    0.00000e+00
  1.833   4.240   -2.41910e+04    0.00000e+00    0.00000e+00    0.00000e+00    1.89858e+04    0.00000e+00
  1.842   4.250   -2.40244e+04    0.00000e+00    0.00000e+00    0.00000e+00    1.88315e+04    0.00000e+00
  1.851   4.260   -2.38693e+04    0.00000e+00    0.00000e+00    0.00000e+00    1.86909e+04    0.00000e+00
  1.859   4.270   -2.37143e+04    0.00000e+00    0.00000e+00    0.00000e+00    1.85503e+04    0.00000e+00
  1.868   4.280   -2.35593e+04    0.00000e+00    0.00000e+00    0.00000e+00    1.84097e+04    0.00000e+00
  1.877   4.290   -2.34042e+04    0.00000e+00    0.00000e+00    0.00000e+00    1.82691e+04    0.00000e+00
  1.885   4.300   -2.32492e+04    0.00000e+00    0.00000e+00    0.00000e+00    1.81286e+04    0.00000e+00
  1.894   4.310   -2.31005e+04    0.00000e+00    0.00000e+00    0.00000e+00    1.79927e+04    0.00000e+00
  1.903   4.320   -2.29518e+04    0.00000e+00    0.00000e+00    0.00000e+00    1.78568e+04    0.00000e+00
  1.912   4.330   -2.28031e+04    0.00000e+00    0.00000e+00    0.00000e+00    1.77210e+04    0.00000e+00
  1.921   4.340   -2.26544e+04    0.00000e+00    0.00000e+00    0.00000e+00    1.75851e+04    0.00000e+00
  1.930   4.350   -2.25057e+04    0.00000e+00    0.00000e+00    0.00000e+00    1.74493e+04    0.00000e+00
  1.938   4.360   -2.23719e+04    0.00000e+00    0.00000e+00    0.00000e+00    1.73417e+04    0.00000e+00
  1.947   4.370   -2.22381e+04    0.00000e+00    0.00000e+00    0.00000e+00    1.72342e+04    0.00000e+00
  1.956   4.380   -2.21043e+04    0.00000e+00    0.00000e+00    0.00000e+00    1.71267e+04    0.00000e+00
  1.965   4.390   -2.19705e+04    0.00000e+00    0.00000e+00    0.00000e+00    1.70192e+04    0.00000e+00
  1.974   4.400   -2.18367e+04    0.00000e+00    0.00000e+00    0.00000e+00    1.69116e+04    0.00000e+00
  1.983   4.410   -2.17147e+04    0.00000e+00    0.00000e+00    0.00000e+00    1.68062e+04    0.00000e+00
  1.992   4.420   -2.15927e+04    0.00000e+00    0.00000e+00    0.00000e+00    1.67008e+04    0.00000e+00
  2.001   4.430   -2.14707e+04    0.00000e+00    0.00000e+00    0.00000e+00    1.65954e+04    0.00000e+00
  2.010   4.440   -2.13487e+04    0.00000e+00    0.00000e+00    0.00000e+00    1.64900e+04    0.00000e+00
  2.019   4.450   -2.12268e+04    0.00000e+00    0.00000e+00    0.00000e+00    1.63846e+04    0.00000e+00
  2.028   4.460   -2.11135e+04    0.00000e+00    0.00000e+00    0.00000e+00    1.62924e+04    0.00000e+00
  2.038   4.470   -2.10003e+04    0.00000e+00    0.00000e+00    0.00000e+00    1.62001e+04    0.00000e+00
  2.047   4.480   -2.08870e+04    0.00000e+00    0.00000e+00    0.00000e+00    1.61078e+04    0.00000e+00
  2.056   4.490   -2.07738e+04    0.00000e+00    0.00000e+00    0.00000e+00    1.60156e+04    0.00000e+00
  2.065   4.500   -2.06605e+04    0.00000e+00    0.00000e+00    0.00000e+00    1.59233e+04    0.00000e+00
  2.074   4.510   -2.05570e+04    0.00000e+00    0.00000e+00    0.00000e+00    1.58395e+04    0.00000e+00
  2.083   4.520   -2.04535e+04    0.00000e+00    0.00000e+00    0.00000e+00    1.57557e+04    0.00000e+00
  2.093   4.530   -2.03500e+04    0.00000e+00    0.00000e+00    0.00000e+00    1.56718e+04    0.00000e+00
  2.102   4.540   -2.02465e+04    0.00000e+00    0.00000e+00    0.00000e+00    1.55880e+04    0.00000e+00
  2.111   4.550   -2.01430e+04    0.00000e+00    0.00000e+00    0.00000e+00    1.55042e+04    0.00000e+00
  2.120   4.560   -2.00442e+04    0.00000e+00    0.00000e+00    0.00000e+00    1.54266e+04    0.00000e+00
  2.130   4.570   -1.99454e+04    0.00000e+00    0.00000e+00    0.00000e+00    1.53490e+04    0.00000e+00
  2.139   4.580   -1.98466e+04    0.00000e+00    0.00000e+00    0.00000e+00    1.52715e+04    0.00000e+00
  2.148   4.590   -1.97477e+04    0.00000e+00    0.00000e+00    0.00000e+00    1.51939e+04    0.00000e+00
  2.158   4.600   -1.96489e+04    0.00000e+00    0.00000e+00    0.00000e+00    1.51164e+04    0.00000e+00
  2.167   4.610   -1.95565e+04    0.00000e+00    0.00000e+00    0.00000e+00    1.50398e+04    0.00000e+00
  2.177   4.620   -1.94641e+04    0.00000e+00    0.00000e+00    0.00000e+00    1.49633e+04    0.00000e+00
  2.186   4.630   -1.93717e+04    0.00000e+00    0.00000e+00    0.00000e+00    1.48867e+04    0.00000e+00
  2.195   4.640   -1.92793e+04    0.00000e+00    0.00000e+00    0.00000e+00    1.48102e+04    0.00000e+00
  2.205   4.650   -1.91869e+04    0.00000e+00    0.00000e+00    0.00000e+00    1.47336e+04    0.00000e+00
  2.214   4.660   -1.91007e+04    0.00000e+00    0.00000e+00    0.00000e+00    1.46692e+04    0.00000e+00
  2.224   4.670   -1.90145e+04    0.00000e+00    0.00000e+00    0.00000e+00    1.46047e+04    0.00000e+00
  2.233   4.680   -1.89283e+04    0.00000e+00    0.00000e+00    0.00000e+00    1.45403e+04    0.00000e+00
  2.243   4.690   -1.88421e+04    0.00000e+00    0.00000e+00    0.00000e+00    1.44758e+04    0.00000e+00
  2.253   4.700   -1.87559e+04    0.00000e+00    0.00000e+00    0.00000e+00    1.44114e+04    0.00000e+00
  2.262   4.710   -1.86770e+04    0.00000e+00    0.00000e+00    0.00000e+00    1.43494e+04    0.00000e+00
  2.272   4.720   -1.85980e+04    0.00000e+00    0.00000e+00    0.00000e+00    1.42874e+04    0.00000e+00
  2.281   4.730   -1.85191e+04    0.00000e+00    0.00000e+00    0.00000e+00    1.42255e+04    0.00000e+00
  2.291   4.740   -1.84402e+04    0.00000e+00    0.00000e+00    0.00000e+00    1.41635e+04    0.00000e+00
  2.301   4.750   -1.83612e+04    0.00000e+00    0.00000e+00    0.00000e+00    1.41016e+04    0.00000e+00
  2.310   4.760   -1.82857e+04    0.00000e+00    0.00000e+00    0.00000e+00    1.40439e+04    0.00000e+00
  2.320   4.770   -1.82103e+04    0.00000e+00    0.00000e+00    0.00000e+00    1.39863e+04    0.00000e+00
  2.330   4.780   -1.81348e+04    0.00000e+00    0.00000e+00    0.00000e+00    1.39287e+04    0.00000e+00
  2.340   4.790   -1.80593e+04    0.00000e+00    0.00000e+00    0.00000e+00    1.38710e+04    0.00000e+00
  2.349   4.800   -1.79838e+04    0.00000e+00    0.00000e+00    0.00000e+00    1.38134e+04    0.00000e+00
  2.359   4.810   -1.79141e+04    0.00000e+00    0.00000e+00    0.00000e+00    1.37615e+04    0.00000e+00
  2.369   4.820   -1.78445e+04    0.00000e+00    0.00000e+00    0.00000e+00    1.37096e+04    0.00000e+00
  2.379   4.830   -1.77748e+04    0.00000e+00    0.00000e+00    0.00000e+00    1.36578e+04    0.00000e+00
  2.389   4.840   -1.77051e+04    0.00000e+00    0.00000e+00    0.00000e+00    1.36059e+04    0.00000e+00
  2.399   4.850   -1.76354e+04    0.00000e+00    0.00000e+00    0.00000e+00    1.35540e+04    0.00000e+00
  2.409   4.860   -1.75694e+04    0.00000e+00    0.00000e+00    0.00000e+00    1.35070e+04    0.00000e+00
  2.419   4.870   -1.75033e+04    0.00000e+00    0.00000e+00    0.00000e+00    1.34599e+04    0.00000e+00
  2.428   4.880   -1.74372e+04    0.00000e+00    0.00000e+00    0.00000e+00    1.34129e+04    0.00000e+00
  2.438   4.890   -1.73712e+04    0.00000e+00    0.00000e+00    0.00000e+00    1.33658e+04    0.00000e+00
  2.448   4.900   -1.73051e+04    0.00000e+00    0.00000e+00    0.00000e+00    1.33188e+04    0.00000e+00
  2.458   4.910   -1.72435e+04    0.00000e+00    0.00000e+00    0.00000e+00    1.32728e+04    0.00000e+00
  2.468   4.920   -1.71819e+04    0.00000e+00    0.00000e+00    0.00000e+00    1.32268e+04    0.00000e+00
  2.478   4.930   -1.71202e+04    0.00000e+00    0.00000e+00    0.00000e+00    1.31808e+04    0.00000e+00
  2.489   4.940   -1.70586e+04    0.00000e+00    0.00000e+00    0.00000e+00    1.31348e+04    0.00000e+00
  2.499   4.950   -1.69969e+04    0.00000e+00    0.00000e+00    0.00000e+00    1.30888e+04    0.00000e+00
  2.509   4.960   -1.69392e+04    0.00000e+00    0.00000e+00    0.00000e+00    1.30556e+04    0.00000e+00
  2.519   4.970   -1.68815e+04    0.00000e+00    0.00000e+00    0.00000e+00    1.30225e+04    0.00000e+00
  2.529   4.980   -1.68238e+04    0.00000e+00    0.00000e+00    0.00000e+00    1.29893e+04    0.00000e+00
  2.539   4.990   -1.67661e+04    0.00000e+00    0.00000e+00    0.00000e+00    1.29561e+04    0.00000e+00
