  0.000   0.010    4.20553e+00    0.00000e+00    0.00000e+00    0.00000e+00   -2.57831e+02    0.00000e+00
  0.000   0.020    4.20553e+00    0.00000e+00    0.00000e+00    0.00000e+00   -2.57831e+02    0.00000e+00
  0.000   0.030    4.20553e+00    0.00000e+00    0.00000e+00    0.00000e+00   -2.57831e+02    0.00000e+00
  0.000   0.040    4.20553e+00    0.00000e+00    0.00000e+00    0.00000e+00   -2.57831e+02    0.00000e+00
  0.000   0.050    4.20553e+00    0.00000e+00    0.00000e+00    0.00000e+00   -2.57831e+02    0.00000e+00
  0.000   0.060    1.13344e+01    0.00000e+00    0.00000e+00    0.00000e+00   -6.88923e+02    0.00000e+00
  0.001   0.070    1.84633e+01    0.00000e+00    0.00000e+00    0.00000e+00   -1.12001e+03    0.00000e+00
  0.001   0.080    2.55921e+01    0.00000e+00    0.00000e+00    0.00000e+00   -1.55111e+03    0.00000e+00
  0.001   0.090    3.27210e+01    0.00000e+00    0.00000e+00    0.00000e+00   -1.98220e+03    0.00000e+00
  0.001   0.100    3.98499e+01    0.00000e+00    0.00000e+00    0.00000e+00   -2.41329e+03    0.00000e+00
  0.001   0.110    6.79052e+01    0.00000e+00    0.00000e+00    0.00000e+00   -4.06699e+03    0.00000e+00
  0.002   0.120    9.59604e+01    0.00000e+00    0.00000e+00    0.00000e+00   -5.72069e+03    0.00000e+00
  0.002   0.130    1.24016e+02    0.00000e+00    0.00000e+00    0.00000e+00   -7.37439e+03    0.00000e+00
  0.002   0.140    1.52071e+02    0.00000e+00    0.00000e+00    0.00000e+00   -9.02809e+03    0.00000e+00
  0.002   0.150    1.80126e+02    0.00000e+00    0.00000e+00    0.00000e+00   -1.06818e+04    0.00000e+00
  0.003   0.160    2.73064e+02    0.00000e+00    0.00000e+00    0.00000e+00   -1.59475e+04    0.00000e+00
  0.003   0.170    3.66002e+02    0.00000e+00    0.00000e+00    0.00000e+00   -2.12131e+04    0.00000e+00
  0.003   0.180    4.58939e+02    0.00000e+00    0.00000e+00    0.00000e+00   -2.64788e+04    0.00000e+00
  0.004   0.190    5.51877e+02    0.00000e+00    0.00000e+00    0.00000e+00   -3.17444e+04    0.00000e+00
  0.004   0.200    6.44815e+02    0.00000e+00    0.00000e+00    0.00000e+00   -3.70101e+04    0.00000e+00
  0.005   0.210    9.19829e+02    0.00000e+00    0.00000e+00    0.00000e+00   -5.17554e+04    0.00000e+00
  0.005   0.220    1.19484e+03    0.00000e+00    0.00000e+00    0.00000e+00   -6.65006e+04    0.00000e+00
  0.005   0.230    1.46986e+03    0.00000e+00    0.00000e+00    0.00000e+00   -8.12459e+04    0.00000e+00
  0.006   0.240    1.74487e+03    0.00000e+00    0.00000e+00    0.00000e+00   -9.59911e+04    0.00000e+00
  0.006   0.250    2.01988e+03    0.00000e+00    0.00000e+00    0.00000e+00   -1.10736e+05    0.00000e+00
  0.007   0.260    2.67225e+03    0.00000e+00    0.00000e+00    0.00000e+00   -1.43216e+05    0.00000e+00
  0.007   0.270    3.32461e+03    0.00000e+00    0.00000e+00    0.00000e+00   -1.75695e+05    0.00000e+00
  0.008   0.280    3.97698e+03    0.00000e+00    0.00000e+00    0.00000e+00   -2.08174e+05    0.00000e+00
  0.009   0.290    4.62934e+03    0.00000e+00    0.00000e+00    0.00000e+00   -2.40654e+05    0.00000e+00
  0.009   0.300    5.28171e+03    0.00000e+00    0.00000e+00    0.00000e+00   -2.73133e+05    0.00000e+00
  0.010   0.310    6.47129e+03    0.00000e+00    0.00000e+00    0.00000e+00   -3.26846e+05    0.00000e+00
  0.011   0.320    7.66088e+03    0.00000e+00    0.00000e+00    0.00000e+00   -3.80559e+05    0.00000e+00
  0.011   0.330    8.85046e+03    0.00000e+00    0.00000e+00    0.00000e+00   -4.34272e+05    0.00000e+00
  0.012   0.340    1.00400e+04    0.00000e+00    0.00000e+00    0.00000e+00   -4.87984e+05    0.00000e+00
  0.012   0.350    1.12296e+04    0.00000e+00    0.00000e+00    0.00000e+00   -5.41697e+05    0.00000e+00
  0.013   0.360    1.30165e+04    0.00000e+00    0.00000e+00    0.00000e+00   -6.12803e+05    0.00000e+00
  0.014   0.370    1.48033e+04    0.00000e+00    0.00000e+00    0.00000e+00   -6.83908e+05    0.00000e+00
  0.015   0.380    1.65901e+04    0.00000e+00    0.00000e+00    0.00000e+00   -7.55013e+05    0.00000e+00
  0.016   0.390    1.83769e+04    0.00000e+00    0.00000e+00    0.00000e+00   -8.26119e+05    0.00000e+00
  0.016   0.400    2.01638e+04    0.00000e+00    0.00000e+00    0.00000e+00   -8.97224e+05    0.00000e+00
  0.017   0.410    2.25239e+04    0.00000e+00    0.00000e+00    0.00000e+00   -9.77250e+05    0.00000e+00
  0.018   0.420    2.48841e+04    0.00000e+00    0.00000e+00    0.00000e+00   -1.05728e+06    0.00000e+00
  0.019   0.430    2.72443e+04    0.00000e+00    0.00000e+00    0.00000e+00   -1.13730e+06    0.00000e+00
  0.020   0.440    2.96044e+04    0.00000e+00    0.00000e+00    0.00000e+00   -1.21733e+06    0.00000e+00
  0.021   0.450    3.19646e+04    0.00000e+00    0.00000e+00    0.00000e+00   -1.29735e+06    0.00000e+00
  0.022   0.460    3.48180e+04    0.00000e+00    0.00000e+00    0.00000e+00   -1.37673e+06    0.00000e+00
  0.023   0.470    3.76714e+04    0.00000e+00    0.00000e+00    0.00000e+00   -1.45611e+06    0.00000e+00
  0.024   0.480    4.05247e+04    0.00000e+00    0.00000e+00    0.00000e+00   -1.53548e+06    0.00000e+00
  0.025   0.490    4.33781e+04    0.00000e+00    0.00000e+00    0.00000e+00   -1.61486e+06    0.00000e+00
  0.025   0.500    4.62315e+04    0.00000e+00    0.00000e+00    0.00000e+00   -1.69423e+06    0.00000e+00
  0.027   0.510    4.94858e+04    0.00000e+00    0.00000e+00    0.00000e+00   -1.76569e+06    0.00000e+00
  0.028   0.520    5.27400e+04    0.00000e+00    0.00000e+00    0.00000e+00   -1.83714e+06    0.00000e+00
  0.029   0.530    5.59943e+04    0.00000e+00    0.00000e+00    0.00000e+00   -1.90860e+06    0.00000e+00
  0.030   0.540    5.92485e+04    0.00000e+00    0.00000e+00    0.00000e+00   -1.98005e+06    0.00000e+00
  0.031   0.550    6.25028e+04    0.00000e+00    0.00000e+00    0.00000e+00   -2.05151e+06    0.00000e+00
  0.032   0.560    6.60851e+04    0.00000e+00    0.00000e+00    0.00000e+00   -2.11151e+06    0.00000e+00
  0.033   0.570    6.96674e+04    0.00000e+00    0.00000e+00    0.00000e+00   -2.17152e+06    0.00000e+00
  0.034   0.580    7.32497e+04    0.00000e+00    0.00000e+00    0.00000e+00   -2.23152e+06    0.00000e+00
  0.036   0.590    7.68320e+04    0.00000e+00    0.00000e+00    0.00000e+00   -2.29152e+06    0.00000e+00
  0.037   0.600    8.04143e+04    0.00000e+00    0.00000e+00    0.00000e+00   -2.35152e+06    0.00000e+00
  0.038   0.610    8.42798e+04    0.00000e+00    0.00000e+00    0.00000e+00   -2.39974e+06    0.00000e+00
  0.039   0.620    8.81454e+04    0.00000e+00    0.00000e+00    0.00000e+00   -2.44796e+06    0.00000e+00
  0.041   0.630    9.20110e+04    0.00000e+00    0.00000e+00    0.00000e+00   -2.49618e+06    0.00000e+00
  0.042   0.640    9.58765e+04    0.00000e+00    0.00000e+00    0.00000e+00   -2.54440e+06    0.00000e+00
  0.043   0.650    9.97421e+04    0.00000e+00    0.00000e+00    0.00000e+00   -2.59262e+06    0.00000e+00
  0.044   0.660    1.03865e+05    0.00000e+00    0.00000e+00    0.00000e+00   -2.63051e+06    0.00000e+00
  0.046   0.670    1.07989e+05    0.00000e+00    0.00000e+00    0.00000e+00   -2.66841e+06    0.00000e+00
  0.047   0.680    1.12112e+05    0.00000e+00    0.00000e+00    0.00000e+00   -2.70630e+06    0.00000e+00
  0.049   0.690    1.16235e+05    0.00000e+00    0.00000e+00    0.00000e+00   -2.74419e+06    0.00000e+00
  0.050   0.700    1.20358e+05    0.00000e+00    0.00000e+00    0.00000e+00   -2.78209e+06    0.00000e+00
  0.051   0.710    1.24719e+05    0.00000e+00    0.00000e+00    0.00000e+00   -2.81161e+06    0.00000e+00
  0.053   0.720    1.29081e+05    0.00000e+00    0.00000e+00    0.00000e+00   -2.84114e+06    0.00000e+00
  0.054   0.730    1.33442e+05    0.00000e+00    0.00000e+00    0.00000e+00   -2.87067e+06    0.00000e+00
  0.056   0.740    1.37803e+05    0.00000e+00    0.00000e+00    0.00000e+00   -2.90020e+06    0.00000e+00
  0.057   0.750    1.42165e+05    0.00000e+00    0.00000e+00    0.00000e+00   -2.92973e+06    0.00000e+00
  0.059   0.760    1.46740e+05    0.00000e+00    0.00000e+00    0.00000e+00   -2.95258e+06    0.00000e+00
  0.061   0.770    1.51315e+05    0.00000e+00    0.00000e+00    0.00000e+00   -2.97543e+06    0.00000e+00
  0.062   0.780    1.55890e+05    0.00000e+00    0.00000e+00    0.00000e+00   -2.99828e+06    0.00000e+00
  0.064   0.790    1.60465e+05    0.00000e+00    0.00000e+00    0.00000e+00   -3.02113e+06    0.00000e+00
  0.065   0.800    1.65040e+05    0.00000e+00    0.00000e+00    0.00000e+00   -3.04398e+06    0.00000e+00
  0.067   0.810    1.69793e+05    0.00000e+00    0.00000e+00    0.00000e+00   -3.06128e+06    0.00000e+00
  0.069   0.820    1.74546e+05    0.00000e+00    0.00000e+00    0.00000e+00   -3.07858e+06    0.00000e+00
  0.070   0.830    1.79299e+05    0.00000e+00    0.00000e+00    0.00000e+00   -3.09589e+06    0.00000e+00
  0.072   0.840    1.84053e+05    0.00000e+00    0.00000e+00    0.00000e+00   -3.11319e+06    0.00000e+00
  0.074   0.850    1.88806e+05    0.00000e+00    0.00000e+00    0.00000e+00   -3.13049e+06    0.00000e+00
  0.075   0.860    1.93688e+05    0.00000e+00    0.00000e+00    0.00000e+00   -3.14284e+06    0.00000e+00
  0.077   0.870    1.98570e+05    0.00000e+00    0.00000e+00    0.00000e+00   -3.15520e+06    0.00000e+00
  0.079   0.880    2.03452e+05    0.00000e+00    0.00000e+00    0.00000e+00   -3.16755e+06    0.00000e+00
  0.081   0.890    2.08334e+05    0.00000e+00    0.00000e+00    0.00000e+00   -3.17990e+06    0.00000e+00
  0.083   0.900    2.13216e+05    0.00000e+00    0.00000e+00    0.00000e+00   -3.19225e+06    0.00000e+00
  0.084   0.910    2.18162e+05    0.00000e+00    0.00000e+00    0.00000e+00   -3.19985e+06    0.00000e+00
  0.086   0.920    2.23109e+05    0.00000e+00    0.00000e+00    0.00000e+00   -3.20746e+06    0.00000e+00
  0.088   0.930    2.28055e+05    0.00000e+00    0.00000e+00    0.00000e+00   -3.21506e+06    0.00000e+00
  0.090   0.940    2.33001e+05    0.00000e+00    0.00000e+00    0.00000e+00   -3.22267e+06    0.00000e+00
  0.092   0.950    2.37948e+05    0.00000e+00    0.00000e+00    0.00000e+00   -3.23027e+06    0.00000e+00
  0.094   0.960    2.42879e+05    0.00000e+00    0.00000e+00    0.00000e+00   -3.23309e+06    0.00000e+00
  0.096   0.970    2.47810e+05    0.00000e+00    0.00000e+00    0.00000e+00   -3.23592e+06    0.00000e+00
  0.098   0.980    2.52741e+05    0.00000e+00    0.00000e+00    0.00000e+00   -3.23874e+06    0.00000e+00
  0.100   0.990    2.57672e+05    0.00000e+00    0.00000e+00    0.00000e+00   -3.24156e+06    0.00000e+00
  0.102   1.000    2.62603e+05    0.00000e+00    0.00000e+00    0.00000e+00   -3.24438e+06    0.00000e+00
  0.104   1.010    2.67424e+05    0.00000e+00    0.00000e+00    0.00000e+00   -3.24227e+06    0.00000e+00
  0.106   1.020    2.72244e+05    0.00000e+00    0.00000e+00    0.00000e+00   -3.24017e+06    0.00000e+00
  0.108   1.030    2.77065e+05    0.00000e+00    0.00000e+00    0.00000e+00   -3.23806e+06    0.00000e+00
  0.110   1.040    2.81886e+05    0.00000e+00    0.00000e+00    0.00000e+00   -3.23595e+06    0.00000e+00
  0.112   1.050    2.86707e+05    0.00000e+00    0.00000e+00    0.00000e+00   -3.23384e+06    0.00000e+00
  0.115   1.060    2.91307e+05    0.00000e+00    0.00000e+00    0.00000e+00   -3.22664e+06    0.00000e+00
  0.117   1.070    2.95907e+05    0.00000e+00    0.00000e+00    0.00000e+00   -3.21943e+06    0.00000e+00
  0.119   1.080    3.00508e+05    0.00000e+00    0.00000e+00    0.00000e+00   -3.21222e+06    0.00000e+00
  0.121   1.090    3.05108e+05    0.00000e+00    0.00000e+00    0.00000e+00   -3.20502e+06    0.00000e+00
  0.123   1.100    3.09708e+05    0.00000e+00    0.00000e+00    0.00000e+00   -3.19781e+06    0.00000e+00
  0.126   1.110    3.13966e+05    0.00000e+00    0.00000e+00    0.00000e+00   -3.18540e+06    0.00000e+00
  0.128   1.120    3.18225e+05    0.00000e+00    0.00000e+00    0.00000e+00   -3.17299e+06    0.00000e+00
  0.130   1.130    3.22483e+05    0.00000e+00    0.00000e+00    0.00000e+00   -3.16057e+06    0.00000e+00
  0.133   1.140    3.26741e+05    0.00000e+00    0.00000e+00    0.00000e+00   -3.14816e+06    0.00000e+00
  0.135   1.150    3.30999e+05    0.00000e+00    0.00000e+00    0.00000e+00   -3.13575e+06    0.00000e+00
  0.137   1.160    3.34788e+05    0.00000e+00    0.00000e+00    0.00000e+00   -3.11813e+06    0.00000e+00
  0.140   1.170    3.38576e+05    0.00000e+00    0.00000e+00    0.00000e+00   -3.10052e+06    0.00000e+00
  0.142   1.180    3.42365e+05    0.00000e+00    0.00000e+00    0.00000e+00   -3.08291e+06    0.00000e+00
  0.144   1.190    3.46153e+05    0.00000e+00    0.00000e+00    0.00000e+00   -3.06529e+06    0.00000e+00
  0.147   1.200    3.49941e+05    0.00000e+00    0.00000e+00    0.00000e+00   -3.04768e+06    0.00000e+00
  0.149   1.210    3.53135e+05    0.00000e+00    0.00000e+00    0.00000e+00   -3.02505e+06    0.00000e+00
  0.152   1.220    3.56328e+05    0.00000e+00    0.00000e+00    0.00000e+00   -3.00242e+06    0.00000e+00
  0.154   1.230    3.59522e+05    0.00000e+00    0.00000e+00    0.00000e+00   -2.97979e+06    0.00000e+00
  0.157   1.240    3.62715e+05    0.00000e+00    0.00000e+00    0.00000e+00   -2.95716e+06    0.00000e+00
  0.159   1.250    3.65908e+05    0.00000e+00    0.00000e+00    0.00000e+00   -2.93453e+06    0.00000e+00
  0.162   1.260    3.68395e+05    0.00000e+00    0.00000e+00    0.00000e+00   -2.90727e+06    0.00000e+00
  0.165   1.270    3.70881e+05    0.00000e+00    0.00000e+00    0.00000e+00   -2.88002e+06    0.00000e+00
  0.167   1.280    3.73368e+05    0.00000e+00    0.00000e+00    0.00000e+00   -2.85277e+06    0.00000e+00
  0.170   1.290    3.75854e+05    0.00000e+00    0.00000e+00    0.00000e+00   -2.82552e+06    0.00000e+00
  0.172   1.300    3.78341e+05    0.00000e+00    0.00000e+00    0.00000e+00   -2.79826e+06    0.00000e+00
  0.175   1.310    3.80035e+05    0.00000e+00    0.00000e+00    0.00000e+00   -2.76701e+06    0.00000e+00
  0.178   1.320    3.81728e+05    0.00000e+00    0.00000e+00    0.00000e+00   -2.73575e+06    0.00000e+00
  0.180   1.330    3.83422e+05    0.00000e+00    0.00000e+00    0.00000e+00   -2.70450e+06    0.00000e+00
  0.183   1.340    3.85116e+05    0.00000e+00    0.00000e+00    0.00000e+00   -2.67324e+06    0.00000e+00
  0.186   1.350    3.86809e+05    0.00000e+00    0.00000e+00    0.00000e+00   -2.64198e+06    0.00000e+00
  0.189   1.360    3.87661e+05    0.00000e+00    0.00000e+00    0.00000e+00   -2.60755e+06    0.00000e+00
  0.191   1.370    3.88513e+05    0.00000e+00    0.00000e+00    0.00000e+00   -2.57312e+06    0.00000e+00
  0.194   1.380    3.89365e+05    0.00000e+00    0.00000e+00    0.00000e+00   -2.53869e+06    0.00000e+00
  0.197   1.390    3.90216e+05    0.00000e+00    0.00000e+00    0.00000e+00   -2.50426e+06    0.00000e+00
  0.200   1.400    3.91068e+05    0.00000e+00    0.00000e+00    0.00000e+00   -2.46983e+06    0.00000e+00
  0.203   1.410    3.91073e+05    0.00000e+00    0.00000e+00    0.00000e+00   -2.43321e+06    0.00000e+00
  0.206   1.420    3.91077e+05    0.00000e+00    0.00000e+00    0.00000e+00   -2.39658e+06    0.00000e+00
  0.209   1.430    3.91082e+05    0.00000e+00    0.00000e+00    0.00000e+00   -2.35996e+06    0.00000e+00
  0.211   1.440    3.91086e+05    0.00000e+00    0.00000e+00    0.00000e+00   -2.32333e+06    0.00000e+00
  0.214   1.450    3.91091e+05    0.00000e+00    0.00000e+00    0.00000e+00   -2.28671e+06    0.00000e+00
  0.217   1.460    3.90288e+05    0.00000e+00    0.00000e+00    0.00000e+00   -2.24895e+06    0.00000e+00
  0.220   1.470    3.89485e+05    0.00000e+00    0.00000e+00    0.00000e+00   -2.21119e+06    0.00000e+00
  0.223   1.480    3.88682e+05    0.00000e+00    0.00000e+00    0.00000e+00   -2.17343e+06    0.00000e+00
  0.226   1.490    3.87879e+05    0.00000e+00    0.00000e+00    0.00000e+00   -2.13567e+06    0.00000e+00
  0.229   1.500    3.87076e+05    0.00000e+00    0.00000e+00    0.00000e+00   -2.09791e+06    0.00000e+00
  0.233   1.510    3.85545e+05    0.00000e+00    0.00000e+00    0.00000e+00   -2.06005e+06    0.00000e+00
  0.236   1.520    3.84015e+05    0.00000e+00    0.00000e+00    0.00000e+00   -2.02219e+06    0.00000e+00
  0.239   1.530    3.82484e+05    0.00000e+00    0.00000e+00    0.00000e+00   -1.98434e+06    0.00000e+00
  0.242   1.540    3.80954e+05    0.00000e+00    0.00000e+00    0.00000e+00   -1.94648e+06    0.00000e+00
  0.245   1.550    3.79423e+05    0.00000e+00    0.00000e+00    0.00000e+00   -1.90863e+06    0.00000e+00
  0.248   1.560    3.77274e+05    0.00000e+00    0.00000e+00    0.00000e+00   -1.87162e+06    0.00000e+00
  0.251   1.570    3.75126e+05    0.00000e+00    0.00000e+00    0.00000e+00   -1.83461e+06    0.00000e+00
  0.255   1.580    3.72977e+05    0.00000e+00    0.00000e+00    0.00000e+00   -1.79760e+06    0.00000e+00
  0.258   1.590    3.70828e+05    0.00000e+00    0.00000e+00    0.00000e+00   -1.76059e+06    0.00000e+00
  0.261   1.600    3.68680e+05    0.00000e+00    0.00000e+00    0.00000e+00   -1.72358e+06    0.00000e+00
  0.264   1.610    3.66040e+05    0.00000e+00    0.00000e+00    0.00000e+00   -1.68819e+06    0.00000e+00
  0.268   1.620    3.63400e+05    0.00000e+00    0.00000e+00    0.00000e+00   -1.65280e+06    0.00000e+00
  0.271   1.630    3.60761e+05    0.00000e+00    0.00000e+00    0.00000e+00   -1.61742e+06    0.00000e+00
  0.274   1.640    3.58121e+05    0.00000e+00    0.00000e+00    0.00000e+00   -1.58203e+06    0.00000e+00
  0.278   1.650    3.55481e+05    0.00000e+00    0.00000e+00    0.00000e+00   -1.54664e+06    0.00000e+00
  0.281   1.660    3.52482e+05    0.00000e+00    0.00000e+00    0.00000e+00   -1.51345e+06    0.00000e+00
  0.284   1.670    3.49482e+05    0.00000e+00    0.00000e+00    0.00000e+00   -1.48027e+06    0.00000e+00
  0.288   1.680    3.46482e+05    0.00000e+00    0.00000e+00    0.00000e+00   -1.44708e+06    0.00000e+00
  0.291   1.690    3.43483e+05    0.00000e+00    0.00000e+00    0.00000e+00   -1.41389e+06    0.00000e+00
  0.295   1.700    3.40483e+05    0.00000e+00    0.00000e+00    0.00000e+00   -1.38070e+06    0.00000e+00
  0.298   1.710    3.37248e+05    0.00000e+00    0.00000e+00    0.00000e+00   -1.35009e+06    0.00000e+00
  0.302   1.720    3.34013e+05    0.00000e+00    0.00000e+00    0.00000e+00   -1.31948e+06    0.00000e+00
  0.305   1.730    3.30778e+05    0.00000e+00    0.00000e+00    0.00000e+00   -1.28887e+06    0.00000e+00
  0.309   1.740    3.27543e+05    0.00000e+00    0.00000e+00    0.00000e+00   -1.25825e+06    0.00000e+00
  0.312   1.750    3.24308e+05    0.00000e+00    0.00000e+00    0.00000e+00   -1.22764e+06    0.00000e+00
  0.316   1.760    3.20948e+05    0.00000e+00    0.00000e+00    0.00000e+00   -1.19980e+06    0.00000e+00
  0.320   1.770    3.17588e+05    0.00000e+00    0.00000e+00    0.00000e+00   -1.17195e+06    0.00000e+00
  0.323   1.780    3.14229e+05    0.00000e+00    0.00000e+00    0.00000e+00   -1.14410e+06    0.00000e+00
  0.327   1.790    3.10869e+05    0.00000e+00    0.00000e+00    0.00000e+00   -1.11626e+06    0.00000e+00
  0.330   1.800    3.07509e+05    0.00000e+00    0.00000e+00    0.00000e+00   -1.08841e+06    0.00000e+00
  0.334   1.810    3.04116e+05    0.00000e+00    0.00000e+00    0.00000e+00   -1.06337e+06    0.00000e+00
  0.338   1.820    3.00724e+05    0.00000e+00    0.00000e+00    0.00000e+00   -1.03833e+06    0.00000e+00
  0.342   1.830    2.97331e+05    0.00000e+00    0.00000e+00    0.00000e+00   -1.01329e+06    0.00000e+00
  0.345   1.840    2.93939e+05    0.00000e+00    0.00000e+00    0.00000e+00   -9.88245e+05    0.00000e+00
  0.349   1.850    2.90546e+05    0.00000e+00    0.00000e+00    0.00000e+00   -9.63203e+05    0.00000e+00
  0.353   1.860    2.87193e+05    0.00000e+00    0.00000e+00    0.00000e+00   -9.40887e+05    0.00000e+00
  0.357   1.870    2.83840e+05    0.00000e+00    0.00000e+00    0.00000e+00   -9.18571e+05    0.00000e+00
  0.360   1.880    2.80488e+05    0.00000e+00    0.00000e+00    0.00000e+00   -8.96255e+05    0.00000e+00
  0.364   1.890    2.77135e+05    0.00000e+00    0.00000e+00    0.00000e+00   -8.73940e+05    0.00000e+00
  0.368   1.900    2.73782e+05    0.00000e+00    0.00000e+00    0.00000e+00   -8.51624e+05    0.00000e+00
  0.372   1.910    2.70523e+05    0.00000e+00    0.00000e+00    0.00000e+00   -8.31877e+05    0.00000e+00
  0.376   1.920    2.67264e+05    0.00000e+00    0.00000e+00    0.00000e+00   -8.12130e+05    0.00000e+00
  0.380   1.930    2.64005e+05    0.00000e+00    0.00000e+00    0.00000e+00   -7.92383e+05    0.00000e+00
  0.384   1.940    2.60746e+05    0.00000e+00    0.00000e+00    0.00000e+00   -7.72637e+05    0.00000e+00
  0.388   1.950    2.57487e+05    0.00000e+00    0.00000e+00    0.00000e+00   -7.52890e+05    0.00000e+00
  0.392   1.960    2.54360e+05    0.00000e+00    0.00000e+00    0.00000e+00   -7.35509e+05    0.00000e+00
  0.396   1.970    2.51233e+05    0.00000e+00    0.00000e+00    0.00000e+00   -7.18128e+05    0.00000e+00
  0.400   1.980    2.48106e+05    0.00000e+00    0.00000e+00    0.00000e+00   -7.00748e+05    0.00000e+00
  0.404   1.990    2.44978e+05    0.00000e+00    0.00000e+00    0.00000e+00   -6.83367e+05    0.00000e+00
  0.408   2.000    2.41851e+05    0.00000e+00    0.00000e+00    0.00000e+00   -6.65986e+05    0.00000e+00
  0.412   2.010    2.38879e+05    0.00000e+00    0.00000e+00    0.00000e+00   -6.50744e+05    0.00000e+00
  0.416   2.020    2.35908e+05    0.00000e+00    0.00000e+00    0.00000e+00   -6.35502e+05    0.00000e+00
  0.420   2.030    2.32936e+05    0.00000e+00    0.00000e+00    0.00000e+00   -6.20260e+05    0.00000e+00
  0.424   2.040    2.29964e+05    0.00000e+00    0.00000e+00    0.00000e+00   -6.05018e+05    0.00000e+00
  0.429   2.050    2.26992e+05    0.00000e+00    0.00000e+00    0.00000e+00   -5.89776e+05    0.00000e+00
  0.433   2.060    2.24190e+05    0.00000e+00    0.00000e+00    0.00000e+00   -5.76443e+05    0.00000e+00
  0.437   2.070    2.21387e+05    0.00000e+00    0.00000e+00    0.00000e+00   -5.63110e+05    0.00000e+00
  0.441   2.080    2.18585e+05    0.00000e+00    0.00000e+00    0.00000e+00   -5.49777e+05    0.00000e+00
  0.445   2.090    2.15782e+05    0.00000e+00    0.00000e+00    0.00000e+00   -5.36444e+05    0.00000e+00
  0.450   2.100    2.12980e+05    0.00000e+00    0.00000e+00    0.00000e+00   -5.23111e+05    0.00000e+00
  0.454   2.110    2.10352e+05    0.00000e+00    0.00000e+00    0.00000e+00   -5.11463e+05    0.00000e+00
  0.458   2.120    2.07724e+05    0.00000e+00    0.00000e+00    0.00000e+00   -4.99815e+05    0.00000e+00
  0.463   2.130    2.05095e+05    0.00000e+00    0.00000e+00    0.00000e+00   -4.88167e+05    0.00000e+00
  0.467   2.140    2.02467e+05    0.00000e+00    0.00000e+00    0.00000e+00   -4.76520e+05    0.00000e+00
  0.471   2.150    1.99839e+05    0.00000e+00    0.00000e+00    0.00000e+00   -4.64872e+05    0.00000e+00
  0.476   2.160    1.97385e+05    0.00000e+00    0.00000e+00    0.00000e+00   -4.54701e+05    0.00000e+00
  0.480   2.170    1.94931e+05    0.00000e+00    0.00000e+00    0.00000e+00   -4.44530e+05    0.00000e+00
  0.485   2.180    1.92477e+05    0.00000e+00    0.00000e+00    0.00000e+00   -4.34359e+05    0.00000e+00
  0.489   2.190    1.90023e+05    0.00000e+00    0.00000e+00    0.00000e+00   -4.24188e+05    0.00000e+00
  0.494   2.200    1.87568e+05    0.00000e+00    0.00000e+00    0.00000e+00   -4.14017e+05    0.00000e+00
  0.498   2.210    1.85284e+05    0.00000e+00    0.00000e+00    0.00000e+00   -4.05133e+05    0.00000e+00
  0.503   2.220    1.82999e+05    0.00000e+00    0.00000e+00    0.00000e+00   -3.96250e+05    0.00000e+00
  0.507   2.230    1.80714e+05    0.00000e+00    0.00000e+00    0.00000e+00   -3.87366e+05    0.00000e+00
  0.512   2.240    1.78429e+05    0.00000e+00    0.00000e+00    0.00000e+00   -3.78483e+05    0.00000e+00
  0.516   2.250    1.76144e+05    0.00000e+00    0.00000e+00    0.00000e+00   -3.69599e+05    0.00000e+00
  0.521   2.260    1.74022e+05    0.00000e+00    0.00000e+00    0.00000e+00   -3.61834e+05    0.00000e+00
  0.526   2.270    1.71899e+05    0.00000e+00    0.00000e+00    0.00000e+00   -3.54068e+05    0.00000e+00
  0.530   2.280    1.69777e+05    0.00000e+00    0.00000e+00    0.00000e+00   -3.46303e+05    0.00000e+00
  0.535   2.290    1.67654e+05    0.00000e+00    0.00000e+00    0.00000e+00   -3.38538e+05    0.00000e+00
  0.539   2.300    1.65532e+05    0.00000e+00    0.00000e+00    0.00000e+00   -3.30772e+05    0.00000e+00
  0.544   2.310    1.63563e+05    0.00000e+00    0.00000e+00    0.00000e+00   -3.23974e+05    0.00000e+00
  0.549   2.320    1.61593e+05    0.00000e+00    0.00000e+00    0.00000e+00   -3.17177e+05    0.00000e+00
  0.554   2.330    1.59624e+05    0.00000e+00    0.00000e+00    0.00000e+00   -3.10379e+05    0.00000e+00
  0.558   2.340    1.57655e+05    0.00000e+00    0.00000e+00    0.00000e+00   -3.03581e+05    0.00000e+00
  0.563   2.350    1.55685e+05    0.00000e+00    0.00000e+00    0.00000e+00   -2.96784e+05    0.00000e+00
  0.568   2.360    1.53860e+05    0.00000e+00    0.00000e+00    0.00000e+00   -2.90823e+05    0.00000e+00
  0.573   2.370    1.52035e+05    0.00000e+00    0.00000e+00    0.00000e+00   -2.84863e+05    0.00000e+00
  0.578   2.380    1.50209e+05    0.00000e+00    0.00000e+00    0.00000e+00   -2.78903e+05    0.00000e+00
  0.583   2.390    1.48384e+05    0.00000e+00    0.00000e+00    0.00000e+00   -2.72942e+05    0.00000e+00
  0.587   2.400    1.46558e+05    0.00000e+00    0.00000e+00    0.00000e+00   -2.66982e+05    0.00000e+00
  0.592   2.410    1.44867e+05    0.00000e+00    0.00000e+00    0.00000e+00   -2.61747e+05    0.00000e+00
  0.597   2.420    1.43175e+05    0.00000e+00    0.00000e+00    0.00000e+00   -2.56511e+05    0.00000e+00
  0.602   2.430    1.41484e+05    0.00000e+00    0.00000e+00    0.00000e+00   -2.51276e+05    0.00000e+00
  0.607   2.440    1.39792e+05    0.00000e+00    0.00000e+00    0.00000e+00   -2.46040e+05    0.00000e+00
  0.612   2.450    1.38100e+05    0.00000e+00    0.00000e+00    0.00000e+00   -2.40805e+05    0.00000e+00
  0.617   2.460    1.36533e+05    0.00000e+00    0.00000e+00    0.00000e+00   -2.36195e+05    0.00000e+00
  0.622   2.470    1.34966e+05    0.00000e+00    0.00000e+00    0.00000e+00   -2.31585e+05    0.00000e+00
  0.627   2.480    1.33398e+05    0.00000e+00    0.00000e+00    0.00000e+00   -2.26976e+05    0.00000e+00
  0.632   2.490    1.31831e+05    0.00000e+00    0.00000e+00    0.00000e+00   -2.22366e+05    0.00000e+00
  0.637   2.500    1.30263e+05    0.00000e+00    0.00000e+00    0.00000e+00   -2.17756e+05    0.00000e+00
  0.642   2.510    1.28810e+05    0.00000e+00    0.00000e+00    0.00000e+00   -2.13690e+05    0.00000e+00
  0.648   2.520    1.27357e+05    0.00000e+00    0.00000e+00    0.00000e+00   -2.09623e+05    0.00000e+00
  0.653   2.530    1.25904e+05    0.00000e+00    0.00000e+00    0.00000e+00   -2.05557e+05    0.00000e+00
  0.658   2.540    1.24452e+05    0.00000e+00    0.00000e+00    0.00000e+00   -2.01490e+05    0.00000e+00
  0.663   2.550    1.22999e+05    0.00000e+00    0.00000e+00    0.00000e+00   -1.97424e+05    0.00000e+00
  0.668   2.560    1.21651e+05    0.00000e+00    0.00000e+00    0.00000e+00   -1.93829e+05    0.00000e+00
  0.674   2.570    1.20304e+05    0.00000e+00    0.00000e+00    0.00000e+00   -1.90234e+05    0.00000e+00
  0.679   2.580    1.18956e+05    0.00000e+00    0.00000e+00    0.00000e+00   -1.86640e+05    0.00000e+00
  0.684   2.590    1.17609e+05    0.00000e+00    0.00000e+00    0.00000e+00   -1.83045e+05    0.00000e+00
  0.689   2.600    1.16261e+05    0.00000e+00    0.00000e+00    0.00000e+00   -1.79450e+05    0.00000e+00
  0.695   2.610    1.15011e+05    0.00000e+00    0.00000e+00    0.00000e+00   -1.76264e+05    0.00000e+00
  0.700   2.620    1.13761e+05    0.00000e+00    0.00000e+00    0.00000e+00   -1.73078e+05    0.00000e+00
  0.705   2.630    1.12510e+05    0.00000e+00    0.00000e+00    0.00000e+00   -1.69892e+05    0.00000e+00
  0.711   2.640    1.11260e+05    0.00000e+00    0.00000e+00    0.00000e+00   -1.66706e+05    0.00000e+00
  0.716   2.650    1.10010e+05    0.00000e+00    0.00000e+00    0.00000e+00   -1.63520e+05    0.00000e+00
  0.722   2.660    1.08848e+05    0.00000e+00    0.00000e+00    0.00000e+00   -1.60689e+05    0.00000e+00
  0.727   2.670    1.07687e+05    0.00000e+00    0.00000e+00    0.00000e+00   -1.57858e+05    0.00000e+00
  0.732   2.680    1.06526e+05    0.00000e+00    0.00000e+00    0.00000e+00   -1.55027e+05    0.00000e+00
  0.738   2.690    1.05365e+05    0.00000e+00    0.00000e+00    0.00000e+00   -1.52196e+05    0.00000e+00
  0.743   2.700    1.04204e+05    0.00000e+00    0.00000e+00    0.00000e+00   -1.49365e+05    0.00000e+00
  0.749   2.710    1.03124e+05    0.00000e+00    0.00000e+00    0.00000e+00   -1.46844e+05    0.00000e+00
  0.754   2.720    1.02045e+05    0.00000e+00    0.00000e+00    0.00000e+00   -1.44323e+05    0.00000e+00
  0.760   2.730    1.00966e+05    0.00000e+00    0.00000e+00    0.00000e+00   -1.41802e+05    0.00000e+00
  0.766   2.740    9.98865e+04    0.00000e+00    0.00000e+00    0.00000e+00   -1.39281e+05    0.00000e+00
  0.771   2.750    9.88072e+04    0.00000e+00    0.00000e+00    0.00000e+00   -1.36760e+05    0.00000e+00
  0.777   2.760    9.78031e+04    0.00000e+00    0.00000e+00    0.00000e+00   -1.34510e+05    0.00000e+00
  0.782   2.770    9.67990e+04    0.00000e+00    0.00000e+00    0.00000e+00   -1.32259e+05    0.00000e+00
  0.788   2.780    9.57948e+04    0.00000e+00    0.00000e+00    0.00000e+00   -1.30009e+05    0.00000e+00
  0.794   2.790    9.47907e+04    0.00000e+00    0.00000e+00    0.00000e+00   -1.27758e+05    0.00000e+00
  0.799   2.800    9.37865e+04    0.00000e+00    0.00000e+00    0.00000e+00   -1.25508e+05    0.00000e+00
  0.805   2.810    9.28515e+04    0.00000e+00    0.00000e+00    0.00000e+00   -1.23495e+05    0.00000e+00
  0.811   2.820    9.19164e+04    0.00000e+00    0.00000e+00    0.00000e+00   -1.21481e+05    0.00000e+00
  0.817   2.830    9.09813e+04    0.00000e+00    0.00000e+00    0.00000e+00   -1.19468e+05    0.00000e+00
  0.823   2.840    9.00462e+04    0.00000e+00    0.00000e+00    0.00000e+00   -1.17455e+05    0.00000e+00
  0.828   2.850    8.91111e+04    0.00000e+00    0.00000e+00    0.00000e+00   -1.15441e+05    0.00000e+00
  0.834   2.860    8.82395e+04    0.00000e+00    0.00000e+00    0.00000e+00   -1.13636e+05    0.00000e+00
  0.840   2.870    8.73680e+04    0.00000e+00    0.00000e+00    0.00000e+00   -1.11831e+05    0.00000e+00
  0.846   2.880    8.64965e+04    0.00000e+00    0.00000e+00    0.00000e+00   -1.10025e+05    0.00000e+00
  0.852   2.890    8.56250e+04    0.00000e+00    0.00000e+00    0.00000e+00   -1.08220e+05    0.00000e+00
  0.858   2.900    8.47535e+04    0.00000e+00    0.00000e+00    0.00000e+00   -1.06415e+05    0.00000e+00
  0.864   2.910    8.39403e+04    0.00000e+00    0.00000e+00    0.00000e+00   -1.04793e+05    0.00000e+00
  0.870   2.920    8.31272e+04    0.00000e+00    0.00000e+00    0.00000e+00   -1.03171e+05    0.00000e+00
  0.875   2.930    8.23141e+04    0.00000e+00    0.00000e+00    0.00000e+00   -1.01549e+05    0.00000e+00
  0.881   2.940    8.15009e+04    0.00000e+00    0.00000e+00    0.00000e+00   -9.99268e+04    0.00000e+00
  0.887   2.950    8.06878e+04    0.00000e+00    0.00000e+00    0.00000e+00   -9.83049e+04    0.00000e+00
  0.893   2.960    7.99284e+04    0.00000e+00    0.00000e+00    0.00000e+00   -9.68443e+04    0.00000e+00
  0.900   2.970    7.91690e+04    0.00000e+00    0.00000e+00    0.00000e+00   -9.53837e+04    0.00000e+00
  0.906   2.980    7.84096e+04    0.00000e+00    0.00000e+00    0.00000e+00   -9.39232e+04    0.00000e+00
  0.912   2.990    7.76501e+04    0.00000e+00    0.00000e+00    0.00000e+00   -9.24626e+04    0.00000e+00
  0.918   3.000    7.68907e+04    0.00000e+00    0.00000e+00    0.00000e+00   -9.10021e+04    0.00000e+00
  0.924   3.010    7.61809e+04    0.00000e+00    0.00000e+00    0.00000e+00   -8.96864e+04    0.00000e+00
  0.930   3.020    7.54711e+04    0.00000e+00    0.00000e+00    0.00000e+00   -8.83708e+04    0.00000e+00
  0.936   3.030    7.47613e+04    0.00000e+00    0.00000e+00    0.00000e+00   -8.70552e+04    0.00000e+00
  0.942   3.040    7.40515e+04    0.00000e+00    0.00000e+00    0.00000e+00   -8.57395e+04    0.00000e+00
  0.949   3.050    7.33417e+04    0.00000e+00    0.00000e+00    0.00000e+00   -8.44239e+04    0.00000e+00
  0.955   3.060    7.26776e+04    0.00000e+00    0.00000e+00    0.00000e+00   -8.32331e+04    0.00000e+00
  0.961   3.070    7.20136e+04    0.00000e+00    0.00000e+00    0.00000e+00   -8.20422e+04    0.00000e+00
  0.967   3.080    7.13495e+04    0.00000e+00    0.00000e+00    0.00000e+00   -8.08514e+04    0.00000e+00
  0.974   3.090    7.06854e+04    0.00000e+00    0.00000e+00    0.00000e+00   -7.96606e+04    0.00000e+00
  0.980   3.100    7.00213e+04    0.00000e+00    0.00000e+00    0.00000e+00   -7.84697e+04    0.00000e+00
  0.986   3.110    6.93992e+04    0.00000e+00    0.00000e+00    0.00000e+00   -7.73884e+04    0.00000e+00
  0.993   3.120    6.87771e+04    0.00000e+00    0.00000e+00    0.00000e+00   -7.63070e+04    0.00000e+00
  0.999   3.130    6.81549e+04    0.00000e+00    0.00000e+00    0.00000e+00   -7.52257e+04    0.00000e+00
  1.005   3.140    6.75328e+04    0.00000e+00    0.00000e+00    0.00000e+00   -7.41443e+04    0.00000e+00
  1.012   3.150    6.69107e+04    0.00000e+00    0.00000e+00    0.00000e+00   -7.30630e+04    0.00000e+00
  1.018   3.160    6.63274e+04    0.00000e+00    0.00000e+00    0.00000e+00   -7.20839e+04    0.00000e+00
  1.025   3.170    6.57442e+04    0.00000e+00    0.00000e+00    0.00000e+00   -7.11047e+04    0.00000e+00
  1.031   3.180    6.51609e+04    0.00000e+00    0.00000e+00    0.00000e+00   -7.01256e+04    0.00000e+00
  1.038   3.190    6.45776e+04    0.00000e+00    0.00000e+00    0.00000e+00   -6.91465e+04    0.00000e+00
  1.044   3.200    6.39944e+04    0.00000e+00    0.00000e+00    0.00000e+00   -6.81674e+04    0.00000e+00
  1.051   3.210    6.34472e+04    0.00000e+00    0.00000e+00    0.00000e+00   -6.72763e+04    0.00000e+00
  1.057   3.220    6.29001e+04    0.00000e+00    0.00000e+00    0.00000e+00   -6.63853e+04    0.00000e+00
  1.064   3.230    6.23529e+04    0.00000e+00    0.00000e+00    0.00000e+00   -6.54943e+04    0.00000e+00
  1.070   3.240    6.18058e+04    0.00000e+00    0.00000e+00    0.00000e+00   -6.46032e+04    0.00000e+00
  1.077   3.250    6.12586e+04    0.00000e+00    0.00000e+00    0.00000e+00   -6.37122e+04    0.00000e+00
  1.084   3.260    6.07448e+04    0.00000e+00    0.00000e+00    0.00000e+00   -6.29034e+04    0.00000e+00
  1.090   3.270    6.02311e+04    0.00000e+00    0.00000e+00    0.00000e+00   -6.20947e+04    0.00000e+00
  1.097   3.280    5.97173e+04    0.00000e+00    0.00000e+00    0.00000e+00   -6.12859e+04    0.00000e+00
  1.104   3.290    5.92035e+04    0.00000e+00    0.00000e+00    0.00000e+00   -6.04771e+04    0.00000e+00
  1.110   3.300    5.86897e+04    0.00000e+00    0.00000e+00    0.00000e+00   -5.96683e+04    0.00000e+00
  1.117   3.310    5.82070e+04    0.00000e+00    0.00000e+00    0.00000e+00   -5.89317e+04    0.00000e+00
  1.124   3.320    5.77242e+04    0.00000e+00    0.00000e+00    0.00000e+00   -5.81950e+04    0.00000e+00
  1.131   3.330    5.72414e+04    0.00000e+00    0.00000e+00    0.00000e+00   -5.74583e+04    0.00000e+00
  1.138   3.340    5.67587e+04    0.00000e+00    0.00000e+00    0.00000e+00   -5.67217e+04    0.00000e+00
  1.144   3.350    5.62759e+04    0.00000e+00    0.00000e+00    0.00000e+00   -5.59850e+04    0.00000e+00
  1.151   3.360    5.58214e+04    0.00000e+00    0.00000e+00    0.00000e+00   -5.53119e+04    0.00000e+00
  1.158   3.370    5.53668e+04    0.00000e+00    0.00000e+00    0.00000e+00   -5.46387e+04    0.00000e+00
  1.165   3.380    5.49123e+04    0.00000e+00    0.00000e+00    0.00000e+00   -5.39656e+04    0.00000e+00
  1.172   3.390    5.44578e+04    0.00000e+00    0.00000e+00    0.00000e+00   -5.32924e+04    0.00000e+00
  1.179   3.400    5.40033e+04    0.00000e+00    0.00000e+00    0.00000e+00   -5.26193e+04    0.00000e+00
  1.186   3.410    5.35757e+04    0.00000e+00    0.00000e+00    0.00000e+00   -5.20058e+04    0.00000e+00
  1.193   3.420    5.31481e+04    0.00000e+00    0.00000e+00    0.00000e+00   -5.13924e+04    0.00000e+00
  1.200   3.430    5.27206e+04    0.00000e+00    0.00000e+00    0.00000e+00   -5.07789e+04    0.00000e+00
  1.207   3.440    5.22930e+04    0.00000e+00    0.00000e+00    0.00000e+00   -5.01654e+04    0.00000e+00
  1.214   3.450    5.18655e+04    0.00000e+00    0.00000e+00    0.00000e+00   -4.95520e+04    0.00000e+00
  1.221   3.460    5.14625e+04    0.00000e+00    0.00000e+00    0.00000e+00   -4.89879e+04    0.00000e+00
  1.228   3.470    5.10595e+04    0.00000e+00    0.00000e+00    0.00000e+00   -4.84238e+04    0.00000e+00
  1.235   3.480    5.06565e+04    0.00000e+00    0.00000e+00    0.00000e+00   -4.78598e+04    0.00000e+00
  1.242   3.490    5.02535e+04    0.00000e+00    0.00000e+00    0.00000e+00   -4.72957e+04    0.00000e+00
  1.249   3.500    4.98506e+04    0.00000e+00    0.00000e+00    0.00000e+00   -4.67316e+04    0.00000e+00
  1.256   3.510    4.94707e+04    0.00000e+00    0.00000e+00    0.00000e+00   -4.62158e+04    0.00000e+00
  1.264   3.520    4.90907e+04    0.00000e+00    0.00000e+00    0.00000e+00   -4.57001e+04    0.00000e+00
  1.271   3.530    4.87108e+04    0.00000e+00    0.00000e+00    0.00000e+00   -4.51843e+04    0.00000e+00
  1.278   3.540    4.83309e+04    0.00000e+00    0.00000e+00    0.00000e+00   -4.46685e+04    0.00000e+00
  1.285   3.550    4.79510e+04    0.00000e+00    0.00000e+00    0.00000e+00   -4.41527e+04    0.00000e+00
  1.292   3.560    4.75924e+04    0.00000e+00    0.00000e+00    0.00000e+00   -4.36787e+04    0.00000e+00
  1.300   3.570    4.72338e+04    0.00000e+00    0.00000e+00    0.00000e+00   -4.32046e+04    0.00000e+00
  1.307   3.580    4.68753e+04    0.00000e+00    0.00000e+00    0.00000e+00   -4.27306e+04    0.00000e+00
  1.314   3.590    4.65167e+04    0.00000e+00    0.00000e+00    0.00000e+00   -4.22565e+04    0.00000e+00
  1.322   3.600    4.61581e+04    0.00000e+00    0.00000e+00    0.00000e+00   -4.17825e+04    0.00000e+00
  1.329   3.610    4.58195e+04    0.00000e+00    0.00000e+00    0.00000e+00   -4.13481e+04    0.00000e+00
  1.336   3.620    4.54809e+04    0.00000e+00    0.00000e+00    0.00000e+00   -4.09137e+04    0.00000e+00
  1.344   3.630    4.51423e+04    0.00000e+00    0.00000e+00    0.00000e+00   -4.04794e+04    0.00000e+00
  1.351   3.640    4.48037e+04    0.00000e+00    0.00000e+00    0.00000e+00   -4.00450e+04    0.00000e+00
  1.359   3.650    4.44651e+04    0.00000e+00    0.00000e+00    0.00000e+00   -3.96106e+04    0.00000e+00
  1.366   3.660    4.41450e+04    0.00000e+00    0.00000e+00    0.00000e+00   -3.92090e+04    0.00000e+00
  1.374   3.670    4.38249e+04    0.00000e+00    0.00000e+00    0.00000e+00   -3.88074e+04    0.00000e+00
  1.381   3.680    4.35047e+04    0.00000e+00    0.00000e+00    0.00000e+00   -3.84058e+04    0.00000e+00
  1.388   3.690    4.31846e+04    0.00000e+00    0.00000e+00    0.00000e+00   -3.80042e+04    0.00000e+00
  1.396   3.700    4.28645e+04    0.00000e+00    0.00000e+00    0.00000e+00   -3.76026e+04    0.00000e+00
  1.404   3.710    4.25619e+04    0.00000e+00    0.00000e+00    0.00000e+00   -3.72337e+04    0.00000e+00
  1.411   3.720    4.22592e+04    0.00000e+00    0.00000e+00    0.00000e+00   -3.68648e+04    0.00000e+00
  1.419   3.730    4.19566e+04    0.00000e+00    0.00000e+00    0.00000e+00   -3.64958e+04    0.00000e+00
  1.426   3.740    4.16540e+04    0.00000e+00    0.00000e+00    0.00000e+00   -3.61269e+04    0.00000e+00
  1.434   3.750    4.13513e+04    0.00000e+00    0.00000e+00    0.00000e+00   -3.57580e+04    0.00000e+00
  1.442   3.760    4.10649e+04    0.00000e+00    0.00000e+00    0.00000e+00   -3.54169e+04    0.00000e+00
  1.449   3.770    4.07784e+04    0.00000e+00    0.00000e+00    0.00000e+00   -3.50759e+04    0.00000e+00
  1.457   3.780    4.04920e+04    0.00000e+00    0.00000e+00    0.00000e+00   -3.47348e+04    0.00000e+00
  1.465   3.790    4.02056e+04    0.00000e+00    0.00000e+00    0.00000e+00   -3.43937e+04    0.00000e+00
  1.472   3.800    3.99191e+04    0.00000e+00    0.00000e+00    0.00000e+00   -3.40526e+04    0.00000e+00
  1.480   3.810    3.96479e+04    0.00000e+00    0.00000e+00    0.00000e+00   -3.37385e+04    0.00000e+00
  1.488   3.820    3.93767e+04    0.00000e+00    0.00000e+00    0.00000e+00   -3.34243e+04    0.00000e+00
  1.496   3.830    3.91055e+04    0.00000e+00    0.00000e+00    0.00000e+00   -3.31101e+04    0.00000e+00
  1.504   3.840    3.88343e+04    0.00000e+00    0.00000e+00    0.00000e+00   -3.27960e+04    0.00000e+00
  1.511   3.850    3.85631e+04    0.00000e+00    0.00000e+00    0.00000e+00   -3.24818e+04    0.00000e+00
  1.519   3.860    3.83061e+04    0.00000e+00    0.00000e+00    0.00000e+00   -3.21918e+04    0.00000e+00
  1.527   3.870    3.80492e+04    0.00000e+00    0.00000e+00    0.00000e+00   -3.19018e+04    0.00000e+00
  1.535   3.880    3.77923e+04    0.00000e+00    0.00000e+00    0.00000e+00   -3.16119e+04    0.00000e+00
  1.543   3.890    3.75354e+04    0.00000e+00    0.00000e+00    0.00000e+00   -3.13219e+04    0.00000e+00
  1.551   3.900    3.72785e+04    0.00000e+00    0.00000e+00    0.00000e+00   -3.10319e+04    0.00000e+00
  1.559   3.910    3.70348e+04    0.00000e+00    0.00000e+00    0.00000e+00   -3.07637e+04    0.00000e+00
  1.567   3.920    3.67911e+04    0.00000e+00    0.00000e+00    0.00000e+00   -3.04956e+04    0.00000e+00
  1.575   3.930    3.65475e+04    0.00000e+00    0.00000e+00    0.00000e+00   -3.02275e+04    0.00000e+00
  1.583   3.940    3.63038e+04    0.00000e+00    0.00000e+00    0.00000e+00   -2.99593e+04    0.00000e+00
  1.591   3.950    3.60602e+04    0.00000e+00    0.00000e+00    0.00000e+00   -2.96912e+04    0.00000e+00
  1.599   3.960    3.58290e+04    0.00000e+00    0.00000e+00    0.00000e+00   -2.94419e+04    0.00000e+00
  1.607   3.970    3.55978e+04    0.00000e+00    0.00000e+00    0.00000e+00   -2.91926e+04    0.00000e+00
  1.615   3.980    3.53666e+04    0.00000e+00    0.00000e+00    0.00000e+00   -2.89433e+04    0.00000e+00
  1.623   3.990    3.51354e+04    0.00000e+00    0.00000e+00    0.00000e+00   -2.86940e+04    0.00000e+00
  1.632   4.000    3.49042e+04    0.00000e+00    0.00000e+00    0.00000e+00   -2.84447e+04    0.00000e+00
  1.640   4.010    3.46847e+04    0.00000e+00    0.00000e+00    0.00000e+00   -2.82122e+04    0.00000e+00
  1.648   4.020    3.44652e+04    0.00000e+00    0.00000e+00    0.00000e+00   -2.79797e+04    0.00000e+00
  1.656   4.030    3.42458e+04    0.00000e+00    0.00000e+00    0.00000e+00   -2.77472e+04    0.00000e+00
  1.664   4.040    3.40263e+04    0.00000e+00    0.00000e+00    0.00000e+00   -2.75148e+04    0.00000e+00
  1.673   4.050    3.38068e+04    0.00000e+00    0.00000e+00    0.00000e+00   -2.72823e+04    0.00000e+00
  1.681   4.060    3.35985e+04    0.00000e+00    0.00000e+00    0.00000e+00   -2.70706e+04    0.00000e+00
  1.689   4.070    3.33901e+04    0.00000e+00    0.00000e+00    0.00000e+00   -2.68589e+04    0.00000e+00
  1.698   4.080    3.31818e+04    0.00000e+00    0.00000e+00    0.00000e+00   -2.66472e+04    0.00000e+00
  1.706   4.090    3.29734e+04    0.00000e+00    0.00000e+00    0.00000e+00   -2.64355e+04    0.00000e+00
  1.714   4.100    3.27650e+04    0.00000e+00    0.00000e+00    0.00000e+00   -2.62238e+04    0.00000e+00
  1.723   4.110    3.25670e+04    0.00000e+00    0.00000e+00    0.00000e+00   -2.60287e+04    0.00000e+00
  1.731   4.120    3.23689e+04    0.00000e+00    0.00000e+00    0.00000e+00   -2.58336e+04    0.00000e+00
  1.739   4.130    3.21708e+04    0.00000e+00    0.00000e+00    0.00000e+00   -2.56385e+04    0.00000e+00
  1.748   4.140    3.19727e+04    0.00000e+00    0.00000e+00    0.00000e+00   -2.54434e+04    0.00000e+00
  1.756   4.150    3.17747e+04    0.00000e+00    0.00000e+00    0.00000e+00   -2.52483e+04    0.00000e+00
  1.765   4.160    3.15863e+04    0.00000e+00    0.00000e+00    0.00000e+00   -2.50612e+04    0.00000e+00
  1.773   4.170    3.13978e+04    0.00000e+00    0.00000e+00    0.00000e+00   -2.48741e+04    0.00000e+00
  1.782   4.180    3.12094e+04    0.00000e+00    0.00000e+00    0.00000e+00   -2.46870e+04    0.00000e+00
  1.790   4.190    3.10210e+04    0.00000e+00    0.00000e+00    0.00000e+00   -2.44999e+04    0.00000e+00
  1.799   4.200    3.08326e+04    0.00000e+00    0.00000e+00    0.00000e+00   -2.43128e+04    0.00000e+00
  1.807   4.210    3.06534e+04    0.00000e+00    0.00000e+00    0.00000e+00   -2.41433e+04    0.00000e+00
  1.816   4.220    3.04741e+04    0.00000e+00    0.00000e+00    0.00000e+00   -2.39738e+04    0.00000e+00
  1.825   4.230    3.02948e+04    0.00000e+00    0.00000e+00    0.00000e+00   -2.38042e+04    0.00000e+00
  1.833   4.240    3.01155e+04    0.00000e+00    0.00000e+00    0.00000e+00   -2.36347e+04    0.00000e+00
  1.842   4.250    2.99363e+04    0.00000e+00    0.00000e+00    0.00000e+00   -2.34652e+04    0.00000e+00
  1.851   4.260    2.97657e+04    0.00000e+00    0.00000e+00    0.00000e+00   -2.33082e+04    0.00000e+00
  1.859   4.270    2.95952e+04    0.00000e+00    0.00000e+00    0.00000e+00   -2.31512e+04    0.00000e+00
  1.868   4.280    2.94246e+04    0.00000e+00    0.00000e+00    0.00000e+00   -2.29942e+04    0.00000e+00
  1.877   4.290    2.92541e+04    0.00000e+00    0.00000e+00    0.00000e+00   -2.28372e+04    0.00000e+00
  1.885   4.300    2.90835e+04    0.00000e+00    0.00000e+00    0.00000e+00   -2.26802e+04    0.00000e+00
  1.894   4.310    2.89210e+04    0.00000e+00    0.00000e+00    0.00000e+00   -2.25288e+04    0.00000e+00
  1.903   4.320    2.87584e+04    0.00000e+00    0.00000e+00    0.00000e+00   -2.23775e+04    0.00000e+00
  1.912   4.330    2.85959e+04    0.00000e+00    0.00000e+00    0.00000e+00   -2.22262e+04    0.00000e+00
  1.921   4.340    2.84333e+04    0.00000e+00    0.00000e+00    0.00000e+00   -2.20748e+04    0.00000e+00
  1.930   4.350    2.82708e+04    0.00000e+00    0.00000e+00    0.00000e+00   -2.19235e+04    0.00000e+00
  1.938   4.360    2.81159e+04    0.00000e+00    0.00000e+00    0.00000e+00   -2.17990e+04    0.00000e+00
  1.947   4.370    2.79611e+04    0.00000e+00    0.00000e+00    0.00000e+00   -2.16745e+04    0.00000e+00
  1.956   4.380    2.78063e+04    0.00000e+00    0.00000e+00    0.00000e+00   -2.15500e+04    0.00000e+00
  1.965   4.390    2.76514e+04    0.00000e+00    0.00000e+00    0.00000e+00   -2.14255e+04    0.00000e+00
  1.974   4.400    2.74966e+04    0.00000e+00    0.00000e+00    0.00000e+00   -2.13010e+04    0.00000e+00
  1.983   4.410    2.73490e+04    0.00000e+00    0.00000e+00    0.00000e+00   -2.11730e+04    0.00000e+00
  1.992   4.420    2.72014e+04    0.00000e+00    0.00000e+00    0.00000e+00   -2.10450e+04    0.00000e+00
  2.001   4.430    2.70537e+04    0.00000e+00    0.00000e+00    0.00000e+00   -2.09169e+04    0.00000e+00
  2.010   4.440    2.69061e+04    0.00000e+00    0.00000e+00    0.00000e+00   -2.07889e+04    0.00000e+00
  2.019   4.450    2.67585e+04    0.00000e+00    0.00000e+00    0.00000e+00   -2.06609e+04    0.00000e+00
  2.028   4.460    2.66177e+04    0.00000e+00    0.00000e+00    0.00000e+00   -2.05460e+04    0.00000e+00
  2.038   4.470    2.64769e+04    0.00000e+00    0.00000e+00    0.00000e+00   -2.04310e+04    0.00000e+00
  2.047   4.480    2.63361e+04    0.00000e+00    0.00000e+00    0.00000e+00   -2.03161e+04    0.00000e+00
  2.056   4.490    2.61953e+04    0.00000e+00    0.00000e+00    0.00000e+00   -2.02011e+04    0.00000e+00
  2.065   4.500    2.60545e+04    0.00000e+00    0.00000e+00    0.00000e+00   -2.00862e+04    0.00000e+00
  2.074   4.510    2.59202e+04    0.00000e+00    0.00000e+00    0.00000e+00   -1.99771e+04    0.00000e+00
  2.083   4.520    2.57859e+04    0.00000e+00    0.00000e+00    0.00000e+00   -1.98681e+04    0.00000e+00
  2.093   4.530    2.56517e+04    0.00000e+00    0.00000e+00    0.00000e+00   -1.97590e+04    0.00000e+00
  2.102   4.540    2.55174e+04    0.00000e+00    0.00000e+00    0.00000e+00   -1.96499e+04    0.00000e+00
  2.111   4.550    2.53832e+04    0.00000e+00    0.00000e+00    0.00000e+00   -1.95409e+04    0.00000e+00
  2.120   4.560    2.52547e+04    0.00000e+00    0.00000e+00    0.00000e+00   -1.94396e+04    0.00000e+00
  2.130   4.570    2.51262e+04    0.00000e+00    0.00000e+00    0.00000e+00   -1.93382e+04    0.00000e+00
  2.139   4.580    2.49978e+04    0.00000e+00    0.00000e+00    0.00000e+00   -1.92369e+04    0.00000e+00
  2.148   4.590    2.48693e+04    0.00000e+00    0.00000e+00    0.00000e+00   -1.91356e+04    0.00000e+00
  2.158   4.600    2.47408e+04    0.00000e+00    0.00000e+00    0.00000e+00   -1.90343e+04    0.00000e+00
  2.167   4.610    2.46181e+04    0.00000e+00    0.00000e+00    0.00000e+00   -1.89323e+04    0.00000e+00
  2.177   4.620    2.44954e+04    0.00000e+00    0.00000e+00    0.00000e+00   -1.88303e+04    0.00000e+00
  2.186   4.630    2.43727e+04    0.00000e+00    0.00000e+00    0.00000e+00   -1.87284e+04    0.00000e+00
  2.195   4.640    2.42500e+04    0.00000e+00    0.00000e+00    0.00000e+00   -1.86264e+04    0.00000e+00
  2.205   4.650    2.41273e+04    0.00000e+00    0.00000e+00    0.00000e+00   -1.85244e+04    0.00000e+00
  2.214   4.660    2.40102e+04    0.00000e+00    0.00000e+00    0.00000e+00   -1.84360e+04    0.00000e+00
  2.224   4.670    2.38930e+04    0.00000e+00    0.00000e+00    0.00000e+00   -1.83475e+04    0.00000e+00
  2.233   4.680    2.37758e+04    0.00000e+00    0.00000e+00    0.00000e+00   -1.82591e+04    0.00000e+00
  2.243   4.690    2.36586e+04    0.00000e+00    0.00000e+00    0.00000e+00   -1.81706e+04    0.00000e+00
  2.253   4.700    2.35414e+04    0.00000e+00    0.00000e+00    0.00000e+00   -1.80822e+04    0.00000e+00
  2.262   4.710    2.34293e+04    0.00000e+00    0.00000e+00    0.00000e+00   -1.79939e+04    0.00000e+00
  2.272   4.720    2.33171e+04    0.00000e+00    0.00000e+00    0.00000e+00   -1.79056e+04    0.00000e+00
  2.281   4.730    2.32049e+04    0.00000e+00    0.00000e+00    0.00000e+00   -1.78174e+04    0.00000e+00
  2.291   4.740    2.30928e+04    0.00000e+00    0.00000e+00    0.00000e+00   -1.77291e+04    0.00000e+00
  2.301   4.750    2.29806e+04    0.00000e+00    0.00000e+00    0.00000e+00   -1.76408e+04    0.00000e+00
  2.310   4.760    2.28733e+04    0.00000e+00    0.00000e+00    0.00000e+00   -1.75586e+04    0.00000e+00
  2.320   4.770    2.27659e+04    0.00000e+00    0.00000e+00    0.00000e+00   -1.74765e+04    0.00000e+00
  2.330   4.780    2.26586e+04    0.00000e+00    0.00000e+00    0.00000e+00   -1.73943e+04    0.00000e+00
  2.340   4.790    2.25513e+04    0.00000e+00    0.00000e+00    0.00000e+00   -1.73121e+04    0.00000e+00
  2.349   4.800    2.24439e+04    0.00000e+00    0.00000e+00    0.00000e+00   -1.72299e+04    0.00000e+00
  2.359   4.810    2.23412e+04    0.00000e+00    0.00000e+00    0.00000e+00   -1.71533e+04    0.00000e+00
  2.369   4.820    2.22385e+04    0.00000e+00    0.00000e+00    0.00000e+00   -1.70766e+04    0.00000e+00
  2.379   4.830    2.21359e+04    0.00000e+00    0.00000e+00    0.00000e+00   -1.70000e+04    0.00000e+00
  2.389   4.840    2.20332e+04    0.00000e+00    0.00000e+00    0.00000e+00   -1.69234e+04    0.00000e+00
  2.399   4.850    2.19305e+04    0.00000e+00    0.00000e+00    0.00000e+00   -1.68468e+04    0.00000e+00
  2.409   4.860    2.18321e+04    0.00000e+00    0.00000e+00    0.00000e+00   -1.67763e+04    0.00000e+00
  2.419   4.870    2.17338e+04    0.00000e+00    0.00000e+00    0.00000e+00   -1.67059e+04    0.00000e+00
  2.428   4.880    2.16354e+04    0.00000e+00    0.00000e+00    0.00000e+00   -1.66355e+04    0.00000e+00
  2.438   4.890    2.15371e+04    0.00000e+00    0.00000e+00    0.00000e+00   -1.65651e+04    0.00000e+00
  2.448   4.900    2.14387e+04    0.00000e+00    0.00000e+00    0.00000e+00   -1.64947e+04    0.00000e+00
  2.458   4.910    2.13445e+04    0.00000e+00    0.00000e+00    0.00000e+00   -1.64248e+04    0.00000e+00
  2.468   4.920    2.12503e+04    0.00000e+00    0.00000e+00    0.00000e+00   -1.63549e+04    0.00000e+00
  2.478   4.930    2.11561e+04    0.00000e+00    0.00000e+00    0.00000e+00   -1.62849e+04    0.00000e+00
  2.489   4.940    2.10618e+04    0.00000e+00    0.00000e+00    0.00000e+00   -1.62150e+04    0.00000e+00
  2.499   4.950    2.09676e+04    0.00000e+00    0.00000e+00    0.00000e+00   -1.61451e+04    0.00000e+00
  2.509   4.960    2.08773e+04    0.00000e+00    0.00000e+00    0.00000e+00   -1.60903e+04    0.00000e+00
  2.519   4.970    2.07870e+04    0.00000e+00    0.00000e+00    0.00000e+00   -1.60356e+04    0.00000e+00
  2.529   4.980    2.06967e+04    0.00000e+00    0.00000e+00    0.00000e+00   -1.59808e+04    0.00000e+00
  2.539   4.990    2.06064e+04    0.00000e+00    0.00000e+00    0.00000e+00   -1.59260e+04    0.00000e+00
