  0.000   0.010    0.00000e+00    4.20448e+00    0.00000e+00    2.57546e+02    0.00000e+00    0.00000e+00
  0.000   0.020    0.00000e+00    4.20448e+00    0.00000e+00    2.57546e+02    0.00000e+00    0.00000e+00
  0.000   0.030    0.00000e+00    4.20448e+00    0.00000e+00    2.57546e+02    0.00000e+00    0.00000e+00
  0.000   0.040    0.00000e+00    4.20448e+00    0.00000e+00    2.57546e+02    0.00000e+00    0.00000e+00
  0.000   0.050    0.00000e+00    4.20448e+00    0.00000e+00    2.57546e+02    0.00000e+00    0.00000e+00
  0.000   0.060    0.00000e+00    1.13318e+01    0.00000e+00    6.88850e+02    0.00000e+00    0.00000e+00
  0.001   0.070    0.00000e+00    1.84592e+01    0.00000e+00    1.12016e+03    0.00000e+00    0.00000e+00
  0.001   0.080    0.00000e+00    2.55865e+01    0.00000e+00    1.55146e+03    0.00000e+00    0.00000e+00
  0.001   0.090    0.00000e+00    3.27139e+01    0.00000e+00    1.98276e+03    0.00000e+00    0.00000e+00
  0.001   0.100    0.00000e+00    3.98412e+01    0.00000e+00    2.41407e+03    0.00000e+00    0.00000e+00
  0.001   0.110    0.00000e+00    6.78908e+01    0.00000e+00    4.06722e+03    0.00000e+00    0.00000e+00
  0.002   0.120    0.00000e+00    9.59404e+01    0.00000e+00    5.72037e+03    0.00000e+00    0.00000e+00
  0.002   0.130    0.00000e+00    1.23990e+02    0.00000e+00    7.37352e+03    0.00000e+00    0.00000e+00
  0.002   0.140    0.00000e+00    1.52040e+02    0.00000e+00    9.02667e+03    0.00000e+00    0.00000e+00
  0.002   0.150    0.00000e+00    1.80089e+02    0.00000e+00    1.06798e+04    0.00000e+00    0.00000e+00
  0.003   0.160    0.00000e+00    2.73037e+02    0.00000e+00    1.59456e+04    0.00000e+00    0.00000e+00
  0.003   0.170    0.00000e+00    3.65984e+02    0.00000e+00    2.12113e+04    0.00000e+00    0.00000e+00
  0.003   0.180    0.00000e+00    4.58931e+02    0.00000e+00    2.64771e+04    0.00000e+00    0.00000e+00
  0.004   0.190    0.00000e+00    5.51879e+02    0.00000e+00    3.17428e+04    0.00000e+00    0.00000e+00
  0.004   0.200    0.00000e+00    6.44826e+02    0.00000e+00    3.70086e+04    0.00000e+00    0.00000e+00
  0.005   0.210    0.00000e+00    9.19841e+02    0.00000e+00    5.17539e+04    0.00000e+00    0.00000e+00
  0.005   0.220    0.00000e+00    1.19486e+03    0.00000e+00    6.64992e+04    0.00000e+00    0.00000e+00
  0.005   0.230    0.00000e+00    1.46987e+03    0.00000e+00    8.12445e+04    0.00000e+00    0.00000e+00
  0.006   0.240    0.00000e+00    1.74489e+03    0.00000e+00    9.59899e+04    0.00000e+00    0.00000e+00
  0.006   0.250    0.00000e+00    2.01990e+03    0.00000e+00    1.10735e+05    0.00000e+00    0.00000e+00
  0.007   0.260    0.00000e+00    2.67230e+03    0.00000e+00    1.43215e+05    0.00000e+00    0.00000e+00
  0.007   0.270    0.00000e+00    3.32469e+03    0.00000e+00    1.75695e+05    0.00000e+00    0.00000e+00
  0.008   0.280    0.00000e+00    3.97709e+03    0.00000e+00    2.08175e+05    0.00000e+00    0.00000e+00
  0.009   0.290    0.00000e+00    4.62949e+03    0.00000e+00    2.40655e+05    0.00000e+00    0.00000e+00
  0.009   0.300    0.00000e+00    5.28188e+03    0.00000e+00    2.73135e+05    0.00000e+00    0.00000e+00
  0.010   0.310    0.00000e+00    6.47142e+03    0.00000e+00    3.26847e+05    0.00000e+00    0.00000e+00
  0.011   0.320    0.00000e+00    7.66096e+03    0.00000e+00    3.80559e+05    0.00000e+00    0.00000e+00
  0.011   0.330    0.00000e+00    8.85050e+03    0.00000e+00    4.34272e+05    0.00000e+00    0.00000e+00
  0.012   0.340    0.00000e+00    1.00400e+04    0.00000e+00    4.87984e+05    0.00000e+00    0.00000e+00
  0.012   0.350    0.00000e+00    1.12296e+04    0.00000e+00    5.41696e+05    0.00000e+00    0.00000e+00
  0.013   0.360    0.00000e+00    1.30165e+04    0.00000e+00    6.12801e+05    0.00000e+00    0.00000e+00
  0.014   0.370    0.00000e+00    1.48034e+04    0.00000e+00    6.83906e+05    0.00000e+00    0.00000e+00
  0.015   0.380    0.00000e+00    1.65903e+04    0.00000e+00    7.55011e+05    0.00000e+00    0.00000e+00
  0.016   0.390    0.00000e+00    1.83772e+04    0.00000e+00    8.26116e+05    0.00000e+00    0.00000e+00
  0.016   0.400    0.00000e+00    2.01641e+04    0.00000e+00    8.97221e+05    0.00000e+00    0.00000e+00
  0.017   0.410    0.00000e+00    2.25242e+04    0.00000e+00    9.77247e+05    0.00000e+00    0.00000e+00
  0.018   0.420    0.00000e+00    2.48844e+04    0.00000e+00    1.05727e+06    0.00000e+00    0.00000e+00
  0.019   0.430    0.00000e+00    2.72445e+04    0.00000e+00    1.13730e+06    0.00000e+00    0.00000e+00
  0.020   0.440    0.00000e+00    2.96046e+04    0.00000e+00    1.21732e+06    0.00000e+00    0.00000e+00
  0.021   0.450    0.00000e+00    3.19648e+04    0.00000e+00    1.29735e+06    0.00000e+00    0.00000e+00
  0.022   0.460    0.00000e+00    3.48181e+04    0.00000e+00    1.37673e+06    0.00000e+00    0.00000e+00
  0.023   0.470    0.00000e+00    3.76714e+04    0.00000e+00    1.45610e+06    0.00000e+00    0.00000e+00
  0.024   0.480    0.00000e+00    4.05247e+04    0.00000e+00    1.53548e+06    0.00000e+00    0.00000e+00
  0.025   0.490    0.00000e+00    4.33780e+04    0.00000e+00    1.61485e+06    0.00000e+00    0.00000e+00
  0.025   0.500    0.00000e+00    4.62313e+04    0.00000e+00    1.69423e+06    0.00000e+00    0.00000e+00
  0.027   0.510    0.00000e+00    4.94855e+04    0.00000e+00    1.76568e+06    0.00000e+00    0.00000e+00
  0.028   0.520    0.00000e+00    5.27396e+04    0.00000e+00    1.83714e+06    0.00000e+00    0.00000e+00
  0.029   0.530    0.00000e+00    5.59938e+04    0.00000e+00    1.90859e+06    0.00000e+00    0.00000e+00
  0.030   0.540    0.00000e+00    5.92480e+04    0.00000e+00    1.98005e+06    0.00000e+00    0.00000e+00
  0.031   0.550    0.00000e+00    6.25021e+04    0.00000e+00    2.05150e+06    0.00000e+00    0.00000e+00
  0.032   0.560    0.00000e+00    6.60845e+04    0.00000e+00    2.11151e+06    0.00000e+00    0.00000e+00
  0.033   0.570    0.00000e+00    6.96669e+04    0.00000e+00    2.17151e+06    0.00000e+00    0.00000e+00
  0.034   0.580    0.00000e+00    7.32493e+04    0.00000e+00    2.23151e+06    0.00000e+00    0.00000e+00
  0.036   0.590    0.00000e+00    7.68317e+04    0.00000e+00    2.29151e+06    0.00000e+00    0.00000e+00
  0.037   0.600    0.00000e+00    8.04141e+04    0.00000e+00    2.35152e+06    0.00000e+00    0.00000e+00
  0.038   0.610    0.00000e+00    8.42796e+04    0.00000e+00    2.39973e+06    0.00000e+00    0.00000e+00
  0.039   0.620    0.00000e+00    8.81451e+04    0.00000e+00    2.44795e+06    0.00000e+00    0.00000e+00
  0.041   0.630    0.00000e+00    9.20107e+04    0.00000e+00    2.49617e+06    0.00000e+00    0.00000e+00
  0.042   0.640    0.00000e+00    9.58762e+04    0.00000e+00    2.54439e+06    0.00000e+00    0.00000e+00
  0.043   0.650    0.00000e+00    9.97417e+04    0.00000e+00    2.59261e+06    0.00000e+00    0.00000e+00
  0.044   0.660    0.00000e+00    1.03865e+05    0.00000e+00    2.63050e+06    0.00000e+00    0.00000e+00
  0.046   0.670    0.00000e+00    1.07988e+05    0.00000e+00    2.66840e+06    0.00000e+00    0.00000e+00
  0.047   0.680    0.00000e+00    1.12111e+05    0.00000e+00    2.70629e+06    0.00000e+00    0.00000e+00
  0.049   0.690    0.00000e+00    1.16235e+05    0.00000e+00    2.74418e+06    0.00000e+00    0.00000e+00
  0.050   0.700    0.00000e+00    1.20358e+05    0.00000e+00    2.78208e+06    0.00000e+00    0.00000e+00
  0.051   0.710    0.00000e+00    1.24719e+05    0.00000e+00    2.81161e+06    0.00000e+00    0.00000e+00
  0.053   0.720    0.00000e+00    1.29080e+05    0.00000e+00    2.84113e+06    0.00000e+00    0.00000e+00
  0.054   0.730    0.00000e+00    1.33442e+05    0.00000e+00    2.87066e+06    0.00000e+00    0.00000e+00
  0.056   0.740    0.00000e+00    1.37803e+05    0.00000e+00    2.90019e+06    0.00000e+00    0.00000e+00
  0.057   0.750    0.00000e+00    1.42164e+05    0.00000e+00    2.92972e+06    0.00000e+00    0.00000e+00
  0.059   0.760    0.00000e+00    1.46739e+05    0.00000e+00    2.95257e+06    0.00000e+00    0.00000e+00
  0.061   0.770    0.00000e+00    1.51314e+05    0.00000e+00    2.97542e+06    0.00000e+00    0.00000e+00
  0.062   0.780    0.00000e+00    1.55889e+05    0.00000e+00    2.99827e+06    0.00000e+00    0.00000e+00
  0.064   0.790    0.00000e+00    1.60464e+05    0.00000e+00    3.02112e+06    0.00000e+00    0.00000e+00
  0.065   0.800    0.00000e+00    1.65039e+05    0.00000e+00    3.04397e+06    0.00000e+00    0.00000e+00
  0.067   0.810    0.00000e+00    1.69793e+05    0.00000e+00    3.06127e+06    0.00000e+00    0.00000e+00
  0.069   0.820    0.00000e+00    1.74546e+05    0.00000e+00    3.07857e+06    0.00000e+00    0.00000e+00
  0.070   0.830    0.00000e+00    1.79299e+05    0.00000e+00    3.09588e+06    0.00000e+00    0.00000e+00
  0.072   0.840    0.00000e+00    1.84052e+05    0.00000e+00    3.11318e+06    0.00000e+00    0.00000e+00
  0.074   0.850    0.00000e+00    1.88805e+05    0.00000e+00    3.13048e+06    0.00000e+00    0.00000e+00
  0.075   0.860    0.00000e+00    1.93687e+05    0.00000e+00    3.14283e+06    0.00000e+00    0.00000e+00
  0.077   0.870    0.00000e+00    1.98569e+05    0.00000e+00    3.15519e+06    0.00000e+00    0.00000e+00
  0.079   0.880    0.00000e+00    2.03451e+05    0.00000e+00    3.16754e+06    0.00000e+00    0.00000e+00
  0.081   0.890    0.00000e+00    2.08333e+05    0.00000e+00    3.17989e+06    0.00000e+00    0.00000e+00
  0.083   0.900    0.00000e+00    2.13215e+05    0.00000e+00    3.19224e+06    0.00000e+00    0.00000e+00
  0.084   0.910    0.00000e+00    2.18162e+05    0.00000e+00    3.19984e+06    0.00000e+00    0.00000e+00
  0.086   0.920    0.00000e+00    2.23108e+05    0.00000e+00    3.20745e+06    0.00000e+00    0.00000e+00
  0.088   0.930    0.00000e+00    2.28054e+05    0.00000e+00    3.21505e+06    0.00000e+00    0.00000e+00
  0.090   0.940    0.00000e+00    2.33001e+05    0.00000e+00    3.22266e+06    0.00000e+00    0.00000e+00
  0.092   0.950    0.00000e+00    2.37947e+05    0.00000e+00    3.23026e+06    0.00000e+00    0.00000e+00
  0.094   0.960    0.00000e+00    2.42878e+05    0.00000e+00    3.23309e+06    0.00000e+00    0.00000e+00
  0.096   0.970    0.00000e+00    2.47809e+05    0.00000e+00    3.23591e+06    0.00000e+00    0.00000e+00
  0.098   0.980    0.00000e+00    2.52740e+05    0.00000e+00    3.23873e+06    0.00000e+00    0.00000e+00
  0.100   0.990    0.00000e+00    2.57671e+05    0.00000e+00    3.24156e+06    0.00000e+00    0.00000e+00
  0.102   1.000    0.00000e+00    2.62602e+05    0.00000e+00    3.24438e+06    0.00000e+00    0.00000e+00
  0.104   1.010    0.00000e+00    2.67423e+05    0.00000e+00    3.24227e+06    0.00000e+00    0.00000e+00
  0.106   1.020    0.00000e+00    2.72244e+05    0.00000e+00    3.24016e+06    0.00000e+00    0.00000e+00
  0.108   1.030    0.00000e+00    2.77064e+05    0.00000e+00    3.23805e+06    0.00000e+00    0.00000e+00
  0.110   1.040    0.00000e+00    2.81885e+05    0.00000e+00    3.23595e+06    0.00000e+00    0.00000e+00
  0.112   1.050    0.00000e+00    2.86706e+05    0.00000e+00    3.23384e+06    0.00000e+00    0.00000e+00
  0.115   1.060    0.00000e+00    2.91306e+05    0.00000e+00    3.22663e+06    0.00000e+00    0.00000e+00
  0.117   1.070    0.00000e+00    2.95907e+05    0.00000e+00    3.21943e+06    0.00000e+00    0.00000e+00
  0.119   1.080    0.00000e+00    3.00507e+05    0.00000e+00    3.21222e+06    0.00000e+00    0.00000e+00
  0.121   1.090    0.00000e+00    3.05107e+05    0.00000e+00    3.20502e+06    0.00000e+00    0.00000e+00
  0.123   1.100    0.00000e+00    3.09708e+05    0.00000e+00    3.19781e+06    0.00000e+00    0.00000e+00
  0.126   1.110    0.00000e+00    3.13966e+05    0.00000e+00    3.18540e+06    0.00000e+00    0.00000e+00
  0.128   1.120    0.00000e+00    3.18224e+05    0.00000e+00    3.17298e+06    0.00000e+00    0.00000e+00
  0.130   1.130    0.00000e+00    3.22483e+05    0.00000e+00    3.16057e+06    0.00000e+00    0.00000e+00
  0.133   1.140    0.00000e+00    3.26741e+05    0.00000e+00    3.14816e+06    0.00000e+00    0.00000e+00
  0.135   1.150    0.00000e+00    3.30999e+05    0.00000e+00    3.13574e+06    0.00000e+00    0.00000e+00
  0.137   1.160    0.00000e+00    3.34788e+05    0.00000e+00    3.11813e+06    0.00000e+00    0.00000e+00
  0.140   1.170    0.00000e+00    3.38576e+05    0.00000e+00    3.10052e+06    0.00000e+00    0.00000e+00
  0.142   1.180    0.00000e+00    3.42365e+05    0.00000e+00    3.08290e+06    0.00000e+00    0.00000e+00
  0.144   1.190    0.00000e+00    3.46153e+05    0.00000e+00    3.06529e+06    0.00000e+00    0.00000e+00
  0.147   1.200    0.00000e+00    3.49942e+05    0.00000e+00    3.04768e+06    0.00000e+00    0.00000e+00
  0.149   1.210    0.00000e+00    3.53135e+05    0.00000e+00    3.02505e+06    0.00000e+00    0.00000e+00
  0.152   1.220    0.00000e+00    3.56329e+05    0.00000e+00    3.00242e+06    0.00000e+00    0.00000e+00
  0.154   1.230    0.00000e+00    3.59522e+05    0.00000e+00    2.97979e+06    0.00000e+00    0.00000e+00
  0.157   1.240    0.00000e+00    3.62715e+05    0.00000e+00    2.95716e+06    0.00000e+00    0.00000e+00
  0.159   1.250    0.00000e+00    3.65909e+05    0.00000e+00    2.93453e+06    0.00000e+00    0.00000e+00
  0.162   1.260    0.00000e+00    3.68395e+05    0.00000e+00    2.90728e+06    0.00000e+00    0.00000e+00
  0.165   1.270    0.00000e+00    3.70882e+05    0.00000e+00    2.88002e+06    0.00000e+00    0.00000e+00
  0.167   1.280    0.00000e+00    3.73368e+05    0.00000e+00    2.85277e+06    0.00000e+00    0.00000e+00
  0.170   1.290    0.00000e+00    3.75855e+05    0.00000e+00    2.82552e+06    0.00000e+00    0.00000e+00
  0.172   1.300    0.00000e+00    3.78341e+05    0.00000e+00    2.79826e+06    0.00000e+00    0.00000e+00
  0.175   1.310    0.00000e+00    3.80035e+05    0.00000e+00    2.76701e+06    0.00000e+00    0.00000e+00
  0.178   1.320    0.00000e+00    3.81729e+05    0.00000e+00    2.73575e+06    0.00000e+00    0.00000e+00
  0.180   1.330    0.00000e+00    3.83423e+05    0.00000e+00    2.70450e+06    0.00000e+00    0.00000e+00
  0.183   1.340    0.00000e+00    3.85116e+05    0.00000e+00    2.67324e+06    0.00000e+00    0.00000e+00
  0.186   1.350    0.00000e+00    3.86810e+05    0.00000e+00    2.64199e+06    0.00000e+00    0.00000e+00
  0.189   1.360    0.00000e+00    3.87662e+05    0.00000e+00    2.60756e+06    0.00000e+00    0.00000e+00
  0.191   1.370    0.00000e+00    3.88513e+05    0.00000e+00    2.57313e+06    0.00000e+00    0.00000e+00
  0.194   1.380    0.00000e+00    3.89365e+05    0.00000e+00    2.53869e+06    0.00000e+00    0.00000e+00
  0.197   1.390    0.00000e+00    3.90217e+05    0.00000e+00    2.50426e+06    0.00000e+00    0.00000e+00
  0.200   1.400    0.00000e+00    3.91068e+05    0.00000e+00    2.46983e+06    0.00000e+00    0.00000e+00
  0.203   1.410    0.00000e+00    3.91073e+05    0.00000e+00    2.43321e+06    0.00000e+00    0.00000e+00
  0.206   1.420    0.00000e+00    3.91078e+05    0.00000e+00    2.39658e+06    0.00000e+00    0.00000e+00
  0.209   1.430    0.00000e+00    3.91082e+05    0.00000e+00    2.35996e+06    0.00000e+00    0.00000e+00
  0.211   1.440    0.00000e+00    3.91087e+05    0.00000e+00    2.32333e+06    0.00000e+00    0.00000e+00
  0.214   1.450    0.00000e+00    3.91091e+05    0.00000e+00    2.28671e+06    0.00000e+00    0.00000e+00
  0.217   1.460    0.00000e+00    3.90288e+05    0.00000e+00    2.24895e+06    0.00000e+00    0.00000e+00
  0.220   1.470    0.00000e+00    3.89485e+05    0.00000e+00    2.21119e+06    0.00000e+00    0.00000e+00
  0.223   1.480    0.00000e+00    3.88682e+05    0.00000e+00    2.17343e+06    0.00000e+00    0.00000e+00
  0.226   1.490    0.00000e+00    3.87879e+05    0.00000e+00    2.13567e+06    0.00000e+00    0.00000e+00
  0.229   1.500    0.00000e+00    3.87076e+05    0.00000e+00    2.09791e+06    0.00000e+00    0.00000e+00
  0.233   1.510    0.00000e+00    3.85546e+05    0.00000e+00    2.06005e+06    0.00000e+00    0.00000e+00
  0.236   1.520    0.00000e+00    3.84015e+05    0.00000e+00    2.02220e+06    0.00000e+00    0.00000e+00
  0.239   1.530    0.00000e+00    3.82484e+05    0.00000e+00    1.98434e+06    0.00000e+00    0.00000e+00
  0.242   1.540    0.00000e+00    3.80954e+05    0.00000e+00    1.94648e+06    0.00000e+00    0.00000e+00
  0.245   1.550    0.00000e+00    3.79423e+05    0.00000e+00    1.90863e+06    0.00000e+00    0.00000e+00
  0.248   1.560    0.00000e+00    3.77274e+05    0.00000e+00    1.87162e+06    0.00000e+00    0.00000e+00
  0.251   1.570    0.00000e+00    3.75126e+05    0.00000e+00    1.83461e+06    0.00000e+00    0.00000e+00
  0.255   1.580    0.00000e+00    3.72977e+05    0.00000e+00    1.79760e+06    0.00000e+00    0.00000e+00
  0.258   1.590    0.00000e+00    3.70829e+05    0.00000e+00    1.76059e+06    0.00000e+00    0.00000e+00
  0.261   1.600    0.00000e+00    3.68680e+05    0.00000e+00    1.72358e+06    0.00000e+00    0.00000e+00
  0.264   1.610    0.00000e+00    3.66040e+05    0.00000e+00    1.68819e+06    0.00000e+00    0.00000e+00
  0.268   1.620    0.00000e+00    3.63400e+05    0.00000e+00    1.65280e+06    0.00000e+00    0.00000e+00
  0.271   1.630    0.00000e+00    3.60761e+05    0.00000e+00    1.61742e+06    0.00000e+00    0.00000e+00
  0.274   1.640    0.00000e+00    3.58121e+05    0.00000e+00    1.58203e+06    0.00000e+00    0.00000e+00
  0.278   1.650    0.00000e+00    3.55481e+05    0.00000e+00    1.54664e+06    0.00000e+00    0.00000e+00
  0.281   1.660    0.00000e+00    3.52482e+05    0.00000e+00    1.51345e+06    0.00000e+00    0.00000e+00
  0.284   1.670    0.00000e+00    3.49482e+05    0.00000e+00    1.48027e+06    0.00000e+00    0.00000e+00
  0.288   1.680    0.00000e+00    3.46482e+05    0.00000e+00    1.44708e+06    0.00000e+00    0.00000e+00
  0.291   1.690    0.00000e+00    3.43483e+05    0.00000e+00    1.41389e+06    0.00000e+00    0.00000e+00
  0.295   1.700    0.00000e+00    3.40483e+05    0.00000e+00    1.38070e+06    0.00000e+00    0.00000e+00
  0.298   1.710    0.00000e+00    3.37248e+05    0.00000e+00    1.35009e+06    0.00000e+00    0.00000e+00
  0.302   1.720    0.00000e+00    3.34013e+05    0.00000e+00    1.31948e+06    0.00000e+00    0.00000e+00
  0.305   1.730    0.00000e+00    3.30778e+05    0.00000e+00    1.28887e+06    0.00000e+00    0.00000e+00
  0.309   1.740    0.00000e+00    3.27543e+05    0.00000e+00    1.25826e+06    0.00000e+00    0.00000e+00
  0.312   1.750    0.00000e+00    3.24308e+05    0.00000e+00    1.22764e+06    0.00000e+00    0.00000e+00
  0.316   1.760    0.00000e+00    3.20948e+05    0.00000e+00    1.19980e+06    0.00000e+00    0.00000e+00
  0.320   1.770    0.00000e+00    3.17588e+05    0.00000e+00    1.17195e+06    0.00000e+00    0.00000e+00
  0.323   1.780    0.00000e+00    3.14229e+05    0.00000e+00    1.14411e+06    0.00000e+00    0.00000e+00
  0.327   1.790    0.00000e+00    3.10869e+05    0.00000e+00    1.11626e+06    0.00000e+00    0.00000e+00
  0.330   1.800    0.00000e+00    3.07509e+05    0.00000e+00    1.08841e+06    0.00000e+00    0.00000e+00
  0.334   1.810    0.00000e+00    3.04116e+05    0.00000e+00    1.06337e+06    0.00000e+00    0.00000e+00
  0.338   1.820    0.00000e+00    3.00724e+05    0.00000e+00    1.03833e+06    0.00000e+00    0.00000e+00
  0.342   1.830    0.00000e+00    2.97331e+05    0.00000e+00    1.01329e+06    0.00000e+00    0.00000e+00
  0.345   1.840    0.00000e+00    2.93939e+05    0.00000e+00    9.88245e+05    0.00000e+00    0.00000e+00
  0.349   1.850    0.00000e+00    2.90546e+05    0.00000e+00    9.63203e+05    0.00000e+00    0.00000e+00
  0.353   1.860    0.00000e+00    2.87193e+05    0.00000e+00    9.40887e+05    0.00000e+00    0.00000e+00
  0.357   1.870    0.00000e+00    2.83840e+05    0.00000e+00    9.18572e+05    0.00000e+00    0.00000e+00
  0.360   1.880    0.00000e+00    2.80488e+05    0.00000e+00    8.96256e+05    0.00000e+00    0.00000e+00
  0.364   1.890    0.00000e+00    2.77135e+05    0.00000e+00    8.73940e+05    0.00000e+00    0.00000e+00
  0.368   1.900    0.00000e+00    2.73782e+05    0.00000e+00    8.51624e+05    0.00000e+00    0.00000e+00
  0.372   1.910    0.00000e+00    2.70523e+05    0.00000e+00    8.31877e+05    0.00000e+00    0.00000e+00
  0.376   1.920    0.00000e+00    2.67264e+05    0.00000e+00    8.12131e+05    0.00000e+00    0.00000e+00
  0.380   1.930    0.00000e+00    2.64006e+05    0.00000e+00    7.92384e+05    0.00000e+00    0.00000e+00
  0.384   1.940    0.00000e+00    2.60747e+05    0.00000e+00    7.72637e+05    0.00000e+00    0.00000e+00
  0.388   1.950    0.00000e+00    2.57488e+05    0.00000e+00    7.52891e+05    0.00000e+00    0.00000e+00
  0.392   1.960    0.00000e+00    2.54360e+05    0.00000e+00    7.35510e+05    0.00000e+00    0.00000e+00
  0.396   1.970    0.00000e+00    2.51233e+05    0.00000e+00    7.18129e+05    0.00000e+00    0.00000e+00
  0.400   1.980    0.00000e+00    2.48106e+05    0.00000e+00    7.00748e+05    0.00000e+00    0.00000e+00
  0.404   1.990    0.00000e+00    2.44979e+05    0.00000e+00    6.83367e+05    0.00000e+00    0.00000e+00
  0.408   2.000    0.00000e+00    2.41851e+05    0.00000e+00    6.65986e+05    0.00000e+00    0.00000e+00
  0.412   2.010    0.00000e+00    2.38879e+05    0.00000e+00    6.50744e+05    0.00000e+00    0.00000e+00
  0.416   2.020    0.00000e+00    2.35908e+05    0.00000e+00    6.35502e+05    0.00000e+00    0.00000e+00
  0.420   2.030    0.00000e+00    2.32936e+05    0.00000e+00    6.20260e+05    0.00000e+00    0.00000e+00
  0.424   2.040    0.00000e+00    2.29964e+05    0.00000e+00    6.05017e+05    0.00000e+00    0.00000e+00
  0.429   2.050    0.00000e+00    2.26992e+05    0.00000e+00    5.89775e+05    0.00000e+00    0.00000e+00
  0.433   2.060    0.00000e+00    2.24190e+05    0.00000e+00    5.76442e+05    0.00000e+00    0.00000e+00
  0.437   2.070    0.00000e+00    2.21387e+05    0.00000e+00    5.63109e+05    0.00000e+00    0.00000e+00
  0.441   2.080    0.00000e+00    2.18585e+05    0.00000e+00    5.49776e+05    0.00000e+00    0.00000e+00
  0.445   2.090    0.00000e+00    2.15782e+05    0.00000e+00    5.36443e+05    0.00000e+00    0.00000e+00
  0.450   2.100    0.00000e+00    2.12980e+05    0.00000e+00    5.23110e+05    0.00000e+00    0.00000e+00
  0.454   2.110    0.00000e+00    2.10352e+05    0.00000e+00    5.11462e+05    0.00000e+00    0.00000e+00
  0.458   2.120    0.00000e+00    2.07724e+05    0.00000e+00    4.99815e+05    0.00000e+00    0.00000e+00
  0.463   2.130    0.00000e+00    2.05095e+05    0.00000e+00    4.88167e+05    0.00000e+00    0.00000e+00
  0.467   2.140    0.00000e+00    2.02467e+05    0.00000e+00    4.76520e+05    0.00000e+00    0.00000e+00
  0.471   2.150    0.00000e+00    1.99839e+05    0.00000e+00    4.64872e+05    0.00000e+00    0.00000e+00
  0.476   2.160    0.00000e+00    1.97385e+05    0.00000e+00    4.54701e+05    0.00000e+00    0.00000e+00
  0.480   2.170    0.00000e+00    1.94931e+05    0.00000e+00    4.44530e+05    0.00000e+00    0.00000e+00
  0.485   2.180    0.00000e+00    1.92477e+05    0.00000e+00    4.34359e+05    0.00000e+00    0.00000e+00
  0.489   2.190    0.00000e+00    1.90023e+05    0.00000e+00    4.24189e+05    0.00000e+00    0.00000e+00
  0.494   2.200    0.00000e+00    1.87568e+05    0.00000e+00    4.14018e+05    0.00000e+00    0.00000e+00
  0.498   2.210    0.00000e+00    1.85284e+05    0.00000e+00    4.05134e+05    0.00000e+00    0.00000e+00
  0.503   2.220    0.00000e+00    1.82999e+05    0.00000e+00    3.96251e+05    0.00000e+00    0.00000e+00
  0.507   2.230    0.00000e+00    1.80714e+05    0.00000e+00    3.87367e+05    0.00000e+00    0.00000e+00
  0.512   2.240    0.00000e+00    1.78429e+05    0.00000e+00    3.78484e+05    0.00000e+00    0.00000e+00
  0.516   2.250    0.00000e+00    1.76144e+05    0.00000e+00    3.69601e+05    0.00000e+00    0.00000e+00
  0.521   2.260    0.00000e+00    1.74022e+05    0.00000e+00    3.61835e+05    0.00000e+00    0.00000e+00
  0.526   2.270    0.00000e+00    1.71899e+05    0.00000e+00    3.54069e+05    0.00000e+00    0.00000e+00
  0.530   2.280    0.00000e+00    1.69777e+05    0.00000e+00    3.46304e+05    0.00000e+00    0.00000e+00
  0.535   2.290    0.00000e+00    1.67654e+05    0.00000e+00    3.38538e+05    0.00000e+00    0.00000e+00
  0.539   2.300    0.00000e+00    1.65532e+05    0.00000e+00    3.30773e+05    0.00000e+00    0.00000e+00
  0.544   2.310    0.00000e+00    1.63563e+05    0.00000e+00    3.23975e+05    0.00000e+00    0.00000e+00
  0.549   2.320    0.00000e+00    1.61593e+05    0.00000e+00    3.17177e+05    0.00000e+00    0.00000e+00
  0.554   2.330    0.00000e+00    1.59624e+05    0.00000e+00    3.10379e+05    0.00000e+00    0.00000e+00
  0.558   2.340    0.00000e+00    1.57655e+05    0.00000e+00    3.03581e+05    0.00000e+00    0.00000e+00
  0.563   2.350    0.00000e+00    1.55685e+05    0.00000e+00    2.96783e+05    0.00000e+00    0.00000e+00
  0.568   2.360    0.00000e+00    1.53860e+05    0.00000e+00    2.90823e+05    0.00000e+00    0.00000e+00
  0.573   2.370    0.00000e+00    1.52035e+05    0.00000e+00    2.84863e+05    0.00000e+00    0.00000e+00
  0.578   2.380    0.00000e+00    1.50209e+05    0.00000e+00    2.78904e+05    0.00000e+00    0.00000e+00
  0.583   2.390    0.00000e+00    1.48384e+05    0.00000e+00    2.72944e+05    0.00000e+00    0.00000e+00
  0.587   2.400    0.00000e+00    1.46559e+05    0.00000e+00    2.66984e+05    0.00000e+00    0.00000e+00
  0.592   2.410    0.00000e+00    1.44867e+05    0.00000e+00    2.61749e+05    0.00000e+00    0.00000e+00
  0.597   2.420    0.00000e+00    1.43175e+05    0.00000e+00    2.56513e+05    0.00000e+00    0.00000e+00
  0.602   2.430    0.00000e+00    1.41484e+05    0.00000e+00    2.51278e+05    0.00000e+00    0.00000e+00
  0.607   2.440    0.00000e+00    1.39792e+05    0.00000e+00    2.46043e+05    0.00000e+00    0.00000e+00
  0.612   2.450    0.00000e+00    1.38101e+05    0.00000e+00    2.40808e+05    0.00000e+00    0.00000e+00
  0.617   2.460    0.00000e+00    1.36533e+05    0.00000e+00    2.36198e+05    0.00000e+00    0.00000e+00
  0.622   2.470    0.00000e+00    1.34966e+05    0.00000e+00    2.31588e+05    0.00000e+00    0.00000e+00
  0.627   2.480    0.00000e+00    1.33399e+05    0.00000e+00    2.26978e+05    0.00000e+00    0.00000e+00
  0.632   2.490    0.00000e+00    1.31831e+05    0.00000e+00    2.22368e+05    0.00000e+00    0.00000e+00
  0.637   2.500    0.00000e+00    1.30264e+05    0.00000e+00    2.17758e+05    0.00000e+00    0.00000e+00
  0.642   2.510    0.00000e+00    1.28811e+05    0.00000e+00    2.13692e+05    0.00000e+00    0.00000e+00
  0.648   2.520    0.00000e+00    1.27358e+05    0.00000e+00    2.09625e+05    0.00000e+00    0.00000e+00
  0.653   2.530    0.00000e+00    1.25905e+05    0.00000e+00    2.05558e+05    0.00000e+00    0.00000e+00
  0.658   2.540    0.00000e+00    1.24452e+05    0.00000e+00    2.01491e+05    0.00000e+00    0.00000e+00
  0.663   2.550    0.00000e+00    1.22999e+05    0.00000e+00    1.97425e+05    0.00000e+00    0.00000e+00
  0.668   2.560    0.00000e+00    1.21651e+05    0.00000e+00    1.93830e+05    0.00000e+00    0.00000e+00
  0.674   2.570    0.00000e+00    1.20304e+05    0.00000e+00    1.90235e+05    0.00000e+00    0.00000e+00
  0.679   2.580    0.00000e+00    1.18957e+05    0.00000e+00    1.86640e+05    0.00000e+00    0.00000e+00
  0.684   2.590    0.00000e+00    1.17609e+05    0.00000e+00    1.83045e+05    0.00000e+00    0.00000e+00
  0.689   2.600    0.00000e+00    1.16262e+05    0.00000e+00    1.79450e+05    0.00000e+00    0.00000e+00
  0.695   2.610    0.00000e+00    1.15011e+05    0.00000e+00    1.76264e+05    0.00000e+00    0.00000e+00
  0.700   2.620    0.00000e+00    1.13761e+05    0.00000e+00    1.73078e+05    0.00000e+00    0.00000e+00
  0.705   2.630    0.00000e+00    1.12511e+05    0.00000e+00    1.69892e+05    0.00000e+00    0.00000e+00
  0.711   2.640    0.00000e+00    1.11260e+05    0.00000e+00    1.66707e+05    0.00000e+00    0.00000e+00
  0.716   2.650    0.00000e+00    1.10010e+05    0.00000e+00    1.63521e+05    0.00000e+00    0.00000e+00
  0.722   2.660    0.00000e+00    1.08849e+05    0.00000e+00    1.60690e+05    0.00000e+00    0.00000e+00
  0.727   2.670    0.00000e+00    1.07688e+05    0.00000e+00    1.57859e+05    0.00000e+00    0.00000e+00
  0.732   2.680    0.00000e+00    1.06526e+05    0.00000e+00    1.55028e+05    0.00000e+00    0.00000e+00
  0.738   2.690    0.00000e+00    1.05365e+05    0.00000e+00    1.52197e+05    0.00000e+00    0.00000e+00
  0.743   2.700    0.00000e+00    1.04204e+05    0.00000e+00    1.49365e+05    0.00000e+00    0.00000e+00
  0.749   2.710    0.00000e+00    1.03125e+05    0.00000e+00    1.46844e+05    0.00000e+00    0.00000e+00
  0.754   2.720    0.00000e+00    1.02045e+05    0.00000e+00    1.44323e+05    0.00000e+00    0.00000e+00
  0.760   2.730    0.00000e+00    1.00966e+05    0.00000e+00    1.41802e+05    0.00000e+00    0.00000e+00
  0.766   2.740    0.00000e+00    9.98867e+04    0.00000e+00    1.39281e+05    0.00000e+00    0.00000e+00
  0.771   2.750    0.00000e+00    9.88075e+04    0.00000e+00    1.36760e+05    0.00000e+00    0.00000e+00
  0.777   2.760    0.00000e+00    9.78033e+04    0.00000e+00    1.34510e+05    0.00000e+00    0.00000e+00
  0.782   2.770    0.00000e+00    9.67992e+04    0.00000e+00    1.32259e+05    0.00000e+00    0.00000e+00
  0.788   2.780    0.00000e+00    9.57951e+04    0.00000e+00    1.30009e+05    0.00000e+00    0.00000e+00
  0.794   2.790    0.00000e+00    9.47910e+04    0.00000e+00    1.27759e+05    0.00000e+00    0.00000e+00
  0.799   2.800    0.00000e+00    9.37869e+04    0.00000e+00    1.25508e+05    0.00000e+00    0.00000e+00
  0.805   2.810    0.00000e+00    9.28518e+04    0.00000e+00    1.23495e+05    0.00000e+00    0.00000e+00
  0.811   2.820    0.00000e+00    9.19167e+04    0.00000e+00    1.21481e+05    0.00000e+00    0.00000e+00
  0.817   2.830    0.00000e+00    9.09816e+04    0.00000e+00    1.19468e+05    0.00000e+00    0.00000e+00
  0.823   2.840    0.00000e+00    9.00465e+04    0.00000e+00    1.17455e+05    0.00000e+00    0.00000e+00
  0.828   2.850    0.00000e+00    8.91114e+04    0.00000e+00    1.15441e+05    0.00000e+00    0.00000e+00
  0.834   2.860    0.00000e+00    8.82398e+04    0.00000e+00    1.13636e+05    0.00000e+00    0.00000e+00
  0.840   2.870    0.00000e+00    8.73683e+04    0.00000e+00    1.11831e+05    0.00000e+00    0.00000e+00
  0.846   2.880    0.00000e+00    8.64968e+04    0.00000e+00    1.10025e+05    0.00000e+00    0.00000e+00
  0.852   2.890    0.00000e+00    8.56253e+04    0.00000e+00    1.08220e+05    0.00000e+00    0.00000e+00
  0.858   2.900    0.00000e+00    8.47538e+04    0.00000e+00    1.06415e+05    0.00000e+00    0.00000e+00
  0.864   2.910    0.00000e+00    8.39407e+04    0.00000e+00    1.04793e+05    0.00000e+00    0.00000e+00
  0.870   2.920    0.00000e+00    8.31276e+04    0.00000e+00    1.03171e+05    0.00000e+00    0.00000e+00
  0.875   2.930    0.00000e+00    8.23145e+04    0.00000e+00    1.01549e+05    0.00000e+00    0.00000e+00
  0.881   2.940    0.00000e+00    8.15014e+04    0.00000e+00    9.99269e+04    0.00000e+00    0.00000e+00
  0.887   2.950    0.00000e+00    8.06883e+04    0.00000e+00    9.83050e+04    0.00000e+00    0.00000e+00
  0.893   2.960    0.00000e+00    7.99288e+04    0.00000e+00    9.68444e+04    0.00000e+00    0.00000e+00
  0.900   2.970    0.00000e+00    7.91694e+04    0.00000e+00    9.53839e+04    0.00000e+00    0.00000e+00
  0.906   2.980    0.00000e+00    7.84100e+04    0.00000e+00    9.39233e+04    0.00000e+00    0.00000e+00
  0.912   2.990    0.00000e+00    7.76506e+04    0.00000e+00    9.24628e+04    0.00000e+00    0.00000e+00
  0.918   3.000    0.00000e+00    7.68912e+04    0.00000e+00    9.10023e+04    0.00000e+00    0.00000e+00
  0.924   3.010    0.00000e+00    7.61814e+04    0.00000e+00    8.96866e+04    0.00000e+00    0.00000e+00
  0.930   3.020    0.00000e+00    7.54716e+04    0.00000e+00    8.83708e+04    0.00000e+00    0.00000e+00
  0.936   3.030    0.00000e+00    7.47618e+04    0.00000e+00    8.70551e+04    0.00000e+00    0.00000e+00
  0.942   3.040    0.00000e+00    7.40521e+04    0.00000e+00    8.57394e+04    0.00000e+00    0.00000e+00
  0.949   3.050    0.00000e+00    7.33423e+04    0.00000e+00    8.44237e+04    0.00000e+00    0.00000e+00
  0.955   3.060    0.00000e+00    7.26782e+04    0.00000e+00    8.32330e+04    0.00000e+00    0.00000e+00
  0.961   3.070    0.00000e+00    7.20140e+04    0.00000e+00    8.20423e+04    0.00000e+00    0.00000e+00
  0.967   3.080    0.00000e+00    7.13499e+04    0.00000e+00    8.08516e+04    0.00000e+00    0.00000e+00
  0.974   3.090    0.00000e+00    7.06858e+04    0.00000e+00    7.96609e+04    0.00000e+00    0.00000e+00
  0.980   3.100    0.00000e+00    7.00217e+04    0.00000e+00    7.84702e+04    0.00000e+00    0.00000e+00
  0.986   3.110    0.00000e+00    6.93995e+04    0.00000e+00    7.73888e+04    0.00000e+00    0.00000e+00
  0.993   3.120    0.00000e+00    6.87773e+04    0.00000e+00    7.63074e+04    0.00000e+00    0.00000e+00
  0.999   3.130    0.00000e+00    6.81552e+04    0.00000e+00    7.52259e+04    0.00000e+00    0.00000e+00
  1.005   3.140    0.00000e+00    6.75330e+04    0.00000e+00    7.41445e+04    0.00000e+00    0.00000e+00
  1.012   3.150    0.00000e+00    6.69108e+04    0.00000e+00    7.30630e+04    0.00000e+00    0.00000e+00
  1.018   3.160    0.00000e+00    6.63276e+04    0.00000e+00    7.20839e+04    0.00000e+00    0.00000e+00
  1.025   3.170    0.00000e+00    6.57443e+04    0.00000e+00    7.11047e+04    0.00000e+00    0.00000e+00
  1.031   3.180    0.00000e+00    6.51610e+04    0.00000e+00    7.01256e+04    0.00000e+00    0.00000e+00
  1.038   3.190    0.00000e+00    6.45777e+04    0.00000e+00    6.91464e+04    0.00000e+00    0.00000e+00
  1.044   3.200    0.00000e+00    6.39945e+04    0.00000e+00    6.81673e+04    0.00000e+00    0.00000e+00
  1.051   3.210    0.00000e+00    6.34473e+04    0.00000e+00    6.72762e+04    0.00000e+00    0.00000e+00
  1.057   3.220    0.00000e+00    6.29001e+04    0.00000e+00    6.63852e+04    0.00000e+00    0.00000e+00
  1.064   3.230    0.00000e+00    6.23529e+04    0.00000e+00    6.54942e+04    0.00000e+00    0.00000e+00
  1.070   3.240    0.00000e+00    6.18057e+04    0.00000e+00    6.46032e+04    0.00000e+00    0.00000e+00
  1.077   3.250    0.00000e+00    6.12585e+04    0.00000e+00    6.37121e+04    0.00000e+00    0.00000e+00
  1.084   3.260    0.00000e+00    6.07447e+04    0.00000e+00    6.29034e+04    0.00000e+00    0.00000e+00
  1.090   3.270    0.00000e+00    6.02309e+04    0.00000e+00    6.20947e+04    0.00000e+00    0.00000e+00
  1.097   3.280    0.00000e+00    5.97171e+04    0.00000e+00    6.12860e+04    0.00000e+00    0.00000e+00
  1.104   3.290    0.00000e+00    5.92033e+04    0.00000e+00    6.04772e+04    0.00000e+00    0.00000e+00
  1.110   3.300    0.00000e+00    5.86896e+04    0.00000e+00    5.96685e+04    0.00000e+00    0.00000e+00
  1.117   3.310    0.00000e+00    5.82067e+04    0.00000e+00    5.89318e+04    0.00000e+00    0.00000e+00
  1.124   3.320    0.00000e+00    5.77239e+04    0.00000e+00    5.81951e+04    0.00000e+00    0.00000e+00
  1.131   3.330    0.00000e+00    5.72411e+04    0.00000e+00    5.74584e+04    0.00000e+00    0.00000e+00
  1.138   3.340    0.00000e+00    5.67583e+04    0.00000e+00    5.67217e+04    0.00000e+00    0.00000e+00
  1.144   3.350    0.00000e+00    5.62755e+04    0.00000e+00    5.59850e+04    0.00000e+00    0.00000e+00
  1.151   3.360    0.00000e+00    5.58210e+04    0.00000e+00    5.53118e+04    0.00000e+00    0.00000e+00
  1.158   3.370    0.00000e+00    5.53665e+04    0.00000e+00    5.46387e+04    0.00000e+00    0.00000e+00
  1.165   3.380    0.00000e+00    5.49120e+04    0.00000e+00    5.39655e+04    0.00000e+00    0.00000e+00
  1.172   3.390    0.00000e+00    5.44576e+04    0.00000e+00    5.32924e+04    0.00000e+00    0.00000e+00
  1.179   3.400    0.00000e+00    5.40031e+04    0.00000e+00    5.26192e+04    0.00000e+00    0.00000e+00
  1.186   3.410    0.00000e+00    5.35756e+04    0.00000e+00    5.20057e+04    0.00000e+00    0.00000e+00
  1.193   3.420    0.00000e+00    5.31480e+04    0.00000e+00    5.13923e+04    0.00000e+00    0.00000e+00
  1.200   3.430    0.00000e+00    5.27205e+04    0.00000e+00    5.07788e+04    0.00000e+00    0.00000e+00
  1.207   3.440    0.00000e+00    5.22930e+04    0.00000e+00    5.01653e+04    0.00000e+00    0.00000e+00
  1.214   3.450    0.00000e+00    5.18654e+04    0.00000e+00    4.95518e+04    0.00000e+00    0.00000e+00
  1.221   3.460    0.00000e+00    5.14624e+04    0.00000e+00    4.89877e+04    0.00000e+00    0.00000e+00
  1.228   3.470    0.00000e+00    5.10594e+04    0.00000e+00    4.84237e+04    0.00000e+00    0.00000e+00
  1.235   3.480    0.00000e+00    5.06565e+04    0.00000e+00    4.78596e+04    0.00000e+00    0.00000e+00
  1.242   3.490    0.00000e+00    5.02535e+04    0.00000e+00    4.72956e+04    0.00000e+00    0.00000e+00
  1.249   3.500    0.00000e+00    4.98505e+04    0.00000e+00    4.67315e+04    0.00000e+00    0.00000e+00
  1.256   3.510    0.00000e+00    4.94705e+04    0.00000e+00    4.62157e+04    0.00000e+00    0.00000e+00
  1.264   3.520    0.00000e+00    4.90906e+04    0.00000e+00    4.57000e+04    0.00000e+00    0.00000e+00
  1.271   3.530    0.00000e+00    4.87107e+04    0.00000e+00    4.51842e+04    0.00000e+00    0.00000e+00
  1.278   3.540    0.00000e+00    4.83307e+04    0.00000e+00    4.46684e+04    0.00000e+00    0.00000e+00
  1.285   3.550    0.00000e+00    4.79508e+04    0.00000e+00    4.41526e+04    0.00000e+00    0.00000e+00
  1.292   3.560    0.00000e+00    4.75922e+04    0.00000e+00    4.36786e+04    0.00000e+00    0.00000e+00
  1.300   3.570    0.00000e+00    4.72336e+04    0.00000e+00    4.32045e+04    0.00000e+00    0.00000e+00
  1.307   3.580    0.00000e+00    4.68750e+04    0.00000e+00    4.27304e+04    0.00000e+00    0.00000e+00
  1.314   3.590    0.00000e+00    4.65165e+04    0.00000e+00    4.22563e+04    0.00000e+00    0.00000e+00
  1.322   3.600    0.00000e+00    4.61579e+04    0.00000e+00    4.17823e+04    0.00000e+00    0.00000e+00
  1.329   3.610    0.00000e+00    4.58193e+04    0.00000e+00    4.13479e+04    0.00000e+00    0.00000e+00
  1.336   3.620    0.00000e+00    4.54807e+04    0.00000e+00    4.09136e+04    0.00000e+00    0.00000e+00
  1.344   3.630    0.00000e+00    4.51420e+04    0.00000e+00    4.04792e+04    0.00000e+00    0.00000e+00
  1.351   3.640    0.00000e+00    4.48034e+04    0.00000e+00    4.00449e+04    0.00000e+00    0.00000e+00
  1.359   3.650    0.00000e+00    4.44648e+04    0.00000e+00    3.96105e+04    0.00000e+00    0.00000e+00
  1.366   3.660    0.00000e+00    4.41448e+04    0.00000e+00    3.92090e+04    0.00000e+00    0.00000e+00
  1.374   3.670    0.00000e+00    4.38247e+04    0.00000e+00    3.88074e+04    0.00000e+00    0.00000e+00
  1.381   3.680    0.00000e+00    4.35046e+04    0.00000e+00    3.84058e+04    0.00000e+00    0.00000e+00
  1.388   3.690    0.00000e+00    4.31846e+04    0.00000e+00    3.80042e+04    0.00000e+00    0.00000e+00
  1.396   3.700    0.00000e+00    4.28645e+04    0.00000e+00    3.76026e+04    0.00000e+00    0.00000e+00
  1.404   3.710    0.00000e+00    4.25619e+04    0.00000e+00    3.72337e+04    0.00000e+00    0.00000e+00
  1.411   3.720    0.00000e+00    4.22592e+04    0.00000e+00    3.68647e+04    0.00000e+00    0.00000e+00
  1.419   3.730    0.00000e+00    4.19566e+04    0.00000e+00    3.64958e+04    0.00000e+00    0.00000e+00
  1.426   3.740    0.00000e+00    4.16539e+04    0.00000e+00    3.61269e+04    0.00000e+00    0.00000e+00
  1.434   3.750    0.00000e+00    4.13513e+04    0.00000e+00    3.57579e+04    0.00000e+00    0.00000e+00
  1.442   3.760    0.00000e+00    4.10648e+04    0.00000e+00    3.54168e+04    0.00000e+00    0.00000e+00
  1.449   3.770    0.00000e+00    4.07784e+04    0.00000e+00    3.50757e+04    0.00000e+00    0.00000e+00
  1.457   3.780    0.00000e+00    4.04920e+04    0.00000e+00    3.47346e+04    0.00000e+00    0.00000e+00
  1.465   3.790    0.00000e+00    4.02055e+04    0.00000e+00    3.43935e+04    0.00000e+00    0.00000e+00
  1.472   3.800    0.00000e+00    3.99191e+04    0.00000e+00    3.40524e+04    0.00000e+00    0.00000e+00
  1.480   3.810    0.00000e+00    3.96478e+04    0.00000e+00    3.37383e+04    0.00000e+00    0.00000e+00
  1.488   3.820    0.00000e+00    3.93766e+04    0.00000e+00    3.34242e+04    0.00000e+00    0.00000e+00
  1.496   3.830    0.00000e+00    3.91054e+04    0.00000e+00    3.31101e+04    0.00000e+00    0.00000e+00
  1.504   3.840    0.00000e+00    3.88341e+04    0.00000e+00    3.27961e+04    0.00000e+00    0.00000e+00
  1.511   3.850    0.00000e+00    3.85629e+04    0.00000e+00    3.24820e+04    0.00000e+00    0.00000e+00
  1.519   3.860    0.00000e+00    3.83060e+04    0.00000e+00    3.21920e+04    0.00000e+00    0.00000e+00
  1.527   3.870    0.00000e+00    3.80490e+04    0.00000e+00    3.19020e+04    0.00000e+00    0.00000e+00
  1.535   3.880    0.00000e+00    3.77921e+04    0.00000e+00    3.16120e+04    0.00000e+00    0.00000e+00
  1.543   3.890    0.00000e+00    3.75352e+04    0.00000e+00    3.13220e+04    0.00000e+00    0.00000e+00
  1.551   3.900    0.00000e+00    3.72783e+04    0.00000e+00    3.10320e+04    0.00000e+00    0.00000e+00
  1.559   3.910    0.00000e+00    3.70346e+04    0.00000e+00    3.07638e+04    0.00000e+00    0.00000e+00
  1.567   3.920    0.00000e+00    3.67910e+04    0.00000e+00    3.04957e+04    0.00000e+00    0.00000e+00
  1.575   3.930    0.00000e+00    3.65473e+04    0.00000e+00    3.02276e+04    0.00000e+00    0.00000e+00
  1.583   3.940    0.00000e+00    3.63037e+04    0.00000e+00    2.99594e+04    0.00000e+00    0.00000e+00
  1.591   3.950    0.00000e+00    3.60601e+04    0.00000e+00    2.96913e+04    0.00000e+00    0.00000e+00
  1.599   3.960    0.00000e+00    3.58289e+04    0.00000e+00    2.94420e+04    0.00000e+00    0.00000e+00
  1.607   3.970    0.00000e+00    3.55977e+04    0.00000e+00    2.91928e+04    0.00000e+00    0.00000e+00
  1.615   3.980    0.00000e+00    3.53665e+04    0.00000e+00    2.89435e+04    0.00000e+00    0.00000e+00
  1.623   3.990    0.00000e+00    3.51353e+04    0.00000e+00    2.86943e+04    0.00000e+00    0.00000e+00
  1.632   4.000    0.00000e+00    3.49041e+04    0.00000e+00    2.84450e+04    0.00000e+00    0.00000e+00
  1.640   4.010    0.00000e+00    3.46846e+04    0.00000e+00    2.82124e+04    0.00000e+00    0.00000e+00
  1.648   4.020    0.00000e+00    3.44652e+04    0.00000e+00    2.79799e+04    0.00000e+00    0.00000e+00
  1.656   4.030    0.00000e+00    3.42457e+04    0.00000e+00    2.77473e+04    0.00000e+00    0.00000e+00
  1.664   4.040    0.00000e+00    3.40262e+04    0.00000e+00    2.75147e+04    0.00000e+00    0.00000e+00
  1.673   4.050    0.00000e+00    3.38067e+04    0.00000e+00    2.72821e+04    0.00000e+00    0.00000e+00
  1.681   4.060    0.00000e+00    3.35984e+04    0.00000e+00    2.70705e+04    0.00000e+00    0.00000e+00
  1.689   4.070    0.00000e+00    3.33900e+04    0.00000e+00    2.68590e+04    0.00000e+00    0.00000e+00
  1.698   4.080    0.00000e+00    3.31816e+04    0.00000e+00    2.66474e+04    0.00000e+00    0.00000e+00
  1.706   4.090    0.00000e+00    3.29732e+04    0.00000e+00    2.64358e+04    0.00000e+00    0.00000e+00
  1.714   4.100    0.00000e+00    3.27649e+04    0.00000e+00    2.62242e+04    0.00000e+00    0.00000e+00
  1.723   4.110    0.00000e+00    3.25668e+04    0.00000e+00    2.60291e+04    0.00000e+00    0.00000e+00
  1.731   4.120    0.00000e+00    3.23687e+04    0.00000e+00    2.58341e+04    0.00000e+00    0.00000e+00
  1.739   4.130    0.00000e+00    3.21706e+04    0.00000e+00    2.56390e+04    0.00000e+00    0.00000e+00
  1.748   4.140    0.00000e+00    3.19725e+04    0.00000e+00    2.54439e+04    0.00000e+00    0.00000e+00
  1.756   4.150    0.00000e+00    3.17744e+04    0.00000e+00    2.52489e+04    0.00000e+00    0.00000e+00
  1.765   4.160    0.00000e+00    3.15860e+04    0.00000e+00    2.50617e+04    0.00000e+00    0.00000e+00
  1.773   4.170    0.00000e+00    3.13976e+04    0.00000e+00    2.48745e+04    0.00000e+00    0.00000e+00
  1.782   4.180    0.00000e+00    3.12092e+04    0.00000e+00    2.46873e+04    0.00000e+00    0.00000e+00
  1.790   4.190    0.00000e+00    3.10208e+04    0.00000e+00    2.45001e+04    0.00000e+00    0.00000e+00
  1.799   4.200    0.00000e+00    3.08324e+04    0.00000e+00    2.43128e+04    0.00000e+00    0.00000e+00
  1.807   4.210    0.00000e+00    3.06531e+04    0.00000e+00    2.41433e+04    0.00000e+00    0.00000e+00
  1.816   4.220    0.00000e+00    3.04739e+04    0.00000e+00    2.39738e+04    0.00000e+00    0.00000e+00
  1.825   4.230    0.00000e+00    3.02946e+04    0.00000e+00    2.38043e+04    0.00000e+00    0.00000e+00
  1.833   4.240    0.00000e+00    3.01154e+04    0.00000e+00    2.36348e+04    0.00000e+00    0.00000e+00
  1.842   4.250    0.00000e+00    2.99361e+04    0.00000e+00    2.34652e+04    0.00000e+00    0.00000e+00
  1.851   4.260    0.00000e+00    2.97656e+04    0.00000e+00    2.33083e+04    0.00000e+00    0.00000e+00
  1.859   4.270    0.00000e+00    2.95951e+04    0.00000e+00    2.31513e+04    0.00000e+00    0.00000e+00
  1.868   4.280    0.00000e+00    2.94246e+04    0.00000e+00    2.29943e+04    0.00000e+00    0.00000e+00
  1.877   4.290    0.00000e+00    2.92540e+04    0.00000e+00    2.28373e+04    0.00000e+00    0.00000e+00
  1.885   4.300    0.00000e+00    2.90835e+04    0.00000e+00    2.26803e+04    0.00000e+00    0.00000e+00
  1.894   4.310    0.00000e+00    2.89209e+04    0.00000e+00    2.25290e+04    0.00000e+00    0.00000e+00
  1.903   4.320    0.00000e+00    2.87584e+04    0.00000e+00    2.23776e+04    0.00000e+00    0.00000e+00
  1.912   4.330    0.00000e+00    2.85958e+04    0.00000e+00    2.22263e+04    0.00000e+00    0.00000e+00
  1.921   4.340    0.00000e+00    2.84332e+04    0.00000e+00    2.20749e+04    0.00000e+00    0.00000e+00
  1.930   4.350    0.00000e+00    2.82706e+04    0.00000e+00    2.19236e+04    0.00000e+00    0.00000e+00
  1.938   4.360    0.00000e+00    2.81158e+04    0.00000e+00    2.17991e+04    0.00000e+00    0.00000e+00
  1.947   4.370    0.00000e+00    2.79611e+04    0.00000e+00    2.16747e+04    0.00000e+00    0.00000e+00
  1.956   4.380    0.00000e+00    2.78063e+04    0.00000e+00    2.15502e+04    0.00000e+00    0.00000e+00
  1.965   4.390    0.00000e+00    2.76515e+04    0.00000e+00    2.14257e+04    0.00000e+00    0.00000e+00
  1.974   4.400    0.00000e+00    2.74967e+04    0.00000e+00    2.13013e+04    0.00000e+00    0.00000e+00
  1.983   4.410    0.00000e+00    2.73491e+04    0.00000e+00    2.11733e+04    0.00000e+00    0.00000e+00
  1.992   4.420    0.00000e+00    2.72015e+04    0.00000e+00    2.10453e+04    0.00000e+00    0.00000e+00
  2.001   4.430    0.00000e+00    2.70539e+04    0.00000e+00    2.09173e+04    0.00000e+00    0.00000e+00
  2.010   4.440    0.00000e+00    2.69063e+04    0.00000e+00    2.07893e+04    0.00000e+00    0.00000e+00
  2.019   4.450    0.00000e+00    2.67587e+04    0.00000e+00    2.06613e+04    0.00000e+00    0.00000e+00
  2.028   4.460    0.00000e+00    2.66178e+04    0.00000e+00    2.05463e+04    0.00000e+00    0.00000e+00
  2.038   4.470    0.00000e+00    2.64770e+04    0.00000e+00    2.04313e+04    0.00000e+00    0.00000e+00
  2.047   4.480    0.00000e+00    2.63361e+04    0.00000e+00    2.03163e+04    0.00000e+00    0.00000e+00
  2.056   4.490    0.00000e+00    2.61952e+04    0.00000e+00    2.02014e+04    0.00000e+00    0.00000e+00
  2.065   4.500    0.00000e+00    2.60543e+04    0.00000e+00    2.00864e+04    0.00000e+00    0.00000e+00
  2.074   4.510    0.00000e+00    2.59199e+04    0.00000e+00    1.99773e+04    0.00000e+00    0.00000e+00
  2.083   4.520    0.00000e+00    2.57856e+04    0.00000e+00    1.98682e+04    0.00000e+00    0.00000e+00
  2.093   4.530    0.00000e+00    2.56512e+04    0.00000e+00    1.97591e+04    0.00000e+00    0.00000e+00
  2.102   4.540    0.00000e+00    2.55169e+04    0.00000e+00    1.96501e+04    0.00000e+00    0.00000e+00
  2.111   4.550    0.00000e+00    2.53825e+04    0.00000e+00    1.95410e+04    0.00000e+00    0.00000e+00
  2.120   4.560    0.00000e+00    2.52541e+04    0.00000e+00    1.94397e+04    0.00000e+00    0.00000e+00
  2.130   4.570    0.00000e+00    2.51258e+04    0.00000e+00    1.93384e+04    0.00000e+00    0.00000e+00
  2.139   4.580    0.00000e+00    2.49974e+04    0.00000e+00    1.92372e+04    0.00000e+00    0.00000e+00
  2.148   4.590    0.00000e+00    2.48691e+04    0.00000e+00    1.91359e+04    0.00000e+00    0.00000e+00
  2.158   4.600    0.00000e+00    2.47407e+04    0.00000e+00    1.90346e+04    0.00000e+00    0.00000e+00
  2.167   4.610    0.00000e+00    2.46180e+04    0.00000e+00    1.89326e+04    0.00000e+00    0.00000e+00
  2.177   4.620    0.00000e+00    2.44953e+04    0.00000e+00    1.88306e+04    0.00000e+00    0.00000e+00
  2.186   4.630    0.00000e+00    2.43726e+04    0.00000e+00    1.87286e+04    0.00000e+00    0.00000e+00
  2.195   4.640    0.00000e+00    2.42498e+04    0.00000e+00    1.86266e+04    0.00000e+00    0.00000e+00
  2.205   4.650    0.00000e+00    2.41271e+04    0.00000e+00    1.85246e+04    0.00000e+00    0.00000e+00
  2.214   4.660    0.00000e+00    2.40098e+04    0.00000e+00    1.84362e+04    0.00000e+00    0.00000e+00
  2.224   4.670    0.00000e+00    2.38926e+04    0.00000e+00    1.83477e+04    0.00000e+00    0.00000e+00
  2.233   4.680    0.00000e+00    2.37753e+04    0.00000e+00    1.82593e+04    0.00000e+00    0.00000e+00
  2.243   4.690    0.00000e+00    2.36580e+04    0.00000e+00    1.81708e+04    0.00000e+00    0.00000e+00
  2.253   4.700    0.00000e+00    2.35407e+04    0.00000e+00    1.80823e+04    0.00000e+00    0.00000e+00
  2.262   4.710    0.00000e+00    2.34286e+04    0.00000e+00    1.79941e+04    0.00000e+00    0.00000e+00
  2.272   4.720    0.00000e+00    2.33165e+04    0.00000e+00    1.79058e+04    0.00000e+00    0.00000e+00
  2.281   4.730    0.00000e+00    2.32044e+04    0.00000e+00    1.78175e+04    0.00000e+00    0.00000e+00
  2.291   4.740    0.00000e+00    2.30923e+04    0.00000e+00    1.77293e+04    0.00000e+00    0.00000e+00
  2.301   4.750    0.00000e+00    2.29802e+04    0.00000e+00    1.76410e+04    0.00000e+00    0.00000e+00
  2.310   4.760    0.00000e+00    2.28728e+04    0.00000e+00    1.75589e+04    0.00000e+00    0.00000e+00
  2.320   4.770    0.00000e+00    2.27655e+04    0.00000e+00    1.74767e+04    0.00000e+00    0.00000e+00
  2.330   4.780    0.00000e+00    2.26582e+04    0.00000e+00    1.73946e+04    0.00000e+00    0.00000e+00
  2.340   4.790    0.00000e+00    2.25508e+04    0.00000e+00    1.73125e+04    0.00000e+00    0.00000e+00
  2.349   4.800    0.00000e+00    2.24435e+04    0.00000e+00    1.72303e+04    0.00000e+00    0.00000e+00
  2.359   4.810    0.00000e+00    2.23408e+04    0.00000e+00    1.71537e+04    0.00000e+00    0.00000e+00
  2.369   4.820    0.00000e+00    2.22381e+04    0.00000e+00    1.70771e+04    0.00000e+00    0.00000e+00
  2.379   4.830    0.00000e+00    2.21354e+04    0.00000e+00    1.70005e+04    0.00000e+00    0.00000e+00
  2.389   4.840    0.00000e+00    2.20327e+04    0.00000e+00    1.69239e+04    0.00000e+00    0.00000e+00
  2.399   4.850    0.00000e+00    2.19300e+04    0.00000e+00    1.68473e+04    0.00000e+00    0.00000e+00
  2.409   4.860    0.00000e+00    2.18316e+04    0.00000e+00    1.67769e+04    0.00000e+00    0.00000e+00
  2.419   4.870    0.00000e+00    2.17332e+04    0.00000e+00    1.67065e+04    0.00000e+00    0.00000e+00
  2.428   4.880    0.00000e+00    2.16349e+04    0.00000e+00    1.66361e+04    0.00000e+00    0.00000e+00
  2.438   4.890    0.00000e+00    2.15365e+04    0.00000e+00    1.65658e+04    0.00000e+00    0.00000e+00
  2.448   4.900    0.00000e+00    2.14381e+04    0.00000e+00    1.64954e+04    0.00000e+00    0.00000e+00
  2.458   4.910    0.00000e+00    2.13439e+04    0.00000e+00    1.64253e+04    0.00000e+00    0.00000e+00
  2.468   4.920    0.00000e+00    2.12496e+04    0.00000e+00    1.63553e+04    0.00000e+00    0.00000e+00
  2.478   4.930    0.00000e+00    2.11554e+04    0.00000e+00    1.62852e+04    0.00000e+00    0.00000e+00
  2.489   4.940    0.00000e+00    2.10612e+04    0.00000e+00    1.62151e+04    0.00000e+00    0.00000e+00
  2.499   4.950    0.00000e+00    2.09670e+04    0.00000e+00    1.61451e+04    0.00000e+00    0.00000e+00
  2.509   4.960    0.00000e+00    2.08767e+04    0.00000e+00    1.60904e+04    0.00000e+00    0.00000e+00
  2.519   4.970    0.00000e+00    2.07864e+04    0.00000e+00    1.60357e+04    0.00000e+00    0.00000e+00
  2.529   4.980    0.00000e+00    2.06962e+04    0.00000e+00    1.59810e+04    0.00000e+00    0.00000e+00
  2.539   4.990    0.00000e+00    2.06059e+04    0.00000e+00    1.59263e+04    0.00000e+00    0.00000e+00
