  0.000   0.010    0.00000e+00    0.00000e+00    4.17974e+01    0.00000e+00    0.00000e+00    0.00000e+00
  0.000   0.020    0.00000e+00    0.00000e+00    4.17974e+01    0.00000e+00    0.00000e+00    0.00000e+00
  0.000   0.030    0.00000e+00    0.00000e+00    4.17974e+01    0.00000e+00    0.00000e+00    0.00000e+00
  0.000   0.040    0.00000e+00    0.00000e+00    4.17974e+01    0.00000e+00    0.00000e+00    0.00000e+00
  0.000   0.050    0.00000e+00    0.00000e+00    4.17974e+01    0.00000e+00    0.00000e+00    0.00000e+00
  0.000   0.060    0.00000e+00    0.00000e+00    4.74711e+01    0.00000e+00    0.00000e+00    0.00000e+00
  0.001   0.070    0.00000e+00    0.00000e+00    5.31448e+01    0.00000e+00    0.00000e+00    0.00000e+00
  0.001   0.080    0.00000e+00    0.00000e+00    5.88185e+01    0.00000e+00    0.00000e+00    0.00000e+00
  0.001   0.090    0.00000e+00    0.00000e+00    6.44922e+01    0.00000e+00    0.00000e+00    0.00000e+00
  0.001   0.100    0.00000e+00    0.00000e+00    7.01658e+01    0.00000e+00    0.00000e+00    0.00000e+00
  0.001   0.110    0.00000e+00    0.00000e+00    6.99948e+01    0.00000e+00    0.00000e+00    0.00000e+00
  0.002   0.120    0.00000e+00    0.00000e+00    6.98239e+01    0.00000e+00    0.00000e+00    0.00000e+00
  0.002   0.130    0.00000e+00    0.00000e+00    6.96529e+01    0.00000e+00    0.00000e+00    0.00000e+00
  0.002   0.140    0.00000e+00    0.00000e+00    6.94819e+01    0.00000e+00    0.00000e+00    0.00000e+00
  0.002   0.150    0.00000e+00    0.00000e+00    6.93109e+01    0.00000e+00    0.00000e+00    0.00000e+00
  0.003   0.160    0.00000e+00    0.00000e+00    6.14297e+01    0.00000e+00    0.00000e+00    0.00000e+00
  0.003   0.170    0.00000e+00    0.00000e+00    5.35485e+01    0.00000e+00    0.00000e+00    0.00000e+00
  0.003   0.180    0.00000e+00    0.00000e+00    4.56673e+01    0.00000e+00    0.00000e+00    0.00000e+00
  0.004   0.190    0.00000e+00    0.00000e+00    3.77862e+01    0.00000e+00    0.00000e+00    0.00000e+00
  0.004   0.200    0.00000e+00    0.00000e+00    2.99050e+01    0.00000e+00    0.00000e+00    0.00000e+00
  0.005   0.210    0.00000e+00    0.00000e+00    2.44141e+01    0.00000e+00    0.00000e+00    0.00000e+00
  0.005   0.220    0.00000e+00    0.00000e+00    1.89233e+01    0.00000e+00    0.00000e+00    0.00000e+00
  0.005   0.230    0.00000e+00    0.00000e+00    1.34324e+01    0.00000e+00    0.00000e+00    0.00000e+00
  0.006   0.240    0.00000e+00    0.00000e+00    7.94156e+00    0.00000e+00    0.00000e+00    0.00000e+00
  0.006   0.250    0.00000e+00    0.00000e+00    2.45071e+00    0.00000e+00    0.00000e+00    0.00000e+00
  0.007   0.260    0.00000e+00    0.00000e+00    3.53613e+01    0.00000e+00    0.00000e+00    0.00000e+00
  0.007   0.270    0.00000e+00    0.00000e+00    6.82720e+01    0.00000e+00    0.00000e+00    0.00000e+00
  0.008   0.280    0.00000e+00    0.00000e+00    1.01183e+02    0.00000e+00    0.00000e+00    0.00000e+00
  0.009   0.290    0.00000e+00    0.00000e+00    1.34093e+02    0.00000e+00    0.00000e+00    0.00000e+00
  0.009   0.300    0.00000e+00    0.00000e+00    1.67004e+02    0.00000e+00    0.00000e+00    0.00000e+00
  0.010   0.310    0.00000e+00    0.00000e+00    2.77279e+02    0.00000e+00    0.00000e+00    0.00000e+00
  0.011   0.320    0.00000e+00    0.00000e+00    3.87555e+02    0.00000e+00    0.00000e+00    0.00000e+00
  0.011   0.330    0.00000e+00    0.00000e+00    4.97830e+02    0.00000e+00    0.00000e+00    0.00000e+00
  0.012   0.340    0.00000e+00    0.00000e+00    6.08106e+02    0.00000e+00    0.00000e+00    0.00000e+00
  0.012   0.350    0.00000e+00    0.00000e+00    7.18382e+02    0.00000e+00    0.00000e+00    0.00000e+00
  0.013   0.360    0.00000e+00    0.00000e+00    9.17082e+02    0.00000e+00    0.00000e+00    0.00000e+00
  0.014   0.370    0.00000e+00    0.00000e+00    1.11578e+03    0.00000e+00    0.00000e+00    0.00000e+00
  0.015   0.380    0.00000e+00    0.00000e+00    1.31448e+03    0.00000e+00    0.00000e+00    0.00000e+00
  0.016   0.390    0.00000e+00    0.00000e+00    1.51318e+03    0.00000e+00    0.00000e+00    0.00000e+00
  0.016   0.400    0.00000e+00    0.00000e+00    1.71188e+03    0.00000e+00    0.00000e+00    0.00000e+00
  0.017   0.410    0.00000e+00    0.00000e+00    1.98343e+03    0.00000e+00    0.00000e+00    0.00000e+00
  0.018   0.420    0.00000e+00    0.00000e+00    2.25498e+03    0.00000e+00    0.00000e+00    0.00000e+00
  0.019   0.430    0.00000e+00    0.00000e+00    2.52653e+03    0.00000e+00    0.00000e+00    0.00000e+00
  0.020   0.440    0.00000e+00    0.00000e+00    2.79807e+03    0.00000e+00    0.00000e+00    0.00000e+00
  0.021   0.450    0.00000e+00    0.00000e+00    3.06962e+03    0.00000e+00    0.00000e+00    0.00000e+00
  0.022   0.460    0.00000e+00    0.00000e+00    3.38243e+03    0.00000e+00    0.00000e+00    0.00000e+00
  0.023   0.470    0.00000e+00    0.00000e+00    3.69524e+03    0.00000e+00    0.00000e+00    0.00000e+00
  0.024   0.480    0.00000e+00    0.00000e+00    4.00805e+03    0.00000e+00    0.00000e+00    0.00000e+00
  0.025   0.490    0.00000e+00    0.00000e+00    4.32086e+03    0.00000e+00    0.00000e+00    0.00000e+00
  0.025   0.500    0.00000e+00    0.00000e+00    4.63367e+03    0.00000e+00    0.00000e+00    0.00000e+00
  0.027   0.510    0.00000e+00    0.00000e+00    4.95407e+03    0.00000e+00    0.00000e+00    0.00000e+00
  0.028   0.520    0.00000e+00    0.00000e+00    5.27446e+03    0.00000e+00    0.00000e+00    0.00000e+00
  0.029   0.530    0.00000e+00    0.00000e+00    5.59485e+03    0.00000e+00    0.00000e+00    0.00000e+00
  0.030   0.540    0.00000e+00    0.00000e+00    5.91524e+03    0.00000e+00    0.00000e+00    0.00000e+00
  0.031   0.550    0.00000e+00    0.00000e+00    6.23563e+03    0.00000e+00    0.00000e+00    0.00000e+00
  0.032   0.560    0.00000e+00    0.00000e+00    6.53767e+03    0.00000e+00    0.00000e+00    0.00000e+00
  0.033   0.570    0.00000e+00    0.00000e+00    6.83971e+03    0.00000e+00    0.00000e+00    0.00000e+00
  0.034   0.580    0.00000e+00    0.00000e+00    7.14175e+03    0.00000e+00    0.00000e+00    0.00000e+00
  0.036   0.590    0.00000e+00    0.00000e+00    7.44379e+03    0.00000e+00    0.00000e+00    0.00000e+00
  0.037   0.600    0.00000e+00    0.00000e+00    7.74583e+03    0.00000e+00    0.00000e+00    0.00000e+00
  0.038   0.610    0.00000e+00    0.00000e+00    8.01345e+03    0.00000e+00    0.00000e+00    0.00000e+00
  0.039   0.620    0.00000e+00    0.00000e+00    8.28106e+03    0.00000e+00    0.00000e+00    0.00000e+00
  0.041   0.630    0.00000e+00    0.00000e+00    8.54867e+03    0.00000e+00    0.00000e+00    0.00000e+00
  0.042   0.640    0.00000e+00    0.00000e+00    8.81629e+03    0.00000e+00    0.00000e+00    0.00000e+00
  0.043   0.650    0.00000e+00    0.00000e+00    9.08390e+03    0.00000e+00    0.00000e+00    0.00000e+00
  0.044   0.660    0.00000e+00    0.00000e+00    9.30833e+03    0.00000e+00    0.00000e+00    0.00000e+00
  0.046   0.670    0.00000e+00    0.00000e+00    9.53276e+03    0.00000e+00    0.00000e+00    0.00000e+00
  0.047   0.680    0.00000e+00    0.00000e+00    9.75719e+03    0.00000e+00    0.00000e+00    0.00000e+00
  0.049   0.690    0.00000e+00    0.00000e+00    9.98162e+03    0.00000e+00    0.00000e+00    0.00000e+00
  0.050   0.700    0.00000e+00    0.00000e+00    1.02060e+04    0.00000e+00    0.00000e+00    0.00000e+00
  0.051   0.710    0.00000e+00    0.00000e+00    1.03827e+04    0.00000e+00    0.00000e+00    0.00000e+00
  0.053   0.720    0.00000e+00    0.00000e+00    1.05594e+04    0.00000e+00    0.00000e+00    0.00000e+00
  0.054   0.730    0.00000e+00    0.00000e+00    1.07361e+04    0.00000e+00    0.00000e+00    0.00000e+00
  0.056   0.740    0.00000e+00    0.00000e+00    1.09128e+04    0.00000e+00    0.00000e+00    0.00000e+00
  0.057   0.750    0.00000e+00    0.00000e+00    1.10895e+04    0.00000e+00    0.00000e+00    0.00000e+00
  0.059   0.760    0.00000e+00    0.00000e+00    1.12161e+04    0.00000e+00    0.00000e+00    0.00000e+00
  0.061   0.770    0.00000e+00    0.00000e+00    1.13427e+04    0.00000e+00    0.00000e+00    0.00000e+00
  0.062   0.780    0.00000e+00    0.00000e+00    1.14693e+04    0.00000e+00    0.00000e+00    0.00000e+00
  0.064   0.790    0.00000e+00    0.00000e+00    1.15959e+04    0.00000e+00    0.00000e+00    0.00000e+00
  0.065   0.800    0.00000e+00    0.00000e+00    1.17225e+04    0.00000e+00    0.00000e+00    0.00000e+00
  0.067   0.810    0.00000e+00    0.00000e+00    1.17982e+04    0.00000e+00    0.00000e+00    0.00000e+00
  0.069   0.820    0.00000e+00    0.00000e+00    1.18740e+04    0.00000e+00    0.00000e+00    0.00000e+00
  0.070   0.830    0.00000e+00    0.00000e+00    1.19498e+04    0.00000e+00    0.00000e+00    0.00000e+00
  0.072   0.840    0.00000e+00    0.00000e+00    1.20256e+04    0.00000e+00    0.00000e+00    0.00000e+00
  0.074   0.850    0.00000e+00    0.00000e+00    1.21014e+04    0.00000e+00    0.00000e+00    0.00000e+00
  0.075   0.860    0.00000e+00    0.00000e+00    1.21273e+04    0.00000e+00    0.00000e+00    0.00000e+00
  0.077   0.870    0.00000e+00    0.00000e+00    1.21533e+04    0.00000e+00    0.00000e+00    0.00000e+00
  0.079   0.880    0.00000e+00    0.00000e+00    1.21792e+04    0.00000e+00    0.00000e+00    0.00000e+00
  0.081   0.890    0.00000e+00    0.00000e+00    1.22052e+04    0.00000e+00    0.00000e+00    0.00000e+00
  0.083   0.900    0.00000e+00    0.00000e+00    1.22311e+04    0.00000e+00    0.00000e+00    0.00000e+00
  0.084   0.910    0.00000e+00    0.00000e+00    1.22099e+04    0.00000e+00    0.00000e+00    0.00000e+00
  0.086   0.920    0.00000e+00    0.00000e+00    1.21888e+04    0.00000e+00    0.00000e+00    0.00000e+00
  0.088   0.930    0.00000e+00    0.00000e+00    1.21676e+04    0.00000e+00    0.00000e+00    0.00000e+00
  0.090   0.940    0.00000e+00    0.00000e+00    1.21464e+04    0.00000e+00    0.00000e+00    0.00000e+00
  0.092   0.950    0.00000e+00    0.00000e+00    1.21253e+04    0.00000e+00    0.00000e+00    0.00000e+00
  0.094   0.960    0.00000e+00    0.00000e+00    1.20617e+04    0.00000e+00    0.00000e+00    0.00000e+00
  0.096   0.970    0.00000e+00    0.00000e+00    1.19982e+04    0.00000e+00    0.00000e+00    0.00000e+00
  0.098   0.980    0.00000e+00    0.00000e+00    1.19346e+04    0.00000e+00    0.00000e+00    0.00000e+00
  0.100   0.990    0.00000e+00    0.00000e+00    1.18711e+04    0.00000e+00    0.00000e+00    0.00000e+00
  0.102   1.000    0.00000e+00    0.00000e+00    1.18076e+04    0.00000e+00    0.00000e+00    0.00000e+00
  0.104   1.010    0.00000e+00    0.00000e+00    1.17077e+04    0.00000e+00    0.00000e+00    0.00000e+00
  0.106   1.020    0.00000e+00    0.00000e+00    1.16079e+04    0.00000e+00    0.00000e+00    0.00000e+00
  0.108   1.030    0.00000e+00    0.00000e+00    1.15080e+04    0.00000e+00    0.00000e+00    0.00000e+00
  0.110   1.040    0.00000e+00    0.00000e+00    1.14081e+04    0.00000e+00    0.00000e+00    0.00000e+00
  0.112   1.050    0.00000e+00    0.00000e+00    1.13083e+04    0.00000e+00    0.00000e+00    0.00000e+00
  0.115   1.060    0.00000e+00    0.00000e+00    1.11791e+04    0.00000e+00    0.00000e+00    0.00000e+00
  0.117   1.070    0.00000e+00    0.00000e+00    1.10500e+04    0.00000e+00    0.00000e+00    0.00000e+00
  0.119   1.080    0.00000e+00    0.00000e+00    1.09208e+04    0.00000e+00    0.00000e+00    0.00000e+00
  0.121   1.090    0.00000e+00    0.00000e+00    1.07917e+04    0.00000e+00    0.00000e+00    0.00000e+00
  0.123   1.100    0.00000e+00    0.00000e+00    1.06625e+04    0.00000e+00    0.00000e+00    0.00000e+00
  0.126   1.110    0.00000e+00    0.00000e+00    1.05116e+04    0.00000e+00    0.00000e+00    0.00000e+00
  0.128   1.120    0.00000e+00    0.00000e+00    1.03607e+04    0.00000e+00    0.00000e+00    0.00000e+00
  0.130   1.130    0.00000e+00    0.00000e+00    1.02098e+04    0.00000e+00    0.00000e+00    0.00000e+00
  0.133   1.140    0.00000e+00    0.00000e+00    1.00588e+04    0.00000e+00    0.00000e+00    0.00000e+00
  0.135   1.150    0.00000e+00    0.00000e+00    9.90792e+03    0.00000e+00    0.00000e+00    0.00000e+00
  0.137   1.160    0.00000e+00    0.00000e+00    9.74262e+03    0.00000e+00    0.00000e+00    0.00000e+00
  0.140   1.170    0.00000e+00    0.00000e+00    9.57732e+03    0.00000e+00    0.00000e+00    0.00000e+00
  0.142   1.180    0.00000e+00    0.00000e+00    9.41202e+03    0.00000e+00    0.00000e+00    0.00000e+00
  0.144   1.190    0.00000e+00    0.00000e+00    9.24672e+03    0.00000e+00    0.00000e+00    0.00000e+00
  0.147   1.200    0.00000e+00    0.00000e+00    9.08142e+03    0.00000e+00    0.00000e+00    0.00000e+00
  0.149   1.210    0.00000e+00    0.00000e+00    8.90861e+03    0.00000e+00    0.00000e+00    0.00000e+00
  0.152   1.220    0.00000e+00    0.00000e+00    8.73581e+03    0.00000e+00    0.00000e+00    0.00000e+00
  0.154   1.230    0.00000e+00    0.00000e+00    8.56301e+03    0.00000e+00    0.00000e+00    0.00000e+00
  0.157   1.240    0.00000e+00    0.00000e+00    8.39020e+03    0.00000e+00    0.00000e+00    0.00000e+00
  0.159   1.250    0.00000e+00    0.00000e+00    8.21740e+03    0.00000e+00    0.00000e+00    0.00000e+00
  0.162   1.260    0.00000e+00    0.00000e+00    8.04315e+03    0.00000e+00    0.00000e+00    0.00000e+00
  0.165   1.270    0.00000e+00    0.00000e+00    7.86890e+03    0.00000e+00    0.00000e+00    0.00000e+00
  0.167   1.280    0.00000e+00    0.00000e+00    7.69465e+03    0.00000e+00    0.00000e+00    0.00000e+00
  0.170   1.290    0.00000e+00    0.00000e+00    7.52039e+03    0.00000e+00    0.00000e+00    0.00000e+00
  0.172   1.300    0.00000e+00    0.00000e+00    7.34614e+03    0.00000e+00    0.00000e+00    0.00000e+00
  0.175   1.310    0.00000e+00    0.00000e+00    7.17549e+03    0.00000e+00    0.00000e+00    0.00000e+00
  0.178   1.320    0.00000e+00    0.00000e+00    7.00484e+03    0.00000e+00    0.00000e+00    0.00000e+00
  0.180   1.330    0.00000e+00    0.00000e+00    6.83420e+03    0.00000e+00    0.00000e+00    0.00000e+00
  0.183   1.340    0.00000e+00    0.00000e+00    6.66355e+03    0.00000e+00    0.00000e+00    0.00000e+00
  0.186   1.350    0.00000e+00    0.00000e+00    6.49290e+03    0.00000e+00    0.00000e+00    0.00000e+00
  0.189   1.360    0.00000e+00    0.00000e+00    6.32983e+03    0.00000e+00    0.00000e+00    0.00000e+00
  0.191   1.370    0.00000e+00    0.00000e+00    6.16677e+03    0.00000e+00    0.00000e+00    0.00000e+00
  0.194   1.380    0.00000e+00    0.00000e+00    6.00370e+03    0.00000e+00    0.00000e+00    0.00000e+00
  0.197   1.390    0.00000e+00    0.00000e+00    5.84064e+03    0.00000e+00    0.00000e+00    0.00000e+00
  0.200   1.400    0.00000e+00    0.00000e+00    5.67757e+03    0.00000e+00    0.00000e+00    0.00000e+00
  0.203   1.410    0.00000e+00    0.00000e+00    5.52501e+03    0.00000e+00    0.00000e+00    0.00000e+00
  0.206   1.420    0.00000e+00    0.00000e+00    5.37245e+03    0.00000e+00    0.00000e+00    0.00000e+00
  0.209   1.430    0.00000e+00    0.00000e+00    5.21988e+03    0.00000e+00    0.00000e+00    0.00000e+00
  0.211   1.440    0.00000e+00    0.00000e+00    5.06732e+03    0.00000e+00    0.00000e+00    0.00000e+00
  0.214   1.450    0.00000e+00    0.00000e+00    4.91476e+03    0.00000e+00    0.00000e+00    0.00000e+00
  0.217   1.460    0.00000e+00    0.00000e+00    4.77465e+03    0.00000e+00    0.00000e+00    0.00000e+00
  0.220   1.470    0.00000e+00    0.00000e+00    4.63453e+03    0.00000e+00    0.00000e+00    0.00000e+00
  0.223   1.480    0.00000e+00    0.00000e+00    4.49442e+03    0.00000e+00    0.00000e+00    0.00000e+00
  0.226   1.490    0.00000e+00    0.00000e+00    4.35431e+03    0.00000e+00    0.00000e+00    0.00000e+00
  0.229   1.500    0.00000e+00    0.00000e+00    4.21420e+03    0.00000e+00    0.00000e+00    0.00000e+00
  0.233   1.510    0.00000e+00    0.00000e+00    4.08762e+03    0.00000e+00    0.00000e+00    0.00000e+00
  0.236   1.520    0.00000e+00    0.00000e+00    3.96104e+03    0.00000e+00    0.00000e+00    0.00000e+00
  0.239   1.530    0.00000e+00    0.00000e+00    3.83446e+03    0.00000e+00    0.00000e+00    0.00000e+00
  0.242   1.540    0.00000e+00    0.00000e+00    3.70788e+03    0.00000e+00    0.00000e+00    0.00000e+00
  0.245   1.550    0.00000e+00    0.00000e+00    3.58129e+03    0.00000e+00    0.00000e+00    0.00000e+00
  0.248   1.560    0.00000e+00    0.00000e+00    3.46862e+03    0.00000e+00    0.00000e+00    0.00000e+00
  0.251   1.570    0.00000e+00    0.00000e+00    3.35595e+03    0.00000e+00    0.00000e+00    0.00000e+00
  0.255   1.580    0.00000e+00    0.00000e+00    3.24328e+03    0.00000e+00    0.00000e+00    0.00000e+00
  0.258   1.590    0.00000e+00    0.00000e+00    3.13061e+03    0.00000e+00    0.00000e+00    0.00000e+00
  0.261   1.600    0.00000e+00    0.00000e+00    3.01794e+03    0.00000e+00    0.00000e+00    0.00000e+00
  0.264   1.610    0.00000e+00    0.00000e+00    2.91898e+03    0.00000e+00    0.00000e+00    0.00000e+00
  0.268   1.620    0.00000e+00    0.00000e+00    2.82002e+03    0.00000e+00    0.00000e+00    0.00000e+00
  0.271   1.630    0.00000e+00    0.00000e+00    2.72106e+03    0.00000e+00    0.00000e+00    0.00000e+00
  0.274   1.640    0.00000e+00    0.00000e+00    2.62210e+03    0.00000e+00    0.00000e+00    0.00000e+00
  0.278   1.650    0.00000e+00    0.00000e+00    2.52314e+03    0.00000e+00    0.00000e+00    0.00000e+00
  0.281   1.660    0.00000e+00    0.00000e+00    2.43729e+03    0.00000e+00    0.00000e+00    0.00000e+00
  0.284   1.670    0.00000e+00    0.00000e+00    2.35143e+03    0.00000e+00    0.00000e+00    0.00000e+00
  0.288   1.680    0.00000e+00    0.00000e+00    2.26557e+03    0.00000e+00    0.00000e+00    0.00000e+00
  0.291   1.690    0.00000e+00    0.00000e+00    2.17971e+03    0.00000e+00    0.00000e+00    0.00000e+00
  0.295   1.700    0.00000e+00    0.00000e+00    2.09385e+03    0.00000e+00    0.00000e+00    0.00000e+00
  0.298   1.710    0.00000e+00    0.00000e+00    2.02019e+03    0.00000e+00    0.00000e+00    0.00000e+00
  0.302   1.720    0.00000e+00    0.00000e+00    1.94653e+03    0.00000e+00    0.00000e+00    0.00000e+00
  0.305   1.730    0.00000e+00    0.00000e+00    1.87287e+03    0.00000e+00    0.00000e+00    0.00000e+00
  0.309   1.740    0.00000e+00    0.00000e+00    1.79921e+03    0.00000e+00    0.00000e+00    0.00000e+00
  0.312   1.750    0.00000e+00    0.00000e+00    1.72555e+03    0.00000e+00    0.00000e+00    0.00000e+00
  0.316   1.760    0.00000e+00    0.00000e+00    1.66300e+03    0.00000e+00    0.00000e+00    0.00000e+00
  0.320   1.770    0.00000e+00    0.00000e+00    1.60045e+03    0.00000e+00    0.00000e+00    0.00000e+00
  0.323   1.780    0.00000e+00    0.00000e+00    1.53790e+03    0.00000e+00    0.00000e+00    0.00000e+00
  0.327   1.790    0.00000e+00    0.00000e+00    1.47535e+03    0.00000e+00    0.00000e+00    0.00000e+00
  0.330   1.800    0.00000e+00    0.00000e+00    1.41280e+03    0.00000e+00    0.00000e+00    0.00000e+00
  0.334   1.810    0.00000e+00    0.00000e+00    1.36018e+03    0.00000e+00    0.00000e+00    0.00000e+00
  0.338   1.820    0.00000e+00    0.00000e+00    1.30757e+03    0.00000e+00    0.00000e+00    0.00000e+00
  0.342   1.830    0.00000e+00    0.00000e+00    1.25495e+03    0.00000e+00    0.00000e+00    0.00000e+00
  0.345   1.840    0.00000e+00    0.00000e+00    1.20234e+03    0.00000e+00    0.00000e+00    0.00000e+00
  0.349   1.850    0.00000e+00    0.00000e+00    1.14972e+03    0.00000e+00    0.00000e+00    0.00000e+00
  0.353   1.860    0.00000e+00    0.00000e+00    1.10585e+03    0.00000e+00    0.00000e+00    0.00000e+00
  0.357   1.870    0.00000e+00    0.00000e+00    1.06198e+03    0.00000e+00    0.00000e+00    0.00000e+00
  0.360   1.880    0.00000e+00    0.00000e+00    1.01811e+03    0.00000e+00    0.00000e+00    0.00000e+00
  0.364   1.890    0.00000e+00    0.00000e+00    9.74234e+02    0.00000e+00    0.00000e+00    0.00000e+00
  0.368   1.900    0.00000e+00    0.00000e+00    9.30361e+02    0.00000e+00    0.00000e+00    0.00000e+00
  0.372   1.910    0.00000e+00    0.00000e+00    8.94070e+02    0.00000e+00    0.00000e+00    0.00000e+00
  0.376   1.920    0.00000e+00    0.00000e+00    8.57779e+02    0.00000e+00    0.00000e+00    0.00000e+00
  0.380   1.930    0.00000e+00    0.00000e+00    8.21488e+02    0.00000e+00    0.00000e+00    0.00000e+00
  0.384   1.940    0.00000e+00    0.00000e+00    7.85197e+02    0.00000e+00    0.00000e+00    0.00000e+00
  0.388   1.950    0.00000e+00    0.00000e+00    7.48907e+02    0.00000e+00    0.00000e+00    0.00000e+00
  0.392   1.960    0.00000e+00    0.00000e+00    7.19112e+02    0.00000e+00    0.00000e+00    0.00000e+00
  0.396   1.970    0.00000e+00    0.00000e+00    6.89317e+02    0.00000e+00    0.00000e+00    0.00000e+00
  0.400   1.980    0.00000e+00    0.00000e+00    6.59523e+02    0.00000e+00    0.00000e+00    0.00000e+00
  0.404   1.990    0.00000e+00    0.00000e+00    6.29728e+02    0.00000e+00    0.00000e+00    0.00000e+00
  0.408   2.000    0.00000e+00    0.00000e+00    5.99933e+02    0.00000e+00    0.00000e+00    0.00000e+00
  0.412   2.010    0.00000e+00    0.00000e+00    5.75638e+02    0.00000e+00    0.00000e+00    0.00000e+00
  0.416   2.020    0.00000e+00    0.00000e+00    5.51343e+02    0.00000e+00    0.00000e+00    0.00000e+00
  0.420   2.030    0.00000e+00    0.00000e+00    5.27048e+02    0.00000e+00    0.00000e+00    0.00000e+00
  0.424   2.040    0.00000e+00    0.00000e+00    5.02753e+02    0.00000e+00    0.00000e+00    0.00000e+00
  0.429   2.050    0.00000e+00    0.00000e+00    4.78458e+02    0.00000e+00    0.00000e+00    0.00000e+00
  0.433   2.060    0.00000e+00    0.00000e+00    4.58772e+02    0.00000e+00    0.00000e+00    0.00000e+00
  0.437   2.070    0.00000e+00    0.00000e+00    4.39087e+02    0.00000e+00    0.00000e+00    0.00000e+00
  0.441   2.080    0.00000e+00    0.00000e+00    4.19402e+02    0.00000e+00    0.00000e+00    0.00000e+00
  0.445   2.090    0.00000e+00    0.00000e+00    3.99717e+02    0.00000e+00    0.00000e+00    0.00000e+00
  0.450   2.100    0.00000e+00    0.00000e+00    3.80031e+02    0.00000e+00    0.00000e+00    0.00000e+00
  0.454   2.110    0.00000e+00    0.00000e+00    3.64174e+02    0.00000e+00    0.00000e+00    0.00000e+00
  0.458   2.120    0.00000e+00    0.00000e+00    3.48317e+02    0.00000e+00    0.00000e+00    0.00000e+00
  0.463   2.130    0.00000e+00    0.00000e+00    3.32460e+02    0.00000e+00    0.00000e+00    0.00000e+00
  0.467   2.140    0.00000e+00    0.00000e+00    3.16603e+02    0.00000e+00    0.00000e+00    0.00000e+00
  0.471   2.150    0.00000e+00    0.00000e+00    3.00746e+02    0.00000e+00    0.00000e+00    0.00000e+00
  0.476   2.160    0.00000e+00    0.00000e+00    2.88040e+02    0.00000e+00    0.00000e+00    0.00000e+00
  0.480   2.170    0.00000e+00    0.00000e+00    2.75335e+02    0.00000e+00    0.00000e+00    0.00000e+00
  0.485   2.180    0.00000e+00    0.00000e+00    2.62629e+02    0.00000e+00    0.00000e+00    0.00000e+00
  0.489   2.190    0.00000e+00    0.00000e+00    2.49923e+02    0.00000e+00    0.00000e+00    0.00000e+00
  0.494   2.200    0.00000e+00    0.00000e+00    2.37218e+02    0.00000e+00    0.00000e+00    0.00000e+00
  0.498   2.210    0.00000e+00    0.00000e+00    2.27087e+02    0.00000e+00    0.00000e+00    0.00000e+00
  0.503   2.220    0.00000e+00    0.00000e+00    2.16957e+02    0.00000e+00    0.00000e+00    0.00000e+00
  0.507   2.230    0.00000e+00    0.00000e+00    2.06827e+02    0.00000e+00    0.00000e+00    0.00000e+00
  0.512   2.240    0.00000e+00    0.00000e+00    1.96697e+02    0.00000e+00    0.00000e+00    0.00000e+00
  0.516   2.250    0.00000e+00    0.00000e+00    1.86567e+02    0.00000e+00    0.00000e+00    0.00000e+00
  0.521   2.260    0.00000e+00    0.00000e+00    1.78526e+02    0.00000e+00    0.00000e+00    0.00000e+00
  0.526   2.270    0.00000e+00    0.00000e+00    1.70486e+02    0.00000e+00    0.00000e+00    0.00000e+00
  0.530   2.280    0.00000e+00    0.00000e+00    1.62446e+02    0.00000e+00    0.00000e+00    0.00000e+00
  0.535   2.290    0.00000e+00    0.00000e+00    1.54405e+02    0.00000e+00    0.00000e+00    0.00000e+00
  0.539   2.300    0.00000e+00    0.00000e+00    1.46365e+02    0.00000e+00    0.00000e+00    0.00000e+00
  0.544   2.310    0.00000e+00    0.00000e+00    1.40010e+02    0.00000e+00    0.00000e+00    0.00000e+00
  0.549   2.320    0.00000e+00    0.00000e+00    1.33654e+02    0.00000e+00    0.00000e+00    0.00000e+00
  0.554   2.330    0.00000e+00    0.00000e+00    1.27299e+02    0.00000e+00    0.00000e+00    0.00000e+00
  0.558   2.340    0.00000e+00    0.00000e+00    1.20944e+02    0.00000e+00    0.00000e+00    0.00000e+00
  0.563   2.350    0.00000e+00    0.00000e+00    1.14588e+02    0.00000e+00    0.00000e+00    0.00000e+00
  0.568   2.360    0.00000e+00    0.00000e+00    1.09584e+02    0.00000e+00    0.00000e+00    0.00000e+00
  0.573   2.370    0.00000e+00    0.00000e+00    1.04579e+02    0.00000e+00    0.00000e+00    0.00000e+00
  0.578   2.380    0.00000e+00    0.00000e+00    9.95743e+01    0.00000e+00    0.00000e+00    0.00000e+00
  0.583   2.390    0.00000e+00    0.00000e+00    9.45696e+01    0.00000e+00    0.00000e+00    0.00000e+00
  0.587   2.400    0.00000e+00    0.00000e+00    8.95649e+01    0.00000e+00    0.00000e+00    0.00000e+00
  0.592   2.410    0.00000e+00    0.00000e+00    8.56366e+01    0.00000e+00    0.00000e+00    0.00000e+00
  0.597   2.420    0.00000e+00    0.00000e+00    8.17084e+01    0.00000e+00    0.00000e+00    0.00000e+00
  0.602   2.430    0.00000e+00    0.00000e+00    7.77801e+01    0.00000e+00    0.00000e+00    0.00000e+00
  0.607   2.440    0.00000e+00    0.00000e+00    7.38518e+01    0.00000e+00    0.00000e+00    0.00000e+00
  0.612   2.450    0.00000e+00    0.00000e+00    6.99235e+01    0.00000e+00    0.00000e+00    0.00000e+00
  0.617   2.460    0.00000e+00    0.00000e+00    6.68497e+01    0.00000e+00    0.00000e+00    0.00000e+00
  0.622   2.470    0.00000e+00    0.00000e+00    6.37760e+01    0.00000e+00    0.00000e+00    0.00000e+00
  0.627   2.480    0.00000e+00    0.00000e+00    6.07022e+01    0.00000e+00    0.00000e+00    0.00000e+00
  0.632   2.490    0.00000e+00    0.00000e+00    5.76285e+01    0.00000e+00    0.00000e+00    0.00000e+00
  0.637   2.500    0.00000e+00    0.00000e+00    5.45547e+01    0.00000e+00    0.00000e+00    0.00000e+00
  0.642   2.510    0.00000e+00    0.00000e+00    5.21559e+01    0.00000e+00    0.00000e+00    0.00000e+00
  0.648   2.520    0.00000e+00    0.00000e+00    4.97570e+01    0.00000e+00    0.00000e+00    0.00000e+00
  0.653   2.530    0.00000e+00    0.00000e+00    4.73582e+01    0.00000e+00    0.00000e+00    0.00000e+00
  0.658   2.540    0.00000e+00    0.00000e+00    4.49593e+01    0.00000e+00    0.00000e+00    0.00000e+00
  0.663   2.550    0.00000e+00    0.00000e+00    4.25605e+01    0.00000e+00    0.00000e+00    0.00000e+00
  0.668   2.560    0.00000e+00    0.00000e+00    4.06929e+01    0.00000e+00    0.00000e+00    0.00000e+00
  0.674   2.570    0.00000e+00    0.00000e+00    3.88254e+01    0.00000e+00    0.00000e+00    0.00000e+00
  0.679   2.580    0.00000e+00    0.00000e+00    3.69579e+01    0.00000e+00    0.00000e+00    0.00000e+00
  0.684   2.590    0.00000e+00    0.00000e+00    3.50904e+01    0.00000e+00    0.00000e+00    0.00000e+00
  0.689   2.600    0.00000e+00    0.00000e+00    3.32228e+01    0.00000e+00    0.00000e+00    0.00000e+00
  0.695   2.610    0.00000e+00    0.00000e+00    3.17705e+01    0.00000e+00    0.00000e+00    0.00000e+00
  0.700   2.620    0.00000e+00    0.00000e+00    3.03182e+01    0.00000e+00    0.00000e+00    0.00000e+00
  0.705   2.630    0.00000e+00    0.00000e+00    2.88659e+01    0.00000e+00    0.00000e+00    0.00000e+00
  0.711   2.640    0.00000e+00    0.00000e+00    2.74135e+01    0.00000e+00    0.00000e+00    0.00000e+00
  0.716   2.650    0.00000e+00    0.00000e+00    2.59612e+01    0.00000e+00    0.00000e+00    0.00000e+00
  0.722   2.660    0.00000e+00    0.00000e+00    2.48347e+01    0.00000e+00    0.00000e+00    0.00000e+00
  0.727   2.670    0.00000e+00    0.00000e+00    2.37083e+01    0.00000e+00    0.00000e+00    0.00000e+00
  0.732   2.680    0.00000e+00    0.00000e+00    2.25818e+01    0.00000e+00    0.00000e+00    0.00000e+00
  0.738   2.690    0.00000e+00    0.00000e+00    2.14553e+01    0.00000e+00    0.00000e+00    0.00000e+00
  0.743   2.700    0.00000e+00    0.00000e+00    2.03288e+01    0.00000e+00    0.00000e+00    0.00000e+00
  0.749   2.710    0.00000e+00    0.00000e+00    1.94562e+01    0.00000e+00    0.00000e+00    0.00000e+00
  0.754   2.720    0.00000e+00    0.00000e+00    1.85835e+01    0.00000e+00    0.00000e+00    0.00000e+00
  0.760   2.730    0.00000e+00    0.00000e+00    1.77109e+01    0.00000e+00    0.00000e+00    0.00000e+00
  0.766   2.740    0.00000e+00    0.00000e+00    1.68382e+01    0.00000e+00    0.00000e+00    0.00000e+00
  0.771   2.750    0.00000e+00    0.00000e+00    1.59655e+01    0.00000e+00    0.00000e+00    0.00000e+00
  0.777   2.760    0.00000e+00    0.00000e+00    1.52895e+01    0.00000e+00    0.00000e+00    0.00000e+00
  0.782   2.770    0.00000e+00    0.00000e+00    1.46135e+01    0.00000e+00    0.00000e+00    0.00000e+00
  0.788   2.780    0.00000e+00    0.00000e+00    1.39375e+01    0.00000e+00    0.00000e+00    0.00000e+00
  0.794   2.790    0.00000e+00    0.00000e+00    1.32614e+01    0.00000e+00    0.00000e+00    0.00000e+00
  0.799   2.800    0.00000e+00    0.00000e+00    1.25854e+01    0.00000e+00    0.00000e+00    0.00000e+00
  0.805   2.810    0.00000e+00    0.00000e+00    1.20621e+01    0.00000e+00    0.00000e+00    0.00000e+00
  0.811   2.820    0.00000e+00    0.00000e+00    1.15388e+01    0.00000e+00    0.00000e+00    0.00000e+00
  0.817   2.830    0.00000e+00    0.00000e+00    1.10155e+01    0.00000e+00    0.00000e+00    0.00000e+00
  0.823   2.840    0.00000e+00    0.00000e+00    1.04921e+01    0.00000e+00    0.00000e+00    0.00000e+00
  0.828   2.850    0.00000e+00    0.00000e+00    9.96881e+00    0.00000e+00    0.00000e+00    0.00000e+00
  0.834   2.860    0.00000e+00    0.00000e+00    9.56375e+00    0.00000e+00    0.00000e+00    0.00000e+00
  0.840   2.870    0.00000e+00    0.00000e+00    9.15869e+00    0.00000e+00    0.00000e+00    0.00000e+00
  0.846   2.880    0.00000e+00    0.00000e+00    8.75363e+00    0.00000e+00    0.00000e+00    0.00000e+00
  0.852   2.890    0.00000e+00    0.00000e+00    8.34857e+00    0.00000e+00    0.00000e+00    0.00000e+00
  0.858   2.900    0.00000e+00    0.00000e+00    7.94351e+00    0.00000e+00    0.00000e+00    0.00000e+00
  0.864   2.910    0.00000e+00    0.00000e+00    7.62974e+00    0.00000e+00    0.00000e+00    0.00000e+00
  0.870   2.920    0.00000e+00    0.00000e+00    7.31597e+00    0.00000e+00    0.00000e+00    0.00000e+00
  0.875   2.930    0.00000e+00    0.00000e+00    7.00220e+00    0.00000e+00    0.00000e+00    0.00000e+00
  0.881   2.940    0.00000e+00    0.00000e+00    6.68843e+00    0.00000e+00    0.00000e+00    0.00000e+00
  0.887   2.950    0.00000e+00    0.00000e+00    6.37466e+00    0.00000e+00    0.00000e+00    0.00000e+00
  0.893   2.960    0.00000e+00    0.00000e+00    6.13150e+00    0.00000e+00    0.00000e+00    0.00000e+00
  0.900   2.970    0.00000e+00    0.00000e+00    5.88835e+00    0.00000e+00    0.00000e+00    0.00000e+00
  0.906   2.980    0.00000e+00    0.00000e+00    5.64520e+00    0.00000e+00    0.00000e+00    0.00000e+00
  0.912   2.990    0.00000e+00    0.00000e+00    5.40204e+00    0.00000e+00    0.00000e+00    0.00000e+00
  0.918   3.000    0.00000e+00    0.00000e+00    5.15889e+00    0.00000e+00    0.00000e+00    0.00000e+00
  0.924   3.010    0.00000e+00    0.00000e+00    4.97022e+00    0.00000e+00    0.00000e+00    0.00000e+00
  0.930   3.020    0.00000e+00    0.00000e+00    4.78155e+00    0.00000e+00    0.00000e+00    0.00000e+00
  0.936   3.030    0.00000e+00    0.00000e+00    4.59288e+00    0.00000e+00    0.00000e+00    0.00000e+00
  0.942   3.040    0.00000e+00    0.00000e+00    4.40421e+00    0.00000e+00    0.00000e+00    0.00000e+00
  0.949   3.050    0.00000e+00    0.00000e+00    4.21554e+00    0.00000e+00    0.00000e+00    0.00000e+00
  0.955   3.060    0.00000e+00    0.00000e+00    4.06890e+00    0.00000e+00    0.00000e+00    0.00000e+00
  0.961   3.070    0.00000e+00    0.00000e+00    3.92225e+00    0.00000e+00    0.00000e+00    0.00000e+00
  0.967   3.080    0.00000e+00    0.00000e+00    3.77561e+00    0.00000e+00    0.00000e+00    0.00000e+00
  0.974   3.090    0.00000e+00    0.00000e+00    3.62896e+00    0.00000e+00    0.00000e+00    0.00000e+00
  0.980   3.100    0.00000e+00    0.00000e+00    3.48231e+00    0.00000e+00    0.00000e+00    0.00000e+00
  0.986   3.110    0.00000e+00    0.00000e+00    3.36821e+00    0.00000e+00    0.00000e+00    0.00000e+00
  0.993   3.120    0.00000e+00    0.00000e+00    3.25411e+00    0.00000e+00    0.00000e+00    0.00000e+00
  0.999   3.130    0.00000e+00    0.00000e+00    3.14001e+00    0.00000e+00    0.00000e+00    0.00000e+00
  1.005   3.140    0.00000e+00    0.00000e+00    3.02591e+00    0.00000e+00    0.00000e+00    0.00000e+00
  1.012   3.150    0.00000e+00    0.00000e+00    2.91181e+00    0.00000e+00    0.00000e+00    0.00000e+00
  1.018   3.160    0.00000e+00    0.00000e+00    2.82288e+00    0.00000e+00    0.00000e+00    0.00000e+00
  1.025   3.170    0.00000e+00    0.00000e+00    2.73395e+00    0.00000e+00    0.00000e+00    0.00000e+00
  1.031   3.180    0.00000e+00    0.00000e+00    2.64502e+00    0.00000e+00    0.00000e+00    0.00000e+00
  1.038   3.190    0.00000e+00    0.00000e+00    2.55609e+00    0.00000e+00    0.00000e+00    0.00000e+00
  1.044   3.200    0.00000e+00    0.00000e+00    2.46716e+00    0.00000e+00    0.00000e+00    0.00000e+00
  1.051   3.210    0.00000e+00    0.00000e+00    2.39774e+00    0.00000e+00    0.00000e+00    0.00000e+00
  1.057   3.220    0.00000e+00    0.00000e+00    2.32832e+00    0.00000e+00    0.00000e+00    0.00000e+00
  1.064   3.230    0.00000e+00    0.00000e+00    2.25890e+00    0.00000e+00    0.00000e+00    0.00000e+00
  1.070   3.240    0.00000e+00    0.00000e+00    2.18948e+00    0.00000e+00    0.00000e+00    0.00000e+00
  1.077   3.250    0.00000e+00    0.00000e+00    2.12006e+00    0.00000e+00    0.00000e+00    0.00000e+00
  1.084   3.260    0.00000e+00    0.00000e+00    2.06588e+00    0.00000e+00    0.00000e+00    0.00000e+00
  1.090   3.270    0.00000e+00    0.00000e+00    2.01170e+00    0.00000e+00    0.00000e+00    0.00000e+00
  1.097   3.280    0.00000e+00    0.00000e+00    1.95752e+00    0.00000e+00    0.00000e+00    0.00000e+00
  1.104   3.290    0.00000e+00    0.00000e+00    1.90334e+00    0.00000e+00    0.00000e+00    0.00000e+00
  1.110   3.300    0.00000e+00    0.00000e+00    1.84915e+00    0.00000e+00    0.00000e+00    0.00000e+00
  1.117   3.310    0.00000e+00    0.00000e+00    1.80685e+00    0.00000e+00    0.00000e+00    0.00000e+00
  1.124   3.320    0.00000e+00    0.00000e+00    1.76455e+00    0.00000e+00    0.00000e+00    0.00000e+00
  1.131   3.330    0.00000e+00    0.00000e+00    1.72225e+00    0.00000e+00    0.00000e+00    0.00000e+00
  1.138   3.340    0.00000e+00    0.00000e+00    1.67995e+00    0.00000e+00    0.00000e+00    0.00000e+00
  1.144   3.350    0.00000e+00    0.00000e+00    1.63765e+00    0.00000e+00    0.00000e+00    0.00000e+00
  1.151   3.360    0.00000e+00    0.00000e+00    1.60467e+00    0.00000e+00    0.00000e+00    0.00000e+00
  1.158   3.370    0.00000e+00    0.00000e+00    1.57170e+00    0.00000e+00    0.00000e+00    0.00000e+00
  1.165   3.380    0.00000e+00    0.00000e+00    1.53872e+00    0.00000e+00    0.00000e+00    0.00000e+00
  1.172   3.390    0.00000e+00    0.00000e+00    1.50574e+00    0.00000e+00    0.00000e+00    0.00000e+00
  1.179   3.400    0.00000e+00    0.00000e+00    1.47277e+00    0.00000e+00    0.00000e+00    0.00000e+00
  1.186   3.410    0.00000e+00    0.00000e+00    1.44724e+00    0.00000e+00    0.00000e+00    0.00000e+00
  1.193   3.420    0.00000e+00    0.00000e+00    1.42171e+00    0.00000e+00    0.00000e+00    0.00000e+00
  1.200   3.430    0.00000e+00    0.00000e+00    1.39618e+00    0.00000e+00    0.00000e+00    0.00000e+00
  1.207   3.440    0.00000e+00    0.00000e+00    1.37065e+00    0.00000e+00    0.00000e+00    0.00000e+00
  1.214   3.450    0.00000e+00    0.00000e+00    1.34512e+00    0.00000e+00    0.00000e+00    0.00000e+00
  1.221   3.460    0.00000e+00    0.00000e+00    1.32547e+00    0.00000e+00    0.00000e+00    0.00000e+00
  1.228   3.470    0.00000e+00    0.00000e+00    1.30581e+00    0.00000e+00    0.00000e+00    0.00000e+00
  1.235   3.480    0.00000e+00    0.00000e+00    1.28615e+00    0.00000e+00    0.00000e+00    0.00000e+00
  1.242   3.490    0.00000e+00    0.00000e+00    1.26650e+00    0.00000e+00    0.00000e+00    0.00000e+00
  1.249   3.500    0.00000e+00    0.00000e+00    1.24684e+00    0.00000e+00    0.00000e+00    0.00000e+00
  1.256   3.510    0.00000e+00    0.00000e+00    1.23193e+00    0.00000e+00    0.00000e+00    0.00000e+00
  1.264   3.520    0.00000e+00    0.00000e+00    1.21703e+00    0.00000e+00    0.00000e+00    0.00000e+00
  1.271   3.530    0.00000e+00    0.00000e+00    1.20212e+00    0.00000e+00    0.00000e+00    0.00000e+00
  1.278   3.540    0.00000e+00    0.00000e+00    1.18722e+00    0.00000e+00    0.00000e+00    0.00000e+00
  1.285   3.550    0.00000e+00    0.00000e+00    1.17231e+00    0.00000e+00    0.00000e+00    0.00000e+00
  1.292   3.560    0.00000e+00    0.00000e+00    1.16128e+00    0.00000e+00    0.00000e+00    0.00000e+00
  1.300   3.570    0.00000e+00    0.00000e+00    1.15026e+00    0.00000e+00    0.00000e+00    0.00000e+00
  1.307   3.580    0.00000e+00    0.00000e+00    1.13923e+00    0.00000e+00    0.00000e+00    0.00000e+00
  1.314   3.590    0.00000e+00    0.00000e+00    1.12821e+00    0.00000e+00    0.00000e+00    0.00000e+00
  1.322   3.600    0.00000e+00    0.00000e+00    1.11718e+00    0.00000e+00    0.00000e+00    0.00000e+00
  1.329   3.610    0.00000e+00    0.00000e+00    1.10931e+00    0.00000e+00    0.00000e+00    0.00000e+00
  1.336   3.620    0.00000e+00    0.00000e+00    1.10144e+00    0.00000e+00    0.00000e+00    0.00000e+00
  1.344   3.630    0.00000e+00    0.00000e+00    1.09357e+00    0.00000e+00    0.00000e+00    0.00000e+00
  1.351   3.640    0.00000e+00    0.00000e+00    1.08569e+00    0.00000e+00    0.00000e+00    0.00000e+00
  1.359   3.650    0.00000e+00    0.00000e+00    1.07782e+00    0.00000e+00    0.00000e+00    0.00000e+00
  1.366   3.660    0.00000e+00    0.00000e+00    1.07262e+00    0.00000e+00    0.00000e+00    0.00000e+00
  1.374   3.670    0.00000e+00    0.00000e+00    1.06743e+00    0.00000e+00    0.00000e+00    0.00000e+00
  1.381   3.680    0.00000e+00    0.00000e+00    1.06223e+00    0.00000e+00    0.00000e+00    0.00000e+00
  1.388   3.690    0.00000e+00    0.00000e+00    1.05703e+00    0.00000e+00    0.00000e+00    0.00000e+00
  1.396   3.700    0.00000e+00    0.00000e+00    1.05183e+00    0.00000e+00    0.00000e+00    0.00000e+00
  1.404   3.710    0.00000e+00    0.00000e+00    1.04885e+00    0.00000e+00    0.00000e+00    0.00000e+00
  1.411   3.720    0.00000e+00    0.00000e+00    1.04586e+00    0.00000e+00    0.00000e+00    0.00000e+00
  1.419   3.730    0.00000e+00    0.00000e+00    1.04287e+00    0.00000e+00    0.00000e+00    0.00000e+00
  1.426   3.740    0.00000e+00    0.00000e+00    1.03989e+00    0.00000e+00    0.00000e+00    0.00000e+00
  1.434   3.750    0.00000e+00    0.00000e+00    1.03690e+00    0.00000e+00    0.00000e+00    0.00000e+00
  1.442   3.760    0.00000e+00    0.00000e+00    1.03578e+00    0.00000e+00    0.00000e+00    0.00000e+00
  1.449   3.770    0.00000e+00    0.00000e+00    1.03467e+00    0.00000e+00    0.00000e+00    0.00000e+00
  1.457   3.780    0.00000e+00    0.00000e+00    1.03356e+00    0.00000e+00    0.00000e+00    0.00000e+00
  1.465   3.790    0.00000e+00    0.00000e+00    1.03244e+00    0.00000e+00    0.00000e+00    0.00000e+00
  1.472   3.800    0.00000e+00    0.00000e+00    1.03133e+00    0.00000e+00    0.00000e+00    0.00000e+00
  1.480   3.810    0.00000e+00    0.00000e+00    1.03184e+00    0.00000e+00    0.00000e+00    0.00000e+00
  1.488   3.820    0.00000e+00    0.00000e+00    1.03235e+00    0.00000e+00    0.00000e+00    0.00000e+00
  1.496   3.830    0.00000e+00    0.00000e+00    1.03286e+00    0.00000e+00    0.00000e+00    0.00000e+00
  1.504   3.840    0.00000e+00    0.00000e+00    1.03337e+00    0.00000e+00    0.00000e+00    0.00000e+00
  1.511   3.850    0.00000e+00    0.00000e+00    1.03389e+00    0.00000e+00    0.00000e+00    0.00000e+00
  1.519   3.860    0.00000e+00    0.00000e+00    1.03581e+00    0.00000e+00    0.00000e+00    0.00000e+00
  1.527   3.870    0.00000e+00    0.00000e+00    1.03773e+00    0.00000e+00    0.00000e+00    0.00000e+00
  1.535   3.880    0.00000e+00    0.00000e+00    1.03965e+00    0.00000e+00    0.00000e+00    0.00000e+00
  1.543   3.890    0.00000e+00    0.00000e+00    1.04157e+00    0.00000e+00    0.00000e+00    0.00000e+00
  1.551   3.900    0.00000e+00    0.00000e+00    1.04349e+00    0.00000e+00    0.00000e+00    0.00000e+00
  1.559   3.910    0.00000e+00    0.00000e+00    1.04665e+00    0.00000e+00    0.00000e+00    0.00000e+00
  1.567   3.920    0.00000e+00    0.00000e+00    1.04982e+00    0.00000e+00    0.00000e+00    0.00000e+00
  1.575   3.930    0.00000e+00    0.00000e+00    1.05298e+00    0.00000e+00    0.00000e+00    0.00000e+00
  1.583   3.940    0.00000e+00    0.00000e+00    1.05614e+00    0.00000e+00    0.00000e+00    0.00000e+00
  1.591   3.950    0.00000e+00    0.00000e+00    1.05930e+00    0.00000e+00    0.00000e+00    0.00000e+00
  1.599   3.960    0.00000e+00    0.00000e+00    1.06360e+00    0.00000e+00    0.00000e+00    0.00000e+00
  1.607   3.970    0.00000e+00    0.00000e+00    1.06789e+00    0.00000e+00    0.00000e+00    0.00000e+00
  1.615   3.980    0.00000e+00    0.00000e+00    1.07218e+00    0.00000e+00    0.00000e+00    0.00000e+00
  1.623   3.990    0.00000e+00    0.00000e+00    1.07647e+00    0.00000e+00    0.00000e+00    0.00000e+00
  1.632   4.000    0.00000e+00    0.00000e+00    1.08076e+00    0.00000e+00    0.00000e+00    0.00000e+00
  1.640   4.010    0.00000e+00    0.00000e+00    1.08602e+00    0.00000e+00    0.00000e+00    0.00000e+00
  1.648   4.020    0.00000e+00    0.00000e+00    1.09128e+00    0.00000e+00    0.00000e+00    0.00000e+00
  1.656   4.030    0.00000e+00    0.00000e+00    1.09654e+00    0.00000e+00    0.00000e+00    0.00000e+00
  1.664   4.040    0.00000e+00    0.00000e+00    1.10181e+00    0.00000e+00    0.00000e+00    0.00000e+00
  1.673   4.050    0.00000e+00    0.00000e+00    1.10707e+00    0.00000e+00    0.00000e+00    0.00000e+00
  1.681   4.060    0.00000e+00    0.00000e+00    1.11327e+00    0.00000e+00    0.00000e+00    0.00000e+00
  1.689   4.070    0.00000e+00    0.00000e+00    1.11947e+00    0.00000e+00    0.00000e+00    0.00000e+00
  1.698   4.080    0.00000e+00    0.00000e+00    1.12567e+00    0.00000e+00    0.00000e+00    0.00000e+00
  1.706   4.090    0.00000e+00    0.00000e+00    1.13187e+00    0.00000e+00    0.00000e+00    0.00000e+00
  1.714   4.100    0.00000e+00    0.00000e+00    1.13806e+00    0.00000e+00    0.00000e+00    0.00000e+00
  1.723   4.110    0.00000e+00    0.00000e+00    1.14504e+00    0.00000e+00    0.00000e+00    0.00000e+00
  1.731   4.120    0.00000e+00    0.00000e+00    1.15201e+00    0.00000e+00    0.00000e+00    0.00000e+00
  1.739   4.130    0.00000e+00    0.00000e+00    1.15898e+00    0.00000e+00    0.00000e+00    0.00000e+00
  1.748   4.140    0.00000e+00    0.00000e+00    1.16595e+00    0.00000e+00    0.00000e+00    0.00000e+00
  1.756   4.150    0.00000e+00    0.00000e+00    1.17292e+00    0.00000e+00    0.00000e+00    0.00000e+00
  1.765   4.160    0.00000e+00    0.00000e+00    1.18076e+00    0.00000e+00    0.00000e+00    0.00000e+00
  1.773   4.170    0.00000e+00    0.00000e+00    1.18861e+00    0.00000e+00    0.00000e+00    0.00000e+00
  1.782   4.180    0.00000e+00    0.00000e+00    1.19645e+00    0.00000e+00    0.00000e+00    0.00000e+00
  1.790   4.190    0.00000e+00    0.00000e+00    1.20429e+00    0.00000e+00    0.00000e+00    0.00000e+00
  1.799   4.200    0.00000e+00    0.00000e+00    1.21213e+00    0.00000e+00    0.00000e+00    0.00000e+00
  1.807   4.210    0.00000e+00    0.00000e+00    1.22059e+00    0.00000e+00    0.00000e+00    0.00000e+00
  1.816   4.220    0.00000e+00    0.00000e+00    1.22905e+00    0.00000e+00    0.00000e+00    0.00000e+00
  1.825   4.230    0.00000e+00    0.00000e+00    1.23751e+00    0.00000e+00    0.00000e+00    0.00000e+00
  1.833   4.240    0.00000e+00    0.00000e+00    1.24597e+00    0.00000e+00    0.00000e+00    0.00000e+00
  1.842   4.250    0.00000e+00    0.00000e+00    1.25442e+00    0.00000e+00    0.00000e+00    0.00000e+00
  1.851   4.260    0.00000e+00    0.00000e+00    1.26360e+00    0.00000e+00    0.00000e+00    0.00000e+00
  1.859   4.270    0.00000e+00    0.00000e+00    1.27277e+00    0.00000e+00    0.00000e+00    0.00000e+00
  1.868   4.280    0.00000e+00    0.00000e+00    1.28195e+00    0.00000e+00    0.00000e+00    0.00000e+00
  1.877   4.290    0.00000e+00    0.00000e+00    1.29112e+00    0.00000e+00    0.00000e+00    0.00000e+00
  1.885   4.300    0.00000e+00    0.00000e+00    1.30029e+00    0.00000e+00    0.00000e+00    0.00000e+00
  1.894   4.310    0.00000e+00    0.00000e+00    1.31018e+00    0.00000e+00    0.00000e+00    0.00000e+00
  1.903   4.320    0.00000e+00    0.00000e+00    1.32007e+00    0.00000e+00    0.00000e+00    0.00000e+00
  1.912   4.330    0.00000e+00    0.00000e+00    1.32997e+00    0.00000e+00    0.00000e+00    0.00000e+00
  1.921   4.340    0.00000e+00    0.00000e+00    1.33986e+00    0.00000e+00    0.00000e+00    0.00000e+00
  1.930   4.350    0.00000e+00    0.00000e+00    1.34975e+00    0.00000e+00    0.00000e+00    0.00000e+00
  1.938   4.360    0.00000e+00    0.00000e+00    1.36022e+00    0.00000e+00    0.00000e+00    0.00000e+00
  1.947   4.370    0.00000e+00    0.00000e+00    1.37070e+00    0.00000e+00    0.00000e+00    0.00000e+00
  1.956   4.380    0.00000e+00    0.00000e+00    1.38118e+00    0.00000e+00    0.00000e+00    0.00000e+00
  1.965   4.390    0.00000e+00    0.00000e+00    1.39165e+00    0.00000e+00    0.00000e+00    0.00000e+00
  1.974   4.400    0.00000e+00    0.00000e+00    1.40213e+00    0.00000e+00    0.00000e+00    0.00000e+00
  1.983   4.410    0.00000e+00    0.00000e+00    1.41316e+00    0.00000e+00    0.00000e+00    0.00000e+00
  1.992   4.420    0.00000e+00    0.00000e+00    1.42419e+00    0.00000e+00    0.00000e+00    0.00000e+00
  2.001   4.430    0.00000e+00    0.00000e+00    1.43522e+00    0.00000e+00    0.00000e+00    0.00000e+00
  2.010   4.440    0.00000e+00    0.00000e+00    1.44626e+00    0.00000e+00    0.00000e+00    0.00000e+00
  2.019   4.450    0.00000e+00    0.00000e+00    1.45729e+00    0.00000e+00    0.00000e+00    0.00000e+00
  2.028   4.460    0.00000e+00    0.00000e+00    1.46899e+00    0.00000e+00    0.00000e+00    0.00000e+00
  2.038   4.470    0.00000e+00    0.00000e+00    1.48070e+00    0.00000e+00    0.00000e+00    0.00000e+00
  2.047   4.480    0.00000e+00    0.00000e+00    1.49240e+00    0.00000e+00    0.00000e+00    0.00000e+00
  2.056   4.490    0.00000e+00    0.00000e+00    1.50411e+00    0.00000e+00    0.00000e+00    0.00000e+00
  2.065   4.500    0.00000e+00    0.00000e+00    1.51581e+00    0.00000e+00    0.00000e+00    0.00000e+00
  2.074   4.510    0.00000e+00    0.00000e+00    1.52798e+00    0.00000e+00    0.00000e+00    0.00000e+00
  2.083   4.520    0.00000e+00    0.00000e+00    1.54015e+00    0.00000e+00    0.00000e+00    0.00000e+00
  2.093   4.530    0.00000e+00    0.00000e+00    1.55232e+00    0.00000e+00    0.00000e+00    0.00000e+00
  2.102   4.540    0.00000e+00    0.00000e+00    1.56448e+00    0.00000e+00    0.00000e+00    0.00000e+00
  2.111   4.550    0.00000e+00    0.00000e+00    1.57665e+00    0.00000e+00    0.00000e+00    0.00000e+00
  2.120   4.560    0.00000e+00    0.00000e+00    1.58932e+00    0.00000e+00    0.00000e+00    0.00000e+00
  2.130   4.570    0.00000e+00    0.00000e+00    1.60199e+00    0.00000e+00    0.00000e+00    0.00000e+00
  2.139   4.580    0.00000e+00    0.00000e+00    1.61466e+00    0.00000e+00    0.00000e+00    0.00000e+00
  2.148   4.590    0.00000e+00    0.00000e+00    1.62733e+00    0.00000e+00    0.00000e+00    0.00000e+00
  2.158   4.600    0.00000e+00    0.00000e+00    1.64000e+00    0.00000e+00    0.00000e+00    0.00000e+00
  2.167   4.610    0.00000e+00    0.00000e+00    1.65323e+00    0.00000e+00    0.00000e+00    0.00000e+00
  2.177   4.620    0.00000e+00    0.00000e+00    1.66646e+00    0.00000e+00    0.00000e+00    0.00000e+00
  2.186   4.630    0.00000e+00    0.00000e+00    1.67969e+00    0.00000e+00    0.00000e+00    0.00000e+00
  2.195   4.640    0.00000e+00    0.00000e+00    1.69292e+00    0.00000e+00    0.00000e+00    0.00000e+00
  2.205   4.650    0.00000e+00    0.00000e+00    1.70615e+00    0.00000e+00    0.00000e+00    0.00000e+00
  2.214   4.660    0.00000e+00    0.00000e+00    1.71992e+00    0.00000e+00    0.00000e+00    0.00000e+00
  2.224   4.670    0.00000e+00    0.00000e+00    1.73369e+00    0.00000e+00    0.00000e+00    0.00000e+00
  2.233   4.680    0.00000e+00    0.00000e+00    1.74746e+00    0.00000e+00    0.00000e+00    0.00000e+00
  2.243   4.690    0.00000e+00    0.00000e+00    1.76124e+00    0.00000e+00    0.00000e+00    0.00000e+00
  2.253   4.700    0.00000e+00    0.00000e+00    1.77501e+00    0.00000e+00    0.00000e+00    0.00000e+00
  2.262   4.710    0.00000e+00    0.00000e+00    1.78933e+00    0.00000e+00    0.00000e+00    0.00000e+00
  2.272   4.720    0.00000e+00    0.00000e+00    1.80365e+00    0.00000e+00    0.00000e+00    0.00000e+00
  2.281   4.730    0.00000e+00    0.00000e+00    1.81798e+00    0.00000e+00    0.00000e+00    0.00000e+00
  2.291   4.740    0.00000e+00    0.00000e+00    1.83230e+00    0.00000e+00    0.00000e+00    0.00000e+00
  2.301   4.750    0.00000e+00    0.00000e+00    1.84662e+00    0.00000e+00    0.00000e+00    0.00000e+00
  2.310   4.760    0.00000e+00    0.00000e+00    1.86137e+00    0.00000e+00    0.00000e+00    0.00000e+00
  2.320   4.770    0.00000e+00    0.00000e+00    1.87613e+00    0.00000e+00    0.00000e+00    0.00000e+00
  2.330   4.780    0.00000e+00    0.00000e+00    1.89088e+00    0.00000e+00    0.00000e+00    0.00000e+00
  2.340   4.790    0.00000e+00    0.00000e+00    1.90563e+00    0.00000e+00    0.00000e+00    0.00000e+00
  2.349   4.800    0.00000e+00    0.00000e+00    1.92038e+00    0.00000e+00    0.00000e+00    0.00000e+00
  2.359   4.810    0.00000e+00    0.00000e+00    1.93572e+00    0.00000e+00    0.00000e+00    0.00000e+00
  2.369   4.820    0.00000e+00    0.00000e+00    1.95106e+00    0.00000e+00    0.00000e+00    0.00000e+00
  2.379   4.830    0.00000e+00    0.00000e+00    1.96640e+00    0.00000e+00    0.00000e+00    0.00000e+00
  2.389   4.840    0.00000e+00    0.00000e+00    1.98174e+00    0.00000e+00    0.00000e+00    0.00000e+00
  2.399   4.850    0.00000e+00    0.00000e+00    1.99707e+00    0.00000e+00    0.00000e+00    0.00000e+00
  2.409   4.860    0.00000e+00    0.00000e+00    2.01302e+00    0.00000e+00    0.00000e+00    0.00000e+00
  2.419   4.870    0.00000e+00    0.00000e+00    2.02897e+00    0.00000e+00    0.00000e+00    0.00000e+00
  2.428   4.880    0.00000e+00    0.00000e+00    2.04492e+00    0.00000e+00    0.00000e+00    0.00000e+00
  2.438   4.890    0.00000e+00    0.00000e+00    2.06087e+00    0.00000e+00    0.00000e+00    0.00000e+00
  2.448   4.900    0.00000e+00    0.00000e+00    2.07682e+00    0.00000e+00    0.00000e+00    0.00000e+00
  2.458   4.910    0.00000e+00    0.00000e+00    2.09318e+00    0.00000e+00    0.00000e+00    0.00000e+00
  2.468   4.920    0.00000e+00    0.00000e+00    2.10955e+00    0.00000e+00    0.00000e+00    0.00000e+00
  2.478   4.930    0.00000e+00    0.00000e+00    2.12591e+00    0.00000e+00    0.00000e+00    0.00000e+00
  2.489   4.940    0.00000e+00    0.00000e+00    2.14228e+00    0.00000e+00    0.00000e+00    0.00000e+00
  2.499   4.950    0.00000e+00    0.00000e+00    2.15864e+00    0.00000e+00    0.00000e+00    0.00000e+00
  2.509   4.960    0.00000e+00    0.00000e+00    2.17549e+00    0.00000e+00    0.00000e+00    0.00000e+00
  2.519   4.970    0.00000e+00    0.00000e+00    2.19233e+00    0.00000e+00    0.00000e+00    0.00000e+00
  2.529   4.980    0.00000e+00    0.00000e+00    2.20917e+00    0.00000e+00    0.00000e+00    0.00000e+00
  2.539   4.990    0.00000e+00    0.00000e+00    2.22601e+00    0.00000e+00    0.00000e+00    0.00000e+00
