  0.000   0.010    7.37312e-01    1.41868e+05
  0.000   0.020    7.37312e-01    1.41868e+05
  0.000   0.030    7.37312e-01    1.41868e+05
  0.000   0.040    7.37312e-01    1.41868e+05
  0.000   0.050    7.37312e-01    1.41868e+05
  0.000   0.060    1.98764e+00    1.70278e+05
  0.001   0.070    3.23797e+00    1.98688e+05
  0.001   0.080    4.48829e+00    2.27098e+05
  0.001   0.090    5.73862e+00    2.55508e+05
  0.001   0.100    6.98895e+00    2.83918e+05
  0.001   0.110    1.19513e+01    3.12602e+05
  0.002   0.120    1.69136e+01    3.41285e+05
  0.002   0.130    2.18760e+01    3.69968e+05
  0.002   0.140    2.68383e+01    3.98651e+05
  0.002   0.150    3.18007e+01    4.27335e+05
  0.003   0.160    4.86552e+01    4.56847e+05
  0.003   0.170    6.55098e+01    4.86359e+05
  0.003   0.180    8.23643e+01    5.15870e+05
  0.004   0.190    9.92188e+01    5.45382e+05
  0.004   0.200    1.16073e+02    5.74894e+05
  0.005   0.210    1.68366e+02    6.05570e+05
  0.005   0.220    2.20658e+02    6.36246e+05
  0.005   0.230    2.72950e+02    6.66922e+05
  0.006   0.240    3.25242e+02    6.97598e+05
  0.006   0.250    3.77535e+02    7.28274e+05
  0.007   0.260    5.09600e+02    7.58437e+05
  0.007   0.270    6.41664e+02    7.88600e+05
  0.008   0.280    7.73729e+02    8.18762e+05
  0.009   0.290    9.05794e+02    8.48925e+05
  0.009   0.300    1.03786e+03    8.79088e+05
  0.010   0.310    1.29453e+03    9.05012e+05
  0.011   0.320    1.55120e+03    9.30936e+05
  0.011   0.330    1.80788e+03    9.56860e+05
  0.012   0.340    2.06455e+03    9.82785e+05
  0.012   0.350    2.32122e+03    1.00871e+06
  0.013   0.360    2.73210e+03    1.02784e+06
  0.014   0.370    3.14298e+03    1.04697e+06
  0.015   0.380    3.55386e+03    1.06611e+06
  0.016   0.390    3.96474e+03    1.08524e+06
  0.016   0.400    4.37562e+03    1.10437e+06
  0.017   0.410    4.95921e+03    1.11650e+06
  0.018   0.420    5.54280e+03    1.12863e+06
  0.019   0.430    6.12639e+03    1.14075e+06
  0.020   0.440    6.70998e+03    1.15288e+06
  0.021   0.450    7.29357e+03    1.16501e+06
  0.022   0.460    8.06206e+03    1.17125e+06
  0.023   0.470    8.83056e+03    1.17749e+06
  0.024   0.480    9.59905e+03    1.18373e+06
  0.025   0.490    1.03675e+04    1.18997e+06
  0.025   0.500    1.11360e+04    1.19622e+06
  0.027   0.510    1.20991e+04    1.19808e+06
  0.028   0.520    1.30621e+04    1.19994e+06
  0.029   0.530    1.40251e+04    1.20181e+06
  0.030   0.540    1.49881e+04    1.20367e+06
  0.031   0.550    1.59512e+04    1.20554e+06
  0.032   0.560    1.71180e+04    1.20443e+06
  0.033   0.570    1.82849e+04    1.20332e+06
  0.034   0.580    1.94517e+04    1.20222e+06
  0.036   0.590    2.06186e+04    1.20111e+06
  0.037   0.600    2.17854e+04    1.20000e+06
  0.038   0.610    2.31657e+04    1.19702e+06
  0.039   0.620    2.45460e+04    1.19404e+06
  0.041   0.630    2.59262e+04    1.19107e+06
  0.042   0.640    2.73065e+04    1.18809e+06
  0.043   0.650    2.86867e+04    1.18511e+06
  0.044   0.660    3.02898e+04    1.18101e+06
  0.046   0.670    3.18928e+04    1.17692e+06
  0.047   0.680    3.34958e+04    1.17283e+06
  0.049   0.690    3.50988e+04    1.16873e+06
  0.050   0.700    3.67018e+04    1.16464e+06
  0.051   0.710    3.85352e+04    1.15990e+06
  0.053   0.720    4.03686e+04    1.15517e+06
  0.054   0.730    4.22020e+04    1.15043e+06
  0.056   0.740    4.40354e+04    1.14570e+06
  0.057   0.750    4.58688e+04    1.14096e+06
  0.059   0.760    4.79371e+04    1.13585e+06
  0.061   0.770    5.00054e+04    1.13073e+06
  0.062   0.780    5.20737e+04    1.12562e+06
  0.064   0.790    5.41420e+04    1.12050e+06
  0.065   0.800    5.62103e+04    1.11539e+06
  0.067   0.810    5.85124e+04    1.11003e+06
  0.069   0.820    6.08145e+04    1.10467e+06
  0.070   0.830    6.31165e+04    1.09930e+06
  0.072   0.840    6.54186e+04    1.09394e+06
  0.074   0.850    6.77206e+04    1.08858e+06
  0.075   0.860    7.02475e+04    1.08302e+06
  0.077   0.870    7.27744e+04    1.07746e+06
  0.079   0.880    7.53012e+04    1.07190e+06
  0.081   0.890    7.78281e+04    1.06634e+06
  0.083   0.900    8.03550e+04    1.06078e+06
  0.084   0.910    8.30878e+04    1.05502e+06
  0.086   0.920    8.58205e+04    1.04927e+06
  0.088   0.930    8.85533e+04    1.04352e+06
  0.090   0.940    9.12861e+04    1.03776e+06
  0.092   0.950    9.40189e+04    1.03201e+06
  0.094   0.960    9.69253e+04    1.02604e+06
  0.096   0.970    9.98317e+04    1.02007e+06
  0.098   0.980    1.02738e+05    1.01411e+06
  0.100   0.990    1.05645e+05    1.00814e+06
  0.102   1.000    1.08551e+05    1.00217e+06
  0.104   1.010    1.11583e+05    9.95956e+05
  0.106   1.020    1.14615e+05    9.89742e+05
  0.108   1.030    1.17647e+05    9.83529e+05
  0.110   1.040    1.20679e+05    9.77315e+05
  0.112   1.050    1.23711e+05    9.71101e+05
  0.115   1.060    1.26803e+05    9.64606e+05
  0.117   1.070    1.29895e+05    9.58111e+05
  0.119   1.080    1.32987e+05    9.51616e+05
  0.121   1.090    1.36079e+05    9.45122e+05
  0.123   1.100    1.39171e+05    9.38627e+05
  0.126   1.110    1.42239e+05    9.31820e+05
  0.128   1.120    1.45306e+05    9.25013e+05
  0.130   1.130    1.48373e+05    9.18207e+05
  0.133   1.140    1.51441e+05    9.11400e+05
  0.135   1.150    1.54508e+05    9.04594e+05
  0.137   1.160    1.57450e+05    8.97458e+05
  0.140   1.170    1.60391e+05    8.90323e+05
  0.142   1.180    1.63333e+05    8.83187e+05
  0.144   1.190    1.66275e+05    8.76052e+05
  0.147   1.200    1.69216e+05    8.68916e+05
  0.149   1.210    1.71919e+05    8.61455e+05
  0.152   1.220    1.74622e+05    8.53994e+05
  0.154   1.230    1.77326e+05    8.46533e+05
  0.157   1.240    1.80029e+05    8.39071e+05
  0.159   1.250    1.82732e+05    8.31610e+05
  0.162   1.260    1.85079e+05    8.23855e+05
  0.165   1.270    1.87427e+05    8.16100e+05
  0.167   1.280    1.89774e+05    8.08344e+05
  0.170   1.290    1.92122e+05    8.00589e+05
  0.172   1.300    1.94469e+05    7.92834e+05
  0.175   1.310    1.96351e+05    7.84844e+05
  0.178   1.320    1.98233e+05    7.76854e+05
  0.180   1.330    2.00115e+05    7.68864e+05
  0.183   1.340    2.01997e+05    7.60875e+05
  0.186   1.350    2.03879e+05    7.52885e+05
  0.189   1.360    2.05203e+05    7.44748e+05
  0.191   1.370    2.06527e+05    7.36611e+05
  0.194   1.380    2.07851e+05    7.28474e+05
  0.197   1.390    2.09175e+05    7.20337e+05
  0.200   1.400    2.10500e+05    7.12200e+05
  0.203   1.410    2.11202e+05    7.04026e+05
  0.206   1.420    2.11905e+05    6.95851e+05
  0.209   1.430    2.12608e+05    6.87677e+05
  0.211   1.440    2.13310e+05    6.79502e+05
  0.214   1.450    2.14013e+05    6.71327e+05
  0.217   1.460    2.14066e+05    6.63232e+05
  0.220   1.470    2.14119e+05    6.55137e+05
  0.223   1.480    2.14172e+05    6.47042e+05
  0.226   1.490    2.14225e+05    6.38947e+05
  0.229   1.500    2.14277e+05    6.30852e+05
  0.233   1.510    2.13689e+05    6.22954e+05
  0.236   1.520    2.13100e+05    6.15056e+05
  0.239   1.530    2.12511e+05    6.07157e+05
  0.242   1.540    2.11922e+05    5.99259e+05
  0.245   1.550    2.11333e+05    5.91361e+05
  0.248   1.560    2.10143e+05    5.83764e+05
  0.251   1.570    2.08954e+05    5.76167e+05
  0.255   1.580    2.07765e+05    5.68571e+05
  0.258   1.590    2.06575e+05    5.60974e+05
  0.261   1.600    2.05386e+05    5.53377e+05
  0.264   1.610    2.03663e+05    5.46165e+05
  0.268   1.620    2.01941e+05    5.38952e+05
  0.271   1.630    2.00218e+05    5.31739e+05
  0.274   1.640    1.98496e+05    5.24526e+05
  0.278   1.650    1.96773e+05    5.17314e+05
  0.281   1.660    1.94601e+05    5.10543e+05
  0.284   1.670    1.92429e+05    5.03771e+05
  0.288   1.680    1.90256e+05    4.97000e+05
  0.291   1.690    1.88084e+05    4.90229e+05
  0.295   1.700    1.85912e+05    4.83458e+05
  0.298   1.710    1.83381e+05    4.77159e+05
  0.302   1.720    1.80851e+05    4.70859e+05
  0.305   1.730    1.78320e+05    4.64559e+05
  0.309   1.740    1.75789e+05    4.58259e+05
  0.312   1.750    1.73259e+05    4.51960e+05
  0.316   1.760    1.70460e+05    4.46138e+05
  0.320   1.770    1.67661e+05    4.40316e+05
  0.323   1.780    1.64862e+05    4.34494e+05
  0.327   1.790    1.62063e+05    4.28672e+05
  0.330   1.800    1.59264e+05    4.22850e+05
  0.334   1.810    1.56279e+05    4.17493e+05
  0.338   1.820    1.53295e+05    4.12136e+05
  0.342   1.830    1.50311e+05    4.06779e+05
  0.345   1.840    1.47326e+05    4.01422e+05
  0.349   1.850    1.44342e+05    3.96065e+05
  0.353   1.860    1.41245e+05    3.91146e+05
  0.357   1.870    1.38149e+05    3.86226e+05
  0.360   1.880    1.35053e+05    3.81307e+05
  0.364   1.890    1.31957e+05    3.76388e+05
  0.368   1.900    1.28861e+05    3.71468e+05
  0.372   1.910    1.25715e+05    3.66950e+05
  0.376   1.920    1.22569e+05    3.62432e+05
  0.380   1.930    1.19423e+05    3.57913e+05
  0.384   1.940    1.16278e+05    3.53395e+05
  0.388   1.950    1.13132e+05    3.48877e+05
  0.392   1.960    1.09987e+05    3.44717e+05
  0.396   1.970    1.06841e+05    3.40557e+05
  0.400   1.980    1.03696e+05    3.36397e+05
  0.404   1.990    1.00551e+05    3.32237e+05
  0.408   2.000    9.74056e+04    3.28077e+05
  0.412   2.010    9.43010e+04    3.24232e+05
  0.416   2.020    9.11964e+04    3.20387e+05
  0.420   2.030    8.80917e+04    3.16542e+05
  0.424   2.040    8.49871e+04    3.12697e+05
  0.429   2.050    8.18825e+04    3.08851e+05
  0.433   2.060    7.88494e+04    3.05279e+05
  0.437   2.070    7.58163e+04    3.01707e+05
  0.441   2.080    7.27832e+04    2.98135e+05
  0.445   2.090    6.97501e+04    2.94562e+05
  0.450   2.100    6.67170e+04    2.90990e+05
  0.454   2.110    6.37791e+04    2.87650e+05
  0.458   2.120    6.08412e+04    2.84310e+05
  0.463   2.130    5.79034e+04    2.80971e+05
  0.467   2.140    5.49655e+04    2.77631e+05
  0.471   2.150    5.20276e+04    2.74291e+05
  0.476   2.160    4.92025e+04    2.71147e+05
  0.480   2.170    4.63773e+04    2.68002e+05
  0.485   2.180    4.35522e+04    2.64858e+05
  0.489   2.190    4.07271e+04    2.61714e+05
  0.494   2.200    3.79019e+04    2.58570e+05
  0.498   2.210    3.52026e+04    2.55589e+05
  0.503   2.220    3.25034e+04    2.52607e+05
  0.507   2.230    2.98041e+04    2.49626e+05
  0.512   2.240    2.71049e+04    2.46645e+05
  0.516   2.250    2.44056e+04    2.43663e+05
  0.521   2.260    2.18418e+04    2.40816e+05
  0.526   2.270    1.92780e+04    2.37969e+05
  0.530   2.280    1.67141e+04    2.35122e+05
  0.535   2.290    1.41503e+04    2.32274e+05
  0.539   2.300    1.15865e+04    2.29427e+05
  0.544   2.310    9.16522e+03    2.26690e+05
  0.549   2.320    6.74396e+03    2.23952e+05
  0.554   2.330    4.32270e+03    2.21214e+05
  0.558   2.340    1.90144e+03    2.18476e+05
  0.563   2.350   -5.19820e+02    2.15738e+05
  0.568   2.360   -2.79319e+03    2.13089e+05
  0.573   2.370   -5.06657e+03    2.10440e+05
  0.578   2.380   -7.33994e+03    2.07791e+05
  0.583   2.390   -9.61331e+03    2.05141e+05
  0.587   2.400   -1.18867e+04    2.02492e+05
  0.592   2.410   -1.40081e+04    1.99914e+05
  0.597   2.420   -1.61295e+04    1.97336e+05
  0.602   2.430   -1.82510e+04    1.94758e+05
  0.607   2.440   -2.03724e+04    1.92181e+05
  0.612   2.450   -2.24938e+04    1.89603e+05
  0.617   2.460   -2.44602e+04    1.87082e+05
  0.622   2.470   -2.64265e+04    1.84562e+05
  0.627   2.480   -2.83928e+04    1.82042e+05
  0.632   2.490   -3.03591e+04    1.79522e+05
  0.637   2.500   -3.23255e+04    1.77002e+05
  0.642   2.510   -3.41341e+04    1.74528e+05
  0.648   2.520   -3.59428e+04    1.72054e+05
  0.653   2.530   -3.77515e+04    1.69581e+05
  0.658   2.540   -3.95602e+04    1.67107e+05
  0.663   2.550   -4.13689e+04    1.64633e+05
  0.668   2.560   -4.30177e+04    1.62198e+05
  0.674   2.570   -4.46666e+04    1.59763e+05
  0.679   2.580   -4.63155e+04    1.57328e+05
  0.684   2.590   -4.79643e+04    1.54893e+05
  0.689   2.600   -4.96132e+04    1.52458e+05
  0.695   2.610   -5.11007e+04    1.50057e+05
  0.700   2.620   -5.25882e+04    1.47655e+05
  0.705   2.630   -5.40757e+04    1.45253e+05
  0.711   2.640   -5.55632e+04    1.42851e+05
  0.716   2.650   -5.70507e+04    1.40450e+05
  0.722   2.660   -5.83753e+04    1.38078e+05
  0.727   2.670   -5.96999e+04    1.35706e+05
  0.732   2.680   -6.10244e+04    1.33333e+05
  0.738   2.690   -6.23490e+04    1.30961e+05
  0.743   2.700   -6.36736e+04    1.28589e+05
  0.749   2.710   -6.48341e+04    1.26246e+05
  0.754   2.720   -6.59947e+04    1.23902e+05
  0.760   2.730   -6.71553e+04    1.21559e+05
  0.766   2.740   -6.83158e+04    1.19215e+05
  0.771   2.750   -6.94764e+04    1.16871e+05
  0.777   2.760   -7.04721e+04    1.14557e+05
  0.782   2.770   -7.14679e+04    1.12242e+05
  0.788   2.780   -7.24637e+04    1.09927e+05
  0.794   2.790   -7.34594e+04    1.07612e+05
  0.799   2.800   -7.44552e+04    1.05298e+05
  0.805   2.810   -7.52857e+04    1.03014e+05
  0.811   2.820   -7.61163e+04    1.00731e+05
  0.817   2.830   -7.69468e+04    9.84470e+04
  0.823   2.840   -7.77774e+04    9.61635e+04
  0.828   2.850   -7.86079e+04    9.38800e+04
  0.834   2.860   -7.92733e+04    9.16310e+04
  0.840   2.870   -7.99386e+04    8.93820e+04
  0.846   2.880   -8.06039e+04    8.71330e+04
  0.852   2.890   -8.12692e+04    8.48840e+04
  0.858   2.900   -8.19345e+04    8.26351e+04
  0.864   2.910   -8.24355e+04    8.04258e+04
  0.870   2.920   -8.29364e+04    7.82166e+04
  0.875   2.930   -8.34374e+04    7.60073e+04
  0.881   2.940   -8.39384e+04    7.37981e+04
  0.887   2.950   -8.44394e+04    7.15888e+04
  0.893   2.960   -8.47769e+04    6.94249e+04
  0.900   2.970   -8.51145e+04    6.72611e+04
  0.906   2.980   -8.54521e+04    6.50972e+04
  0.912   2.990   -8.57897e+04    6.29333e+04
  0.918   3.000   -8.61272e+04    6.07695e+04
  0.924   3.010   -8.63035e+04    5.86581e+04
  0.930   3.020   -8.64798e+04    5.65467e+04
  0.936   3.030   -8.66561e+04    5.44353e+04
  0.942   3.040   -8.68324e+04    5.23239e+04
  0.949   3.050   -8.70087e+04    5.02125e+04
  0.955   3.060   -8.70264e+04    4.81614e+04
  0.961   3.070   -8.70440e+04    4.61103e+04
  0.967   3.080   -8.70617e+04    4.40592e+04
  0.974   3.090   -8.70793e+04    4.20081e+04
  0.980   3.100   -8.70970e+04    3.99570e+04
  0.986   3.110   -8.69597e+04    3.79745e+04
  0.993   3.120   -8.68223e+04    3.59920e+04
  0.999   3.130   -8.66850e+04    3.40094e+04
  1.005   3.140   -8.65476e+04    3.20269e+04
  1.012   3.150   -8.64103e+04    3.00444e+04
  1.018   3.160   -8.61226e+04    2.81394e+04
  1.025   3.170   -8.58348e+04    2.62344e+04
  1.031   3.180   -8.55471e+04    2.43294e+04
  1.038   3.190   -8.52593e+04    2.24245e+04
  1.044   3.200   -8.49716e+04    2.05195e+04
  1.051   3.210   -8.45389e+04    1.87012e+04
  1.057   3.220   -8.41063e+04    1.68830e+04
  1.064   3.230   -8.36737e+04    1.50648e+04
  1.070   3.240   -8.32410e+04    1.32466e+04
  1.077   3.250   -8.28084e+04    1.14283e+04
  1.084   3.260   -8.22376e+04    9.70624e+03
  1.090   3.270   -8.16668e+04    7.98414e+03
  1.097   3.280   -8.10961e+04    6.26205e+03
  1.104   3.290   -8.05253e+04    4.53996e+03
  1.110   3.300   -7.99545e+04    2.81786e+03
  1.117   3.310   -7.92531e+04    1.20123e+03
  1.124   3.320   -7.85517e+04   -4.15404e+02
  1.131   3.330   -7.78502e+04   -2.03204e+03
  1.138   3.340   -7.71488e+04   -3.64867e+03
  1.144   3.350   -7.64473e+04   -5.26530e+03
  1.151   3.360   -7.56242e+04   -6.76726e+03
  1.158   3.370   -7.48012e+04   -8.26922e+03
  1.165   3.380   -7.39781e+04   -9.77118e+03
  1.172   3.390   -7.31550e+04   -1.12731e+04
  1.179   3.400   -7.23319e+04   -1.27751e+04
  1.186   3.410   -7.13971e+04   -1.41537e+04
  1.193   3.420   -7.04623e+04   -1.55322e+04
  1.200   3.430   -6.95275e+04   -1.69108e+04
  1.207   3.440   -6.85927e+04   -1.82893e+04
  1.214   3.450   -6.76580e+04   -1.96679e+04
  1.221   3.460   -6.66226e+04   -2.09147e+04
  1.228   3.470   -6.55872e+04   -2.21615e+04
  1.235   3.480   -6.45519e+04   -2.34083e+04
  1.242   3.490   -6.35165e+04   -2.46551e+04
  1.249   3.500   -6.24812e+04   -2.59019e+04
  1.256   3.510   -6.13574e+04   -2.70095e+04
  1.264   3.520   -6.02337e+04   -2.81171e+04
  1.271   3.530   -5.91099e+04   -2.92247e+04
  1.278   3.540   -5.79861e+04   -3.03323e+04
  1.285   3.550   -5.68624e+04   -3.14400e+04
  1.292   3.560   -5.56635e+04   -3.24017e+04
  1.300   3.570   -5.44646e+04   -3.33634e+04
  1.307   3.580   -5.32657e+04   -3.43251e+04
  1.314   3.590   -5.20668e+04   -3.52868e+04
  1.322   3.600   -5.08678e+04   -3.62486e+04
  1.329   3.610   -4.96080e+04   -3.70588e+04
  1.336   3.620   -4.83481e+04   -3.78690e+04
  1.344   3.630   -4.70883e+04   -3.86792e+04
  1.351   3.640   -4.58284e+04   -3.94895e+04
  1.359   3.650   -4.45686e+04   -4.02997e+04
  1.366   3.660   -4.32629e+04   -4.09543e+04
  1.374   3.670   -4.19571e+04   -4.16088e+04
  1.381   3.680   -4.06514e+04   -4.22634e+04
  1.388   3.690   -3.93457e+04   -4.29179e+04
  1.396   3.700   -3.80400e+04   -4.35725e+04
  1.404   3.710   -3.67040e+04   -4.40684e+04
  1.411   3.720   -3.53681e+04   -4.45644e+04
  1.419   3.730   -3.40322e+04   -4.50603e+04
  1.426   3.740   -3.26962e+04   -4.55562e+04
  1.434   3.750   -3.13603e+04   -4.60522e+04
  1.442   3.760   -3.00105e+04   -4.63881e+04
  1.449   3.770   -2.86607e+04   -4.67241e+04
  1.457   3.780   -2.73109e+04   -4.70601e+04
  1.465   3.790   -2.59612e+04   -4.73961e+04
  1.472   3.800   -2.46114e+04   -4.77320e+04
  1.480   3.810   -2.32646e+04   -4.79084e+04
  1.488   3.820   -2.19177e+04   -4.80847e+04
  1.496   3.830   -2.05709e+04   -4.82611e+04
  1.504   3.840   -1.92241e+04   -4.84374e+04
  1.511   3.850   -1.78773e+04   -4.86138e+04
  1.519   3.860   -1.65502e+04   -4.86326e+04
  1.527   3.870   -1.52232e+04   -4.86514e+04
  1.535   3.880   -1.38962e+04   -4.86702e+04
  1.543   3.890   -1.25692e+04   -4.86890e+04
  1.551   3.900   -1.12421e+04   -4.87078e+04
  1.559   3.910   -9.95187e+03   -4.85732e+04
  1.567   3.920   -8.66162e+03   -4.84385e+04
  1.575   3.930   -7.37137e+03   -4.83038e+04
  1.583   3.940   -6.08112e+03   -4.81692e+04
  1.591   3.950   -4.79087e+03   -4.80345e+04
  1.599   3.960   -3.55404e+03   -4.77523e+04
  1.607   3.970   -2.31722e+03   -4.74700e+04
  1.615   3.980   -1.08040e+03   -4.71877e+04
  1.623   3.990    1.56417e+02   -4.69055e+04
  1.632   4.000    1.39324e+03   -4.66232e+04
  1.640   4.010    2.56052e+03   -4.62012e+04
  1.648   4.020    3.72781e+03   -4.57793e+04
  1.656   4.030    4.89510e+03   -4.53573e+04
  1.664   4.040    6.06239e+03   -4.49353e+04
  1.673   4.050    7.22968e+03   -4.45133e+04
  1.681   4.060    8.31197e+03   -4.39615e+04
  1.689   4.070    9.39427e+03   -4.34097e+04
  1.698   4.080    1.04766e+04   -4.28578e+04
  1.706   4.090    1.15589e+04   -4.23060e+04
  1.714   4.100    1.26412e+04   -4.17541e+04
  1.723   4.110    1.36242e+04   -4.10842e+04
  1.731   4.120    1.46073e+04   -4.04143e+04
  1.739   4.130    1.55903e+04   -3.97443e+04
  1.748   4.140    1.65734e+04   -3.90744e+04
  1.756   4.150    1.75564e+04   -3.84045e+04
  1.765   4.160    1.84271e+04   -3.76299e+04
  1.773   4.170    1.92978e+04   -3.68552e+04
  1.782   4.180    2.01685e+04   -3.60806e+04
  1.790   4.190    2.10392e+04   -3.53060e+04
  1.799   4.200    2.19099e+04   -3.45314e+04
  1.807   4.210    2.26570e+04   -3.36674e+04
  1.816   4.220    2.34040e+04   -3.28033e+04
  1.825   4.230    2.41510e+04   -3.19393e+04
  1.833   4.240    2.48980e+04   -3.10753e+04
  1.842   4.250    2.56450e+04   -3.02112e+04
  1.851   4.260    2.62587e+04   -2.92745e+04
  1.859   4.270    2.68724e+04   -2.83378e+04
  1.868   4.280    2.74861e+04   -2.74011e+04
  1.877   4.290    2.80999e+04   -2.64644e+04
  1.885   4.300    2.87136e+04   -2.55277e+04
  1.894   4.310    2.91865e+04   -2.45363e+04
  1.903   4.320    2.96594e+04   -2.35450e+04
  1.912   4.330    3.01323e+04   -2.25536e+04
  1.921   4.340    3.06052e+04   -2.15622e+04
  1.930   4.350    3.10781e+04   -2.05709e+04
  1.938   4.360    3.14050e+04   -1.95439e+04
  1.947   4.370    3.17320e+04   -1.85169e+04
  1.956   4.380    3.20589e+04   -1.74899e+04
  1.965   4.390    3.23858e+04   -1.64629e+04
  1.974   4.400    3.27127e+04   -1.54359e+04
  1.983   4.410    3.28910e+04   -1.43931e+04
  1.992   4.420    3.30693e+04   -1.33502e+04
  2.001   4.430    3.32475e+04   -1.23074e+04
  2.010   4.440    3.34258e+04   -1.12645e+04
  2.019   4.450    3.36040e+04   -1.02217e+04
  2.028   4.460    3.36335e+04   -9.18318e+03
  2.038   4.470    3.36631e+04   -8.14471e+03
  2.047   4.480    3.36926e+04   -7.10623e+03
  2.056   4.490    3.37221e+04   -6.06775e+03
  2.065   4.500    3.37516e+04   -5.02927e+03
  2.074   4.510    3.36352e+04   -4.01535e+03
  2.083   4.520    3.35187e+04   -3.00143e+03
  2.093   4.530    3.34022e+04   -1.98750e+03
  2.102   4.540    3.32857e+04   -9.73579e+02
  2.111   4.550    3.31693e+04    4.03451e+01
  2.120   4.560    3.29122e+04    1.00982e+03
  2.130   4.570    3.26552e+04    1.97930e+03
  2.139   4.580    3.23982e+04    2.94878e+03
  2.148   4.590    3.21412e+04    3.91825e+03
  2.158   4.600    3.18841e+04    4.88773e+03
  2.167   4.610    3.14949e+04    5.79364e+03
  2.177   4.620    3.11056e+04    6.69954e+03
  2.186   4.630    3.07163e+04    7.60545e+03
  2.195   4.640    3.03270e+04    8.51136e+03
  2.205   4.650    2.99377e+04    9.41726e+03
  2.214   4.660    2.94272e+04    1.02416e+04
  2.224   4.670    2.89167e+04    1.10660e+04
  2.233   4.680    2.84062e+04    1.18904e+04
  2.243   4.690    2.78958e+04    1.27148e+04
  2.253   4.700    2.73853e+04    1.35392e+04
  2.262   4.710    2.67671e+04    1.42658e+04
  2.272   4.720    2.61490e+04    1.49923e+04
  2.281   4.730    2.55308e+04    1.57189e+04
  2.291   4.740    2.49127e+04    1.64455e+04
  2.301   4.750    2.42945e+04    1.71721e+04
  2.310   4.760    2.35847e+04    1.77864e+04
  2.320   4.770    2.28748e+04    1.84007e+04
  2.330   4.780    2.21650e+04    1.90150e+04
  2.340   4.790    2.14552e+04    1.96293e+04
  2.349   4.800    2.07453e+04    2.02437e+04
  2.359   4.810    1.99620e+04    2.07340e+04
  2.369   4.820    1.91786e+04    2.12242e+04
  2.379   4.830    1.83953e+04    2.17145e+04
  2.389   4.840    1.76119e+04    2.22048e+04
  2.399   4.850    1.68285e+04    2.26951e+04
  2.409   4.860    1.59913e+04    2.30521e+04
  2.419   4.870    1.51541e+04    2.34091e+04
  2.428   4.880    1.43169e+04    2.37661e+04
  2.438   4.890    1.34797e+04    2.41230e+04
  2.448   4.900    1.26425e+04    2.44800e+04
  2.458   4.910    1.17727e+04    2.46976e+04
  2.468   4.920    1.09030e+04    2.49151e+04
  2.478   4.930    1.00332e+04    2.51326e+04
  2.489   4.940    9.16345e+03    2.53501e+04
  2.499   4.950    8.29369e+03    2.55676e+04
  2.509   4.960    7.41340e+03    2.56428e+04
  2.519   4.970    6.53311e+03    2.57181e+04
  2.529   4.980    5.65282e+03    2.57933e+04
  2.539   4.990    4.77253e+03    2.58685e+04
