  0.000   0.010   -4.51800e+01   -8.69322e+06
  0.000   0.000    0.00000e+00    0.00000e+00
  0.000   0.020   -4.51800e+01   -8.69322e+06
  0.000   0.000    0.00000e+00    0.00000e+00
  0.000   0.030   -4.51800e+01   -8.69322e+06
  0.000   0.000    0.00000e+00    0.00000e+00
  0.000   0.040   -4.51800e+01   -8.69322e+06
  0.000   0.000    0.00000e+00    0.00000e+00
  0.000   0.050   -4.51800e+01   -8.69322e+06
  0.000   0.000    0.00000e+00    0.00000e+00
  0.000   0.060   -1.20804e+02   -1.03938e+07
  0.000   0.000    0.00000e+00    0.00000e+00
  0.001   0.070   -1.96429e+02   -1.20944e+07
  0.000   0.000    0.00000e+00    0.00000e+00
  0.001   0.080   -2.72053e+02   -1.37950e+07
  0.000   0.000    0.00000e+00    0.00000e+00
  0.001   0.090   -3.47678e+02   -1.54956e+07
  0.000   0.000    0.00000e+00    0.00000e+00
  0.001   0.100   -4.23302e+02   -1.71962e+07
  0.000   0.000    0.00000e+00    0.00000e+00
  0.001   0.110   -7.15833e+02   -1.88256e+07
  0.000   0.000    0.00000e+00    0.00000e+00
  0.002   0.120   -1.00836e+03   -2.04550e+07
  0.000   0.000    0.00000e+00    0.00000e+00
  0.002   0.130   -1.30089e+03   -2.20844e+07
  0.000   0.000    0.00000e+00    0.00000e+00
  0.002   0.140   -1.59342e+03   -2.37138e+07
  0.000   0.000    0.00000e+00    0.00000e+00
  0.002   0.150   -1.88595e+03   -2.53432e+07
  0.000   0.000    0.00000e+00    0.00000e+00
  0.003   0.160   -2.84125e+03   -2.68741e+07
  0.000   0.000    0.00000e+00    0.00000e+00
  0.003   0.170   -3.79654e+03   -2.84051e+07
  0.000   0.000    0.00000e+00    0.00000e+00
  0.003   0.180   -4.75184e+03   -2.99361e+07
  0.000   0.000    0.00000e+00    0.00000e+00
  0.004   0.190   -5.70713e+03   -3.14671e+07
  0.000   0.000    0.00000e+00    0.00000e+00
  0.004   0.200   -6.66243e+03   -3.29981e+07
  0.000   0.000    0.00000e+00    0.00000e+00
  0.005   0.210   -9.46953e+03   -3.43838e+07
  0.000   0.000    0.00000e+00    0.00000e+00
  0.005   0.220   -1.22766e+04   -3.57695e+07
  0.000   0.000    0.00000e+00    0.00000e+00
  0.005   0.230   -1.50837e+04   -3.71553e+07
  0.000   0.000    0.00000e+00    0.00000e+00
  0.006   0.240   -1.78908e+04   -3.85410e+07
  0.000   0.000    0.00000e+00    0.00000e+00
  0.006   0.250   -2.06979e+04   -3.99267e+07
  0.000   0.000    0.00000e+00    0.00000e+00
  0.007   0.260   -2.72927e+04   -4.10336e+07
  0.000   0.000    0.00000e+00    0.00000e+00
  0.007   0.270   -3.38875e+04   -4.21404e+07
  0.000   0.000    0.00000e+00    0.00000e+00
  0.008   0.280   -4.04823e+04   -4.32472e+07
  0.000   0.000    0.00000e+00    0.00000e+00
  0.009   0.290   -4.70771e+04   -4.43541e+07
  0.000   0.000    0.00000e+00    0.00000e+00
  0.009   0.300   -5.36719e+04   -4.54609e+07
  0.000   0.000    0.00000e+00    0.00000e+00
  0.010   0.310   -6.53322e+04   -4.61005e+07
  0.000   0.000    0.00000e+00    0.00000e+00
  0.011   0.320   -7.69925e+04   -4.67402e+07
  0.000   0.000    0.00000e+00    0.00000e+00
  0.011   0.330   -8.86528e+04   -4.73798e+07
  0.000   0.000    0.00000e+00    0.00000e+00
  0.012   0.340   -1.00313e+05   -4.80194e+07
  0.000   0.000    0.00000e+00    0.00000e+00
  0.012   0.350   -1.11973e+05   -4.86590e+07
  0.000   0.000    0.00000e+00    0.00000e+00
  0.013   0.360   -1.28519e+05   -4.87555e+07
  0.000   0.000    0.00000e+00    0.00000e+00
  0.014   0.370   -1.45065e+05   -4.88519e+07
  0.000   0.000    0.00000e+00    0.00000e+00
  0.015   0.380   -1.61610e+05   -4.89483e+07
  0.000   0.000    0.00000e+00    0.00000e+00
  0.016   0.390   -1.78156e+05   -4.90448e+07
  0.000   0.000    0.00000e+00    0.00000e+00
  0.016   0.400   -1.94702e+05   -4.91412e+07
  0.000   0.000    0.00000e+00    0.00000e+00
  0.017   0.410   -2.14967e+05   -4.87699e+07
  0.000   0.000    0.00000e+00    0.00000e+00
  0.018   0.420   -2.35232e+05   -4.83986e+07
  0.000   0.000    0.00000e+00    0.00000e+00
  0.019   0.430   -2.55497e+05   -4.80273e+07
  0.000   0.000    0.00000e+00    0.00000e+00
  0.020   0.440   -2.75763e+05   -4.76560e+07
  0.000   0.000    0.00000e+00    0.00000e+00
  0.021   0.450   -2.96028e+05   -4.72847e+07
  0.000   0.000    0.00000e+00    0.00000e+00
  0.022   0.460   -3.18442e+05   -4.65953e+07
  0.000   0.000    0.00000e+00    0.00000e+00
  0.023   0.470   -3.40856e+05   -4.59058e+07
  0.000   0.000    0.00000e+00    0.00000e+00
  0.024   0.480   -3.63270e+05   -4.52163e+07
  0.000   0.000    0.00000e+00    0.00000e+00
  0.025   0.490   -3.85685e+05   -4.45269e+07
  0.000   0.000    0.00000e+00    0.00000e+00
  0.025   0.500   -4.08099e+05   -4.38374e+07
  0.000   0.000    0.00000e+00    0.00000e+00
  0.027   0.510   -4.31191e+05   -4.29837e+07
  0.000   0.000    0.00000e+00    0.00000e+00
  0.028   0.520   -4.54283e+05   -4.21300e+07
  0.000   0.000    0.00000e+00    0.00000e+00
  0.029   0.530   -4.77374e+05   -4.12763e+07
  0.000   0.000    0.00000e+00    0.00000e+00
  0.030   0.540   -5.00466e+05   -4.04226e+07
  0.000   0.000    0.00000e+00    0.00000e+00
  0.031   0.550   -5.23558e+05   -3.95689e+07
  0.000   0.000    0.00000e+00    0.00000e+00
  0.032   0.560   -5.46258e+05   -3.86733e+07
  0.000   0.000    0.00000e+00    0.00000e+00
  0.033   0.570   -5.68958e+05   -3.77777e+07
  0.000   0.000    0.00000e+00    0.00000e+00
  0.034   0.580   -5.91658e+05   -3.68821e+07
  0.000   0.000    0.00000e+00    0.00000e+00
  0.036   0.590   -6.14358e+05   -3.59865e+07
  0.000   0.000    0.00000e+00    0.00000e+00
  0.037   0.600   -6.37058e+05   -3.50909e+07
  0.000   0.000    0.00000e+00    0.00000e+00
  0.038   0.610   -6.58777e+05   -3.42335e+07
  0.000   0.000    0.00000e+00    0.00000e+00
  0.039   0.620   -6.80495e+05   -3.33762e+07
  0.000   0.000    0.00000e+00    0.00000e+00
  0.041   0.630   -7.02214e+05   -3.25189e+07
  0.000   0.000    0.00000e+00    0.00000e+00
  0.042   0.640   -7.23932e+05   -3.16616e+07
  0.000   0.000    0.00000e+00    0.00000e+00
  0.043   0.650   -7.45651e+05   -3.08042e+07
  0.000   0.000    0.00000e+00    0.00000e+00
  0.044   0.660   -7.66190e+05   -3.00274e+07
  0.000   0.000    0.00000e+00    0.00000e+00
  0.046   0.670   -7.86729e+05   -2.92506e+07
  0.000   0.000    0.00000e+00    0.00000e+00
  0.047   0.680   -8.07268e+05   -2.84737e+07
  0.000   0.000    0.00000e+00    0.00000e+00
  0.049   0.690   -8.27806e+05   -2.76969e+07
  0.000   0.000    0.00000e+00    0.00000e+00
  0.050   0.700   -8.48345e+05   -2.69201e+07
  0.000   0.000    0.00000e+00    0.00000e+00
  0.051   0.710   -8.67725e+05   -2.62385e+07
  0.000   0.000    0.00000e+00    0.00000e+00
  0.053   0.720   -8.87104e+05   -2.55569e+07
  0.000   0.000    0.00000e+00    0.00000e+00
  0.054   0.730   -9.06483e+05   -2.48753e+07
  0.000   0.000    0.00000e+00    0.00000e+00
  0.056   0.740   -9.25862e+05   -2.41938e+07
  0.000   0.000    0.00000e+00    0.00000e+00
  0.057   0.750   -9.45242e+05   -2.35122e+07
  0.000   0.000    0.00000e+00    0.00000e+00
  0.059   0.760   -9.63534e+05   -2.29240e+07
  0.000   0.000    0.00000e+00    0.00000e+00
  0.061   0.770   -9.81827e+05   -2.23359e+07
  0.000   0.000    0.00000e+00    0.00000e+00
  0.062   0.780   -1.00012e+06   -2.17477e+07
  0.000   0.000    0.00000e+00    0.00000e+00
  0.064   0.790   -1.01841e+06   -2.11596e+07
  0.000   0.000    0.00000e+00    0.00000e+00
  0.065   0.800   -1.03671e+06   -2.05714e+07
  0.000   0.000    0.00000e+00    0.00000e+00
  0.067   0.810   -1.05392e+06   -2.00668e+07
  0.000   0.000    0.00000e+00    0.00000e+00
  0.069   0.820   -1.07114e+06   -1.95622e+07
  0.000   0.000    0.00000e+00    0.00000e+00
  0.070   0.830   -1.08836e+06   -1.90576e+07
  0.000   0.000    0.00000e+00    0.00000e+00
  0.072   0.840   -1.10557e+06   -1.85530e+07
  0.000   0.000    0.00000e+00    0.00000e+00
  0.074   0.850   -1.12279e+06   -1.80484e+07
  0.000   0.000    0.00000e+00    0.00000e+00
  0.075   0.860   -1.13883e+06   -1.76149e+07
  0.000   0.000    0.00000e+00    0.00000e+00
  0.077   0.870   -1.15488e+06   -1.71814e+07
  0.000   0.000    0.00000e+00    0.00000e+00
  0.079   0.880   -1.17092e+06   -1.67479e+07
  0.000   0.000    0.00000e+00    0.00000e+00
  0.081   0.890   -1.18696e+06   -1.63145e+07
  0.000   0.000    0.00000e+00    0.00000e+00
  0.083   0.900   -1.20301e+06   -1.58810e+07
  0.000   0.000    0.00000e+00    0.00000e+00
  0.084   0.910   -1.21766e+06   -1.55066e+07
  0.000   0.000    0.00000e+00    0.00000e+00
  0.086   0.920   -1.23232e+06   -1.51323e+07
  0.000   0.000    0.00000e+00    0.00000e+00
  0.088   0.930   -1.24697e+06   -1.47579e+07
  0.000   0.000    0.00000e+00    0.00000e+00
  0.090   0.940   -1.26162e+06   -1.43835e+07
  0.000   0.000    0.00000e+00    0.00000e+00
  0.092   0.950   -1.27628e+06   -1.40092e+07
  0.000   0.000    0.00000e+00    0.00000e+00
  0.094   0.960   -1.28922e+06   -1.36835e+07
  0.000   0.000    0.00000e+00    0.00000e+00
  0.096   0.970   -1.30217e+06   -1.33577e+07
  0.000   0.000    0.00000e+00    0.00000e+00
  0.098   0.980   -1.31512e+06   -1.30320e+07
  0.000   0.000    0.00000e+00    0.00000e+00
  0.100   0.990   -1.32806e+06   -1.27063e+07
  0.000   0.000    0.00000e+00    0.00000e+00
  0.102   1.000   -1.34101e+06   -1.23805e+07
  0.000   0.000    0.00000e+00    0.00000e+00
  0.104   1.010   -1.35186e+06   -1.20949e+07
  0.000   0.000    0.00000e+00    0.00000e+00
  0.106   1.020   -1.36271e+06   -1.18092e+07
  0.000   0.000    0.00000e+00    0.00000e+00
  0.108   1.030   -1.37356e+06   -1.15236e+07
  0.000   0.000    0.00000e+00    0.00000e+00
  0.110   1.040   -1.38441e+06   -1.12380e+07
  0.000   0.000    0.00000e+00    0.00000e+00
  0.112   1.050   -1.39525e+06   -1.09523e+07
  0.000   0.000    0.00000e+00    0.00000e+00
  0.115   1.060   -1.40357e+06   -1.07000e+07
  0.000   0.000    0.00000e+00    0.00000e+00
  0.117   1.070   -1.41188e+06   -1.04476e+07
  0.000   0.000    0.00000e+00    0.00000e+00
  0.119   1.080   -1.42020e+06   -1.01952e+07
  0.000   0.000    0.00000e+00    0.00000e+00
  0.121   1.090   -1.42851e+06   -9.94289e+06
  0.000   0.000    0.00000e+00    0.00000e+00
  0.123   1.100   -1.43682e+06   -9.69053e+06
  0.000   0.000    0.00000e+00    0.00000e+00
  0.126   1.110   -1.44217e+06   -9.46616e+06
  0.000   0.000    0.00000e+00    0.00000e+00
  0.128   1.120   -1.44752e+06   -9.24178e+06
  0.000   0.000    0.00000e+00    0.00000e+00
  0.130   1.130   -1.45286e+06   -9.01741e+06
  0.000   0.000    0.00000e+00    0.00000e+00
  0.133   1.140   -1.45821e+06   -8.79303e+06
  0.000   0.000    0.00000e+00    0.00000e+00
  0.135   1.150   -1.46356e+06   -8.56866e+06
  0.000   0.000    0.00000e+00    0.00000e+00
  0.137   1.160   -1.46555e+06   -8.36820e+06
  0.000   0.000    0.00000e+00    0.00000e+00
  0.140   1.170   -1.46754e+06   -8.16773e+06
  0.000   0.000    0.00000e+00    0.00000e+00
  0.142   1.180   -1.46953e+06   -7.96727e+06
  0.000   0.000    0.00000e+00    0.00000e+00
  0.144   1.190   -1.47152e+06   -7.76681e+06
  0.000   0.000    0.00000e+00    0.00000e+00
  0.147   1.200   -1.47351e+06   -7.56635e+06
  0.000   0.000    0.00000e+00    0.00000e+00
  0.149   1.210   -1.47185e+06   -7.38672e+06
  0.000   0.000    0.00000e+00    0.00000e+00
  0.152   1.220   -1.47020e+06   -7.20709e+06
  0.000   0.000    0.00000e+00    0.00000e+00
  0.154   1.230   -1.46854e+06   -7.02746e+06
  0.000   0.000    0.00000e+00    0.00000e+00
  0.157   1.240   -1.46688e+06   -6.84784e+06
  0.000   0.000    0.00000e+00    0.00000e+00
  0.159   1.250   -1.46523e+06   -6.66821e+06
  0.000   0.000    0.00000e+00    0.00000e+00
  0.162   1.260   -1.45979e+06   -6.50711e+06
  0.000   0.000    0.00000e+00    0.00000e+00
  0.165   1.270   -1.45435e+06   -6.34601e+06
  0.000   0.000    0.00000e+00    0.00000e+00
  0.167   1.280   -1.44891e+06   -6.18491e+06
  0.000   0.000    0.00000e+00    0.00000e+00
  0.170   1.290   -1.44347e+06   -6.02381e+06
  0.000   0.000    0.00000e+00    0.00000e+00
  0.172   1.300   -1.43803e+06   -5.86271e+06
  0.000   0.000    0.00000e+00    0.00000e+00
  0.175   1.310   -1.42886e+06   -5.71840e+06
  0.000   0.000    0.00000e+00    0.00000e+00
  0.178   1.320   -1.41970e+06   -5.57408e+06
  0.000   0.000    0.00000e+00    0.00000e+00
  0.180   1.330   -1.41053e+06   -5.42977e+06
  0.000   0.000    0.00000e+00    0.00000e+00
  0.183   1.340   -1.40137e+06   -5.28545e+06
  0.000   0.000    0.00000e+00    0.00000e+00
  0.186   1.350   -1.39220e+06   -5.14113e+06
  0.000   0.000    0.00000e+00    0.00000e+00
  0.189   1.360   -1.37957e+06   -5.01225e+06
  0.000   0.000    0.00000e+00    0.00000e+00
  0.191   1.370   -1.36694e+06   -4.88338e+06
  0.000   0.000    0.00000e+00    0.00000e+00
  0.194   1.380   -1.35432e+06   -4.75450e+06
  0.000   0.000    0.00000e+00    0.00000e+00
  0.197   1.390   -1.34169e+06   -4.62562e+06
  0.000   0.000    0.00000e+00    0.00000e+00
  0.200   1.400   -1.32906e+06   -4.49674e+06
  0.000   0.000    0.00000e+00    0.00000e+00
  0.203   1.410   -1.31343e+06   -4.38219e+06
  0.000   0.000    0.00000e+00    0.00000e+00
  0.206   1.420   -1.29781e+06   -4.26764e+06
  0.000   0.000    0.00000e+00    0.00000e+00
  0.209   1.430   -1.28218e+06   -4.15308e+06
  0.000   0.000    0.00000e+00    0.00000e+00
  0.211   1.440   -1.26656e+06   -4.03853e+06
  0.000   0.000    0.00000e+00    0.00000e+00
  0.214   1.450   -1.25093e+06   -3.92398e+06
  0.000   0.000    0.00000e+00    0.00000e+00
  0.217   1.460   -1.23293e+06   -3.82275e+06
  0.000   0.000    0.00000e+00    0.00000e+00
  0.220   1.470   -1.21493e+06   -3.72153e+06
  0.000   0.000    0.00000e+00    0.00000e+00
  0.223   1.480   -1.19693e+06   -3.62030e+06
  0.000   0.000    0.00000e+00    0.00000e+00
  0.226   1.490   -1.17893e+06   -3.51908e+06
  0.000   0.000    0.00000e+00    0.00000e+00
  0.229   1.500   -1.16093e+06   -3.41786e+06
  0.000   0.000    0.00000e+00    0.00000e+00
  0.233   1.510   -1.14127e+06   -3.32898e+06
  0.000   0.000    0.00000e+00    0.00000e+00
  0.236   1.520   -1.12161e+06   -3.24010e+06
  0.000   0.000    0.00000e+00    0.00000e+00
  0.239   1.530   -1.10195e+06   -3.15123e+06
  0.000   0.000    0.00000e+00    0.00000e+00
  0.242   1.540   -1.08229e+06   -3.06235e+06
  0.000   0.000    0.00000e+00    0.00000e+00
  0.245   1.550   -1.06263e+06   -2.97348e+06
  0.000   0.000    0.00000e+00    0.00000e+00
  0.248   1.560   -1.04205e+06   -2.89594e+06
  0.000   0.000    0.00000e+00    0.00000e+00
  0.251   1.570   -1.02147e+06   -2.81840e+06
  0.000   0.000    0.00000e+00    0.00000e+00
  0.255   1.580   -1.00088e+06   -2.74086e+06
  0.000   0.000    0.00000e+00    0.00000e+00
  0.258   1.590   -9.80303e+05   -2.66332e+06
  0.000   0.000    0.00000e+00    0.00000e+00
  0.261   1.600   -9.59721e+05   -2.58578e+06
  0.000   0.000    0.00000e+00    0.00000e+00
  0.264   1.610   -9.38910e+05   -2.51853e+06
  0.000   0.000    0.00000e+00    0.00000e+00
  0.268   1.620   -9.18099e+05   -2.45128e+06
  0.000   0.000    0.00000e+00    0.00000e+00
  0.271   1.630   -8.97288e+05   -2.38403e+06
  0.000   0.000    0.00000e+00    0.00000e+00
  0.274   1.640   -8.76477e+05   -2.31678e+06
  0.000   0.000    0.00000e+00    0.00000e+00
  0.278   1.650   -8.55666e+05   -2.24953e+06
  0.000   0.000    0.00000e+00    0.00000e+00
  0.281   1.660   -8.35222e+05   -2.19149e+06
  0.000   0.000    0.00000e+00    0.00000e+00
  0.284   1.670   -8.14777e+05   -2.13344e+06
  0.000   0.000    0.00000e+00    0.00000e+00
  0.288   1.680   -7.94333e+05   -2.07539e+06
  0.000   0.000    0.00000e+00    0.00000e+00
  0.291   1.690   -7.73888e+05   -2.01735e+06
  0.000   0.000    0.00000e+00    0.00000e+00
  0.295   1.700   -7.53444e+05   -1.95930e+06
  0.000   0.000    0.00000e+00    0.00000e+00
  0.298   1.710   -7.33839e+05   -1.90938e+06
  0.000   0.000    0.00000e+00    0.00000e+00
  0.302   1.720   -7.14234e+05   -1.85946e+06
  0.000   0.000    0.00000e+00    0.00000e+00
  0.305   1.730   -6.94629e+05   -1.80955e+06
  0.000   0.000    0.00000e+00    0.00000e+00
  0.309   1.740   -6.75024e+05   -1.75963e+06
  0.000   0.000    0.00000e+00    0.00000e+00
  0.312   1.750   -6.55419e+05   -1.70971e+06
  0.000   0.000    0.00000e+00    0.00000e+00
  0.316   1.760   -6.36993e+05   -1.66688e+06
  0.000   0.000    0.00000e+00    0.00000e+00
  0.320   1.770   -6.18568e+05   -1.62405e+06
  0.000   0.000    0.00000e+00    0.00000e+00
  0.323   1.780   -6.00142e+05   -1.58122e+06
  0.000   0.000    0.00000e+00    0.00000e+00
  0.327   1.790   -5.81716e+05   -1.53839e+06
  0.000   0.000    0.00000e+00    0.00000e+00
  0.330   1.800   -5.63291e+05   -1.49556e+06
  0.000   0.000    0.00000e+00    0.00000e+00
  0.334   1.810   -5.46258e+05   -1.45883e+06
  0.000   0.000    0.00000e+00    0.00000e+00
  0.338   1.820   -5.29226e+05   -1.42211e+06
  0.000   0.000    0.00000e+00    0.00000e+00
  0.342   1.830   -5.12193e+05   -1.38539e+06
  0.000   0.000    0.00000e+00    0.00000e+00
  0.345   1.840   -4.95161e+05   -1.34867e+06
  0.000   0.000    0.00000e+00    0.00000e+00
  0.349   1.850   -4.78128e+05   -1.31195e+06
  0.000   0.000    0.00000e+00    0.00000e+00
  0.353   1.860   -4.62599e+05   -1.28046e+06
  0.000   0.000    0.00000e+00    0.00000e+00
  0.357   1.870   -4.47070e+05   -1.24896e+06
  0.000   0.000    0.00000e+00    0.00000e+00
  0.360   1.880   -4.31540e+05   -1.21747e+06
  0.000   0.000    0.00000e+00    0.00000e+00
  0.364   1.890   -4.16011e+05   -1.18597e+06
  0.000   0.000    0.00000e+00    0.00000e+00
  0.368   1.900   -4.00482e+05   -1.15448e+06
  0.000   0.000    0.00000e+00    0.00000e+00
  0.372   1.910   -3.86481e+05   -1.12741e+06
  0.000   0.000    0.00000e+00    0.00000e+00
  0.376   1.920   -3.72479e+05   -1.10034e+06
  0.000   0.000    0.00000e+00    0.00000e+00
  0.380   1.930   -3.58478e+05   -1.07327e+06
  0.000   0.000    0.00000e+00    0.00000e+00
  0.384   1.940   -3.44477e+05   -1.04621e+06
  0.000   0.000    0.00000e+00    0.00000e+00
  0.388   1.950   -3.30476e+05   -1.01914e+06
  0.000   0.000    0.00000e+00    0.00000e+00
  0.392   1.960   -3.17970e+05   -9.95807e+05
  0.000   0.000    0.00000e+00    0.00000e+00
  0.396   1.970   -3.05464e+05   -9.72476e+05
  0.000   0.000    0.00000e+00    0.00000e+00
  0.400   1.980   -2.92958e+05   -9.49145e+05
  0.000   0.000    0.00000e+00    0.00000e+00
  0.404   1.990   -2.80452e+05   -9.25813e+05
  0.000   0.000    0.00000e+00    0.00000e+00
  0.408   2.000   -2.67946e+05   -9.02482e+05
  0.000   0.000    0.00000e+00    0.00000e+00
  0.412   2.010   -2.56861e+05   -8.82305e+05
  0.000   0.000    0.00000e+00    0.00000e+00
  0.416   2.020   -2.45775e+05   -8.62127e+05
  0.000   0.000    0.00000e+00    0.00000e+00
  0.420   2.030   -2.34689e+05   -8.41950e+05
  0.000   0.000    0.00000e+00    0.00000e+00
  0.424   2.040   -2.23603e+05   -8.21773e+05
  0.000   0.000    0.00000e+00    0.00000e+00
  0.429   2.050   -2.12518e+05   -8.01595e+05
  0.000   0.000    0.00000e+00    0.00000e+00
  0.433   2.060   -2.02750e+05   -7.84057e+05
  0.000   0.000    0.00000e+00    0.00000e+00
  0.437   2.070   -1.92983e+05   -7.66518e+05
  0.000   0.000    0.00000e+00    0.00000e+00
  0.441   2.080   -1.83216e+05   -7.48979e+05
  0.000   0.000    0.00000e+00    0.00000e+00
  0.445   2.090   -1.73449e+05   -7.31441e+05
  0.000   0.000    0.00000e+00    0.00000e+00
  0.450   2.100   -1.63681e+05   -7.13902e+05
  0.000   0.000    0.00000e+00    0.00000e+00
  0.454   2.110   -1.55121e+05   -6.98580e+05
  0.000   0.000    0.00000e+00    0.00000e+00
  0.458   2.120   -1.46562e+05   -6.83258e+05
  0.000   0.000    0.00000e+00    0.00000e+00
  0.463   2.130   -1.38002e+05   -6.67935e+05
  0.000   0.000    0.00000e+00    0.00000e+00
  0.467   2.140   -1.29442e+05   -6.52613e+05
  0.000   0.000    0.00000e+00    0.00000e+00
  0.471   2.150   -1.20882e+05   -6.37291e+05
  0.000   0.000    0.00000e+00    0.00000e+00
  0.476   2.160   -1.13417e+05   -6.23835e+05
  0.000   0.000    0.00000e+00    0.00000e+00
  0.480   2.170   -1.05951e+05   -6.10380e+05
  0.000   0.000    0.00000e+00    0.00000e+00
  0.485   2.180   -9.84861e+04   -5.96925e+05
  0.000   0.000    0.00000e+00    0.00000e+00
  0.489   2.190   -9.10209e+04   -5.83470e+05
  0.000   0.000    0.00000e+00    0.00000e+00
  0.494   2.200   -8.35556e+04   -5.70015e+05
  0.000   0.000    0.00000e+00    0.00000e+00
  0.498   2.210   -7.70731e+04   -5.58132e+05
  0.000   0.000    0.00000e+00    0.00000e+00
  0.503   2.220   -7.05905e+04   -5.46250e+05
  0.000   0.000    0.00000e+00    0.00000e+00
  0.507   2.230   -6.41079e+04   -5.34367e+05
  0.000   0.000    0.00000e+00    0.00000e+00
  0.512   2.240   -5.76254e+04   -5.22485e+05
  0.000   0.000    0.00000e+00    0.00000e+00
  0.516   2.250   -5.11428e+04   -5.10603e+05
  0.000   0.000    0.00000e+00    0.00000e+00
  0.521   2.260   -4.55386e+04   -5.00049e+05
  0.000   0.000    0.00000e+00    0.00000e+00
  0.526   2.270   -3.99343e+04   -4.89496e+05
  0.000   0.000    0.00000e+00    0.00000e+00
  0.530   2.280   -3.43301e+04   -4.78942e+05
  0.000   0.000    0.00000e+00    0.00000e+00
  0.535   2.290   -2.87258e+04   -4.68389e+05
  0.000   0.000    0.00000e+00    0.00000e+00
  0.539   2.300   -2.31216e+04   -4.57835e+05
  0.000   0.000    0.00000e+00    0.00000e+00
  0.544   2.310   -1.82993e+04   -4.48408e+05
  0.000   0.000    0.00000e+00    0.00000e+00
  0.549   2.320   -1.34771e+04   -4.38982e+05
  0.000   0.000    0.00000e+00    0.00000e+00
  0.554   2.330   -8.65488e+03   -4.29555e+05
  0.000   0.000    0.00000e+00    0.00000e+00
  0.558   2.340   -3.83265e+03   -4.20128e+05
  0.000   0.000    0.00000e+00    0.00000e+00
  0.563   2.350    9.89581e+02   -4.10702e+05
  0.000   0.000    0.00000e+00    0.00000e+00
  0.568   2.360    5.11652e+03   -4.02236e+05
  0.000   0.000    0.00000e+00    0.00000e+00
  0.573   2.370    9.24347e+03   -3.93771e+05
  0.000   0.000    0.00000e+00    0.00000e+00
  0.578   2.380    1.33704e+04   -3.85305e+05
  0.000   0.000    0.00000e+00    0.00000e+00
  0.583   2.390    1.74973e+04   -3.76840e+05
  0.000   0.000    0.00000e+00    0.00000e+00
  0.587   2.400    2.16243e+04   -3.68374e+05
  0.000   0.000    0.00000e+00    0.00000e+00
  0.592   2.410    2.51333e+04   -3.60734e+05
  0.000   0.000    0.00000e+00    0.00000e+00
  0.597   2.420    2.86422e+04   -3.53094e+05
  0.000   0.000    0.00000e+00    0.00000e+00
  0.602   2.430    3.21512e+04   -3.45454e+05
  0.000   0.000    0.00000e+00    0.00000e+00
  0.607   2.440    3.56601e+04   -3.37814e+05
  0.000   0.000    0.00000e+00    0.00000e+00
  0.612   2.450    3.91691e+04   -3.30174e+05
  0.000   0.000    0.00000e+00    0.00000e+00
  0.617   2.460    4.21281e+04   -3.23236e+05
  0.000   0.000    0.00000e+00    0.00000e+00
  0.622   2.470    4.50872e+04   -3.16298e+05
  0.000   0.000    0.00000e+00    0.00000e+00
  0.627   2.480    4.80462e+04   -3.09360e+05
  0.000   0.000    0.00000e+00    0.00000e+00
  0.632   2.490    5.10052e+04   -3.02422e+05
  0.000   0.000    0.00000e+00    0.00000e+00
  0.637   2.500    5.39642e+04   -2.95485e+05
  0.000   0.000    0.00000e+00    0.00000e+00
  0.642   2.510    5.64337e+04   -2.89167e+05
  0.000   0.000    0.00000e+00    0.00000e+00
  0.648   2.520    5.89031e+04   -2.82849e+05
  0.000   0.000    0.00000e+00    0.00000e+00
  0.653   2.530    6.13726e+04   -2.76531e+05
  0.000   0.000    0.00000e+00    0.00000e+00
  0.658   2.540    6.38421e+04   -2.70214e+05
  0.000   0.000    0.00000e+00    0.00000e+00
  0.663   2.550    6.63115e+04   -2.63896e+05
  0.000   0.000    0.00000e+00    0.00000e+00
  0.668   2.560    6.83450e+04   -2.58119e+05
  0.000   0.000    0.00000e+00    0.00000e+00
  0.674   2.570    7.03784e+04   -2.52343e+05
  0.000   0.000    0.00000e+00    0.00000e+00
  0.679   2.580    7.24118e+04   -2.46566e+05
  0.000   0.000    0.00000e+00    0.00000e+00
  0.684   2.590    7.44453e+04   -2.40789e+05
  0.000   0.000    0.00000e+00    0.00000e+00
  0.689   2.600    7.64787e+04   -2.35013e+05
  0.000   0.000    0.00000e+00    0.00000e+00
  0.695   2.610    7.81220e+04   -2.29712e+05
  0.000   0.000    0.00000e+00    0.00000e+00
  0.700   2.620    7.97653e+04   -2.24410e+05
  0.000   0.000    0.00000e+00    0.00000e+00
  0.705   2.630    8.14086e+04   -2.19109e+05
  0.000   0.000    0.00000e+00    0.00000e+00
  0.711   2.640    8.30519e+04   -2.13808e+05
  0.000   0.000    0.00000e+00    0.00000e+00
  0.716   2.650    8.46952e+04   -2.08507e+05
  0.000   0.000    0.00000e+00    0.00000e+00
  0.722   2.660    8.59890e+04   -2.03626e+05
  0.000   0.000    0.00000e+00    0.00000e+00
  0.727   2.670    8.72828e+04   -1.98746e+05
  0.000   0.000    0.00000e+00    0.00000e+00
  0.732   2.680    8.85766e+04   -1.93866e+05
  0.000   0.000    0.00000e+00    0.00000e+00
  0.738   2.690    8.98705e+04   -1.88986e+05
  0.000   0.000    0.00000e+00    0.00000e+00
  0.743   2.700    9.11643e+04   -1.84106e+05
  0.000   0.000    0.00000e+00    0.00000e+00
  0.749   2.710    9.21441e+04   -1.79604e+05
  0.000   0.000    0.00000e+00    0.00000e+00
  0.754   2.720    9.31239e+04   -1.75102e+05
  0.000   0.000    0.00000e+00    0.00000e+00
  0.760   2.730    9.41037e+04   -1.70600e+05
  0.000   0.000    0.00000e+00    0.00000e+00
  0.766   2.740    9.50835e+04   -1.66098e+05
  0.000   0.000    0.00000e+00    0.00000e+00
  0.771   2.750    9.60633e+04   -1.61596e+05
  0.000   0.000    0.00000e+00    0.00000e+00
  0.777   2.760    9.67605e+04   -1.57434e+05
  0.000   0.000    0.00000e+00    0.00000e+00
  0.782   2.770    9.74578e+04   -1.53273e+05
  0.000   0.000    0.00000e+00    0.00000e+00
  0.788   2.780    9.81551e+04   -1.49111e+05
  0.000   0.000    0.00000e+00    0.00000e+00
  0.794   2.790    9.88524e+04   -1.44949e+05
  0.000   0.000    0.00000e+00    0.00000e+00
  0.799   2.800    9.95497e+04   -1.40788e+05
  0.000   0.000    0.00000e+00    0.00000e+00
  0.805   2.810    9.99921e+04   -1.36937e+05
  0.000   0.000    0.00000e+00    0.00000e+00
  0.811   2.820    1.00434e+05   -1.33086e+05
  0.000   0.000    0.00000e+00    0.00000e+00
  0.817   2.830    1.00877e+05   -1.29235e+05
  0.000   0.000    0.00000e+00    0.00000e+00
  0.823   2.840    1.01319e+05   -1.25384e+05
  0.000   0.000    0.00000e+00    0.00000e+00
  0.828   2.850    1.01762e+05   -1.21533e+05
  0.000   0.000    0.00000e+00    0.00000e+00
  0.834   2.860    1.01974e+05   -1.17967e+05
  0.000   0.000    0.00000e+00    0.00000e+00
  0.840   2.870    1.02187e+05   -1.14401e+05
  0.000   0.000    0.00000e+00    0.00000e+00
  0.846   2.880    1.02399e+05   -1.10835e+05
  0.000   0.000    0.00000e+00    0.00000e+00
  0.852   2.890    1.02612e+05   -1.07269e+05
  0.000   0.000    0.00000e+00    0.00000e+00
  0.858   2.900    1.02825e+05   -1.03704e+05
  0.000   0.000    0.00000e+00    0.00000e+00
  0.864   2.910    1.02830e+05   -1.00402e+05
  0.000   0.000    0.00000e+00    0.00000e+00
  0.870   2.920    1.02835e+05   -9.71009e+04
  0.000   0.000    0.00000e+00    0.00000e+00
  0.875   2.930    1.02840e+05   -9.37996e+04
  0.000   0.000    0.00000e+00    0.00000e+00
  0.881   2.940    1.02845e+05   -9.04982e+04
  0.000   0.000    0.00000e+00    0.00000e+00
  0.887   2.950    1.02850e+05   -8.71968e+04
  0.000   0.000    0.00000e+00    0.00000e+00
  0.893   2.960    1.02667e+05   -8.41424e+04
  0.000   0.000    0.00000e+00    0.00000e+00
  0.900   2.970    1.02485e+05   -8.10879e+04
  0.000   0.000    0.00000e+00    0.00000e+00
  0.906   2.980    1.02302e+05   -7.80334e+04
  0.000   0.000    0.00000e+00    0.00000e+00
  0.912   2.990    1.02120e+05   -7.49789e+04
  0.000   0.000    0.00000e+00    0.00000e+00
  0.918   3.000    1.01937e+05   -7.19244e+04
  0.000   0.000    0.00000e+00    0.00000e+00
  0.924   3.010    1.01589e+05   -6.91041e+04
  0.000   0.000    0.00000e+00    0.00000e+00
  0.930   3.020    1.01241e+05   -6.62839e+04
  0.000   0.000    0.00000e+00    0.00000e+00
  0.936   3.030    1.00893e+05   -6.34637e+04
  0.000   0.000    0.00000e+00    0.00000e+00
  0.942   3.040    1.00545e+05   -6.06434e+04
  0.000   0.000    0.00000e+00    0.00000e+00
  0.949   3.050    1.00197e+05   -5.78232e+04
  0.000   0.000    0.00000e+00    0.00000e+00
  0.955   3.060    9.96976e+04   -5.52228e+04
  0.000   0.000    0.00000e+00    0.00000e+00
  0.961   3.070    9.91983e+04   -5.26224e+04
  0.000   0.000    0.00000e+00    0.00000e+00
  0.967   3.080    9.86989e+04   -5.00219e+04
  0.000   0.000    0.00000e+00    0.00000e+00
  0.974   3.090    9.81996e+04   -4.74215e+04
  0.000   0.000    0.00000e+00    0.00000e+00
  0.980   3.100    9.77002e+04   -4.48211e+04
  0.000   0.000    0.00000e+00    0.00000e+00
  0.986   3.110    9.70592e+04   -4.24280e+04
  0.000   0.000    0.00000e+00    0.00000e+00
  0.993   3.120    9.64182e+04   -4.00348e+04
  0.000   0.000    0.00000e+00    0.00000e+00
  0.999   3.130    9.57773e+04   -3.76417e+04
  0.000   0.000    0.00000e+00    0.00000e+00
  1.005   3.140    9.51363e+04   -3.52485e+04
  0.000   0.000    0.00000e+00    0.00000e+00
  1.012   3.150    9.44953e+04   -3.28553e+04
  0.000   0.000    0.00000e+00    0.00000e+00
  1.018   3.160    9.37318e+04   -3.06637e+04
  0.000   0.000    0.00000e+00    0.00000e+00
  1.025   3.170    9.29683e+04   -2.84721e+04
  0.000   0.000    0.00000e+00    0.00000e+00
  1.031   3.180    9.22048e+04   -2.62805e+04
  0.000   0.000    0.00000e+00    0.00000e+00
  1.038   3.190    9.14413e+04   -2.40889e+04
  0.000   0.000    0.00000e+00    0.00000e+00
  1.044   3.200    9.06778e+04   -2.18973e+04
  0.000   0.000    0.00000e+00    0.00000e+00
  1.051   3.210    8.98083e+04   -1.99007e+04
  0.000   0.000    0.00000e+00    0.00000e+00
  1.057   3.220    8.89388e+04   -1.79041e+04
  0.000   0.000    0.00000e+00    0.00000e+00
  1.064   3.230    8.80693e+04   -1.59075e+04
  0.000   0.000    0.00000e+00    0.00000e+00
  1.070   3.240    8.71998e+04   -1.39109e+04
  0.000   0.000    0.00000e+00    0.00000e+00
  1.077   3.250    8.63303e+04   -1.19143e+04
  0.000   0.000    0.00000e+00    0.00000e+00
  1.084   3.260    8.53681e+04   -1.01061e+04
  0.000   0.000    0.00000e+00    0.00000e+00
  1.090   3.270    8.44059e+04   -8.29780e+03
  0.000   0.000    0.00000e+00    0.00000e+00
  1.097   3.280    8.34437e+04   -6.48954e+03
  0.000   0.000    0.00000e+00    0.00000e+00
  1.104   3.290    8.24815e+04   -4.68127e+03
  0.000   0.000    0.00000e+00    0.00000e+00
  1.110   3.300    8.15194e+04   -2.87301e+03
  0.000   0.000    0.00000e+00    0.00000e+00
  1.117   3.310    8.04772e+04   -1.24726e+03
  0.000   0.000    0.00000e+00    0.00000e+00
  1.124   3.320    7.94350e+04    3.78498e+02
  0.000   0.000    0.00000e+00    0.00000e+00
  1.131   3.330    7.83929e+04    2.00425e+03
  0.000   0.000    0.00000e+00    0.00000e+00
  1.138   3.340    7.73507e+04    3.63001e+03
  0.000   0.000    0.00000e+00    0.00000e+00
  1.144   3.350    7.63086e+04    5.25576e+03
  0.000   0.000    0.00000e+00    0.00000e+00
  1.151   3.360    7.51988e+04    6.70411e+03
  0.000   0.000    0.00000e+00    0.00000e+00
  1.158   3.370    7.40891e+04    8.15247e+03
  0.000   0.000    0.00000e+00    0.00000e+00
  1.165   3.380    7.29794e+04    9.60082e+03
  0.000   0.000    0.00000e+00    0.00000e+00
  1.172   3.390    7.18697e+04    1.10492e+04
  0.000   0.000    0.00000e+00    0.00000e+00
  1.179   3.400    7.07600e+04    1.24975e+04
  0.000   0.000    0.00000e+00    0.00000e+00
  1.186   3.410    6.95947e+04    1.37732e+04
  0.000   0.000    0.00000e+00    0.00000e+00
  1.193   3.420    6.84294e+04    1.50489e+04
  0.000   0.000    0.00000e+00    0.00000e+00
  1.200   3.430    6.72641e+04    1.63245e+04
  0.000   0.000    0.00000e+00    0.00000e+00
  1.207   3.440    6.60988e+04    1.76002e+04
  0.000   0.000    0.00000e+00    0.00000e+00
  1.214   3.450    6.49335e+04    1.88759e+04
  0.000   0.000    0.00000e+00    0.00000e+00
  1.221   3.460    6.37240e+04    1.99830e+04
  0.000   0.000    0.00000e+00    0.00000e+00
  1.228   3.470    6.25145e+04    2.10902e+04
  0.000   0.000    0.00000e+00    0.00000e+00
  1.235   3.480    6.13051e+04    2.21973e+04
  0.000   0.000    0.00000e+00    0.00000e+00
  1.242   3.490    6.00956e+04    2.33045e+04
  0.000   0.000    0.00000e+00    0.00000e+00
  1.249   3.500    5.88861e+04    2.44116e+04
  0.000   0.000    0.00000e+00    0.00000e+00
  1.256   3.510    5.76449e+04    2.53548e+04
  0.000   0.000    0.00000e+00    0.00000e+00
  1.264   3.520    5.64038e+04    2.62980e+04
  0.000   0.000    0.00000e+00    0.00000e+00
  1.271   3.530    5.51626e+04    2.72412e+04
  0.000   0.000    0.00000e+00    0.00000e+00
  1.278   3.540    5.39214e+04    2.81843e+04
  0.000   0.000    0.00000e+00    0.00000e+00
  1.285   3.550    5.26803e+04    2.91275e+04
  0.000   0.000    0.00000e+00    0.00000e+00
  1.292   3.560    5.14182e+04    2.99107e+04
  0.000   0.000    0.00000e+00    0.00000e+00
  1.300   3.570    5.01561e+04    3.06938e+04
  0.000   0.000    0.00000e+00    0.00000e+00
  1.307   3.580    4.88941e+04    3.14769e+04
  0.000   0.000    0.00000e+00    0.00000e+00
  1.314   3.590    4.76320e+04    3.22601e+04
  0.000   0.000    0.00000e+00    0.00000e+00
  1.322   3.600    4.63699e+04    3.30432e+04
  0.000   0.000    0.00000e+00    0.00000e+00
  1.329   3.610    4.50987e+04    3.36708e+04
  0.000   0.000    0.00000e+00    0.00000e+00
  1.336   3.620    4.38275e+04    3.42985e+04
  0.000   0.000    0.00000e+00    0.00000e+00
  1.344   3.630    4.25563e+04    3.49261e+04
  0.000   0.000    0.00000e+00    0.00000e+00
  1.351   3.640    4.12851e+04    3.55538e+04
  0.000   0.000    0.00000e+00    0.00000e+00
  1.359   3.650    4.00139e+04    3.61814e+04
  0.000   0.000    0.00000e+00    0.00000e+00
  1.366   3.660    3.87451e+04    3.66585e+04
  0.000   0.000    0.00000e+00    0.00000e+00
  1.374   3.670    3.74762e+04    3.71356e+04
  0.000   0.000    0.00000e+00    0.00000e+00
  1.381   3.680    3.62073e+04    3.76126e+04
  0.000   0.000    0.00000e+00    0.00000e+00
  1.388   3.690    3.49385e+04    3.80897e+04
  0.000   0.000    0.00000e+00    0.00000e+00
  1.396   3.700    3.36696e+04    3.85668e+04
  0.000   0.000    0.00000e+00    0.00000e+00
  1.404   3.710    3.24137e+04    3.88979e+04
  0.000   0.000    0.00000e+00    0.00000e+00
  1.411   3.720    3.11579e+04    3.92291e+04
  0.000   0.000    0.00000e+00    0.00000e+00
  1.419   3.730    2.99020e+04    3.95602e+04
  0.000   0.000    0.00000e+00    0.00000e+00
  1.426   3.740    2.86462e+04    3.98913e+04
  0.000   0.000    0.00000e+00    0.00000e+00
  1.434   3.750    2.73903e+04    4.02225e+04
  0.000   0.000    0.00000e+00    0.00000e+00
  1.442   3.760    2.61583e+04    4.04128e+04
  0.000   0.000    0.00000e+00    0.00000e+00
  1.449   3.770    2.49262e+04    4.06031e+04
  0.000   0.000    0.00000e+00    0.00000e+00
  1.457   3.780    2.36941e+04    4.07934e+04
  0.000   0.000    0.00000e+00    0.00000e+00
  1.465   3.790    2.24621e+04    4.09837e+04
  0.000   0.000    0.00000e+00    0.00000e+00
  1.472   3.800    2.12300e+04    4.11741e+04
  0.000   0.000    0.00000e+00    0.00000e+00
  1.480   3.810    2.00329e+04    4.12303e+04
  0.000   0.000    0.00000e+00    0.00000e+00
  1.488   3.820    1.88359e+04    4.12865e+04
  0.000   0.000    0.00000e+00    0.00000e+00
  1.496   3.830    1.76388e+04    4.13428e+04
  0.000   0.000    0.00000e+00    0.00000e+00
  1.504   3.840    1.64418e+04    4.13990e+04
  0.000   0.000    0.00000e+00    0.00000e+00
  1.511   3.850    1.52447e+04    4.14552e+04
  0.000   0.000    0.00000e+00    0.00000e+00
  1.519   3.860    1.40929e+04    4.13837e+04
  0.000   0.000    0.00000e+00    0.00000e+00
  1.527   3.870    1.29411e+04    4.13121e+04
  0.000   0.000    0.00000e+00    0.00000e+00
  1.535   3.880    1.17892e+04    4.12405e+04
  0.000   0.000    0.00000e+00    0.00000e+00
  1.543   3.890    1.06374e+04    4.11690e+04
  0.000   0.000    0.00000e+00    0.00000e+00
  1.551   3.900    9.48559e+03    4.10974e+04
  0.000   0.000    0.00000e+00    0.00000e+00
  1.559   3.910    8.38915e+03    4.09057e+04
  0.000   0.000    0.00000e+00    0.00000e+00
  1.567   3.920    7.29270e+03    4.07141e+04
  0.000   0.000    0.00000e+00    0.00000e+00
  1.575   3.930    6.19626e+03    4.05224e+04
  0.000   0.000    0.00000e+00    0.00000e+00
  1.583   3.940    5.09982e+03    4.03308e+04
  0.000   0.000    0.00000e+00    0.00000e+00
  1.591   3.950    4.00337e+03    4.01391e+04
  0.000   0.000    0.00000e+00    0.00000e+00
  1.599   3.960    2.97189e+03    3.98349e+04
  0.000   0.000    0.00000e+00    0.00000e+00
  1.607   3.970    1.94041e+03    3.95306e+04
  0.000   0.000    0.00000e+00    0.00000e+00
  1.615   3.980    9.08935e+02    3.92264e+04
  0.000   0.000    0.00000e+00    0.00000e+00
  1.623   3.990   -1.22543e+02    3.89222e+04
  0.000   0.000    0.00000e+00    0.00000e+00
  1.632   4.000   -1.15402e+03    3.86179e+04
  0.000   0.000    0.00000e+00    0.00000e+00
  1.640   4.010   -2.11125e+03    3.82092e+04
  0.000   0.000    0.00000e+00    0.00000e+00
  1.648   4.020   -3.06849e+03    3.78004e+04
  0.000   0.000    0.00000e+00    0.00000e+00
  1.656   4.030   -4.02572e+03    3.73917e+04
  0.000   0.000    0.00000e+00    0.00000e+00
  1.664   4.040   -4.98295e+03    3.69829e+04
  0.000   0.000    0.00000e+00    0.00000e+00
  1.673   4.050   -5.94018e+03    3.65741e+04
  0.000   0.000    0.00000e+00    0.00000e+00
  1.681   4.060   -6.81465e+03    3.60718e+04
  0.000   0.000    0.00000e+00    0.00000e+00
  1.689   4.070   -7.68912e+03    3.55695e+04
  0.000   0.000    0.00000e+00    0.00000e+00
  1.698   4.080   -8.56358e+03    3.50672e+04
  0.000   0.000    0.00000e+00    0.00000e+00
  1.706   4.090   -9.43805e+03    3.45649e+04
  0.000   0.000    0.00000e+00    0.00000e+00
  1.714   4.100   -1.03125e+04    3.40626e+04
  0.000   0.000    0.00000e+00    0.00000e+00
  1.723   4.110   -1.10964e+04    3.34765e+04
  0.000   0.000    0.00000e+00    0.00000e+00
  1.731   4.120   -1.18803e+04    3.28904e+04
  0.000   0.000    0.00000e+00    0.00000e+00
  1.739   4.130   -1.26641e+04    3.23043e+04
  0.000   0.000    0.00000e+00    0.00000e+00
  1.748   4.140   -1.34480e+04    3.17181e+04
  0.000   0.000    0.00000e+00    0.00000e+00
  1.756   4.150   -1.42319e+04    3.11320e+04
  0.000   0.000    0.00000e+00    0.00000e+00
  1.765   4.160   -1.49183e+04    3.04735e+04
  0.000   0.000    0.00000e+00    0.00000e+00
  1.773   4.170   -1.56048e+04    2.98150e+04
  0.000   0.000    0.00000e+00    0.00000e+00
  1.782   4.180   -1.62912e+04    2.91565e+04
  0.000   0.000    0.00000e+00    0.00000e+00
  1.790   4.190   -1.69777e+04    2.84979e+04
  0.000   0.000    0.00000e+00    0.00000e+00
  1.799   4.200   -1.76641e+04    2.78394e+04
  0.000   0.000    0.00000e+00    0.00000e+00
  1.807   4.210   -1.82474e+04    2.71206e+04
  0.000   0.000    0.00000e+00    0.00000e+00
  1.816   4.220   -1.88308e+04    2.64017e+04
  0.000   0.000    0.00000e+00    0.00000e+00
  1.825   4.230   -1.94141e+04    2.56829e+04
  0.000   0.000    0.00000e+00    0.00000e+00
  1.833   4.240   -1.99975e+04    2.49640e+04
  0.000   0.000    0.00000e+00    0.00000e+00
  1.842   4.250   -2.05808e+04    2.42452e+04
  0.000   0.000    0.00000e+00    0.00000e+00
  1.851   4.260   -2.10554e+04    2.34775e+04
  0.000   0.000    0.00000e+00    0.00000e+00
  1.859   4.270   -2.15299e+04    2.27098e+04
  0.000   0.000    0.00000e+00    0.00000e+00
  1.868   4.280   -2.20045e+04    2.19421e+04
  0.000   0.000    0.00000e+00    0.00000e+00
  1.877   4.290   -2.24791e+04    2.11744e+04
  0.000   0.000    0.00000e+00    0.00000e+00
  1.885   4.300   -2.29537e+04    2.04067e+04
  0.000   0.000    0.00000e+00    0.00000e+00
  1.894   4.310   -2.33111e+04    1.96006e+04
  0.000   0.000    0.00000e+00    0.00000e+00
  1.903   4.320   -2.36685e+04    1.87945e+04
  0.000   0.000    0.00000e+00    0.00000e+00
  1.912   4.330   -2.40259e+04    1.79884e+04
  0.000   0.000    0.00000e+00    0.00000e+00
  1.921   4.340   -2.43833e+04    1.71823e+04
  0.000   0.000    0.00000e+00    0.00000e+00
  1.930   4.350   -2.47407e+04    1.63762e+04
  0.000   0.000    0.00000e+00    0.00000e+00
  1.938   4.360   -2.49885e+04    1.55527e+04
  0.000   0.000    0.00000e+00    0.00000e+00
  1.947   4.370   -2.52362e+04    1.47292e+04
  0.000   0.000    0.00000e+00    0.00000e+00
  1.956   4.380   -2.54839e+04    1.39057e+04
  0.000   0.000    0.00000e+00    0.00000e+00
  1.965   4.390   -2.57316e+04    1.30822e+04
  0.000   0.000    0.00000e+00    0.00000e+00
  1.974   4.400   -2.59794e+04    1.22587e+04
  0.000   0.000    0.00000e+00    0.00000e+00
  1.983   4.410   -2.61150e+04    1.14287e+04
  0.000   0.000    0.00000e+00    0.00000e+00
  1.992   4.420   -2.62506e+04    1.05987e+04
  0.000   0.000    0.00000e+00    0.00000e+00
  2.001   4.430   -2.63862e+04    9.76868e+03
  0.000   0.000    0.00000e+00    0.00000e+00
  2.010   4.440   -2.65218e+04    8.93868e+03
  0.000   0.000    0.00000e+00    0.00000e+00
  2.019   4.450   -2.66574e+04    8.10867e+03
  0.000   0.000    0.00000e+00    0.00000e+00
  2.028   4.460   -2.66789e+04    7.28456e+03
  0.000   0.000    0.00000e+00    0.00000e+00
  2.038   4.470   -2.67003e+04    6.46045e+03
  0.000   0.000    0.00000e+00    0.00000e+00
  2.047   4.480   -2.67217e+04    5.63634e+03
  0.000   0.000    0.00000e+00    0.00000e+00
  2.056   4.490   -2.67431e+04    4.81223e+03
  0.000   0.000    0.00000e+00    0.00000e+00
  2.065   4.500   -2.67645e+04    3.98812e+03
  0.000   0.000    0.00000e+00    0.00000e+00
  2.074   4.510   -2.66761e+04    3.18409e+03
  0.000   0.000    0.00000e+00    0.00000e+00
  2.083   4.520   -2.65877e+04    2.38007e+03
  0.000   0.000    0.00000e+00    0.00000e+00
  2.093   4.530   -2.64992e+04    1.57604e+03
  0.000   0.000    0.00000e+00    0.00000e+00
  2.102   4.540   -2.64108e+04    7.72009e+02
  0.000   0.000    0.00000e+00    0.00000e+00
  2.111   4.550   -2.63223e+04   -3.20194e+01
  0.000   0.000    0.00000e+00    0.00000e+00
  2.120   4.560   -2.61223e+04   -8.01966e+02
  0.000   0.000    0.00000e+00    0.00000e+00
  2.130   4.570   -2.59223e+04   -1.57191e+03
  0.000   0.000    0.00000e+00    0.00000e+00
  2.139   4.580   -2.57223e+04   -2.34186e+03
  0.000   0.000    0.00000e+00    0.00000e+00
  2.148   4.590   -2.55223e+04   -3.11181e+03
  0.000   0.000    0.00000e+00    0.00000e+00
  2.158   4.600   -2.53223e+04   -3.88175e+03
  0.000   0.000    0.00000e+00    0.00000e+00
  2.167   4.610   -2.50194e+04   -4.60320e+03
  0.000   0.000    0.00000e+00    0.00000e+00
  2.177   4.620   -2.47165e+04   -5.32465e+03
  0.000   0.000    0.00000e+00    0.00000e+00
  2.186   4.630   -2.44136e+04   -6.04609e+03
  0.000   0.000    0.00000e+00    0.00000e+00
  2.195   4.640   -2.41107e+04   -6.76754e+03
  0.000   0.000    0.00000e+00    0.00000e+00
  2.205   4.650   -2.38078e+04   -7.48899e+03
  0.000   0.000    0.00000e+00    0.00000e+00
  2.214   4.660   -2.34100e+04   -8.14859e+03
  0.000   0.000    0.00000e+00    0.00000e+00
  2.224   4.670   -2.30121e+04   -8.80819e+03
  0.000   0.000    0.00000e+00    0.00000e+00
  2.233   4.680   -2.26143e+04   -9.46779e+03
  0.000   0.000    0.00000e+00    0.00000e+00
  2.243   4.690   -2.22164e+04   -1.01274e+04
  0.000   0.000    0.00000e+00    0.00000e+00
  2.253   4.700   -2.18186e+04   -1.07870e+04
  0.000   0.000    0.00000e+00    0.00000e+00
  2.262   4.710   -2.13371e+04   -1.13737e+04
  0.000   0.000    0.00000e+00    0.00000e+00
  2.272   4.720   -2.08556e+04   -1.19603e+04
  0.000   0.000    0.00000e+00    0.00000e+00
  2.281   4.730   -2.03742e+04   -1.25470e+04
  0.000   0.000    0.00000e+00    0.00000e+00
  2.291   4.740   -1.98927e+04   -1.31336e+04
  0.000   0.000    0.00000e+00    0.00000e+00
  2.301   4.750   -1.94112e+04   -1.37203e+04
  0.000   0.000    0.00000e+00    0.00000e+00
  2.310   4.760   -1.88536e+04   -1.42204e+04
  0.000   0.000    0.00000e+00    0.00000e+00
  2.320   4.770   -1.82960e+04   -1.47206e+04
  0.000   0.000    0.00000e+00    0.00000e+00
  2.330   4.780   -1.77383e+04   -1.52207e+04
  0.000   0.000    0.00000e+00    0.00000e+00
  2.340   4.790   -1.71807e+04   -1.57209e+04
  0.000   0.000    0.00000e+00    0.00000e+00
  2.349   4.800   -1.66231e+04   -1.62211e+04
  0.000   0.000    0.00000e+00    0.00000e+00
  2.359   4.810   -1.60050e+04   -1.66270e+04
  0.000   0.000    0.00000e+00    0.00000e+00
  2.369   4.820   -1.53869e+04   -1.70328e+04
  0.000   0.000    0.00000e+00    0.00000e+00
  2.379   4.830   -1.47689e+04   -1.74387e+04
  0.000   0.000    0.00000e+00    0.00000e+00
  2.389   4.840   -1.41508e+04   -1.78446e+04
  0.000   0.000    0.00000e+00    0.00000e+00
  2.399   4.850   -1.35327e+04   -1.82505e+04
  0.000   0.000    0.00000e+00    0.00000e+00
  2.409   4.860   -1.28671e+04   -1.85525e+04
  0.000   0.000    0.00000e+00    0.00000e+00
  2.419   4.870   -1.22016e+04   -1.88544e+04
  0.000   0.000    0.00000e+00    0.00000e+00
  2.428   4.880   -1.15361e+04   -1.91564e+04
  0.000   0.000    0.00000e+00    0.00000e+00
  2.438   4.890   -1.08705e+04   -1.94583e+04
  0.000   0.000    0.00000e+00    0.00000e+00
  2.448   4.900   -1.02050e+04   -1.97603e+04
  0.000   0.000    0.00000e+00    0.00000e+00
  2.458   4.910   -9.50860e+03   -1.99534e+04
  0.000   0.000    0.00000e+00    0.00000e+00
  2.468   4.920   -8.81223e+03   -2.01466e+04
  0.000   0.000    0.00000e+00    0.00000e+00
  2.478   4.930   -8.11586e+03   -2.03397e+04
  0.000   0.000    0.00000e+00    0.00000e+00
  2.489   4.940   -7.41949e+03   -2.05329e+04
  0.000   0.000    0.00000e+00    0.00000e+00
  2.499   4.950   -6.72312e+03   -2.07260e+04
  0.000   0.000    0.00000e+00    0.00000e+00
  2.509   4.960   -6.01247e+03   -2.08065e+04
  0.000   0.000    0.00000e+00    0.00000e+00
  2.519   4.970   -5.30182e+03   -2.08870e+04
  0.000   0.000    0.00000e+00    0.00000e+00
  2.529   4.980   -4.59116e+03   -2.09676e+04
  0.000   0.000    0.00000e+00    0.00000e+00
  2.539   4.990   -3.88051e+03   -2.10481e+04
  0.000   0.000    0.00000e+00    0.00000e+00
