  0.000   0.010    3.15985e+05    2.11077e+00
  0.000   0.000    0.00000e+00    0.00000e+00
  0.000   0.020    3.15985e+05    2.11077e+00
  0.000   0.000    0.00000e+00    0.00000e+00
  0.000   0.030    3.15985e+05    2.11077e+00
  0.000   0.000    0.00000e+00    0.00000e+00
  0.000   0.040    3.15985e+05    2.11077e+00
  0.000   0.000    0.00000e+00    0.00000e+00
  0.000   0.050    3.15985e+05    2.11077e+00
  0.000   0.000    0.00000e+00    0.00000e+00
  0.000   0.060    3.06044e+05    3.16101e+00
  0.000   0.000    0.00000e+00    0.00000e+00
  0.001   0.070    2.96102e+05    4.21124e+00
  0.000   0.000    0.00000e+00    0.00000e+00
  0.001   0.080    2.86161e+05    5.26147e+00
  0.000   0.000    0.00000e+00    0.00000e+00
  0.001   0.090    2.76220e+05    6.31170e+00
  0.000   0.000    0.00000e+00    0.00000e+00
  0.001   0.100    2.66278e+05    7.36193e+00
  0.000   0.000    0.00000e+00    0.00000e+00
  0.001   0.110    2.50493e+05    8.31809e+00
  0.000   0.000    0.00000e+00    0.00000e+00
  0.002   0.120    2.34708e+05    9.27425e+00
  0.000   0.000    0.00000e+00    0.00000e+00
  0.002   0.130    2.18923e+05    1.02304e+01
  0.000   0.000    0.00000e+00    0.00000e+00
  0.002   0.140    2.03138e+05    1.11866e+01
  0.000   0.000    0.00000e+00    0.00000e+00
  0.002   0.150    1.87353e+05    1.21427e+01
  0.000   0.000    0.00000e+00    0.00000e+00
  0.003   0.160    1.67378e+05    1.17456e+01
  0.000   0.000    0.00000e+00    0.00000e+00
  0.003   0.170    1.47403e+05    1.13485e+01
  0.000   0.000    0.00000e+00    0.00000e+00
  0.003   0.180    1.27429e+05    1.09514e+01
  0.000   0.000    0.00000e+00    0.00000e+00
  0.004   0.190    1.07454e+05    1.05543e+01
  0.000   0.000    0.00000e+00    0.00000e+00
  0.004   0.200    8.74786e+04    1.01572e+01
  0.000   0.000    0.00000e+00    0.00000e+00
  0.005   0.210    6.63892e+04    7.53198e+00
  0.000   0.000    0.00000e+00    0.00000e+00
  0.005   0.220    4.52998e+04    4.90671e+00
  0.000   0.000    0.00000e+00    0.00000e+00
  0.005   0.230    2.42104e+04    2.28144e+00
  0.000   0.000    0.00000e+00    0.00000e+00
  0.006   0.240    3.12095e+03   -3.43832e-01
  0.000   0.000    0.00000e+00    0.00000e+00
  0.006   0.250   -1.79685e+04   -2.96910e+00
  0.000   0.000    0.00000e+00    0.00000e+00
  0.007   0.260   -3.64820e+04   -6.74778e+00
  0.000   0.000    0.00000e+00    0.00000e+00
  0.007   0.270   -5.49955e+04   -1.05264e+01
  0.000   0.000    0.00000e+00    0.00000e+00
  0.008   0.280   -7.35090e+04   -1.43051e+01
  0.000   0.000    0.00000e+00    0.00000e+00
  0.009   0.290   -9.20226e+04   -1.80838e+01
  0.000   0.000    0.00000e+00    0.00000e+00
  0.009   0.300   -1.10536e+05   -2.18625e+01
  0.000   0.000    0.00000e+00    0.00000e+00
  0.010   0.310   -1.24505e+05   -2.65739e+01
  0.000   0.000    0.00000e+00    0.00000e+00
  0.011   0.320   -1.38475e+05   -3.12853e+01
  0.000   0.000    0.00000e+00    0.00000e+00
  0.011   0.330   -1.52444e+05   -3.59967e+01
  0.000   0.000    0.00000e+00    0.00000e+00
  0.012   0.340   -1.66413e+05   -4.07081e+01
  0.000   0.000    0.00000e+00    0.00000e+00
  0.012   0.350   -1.80382e+05   -4.54195e+01
  0.000   0.000    0.00000e+00    0.00000e+00
  0.013   0.360   -1.89805e+05   -5.48278e+01
  0.000   0.000    0.00000e+00    0.00000e+00
  0.014   0.370   -1.99229e+05   -6.42362e+01
  0.000   0.000    0.00000e+00    0.00000e+00
  0.015   0.380   -2.08652e+05   -7.36446e+01
  0.000   0.000    0.00000e+00    0.00000e+00
  0.016   0.390   -2.18075e+05   -8.30529e+01
  0.000   0.000    0.00000e+00    0.00000e+00
  0.016   0.400   -2.27498e+05   -9.24613e+01
  0.000   0.000    0.00000e+00    0.00000e+00
  0.017   0.410   -2.33045e+05   -1.12538e+02
  0.000   0.000    0.00000e+00    0.00000e+00
  0.018   0.420   -2.38593e+05   -1.32615e+02
  0.000   0.000    0.00000e+00    0.00000e+00
  0.019   0.430   -2.44140e+05   -1.52691e+02
  0.000   0.000    0.00000e+00    0.00000e+00
  0.020   0.440   -2.49687e+05   -1.72768e+02
  0.000   0.000    0.00000e+00    0.00000e+00
  0.021   0.450   -2.55235e+05   -1.92845e+02
  0.000   0.000    0.00000e+00    0.00000e+00
  0.022   0.460   -2.57736e+05   -2.29681e+02
  0.000   0.000    0.00000e+00    0.00000e+00
  0.023   0.470   -2.60236e+05   -2.66516e+02
  0.000   0.000    0.00000e+00    0.00000e+00
  0.024   0.480   -2.62737e+05   -3.03352e+02
  0.000   0.000    0.00000e+00    0.00000e+00
  0.025   0.490   -2.65238e+05   -3.40188e+02
  0.000   0.000    0.00000e+00    0.00000e+00
  0.025   0.500   -2.67739e+05   -3.77023e+02
  0.000   0.000    0.00000e+00    0.00000e+00
  0.027   0.510   -2.68034e+05   -4.35813e+02
  0.000   0.000    0.00000e+00    0.00000e+00
  0.028   0.520   -2.68328e+05   -4.94603e+02
  0.000   0.000    0.00000e+00    0.00000e+00
  0.029   0.530   -2.68622e+05   -5.53393e+02
  0.000   0.000    0.00000e+00    0.00000e+00
  0.030   0.540   -2.68917e+05   -6.12183e+02
  0.000   0.000    0.00000e+00    0.00000e+00
  0.031   0.550   -2.69211e+05   -6.70973e+02
  0.000   0.000    0.00000e+00    0.00000e+00
  0.032   0.560   -2.68035e+05   -7.55772e+02
  0.000   0.000    0.00000e+00    0.00000e+00
  0.033   0.570   -2.66858e+05   -8.40571e+02
  0.000   0.000    0.00000e+00    0.00000e+00
  0.034   0.580   -2.65681e+05   -9.25370e+02
  0.000   0.000    0.00000e+00    0.00000e+00
  0.036   0.590   -2.64505e+05   -1.01017e+03
  0.000   0.000    0.00000e+00    0.00000e+00
  0.037   0.600   -2.63328e+05   -1.09497e+03
  0.000   0.000    0.00000e+00    0.00000e+00
  0.038   0.610   -2.61242e+05   -1.20865e+03
  0.000   0.000    0.00000e+00    0.00000e+00
  0.039   0.620   -2.59156e+05   -1.32234e+03
  0.000   0.000    0.00000e+00    0.00000e+00
  0.041   0.630   -2.57070e+05   -1.43602e+03
  0.000   0.000    0.00000e+00    0.00000e+00
  0.042   0.640   -2.54984e+05   -1.54971e+03
  0.000   0.000    0.00000e+00    0.00000e+00
  0.043   0.650   -2.52898e+05   -1.66339e+03
  0.000   0.000    0.00000e+00    0.00000e+00
  0.044   0.660   -2.50290e+05   -1.80744e+03
  0.000   0.000    0.00000e+00    0.00000e+00
  0.046   0.670   -2.47681e+05   -1.95149e+03
  0.000   0.000    0.00000e+00    0.00000e+00
  0.047   0.680   -2.45073e+05   -2.09554e+03
  0.000   0.000    0.00000e+00    0.00000e+00
  0.049   0.690   -2.42464e+05   -2.23959e+03
  0.000   0.000    0.00000e+00    0.00000e+00
  0.050   0.700   -2.39856e+05   -2.38364e+03
  0.000   0.000    0.00000e+00    0.00000e+00
  0.051   0.710   -2.36970e+05   -2.55779e+03
  0.000   0.000    0.00000e+00    0.00000e+00
  0.053   0.720   -2.34085e+05   -2.73194e+03
  0.000   0.000    0.00000e+00    0.00000e+00
  0.054   0.730   -2.31199e+05   -2.90610e+03
  0.000   0.000    0.00000e+00    0.00000e+00
  0.056   0.740   -2.28314e+05   -3.08025e+03
  0.000   0.000    0.00000e+00    0.00000e+00
  0.057   0.750   -2.25429e+05   -3.25440e+03
  0.000   0.000    0.00000e+00    0.00000e+00
  0.059   0.760   -2.22416e+05   -3.45637e+03
  0.000   0.000    0.00000e+00    0.00000e+00
  0.061   0.770   -2.19404e+05   -3.65834e+03
  0.000   0.000    0.00000e+00    0.00000e+00
  0.062   0.780   -2.16391e+05   -3.86030e+03
  0.000   0.000    0.00000e+00    0.00000e+00
  0.064   0.790   -2.13379e+05   -4.06227e+03
  0.000   0.000    0.00000e+00    0.00000e+00
  0.065   0.800   -2.10367e+05   -4.26424e+03
  0.000   0.000    0.00000e+00    0.00000e+00
  0.067   0.810   -2.07319e+05   -4.48964e+03
  0.000   0.000    0.00000e+00    0.00000e+00
  0.069   0.820   -2.04270e+05   -4.71505e+03
  0.000   0.000    0.00000e+00    0.00000e+00
  0.070   0.830   -2.01222e+05   -4.94045e+03
  0.000   0.000    0.00000e+00    0.00000e+00
  0.072   0.840   -1.98174e+05   -5.16586e+03
  0.000   0.000    0.00000e+00    0.00000e+00
  0.074   0.850   -1.95126e+05   -5.39126e+03
  0.000   0.000    0.00000e+00    0.00000e+00
  0.075   0.860   -1.92101e+05   -5.63381e+03
  0.000   0.000    0.00000e+00    0.00000e+00
  0.077   0.870   -1.89075e+05   -5.87636e+03
  0.000   0.000    0.00000e+00    0.00000e+00
  0.079   0.880   -1.86050e+05   -6.11891e+03
  0.000   0.000    0.00000e+00    0.00000e+00
  0.081   0.890   -1.83024e+05   -6.36146e+03
  0.000   0.000    0.00000e+00    0.00000e+00
  0.083   0.900   -1.79999e+05   -6.60401e+03
  0.000   0.000    0.00000e+00    0.00000e+00
  0.084   0.910   -1.77036e+05   -6.85600e+03
  0.000   0.000    0.00000e+00    0.00000e+00
  0.086   0.920   -1.74073e+05   -7.10799e+03
  0.000   0.000    0.00000e+00    0.00000e+00
  0.088   0.930   -1.71110e+05   -7.35998e+03
  0.000   0.000    0.00000e+00    0.00000e+00
  0.090   0.940   -1.68147e+05   -7.61197e+03
  0.000   0.000    0.00000e+00    0.00000e+00
  0.092   0.950   -1.65184e+05   -7.86397e+03
  0.000   0.000    0.00000e+00    0.00000e+00
  0.094   0.960   -1.62313e+05   -8.11685e+03
  0.000   0.000    0.00000e+00    0.00000e+00
  0.096   0.970   -1.59443e+05   -8.36974e+03
  0.000   0.000    0.00000e+00    0.00000e+00
  0.098   0.980   -1.56572e+05   -8.62263e+03
  0.000   0.000    0.00000e+00    0.00000e+00
  0.100   0.990   -1.53701e+05   -8.87552e+03
  0.000   0.000    0.00000e+00    0.00000e+00
  0.102   1.000   -1.50830e+05   -9.12841e+03
  0.000   0.000    0.00000e+00    0.00000e+00
  0.104   1.010   -1.48074e+05   -9.37354e+03
  0.000   0.000    0.00000e+00    0.00000e+00
  0.106   1.020   -1.45318e+05   -9.61867e+03
  0.000   0.000    0.00000e+00    0.00000e+00
  0.108   1.030   -1.42563e+05   -9.86380e+03
  0.000   0.000    0.00000e+00    0.00000e+00
  0.110   1.040   -1.39807e+05   -1.01089e+04
  0.000   0.000    0.00000e+00    0.00000e+00
  0.112   1.050   -1.37051e+05   -1.03541e+04
  0.000   0.000    0.00000e+00    0.00000e+00
  0.115   1.060   -1.34427e+05   -1.05832e+04
  0.000   0.000    0.00000e+00    0.00000e+00
  0.117   1.070   -1.31804e+05   -1.08124e+04
  0.000   0.000    0.00000e+00    0.00000e+00
  0.119   1.080   -1.29180e+05   -1.10416e+04
  0.000   0.000    0.00000e+00    0.00000e+00
  0.121   1.090   -1.26557e+05   -1.12707e+04
  0.000   0.000    0.00000e+00    0.00000e+00
  0.123   1.100   -1.23933e+05   -1.14999e+04
  0.000   0.000    0.00000e+00    0.00000e+00
  0.126   1.110   -1.21454e+05   -1.17059e+04
  0.000   0.000    0.00000e+00    0.00000e+00
  0.128   1.120   -1.18976e+05   -1.19120e+04
  0.000   0.000    0.00000e+00    0.00000e+00
  0.130   1.130   -1.16497e+05   -1.21180e+04
  0.000   0.000    0.00000e+00    0.00000e+00
  0.133   1.140   -1.14019e+05   -1.23241e+04
  0.000   0.000    0.00000e+00    0.00000e+00
  0.135   1.150   -1.11540e+05   -1.25301e+04
  0.000   0.000    0.00000e+00    0.00000e+00
  0.137   1.160   -1.09216e+05   -1.27072e+04
  0.000   0.000    0.00000e+00    0.00000e+00
  0.140   1.170   -1.06891e+05   -1.28843e+04
  0.000   0.000    0.00000e+00    0.00000e+00
  0.142   1.180   -1.04566e+05   -1.30614e+04
  0.000   0.000    0.00000e+00    0.00000e+00
  0.144   1.190   -1.02242e+05   -1.32385e+04
  0.000   0.000    0.00000e+00    0.00000e+00
  0.147   1.200   -9.99169e+04   -1.34156e+04
  0.000   0.000    0.00000e+00    0.00000e+00
  0.149   1.210   -9.77511e+04   -1.35595e+04
  0.000   0.000    0.00000e+00    0.00000e+00
  0.152   1.220   -9.55854e+04   -1.37034e+04
  0.000   0.000    0.00000e+00    0.00000e+00
  0.154   1.230   -9.34196e+04   -1.38473e+04
  0.000   0.000    0.00000e+00    0.00000e+00
  0.157   1.240   -9.12539e+04   -1.39912e+04
  0.000   0.000    0.00000e+00    0.00000e+00
  0.159   1.250   -8.90881e+04   -1.41350e+04
  0.000   0.000    0.00000e+00    0.00000e+00
  0.162   1.260   -8.70833e+04   -1.42431e+04
  0.000   0.000    0.00000e+00    0.00000e+00
  0.165   1.270   -8.50786e+04   -1.43512e+04
  0.000   0.000    0.00000e+00    0.00000e+00
  0.167   1.280   -8.30738e+04   -1.44592e+04
  0.000   0.000    0.00000e+00    0.00000e+00
  0.170   1.290   -8.10690e+04   -1.45673e+04
  0.000   0.000    0.00000e+00    0.00000e+00
  0.172   1.300   -7.90642e+04   -1.46753e+04
  0.000   0.000    0.00000e+00    0.00000e+00
  0.175   1.310   -7.72196e+04   -1.47465e+04
  0.000   0.000    0.00000e+00    0.00000e+00
  0.178   1.320   -7.53750e+04   -1.48177e+04
  0.000   0.000    0.00000e+00    0.00000e+00
  0.180   1.330   -7.35304e+04   -1.48888e+04
  0.000   0.000    0.00000e+00    0.00000e+00
  0.183   1.340   -7.16859e+04   -1.49600e+04
  0.000   0.000    0.00000e+00    0.00000e+00
  0.186   1.350   -6.98413e+04   -1.50312e+04
  0.000   0.000    0.00000e+00    0.00000e+00
  0.189   1.360   -6.81539e+04   -1.50658e+04
  0.000   0.000    0.00000e+00    0.00000e+00
  0.191   1.370   -6.64665e+04   -1.51005e+04
  0.000   0.000    0.00000e+00    0.00000e+00
  0.194   1.380   -6.47790e+04   -1.51351e+04
  0.000   0.000    0.00000e+00    0.00000e+00
  0.197   1.390   -6.30916e+04   -1.51698e+04
  0.000   0.000    0.00000e+00    0.00000e+00
  0.200   1.400   -6.14042e+04   -1.52044e+04
  0.000   0.000    0.00000e+00    0.00000e+00
  0.203   1.410   -5.98693e+04   -1.52041e+04
  0.000   0.000    0.00000e+00    0.00000e+00
  0.206   1.420   -5.83344e+04   -1.52037e+04
  0.000   0.000    0.00000e+00    0.00000e+00
  0.209   1.430   -5.67994e+04   -1.52034e+04
  0.000   0.000    0.00000e+00    0.00000e+00
  0.211   1.440   -5.52645e+04   -1.52031e+04
  0.000   0.000    0.00000e+00    0.00000e+00
  0.214   1.450   -5.37296e+04   -1.52027e+04
  0.000   0.000    0.00000e+00    0.00000e+00
  0.217   1.460   -5.23409e+04   -1.51699e+04
  0.000   0.000    0.00000e+00    0.00000e+00
  0.220   1.470   -5.09521e+04   -1.51371e+04
  0.000   0.000    0.00000e+00    0.00000e+00
  0.223   1.480   -4.95634e+04   -1.51043e+04
  0.000   0.000    0.00000e+00    0.00000e+00
  0.226   1.490   -4.81746e+04   -1.50715e+04
  0.000   0.000    0.00000e+00    0.00000e+00
  0.229   1.500   -4.67859e+04   -1.50387e+04
  0.000   0.000    0.00000e+00    0.00000e+00
  0.233   1.510   -4.55361e+04   -1.49767e+04
  0.000   0.000    0.00000e+00    0.00000e+00
  0.236   1.520   -4.42864e+04   -1.49147e+04
  0.000   0.000    0.00000e+00    0.00000e+00
  0.239   1.530   -4.30366e+04   -1.48527e+04
  0.000   0.000    0.00000e+00    0.00000e+00
  0.242   1.540   -4.17869e+04   -1.47907e+04
  0.000   0.000    0.00000e+00    0.00000e+00
  0.245   1.550   -4.05371e+04   -1.47287e+04
  0.000   0.000    0.00000e+00    0.00000e+00
  0.248   1.560   -3.94183e+04   -1.46411e+04
  0.000   0.000    0.00000e+00    0.00000e+00
  0.251   1.570   -3.82994e+04   -1.45536e+04
  0.000   0.000    0.00000e+00    0.00000e+00
  0.255   1.580   -3.71806e+04   -1.44661e+04
  0.000   0.000    0.00000e+00    0.00000e+00
  0.258   1.590   -3.60617e+04   -1.43785e+04
  0.000   0.000    0.00000e+00    0.00000e+00
  0.261   1.600   -3.49429e+04   -1.42910e+04
  0.000   0.000    0.00000e+00    0.00000e+00
  0.264   1.610   -3.39464e+04   -1.41819e+04
  0.000   0.000    0.00000e+00    0.00000e+00
  0.268   1.620   -3.29499e+04   -1.40729e+04
  0.000   0.000    0.00000e+00    0.00000e+00
  0.271   1.630   -3.19535e+04   -1.39638e+04
  0.000   0.000    0.00000e+00    0.00000e+00
  0.274   1.640   -3.09570e+04   -1.38547e+04
  0.000   0.000    0.00000e+00    0.00000e+00
  0.278   1.650   -2.99605e+04   -1.37457e+04
  0.000   0.000    0.00000e+00    0.00000e+00
  0.281   1.660   -2.90776e+04   -1.36191e+04
  0.000   0.000    0.00000e+00    0.00000e+00
  0.284   1.670   -2.81946e+04   -1.34926e+04
  0.000   0.000    0.00000e+00    0.00000e+00
  0.288   1.680   -2.73117e+04   -1.33660e+04
  0.000   0.000    0.00000e+00    0.00000e+00
  0.291   1.690   -2.64288e+04   -1.32395e+04
  0.000   0.000    0.00000e+00    0.00000e+00
  0.295   1.700   -2.55458e+04   -1.31129e+04
  0.000   0.000    0.00000e+00    0.00000e+00
  0.298   1.710   -2.47675e+04   -1.29729e+04
  0.000   0.000    0.00000e+00    0.00000e+00
  0.302   1.720   -2.39891e+04   -1.28328e+04
  0.000   0.000    0.00000e+00    0.00000e+00
  0.305   1.730   -2.32107e+04   -1.26928e+04
  0.000   0.000    0.00000e+00    0.00000e+00
  0.309   1.740   -2.24324e+04   -1.25528e+04
  0.000   0.000    0.00000e+00    0.00000e+00
  0.312   1.750   -2.16540e+04   -1.24127e+04
  0.000   0.000    0.00000e+00    0.00000e+00
  0.316   1.760   -2.09714e+04   -1.22630e+04
  0.000   0.000    0.00000e+00    0.00000e+00
  0.320   1.770   -2.02889e+04   -1.21132e+04
  0.000   0.000    0.00000e+00    0.00000e+00
  0.323   1.780   -1.96063e+04   -1.19635e+04
  0.000   0.000    0.00000e+00    0.00000e+00
  0.327   1.790   -1.89237e+04   -1.18138e+04
  0.000   0.000    0.00000e+00    0.00000e+00
  0.330   1.800   -1.82411e+04   -1.16640e+04
  0.000   0.000    0.00000e+00    0.00000e+00
  0.334   1.810   -1.76456e+04   -1.15081e+04
  0.000   0.000    0.00000e+00    0.00000e+00
  0.338   1.820   -1.70501e+04   -1.13522e+04
  0.000   0.000    0.00000e+00    0.00000e+00
  0.342   1.830   -1.64547e+04   -1.11962e+04
  0.000   0.000    0.00000e+00    0.00000e+00
  0.345   1.840   -1.58592e+04   -1.10403e+04
  0.000   0.000    0.00000e+00    0.00000e+00
  0.349   1.850   -1.52637e+04   -1.08843e+04
  0.000   0.000    0.00000e+00    0.00000e+00
  0.353   1.860   -1.47469e+04   -1.07253e+04
  0.000   0.000    0.00000e+00    0.00000e+00
  0.357   1.870   -1.42302e+04   -1.05664e+04
  0.000   0.000    0.00000e+00    0.00000e+00
  0.360   1.880   -1.37134e+04   -1.04074e+04
  0.000   0.000    0.00000e+00    0.00000e+00
  0.364   1.890   -1.31967e+04   -1.02484e+04
  0.000   0.000    0.00000e+00    0.00000e+00
  0.368   1.900   -1.26799e+04   -1.00894e+04
  0.000   0.000    0.00000e+00    0.00000e+00
  0.372   1.910   -1.22339e+04   -9.93019e+03
  0.000   0.000    0.00000e+00    0.00000e+00
  0.376   1.920   -1.17880e+04   -9.77094e+03
  0.000   0.000    0.00000e+00    0.00000e+00
  0.380   1.930   -1.13420e+04   -9.61170e+03
  0.000   0.000    0.00000e+00    0.00000e+00
  0.384   1.940   -1.08960e+04   -9.45246e+03
  0.000   0.000    0.00000e+00    0.00000e+00
  0.388   1.950   -1.04500e+04   -9.29321e+03
  0.000   0.000    0.00000e+00    0.00000e+00
  0.392   1.960   -1.00672e+04   -9.13609e+03
  0.000   0.000    0.00000e+00    0.00000e+00
  0.396   1.970   -9.68449e+03   -8.97898e+03
  0.000   0.000    0.00000e+00    0.00000e+00
  0.400   1.980   -9.30173e+03   -8.82186e+03
  0.000   0.000    0.00000e+00    0.00000e+00
  0.404   1.990   -8.91898e+03   -8.66474e+03
  0.000   0.000    0.00000e+00    0.00000e+00
  0.408   2.000   -8.53622e+03   -8.50762e+03
  0.000   0.000    0.00000e+00    0.00000e+00
  0.412   2.010   -8.20964e+03   -8.35462e+03
  0.000   0.000    0.00000e+00    0.00000e+00
  0.416   2.020   -7.88306e+03   -8.20161e+03
  0.000   0.000    0.00000e+00    0.00000e+00
  0.420   2.030   -7.55648e+03   -8.04861e+03
  0.000   0.000    0.00000e+00    0.00000e+00
  0.424   2.040   -7.22990e+03   -7.89561e+03
  0.000   0.000    0.00000e+00    0.00000e+00
  0.429   2.050   -6.90332e+03   -7.74261e+03
  0.000   0.000    0.00000e+00    0.00000e+00
  0.433   2.060   -6.62637e+03   -7.59532e+03
  0.000   0.000    0.00000e+00    0.00000e+00
  0.437   2.070   -6.34941e+03   -7.44804e+03
  0.000   0.000    0.00000e+00    0.00000e+00
  0.441   2.080   -6.07246e+03   -7.30075e+03
  0.000   0.000    0.00000e+00    0.00000e+00
  0.445   2.090   -5.79551e+03   -7.15347e+03
  0.000   0.000    0.00000e+00    0.00000e+00
  0.450   2.100   -5.51856e+03   -7.00618e+03
  0.000   0.000    0.00000e+00    0.00000e+00
  0.454   2.110   -5.28520e+03   -6.86587e+03
  0.000   0.000    0.00000e+00    0.00000e+00
  0.458   2.120   -5.05184e+03   -6.72555e+03
  0.000   0.000    0.00000e+00    0.00000e+00
  0.463   2.130   -4.81848e+03   -6.58524e+03
  0.000   0.000    0.00000e+00    0.00000e+00
  0.467   2.140   -4.58512e+03   -6.44492e+03
  0.000   0.000    0.00000e+00    0.00000e+00
  0.471   2.150   -4.35176e+03   -6.30461e+03
  0.000   0.000    0.00000e+00    0.00000e+00
  0.476   2.160   -4.15648e+03   -6.17219e+03
  0.000   0.000    0.00000e+00    0.00000e+00
  0.480   2.170   -3.96120e+03   -6.03977e+03
  0.000   0.000    0.00000e+00    0.00000e+00
  0.485   2.180   -3.76592e+03   -5.90735e+03
  0.000   0.000    0.00000e+00    0.00000e+00
  0.489   2.190   -3.57063e+03   -5.77493e+03
  0.000   0.000    0.00000e+00    0.00000e+00
  0.494   2.200   -3.37535e+03   -5.64251e+03
  0.000   0.000    0.00000e+00    0.00000e+00
  0.498   2.210   -3.21315e+03   -5.51863e+03
  0.000   0.000    0.00000e+00    0.00000e+00
  0.503   2.220   -3.05094e+03   -5.39475e+03
  0.000   0.000    0.00000e+00    0.00000e+00
  0.507   2.230   -2.88873e+03   -5.27087e+03
  0.000   0.000    0.00000e+00    0.00000e+00
  0.512   2.240   -2.72653e+03   -5.14699e+03
  0.000   0.000    0.00000e+00    0.00000e+00
  0.516   2.250   -2.56432e+03   -5.02311e+03
  0.000   0.000    0.00000e+00    0.00000e+00
  0.521   2.260   -2.43067e+03   -4.90814e+03
  0.000   0.000    0.00000e+00    0.00000e+00
  0.526   2.270   -2.29703e+03   -4.79317e+03
  0.000   0.000    0.00000e+00    0.00000e+00
  0.530   2.280   -2.16338e+03   -4.67820e+03
  0.000   0.000    0.00000e+00    0.00000e+00
  0.535   2.290   -2.02973e+03   -4.56322e+03
  0.000   0.000    0.00000e+00    0.00000e+00
  0.539   2.300   -1.89608e+03   -4.44825e+03
  0.000   0.000    0.00000e+00    0.00000e+00
  0.544   2.310   -1.78694e+03   -4.34236e+03
  0.000   0.000    0.00000e+00    0.00000e+00
  0.549   2.320   -1.67780e+03   -4.23646e+03
  0.000   0.000    0.00000e+00    0.00000e+00
  0.554   2.330   -1.56866e+03   -4.13056e+03
  0.000   0.000    0.00000e+00    0.00000e+00
  0.558   2.340   -1.45952e+03   -4.02466e+03
  0.000   0.000    0.00000e+00    0.00000e+00
  0.563   2.350   -1.35038e+03   -3.91877e+03
  0.000   0.000    0.00000e+00    0.00000e+00
  0.568   2.360   -1.26214e+03   -3.82192e+03
  0.000   0.000    0.00000e+00    0.00000e+00
  0.573   2.370   -1.17390e+03   -3.72507e+03
  0.000   0.000    0.00000e+00    0.00000e+00
  0.578   2.380   -1.08566e+03   -3.62822e+03
  0.000   0.000    0.00000e+00    0.00000e+00
  0.583   2.390   -9.97426e+02   -3.53137e+03
  0.000   0.000    0.00000e+00    0.00000e+00
  0.587   2.400   -9.09187e+02   -3.43452e+03
  0.000   0.000    0.00000e+00    0.00000e+00
  0.592   2.410   -8.38657e+02   -3.34654e+03
  0.000   0.000    0.00000e+00    0.00000e+00
  0.597   2.420   -7.68127e+02   -3.25856e+03
  0.000   0.000    0.00000e+00    0.00000e+00
  0.602   2.430   -6.97597e+02   -3.17058e+03
  0.000   0.000    0.00000e+00    0.00000e+00
  0.607   2.440   -6.27067e+02   -3.08261e+03
  0.000   0.000    0.00000e+00    0.00000e+00
  0.612   2.450   -5.56537e+02   -2.99463e+03
  0.000   0.000    0.00000e+00    0.00000e+00
  0.617   2.460   -5.00901e+02   -2.91522e+03
  0.000   0.000    0.00000e+00    0.00000e+00
  0.622   2.470   -4.45265e+02   -2.83582e+03
  0.000   0.000    0.00000e+00    0.00000e+00
  0.627   2.480   -3.89629e+02   -2.75642e+03
  0.000   0.000    0.00000e+00    0.00000e+00
  0.632   2.490   -3.33993e+02   -2.67701e+03
  0.000   0.000    0.00000e+00    0.00000e+00
  0.637   2.500   -2.78358e+02   -2.59761e+03
  0.000   0.000    0.00000e+00    0.00000e+00
  0.642   2.510   -2.35155e+02   -2.52638e+03
  0.000   0.000    0.00000e+00    0.00000e+00
  0.648   2.520   -1.91952e+02   -2.45516e+03
  0.000   0.000    0.00000e+00    0.00000e+00
  0.653   2.530   -1.48749e+02   -2.38394e+03
  0.000   0.000    0.00000e+00    0.00000e+00
  0.658   2.540   -1.05546e+02   -2.31271e+03
  0.000   0.000    0.00000e+00    0.00000e+00
  0.663   2.550   -6.23427e+01   -2.24149e+03
  0.000   0.000    0.00000e+00    0.00000e+00
  0.668   2.560   -2.94308e+01   -2.17798e+03
  0.000   0.000    0.00000e+00    0.00000e+00
  0.674   2.570    3.48119e+00   -2.11448e+03
  0.000   0.000    0.00000e+00    0.00000e+00
  0.679   2.580    3.63931e+01   -2.05097e+03
  0.000   0.000    0.00000e+00    0.00000e+00
  0.684   2.590    6.93051e+01   -1.98747e+03
  0.000   0.000    0.00000e+00    0.00000e+00
  0.689   2.600    1.02217e+02   -1.92396e+03
  0.000   0.000    0.00000e+00    0.00000e+00
  0.695   2.610    1.26691e+02   -1.86767e+03
  0.000   0.000    0.00000e+00    0.00000e+00
  0.700   2.620    1.51164e+02   -1.81137e+03
  0.000   0.000    0.00000e+00    0.00000e+00
  0.705   2.630    1.75638e+02   -1.75507e+03
  0.000   0.000    0.00000e+00    0.00000e+00
  0.711   2.640    2.00111e+02   -1.69877e+03
  0.000   0.000    0.00000e+00    0.00000e+00
  0.716   2.650    2.24585e+02   -1.64247e+03
  0.000   0.000    0.00000e+00    0.00000e+00
  0.722   2.660    2.42209e+02   -1.59284e+03
  0.000   0.000    0.00000e+00    0.00000e+00
  0.727   2.670    2.59833e+02   -1.54320e+03
  0.000   0.000    0.00000e+00    0.00000e+00
  0.732   2.680    2.77458e+02   -1.49357e+03
  0.000   0.000    0.00000e+00    0.00000e+00
  0.738   2.690    2.95082e+02   -1.44393e+03
  0.000   0.000    0.00000e+00    0.00000e+00
  0.743   2.700    3.12707e+02   -1.39430e+03
  0.000   0.000    0.00000e+00    0.00000e+00
  0.749   2.710    3.24838e+02   -1.35077e+03
  0.000   0.000    0.00000e+00    0.00000e+00
  0.754   2.720    3.36969e+02   -1.30723e+03
  0.000   0.000    0.00000e+00    0.00000e+00
  0.760   2.730    3.49100e+02   -1.26370e+03
  0.000   0.000    0.00000e+00    0.00000e+00
  0.766   2.740    3.61231e+02   -1.22017e+03
  0.000   0.000    0.00000e+00    0.00000e+00
  0.771   2.750    3.73363e+02   -1.17663e+03
  0.000   0.000    0.00000e+00    0.00000e+00
  0.777   2.760    3.81147e+02   -1.13864e+03
  0.000   0.000    0.00000e+00    0.00000e+00
  0.782   2.770    3.88931e+02   -1.10065e+03
  0.000   0.000    0.00000e+00    0.00000e+00
  0.788   2.780    3.96716e+02   -1.06265e+03
  0.000   0.000    0.00000e+00    0.00000e+00
  0.794   2.790    4.04500e+02   -1.02466e+03
  0.000   0.000    0.00000e+00    0.00000e+00
  0.799   2.800    4.12284e+02   -9.86666e+02
  0.000   0.000    0.00000e+00    0.00000e+00
  0.805   2.810    4.16683e+02   -9.53659e+02
  0.000   0.000    0.00000e+00    0.00000e+00
  0.811   2.820    4.21081e+02   -9.20653e+02
  0.000   0.000    0.00000e+00    0.00000e+00
  0.817   2.830    4.25480e+02   -8.87647e+02
  0.000   0.000    0.00000e+00    0.00000e+00
  0.823   2.840    4.29878e+02   -8.54641e+02
  0.000   0.000    0.00000e+00    0.00000e+00
  0.828   2.850    4.34277e+02   -8.21634e+02
  0.000   0.000    0.00000e+00    0.00000e+00
  0.834   2.860    4.36088e+02   -7.93074e+02
  0.000   0.000    0.00000e+00    0.00000e+00
  0.840   2.870    4.37898e+02   -7.64514e+02
  0.000   0.000    0.00000e+00    0.00000e+00
  0.846   2.880    4.39709e+02   -7.35954e+02
  0.000   0.000    0.00000e+00    0.00000e+00
  0.852   2.890    4.41519e+02   -7.07393e+02
  0.000   0.000    0.00000e+00    0.00000e+00
  0.858   2.900    4.43330e+02   -6.78833e+02
  0.000   0.000    0.00000e+00    0.00000e+00
  0.864   2.910    4.43206e+02   -6.54206e+02
  0.000   0.000    0.00000e+00    0.00000e+00
  0.870   2.920    4.43083e+02   -6.29579e+02
  0.000   0.000    0.00000e+00    0.00000e+00
  0.875   2.930    4.42959e+02   -6.04951e+02
  0.000   0.000    0.00000e+00    0.00000e+00
  0.881   2.940    4.42836e+02   -5.80324e+02
  0.000   0.000    0.00000e+00    0.00000e+00
  0.887   2.950    4.42712e+02   -5.55697e+02
  0.000   0.000    0.00000e+00    0.00000e+00
  0.893   2.960    4.41182e+02   -5.34516e+02
  0.000   0.000    0.00000e+00    0.00000e+00
  0.900   2.970    4.39651e+02   -5.13335e+02
  0.000   0.000    0.00000e+00    0.00000e+00
  0.906   2.980    4.38121e+02   -4.92154e+02
  0.000   0.000    0.00000e+00    0.00000e+00
  0.912   2.990    4.36591e+02   -4.70973e+02
  0.000   0.000    0.00000e+00    0.00000e+00
  0.918   3.000    4.35060e+02   -4.49792e+02
  0.000   0.000    0.00000e+00    0.00000e+00
  0.924   3.010    4.32541e+02   -4.31603e+02
  0.000   0.000    0.00000e+00    0.00000e+00
  0.930   3.020    4.30022e+02   -4.13414e+02
  0.000   0.000    0.00000e+00    0.00000e+00
  0.936   3.030    4.27503e+02   -3.95224e+02
  0.000   0.000    0.00000e+00    0.00000e+00
  0.942   3.040    4.24983e+02   -3.77035e+02
  0.000   0.000    0.00000e+00    0.00000e+00
  0.949   3.050    4.22464e+02   -3.58846e+02
  0.000   0.000    0.00000e+00    0.00000e+00
  0.955   3.060    4.19284e+02   -3.43234e+02
  0.000   0.000    0.00000e+00    0.00000e+00
  0.961   3.070    4.16103e+02   -3.27621e+02
  0.000   0.000    0.00000e+00    0.00000e+00
  0.967   3.080    4.12922e+02   -3.12009e+02
  0.000   0.000    0.00000e+00    0.00000e+00
  0.974   3.090    4.09742e+02   -2.96396e+02
  0.000   0.000    0.00000e+00    0.00000e+00
  0.980   3.100    4.06561e+02   -2.80784e+02
  0.000   0.000    0.00000e+00    0.00000e+00
  0.986   3.110    4.02966e+02   -2.67371e+02
  0.000   0.000    0.00000e+00    0.00000e+00
  0.993   3.120    3.99371e+02   -2.53957e+02
  0.000   0.000    0.00000e+00    0.00000e+00
  0.999   3.130    3.95776e+02   -2.40544e+02
  0.000   0.000    0.00000e+00    0.00000e+00
  1.005   3.140    3.92181e+02   -2.27130e+02
  0.000   0.000    0.00000e+00    0.00000e+00
  1.012   3.150    3.88586e+02   -2.13717e+02
  0.000   0.000    0.00000e+00    0.00000e+00
  1.018   3.160    3.84754e+02   -2.02162e+02
  0.000   0.000    0.00000e+00    0.00000e+00
  1.025   3.170    3.80922e+02   -1.90607e+02
  0.000   0.000    0.00000e+00    0.00000e+00
  1.031   3.180    3.77091e+02   -1.79051e+02
  0.000   0.000    0.00000e+00    0.00000e+00
  1.038   3.190    3.73259e+02   -1.67496e+02
  0.000   0.000    0.00000e+00    0.00000e+00
  1.044   3.200    3.69428e+02   -1.55941e+02
  0.000   0.000    0.00000e+00    0.00000e+00
  1.051   3.210    3.65480e+02   -1.45942e+02
  0.000   0.000    0.00000e+00    0.00000e+00
  1.057   3.220    3.61532e+02   -1.35944e+02
  0.000   0.000    0.00000e+00    0.00000e+00
  1.064   3.230    3.57585e+02   -1.25945e+02
  0.000   0.000    0.00000e+00    0.00000e+00
  1.070   3.240    3.53637e+02   -1.15947e+02
  0.000   0.000    0.00000e+00    0.00000e+00
  1.077   3.250    3.49689e+02   -1.05949e+02
  0.000   0.000    0.00000e+00    0.00000e+00
  1.084   3.260    3.45703e+02   -9.72468e+01
  0.000   0.000    0.00000e+00    0.00000e+00
  1.090   3.270    3.41716e+02   -8.85451e+01
  0.000   0.000    0.00000e+00    0.00000e+00
  1.097   3.280    3.37730e+02   -7.98434e+01
  0.000   0.000    0.00000e+00    0.00000e+00
  1.104   3.290    3.33743e+02   -7.11417e+01
  0.000   0.000    0.00000e+00    0.00000e+00
  1.110   3.300    3.29757e+02   -6.24399e+01
  0.000   0.000    0.00000e+00    0.00000e+00
  1.117   3.310    3.25771e+02   -5.48120e+01
  0.000   0.000    0.00000e+00    0.00000e+00
  1.124   3.320    3.21785e+02   -4.71840e+01
  0.000   0.000    0.00000e+00    0.00000e+00
  1.131   3.330    3.17799e+02   -3.95561e+01
  0.000   0.000    0.00000e+00    0.00000e+00
  1.138   3.340    3.13813e+02   -3.19281e+01
  0.000   0.000    0.00000e+00    0.00000e+00
  1.144   3.350    3.09827e+02   -2.43001e+01
  0.000   0.000    0.00000e+00    0.00000e+00
  1.151   3.360    3.05854e+02   -1.75604e+01
  0.000   0.000    0.00000e+00    0.00000e+00
  1.158   3.370    3.01881e+02   -1.08206e+01
  0.000   0.000    0.00000e+00    0.00000e+00
  1.165   3.380    2.97908e+02   -4.08089e+00
  0.000   0.000    0.00000e+00    0.00000e+00
  1.172   3.390    2.93934e+02    2.65885e+00
  0.000   0.000    0.00000e+00    0.00000e+00
  1.179   3.400    2.89961e+02    9.39859e+00
  0.000   0.000    0.00000e+00    0.00000e+00
  1.186   3.410    2.85992e+02    1.54005e+01
  0.000   0.000    0.00000e+00    0.00000e+00
  1.193   3.420    2.82023e+02    2.14025e+01
  0.000   0.000    0.00000e+00    0.00000e+00
  1.200   3.430    2.78054e+02    2.74044e+01
  0.000   0.000    0.00000e+00    0.00000e+00
  1.207   3.440    2.74085e+02    3.34063e+01
  0.000   0.000    0.00000e+00    0.00000e+00
  1.214   3.450    2.70116e+02    3.94083e+01
  0.000   0.000    0.00000e+00    0.00000e+00
  1.221   3.460    2.66126e+02    4.47901e+01
  0.000   0.000    0.00000e+00    0.00000e+00
  1.228   3.470    2.62137e+02    5.01720e+01
  0.000   0.000    0.00000e+00    0.00000e+00
  1.235   3.480    2.58147e+02    5.55538e+01
  0.000   0.000    0.00000e+00    0.00000e+00
  1.242   3.490    2.54157e+02    6.09357e+01
  0.000   0.000    0.00000e+00    0.00000e+00
  1.249   3.500    2.50167e+02    6.63175e+01
  0.000   0.000    0.00000e+00    0.00000e+00
  1.256   3.510    2.46124e+02    7.11669e+01
  0.000   0.000    0.00000e+00    0.00000e+00
  1.264   3.520    2.42081e+02    7.60162e+01
  0.000   0.000    0.00000e+00    0.00000e+00
  1.271   3.530    2.38039e+02    8.08655e+01
  0.000   0.000    0.00000e+00    0.00000e+00
  1.278   3.540    2.33996e+02    8.57149e+01
  0.000   0.000    0.00000e+00    0.00000e+00
  1.285   3.550    2.29953e+02    9.05642e+01
  0.000   0.000    0.00000e+00    0.00000e+00
  1.292   3.560    2.25821e+02    9.49408e+01
  0.000   0.000    0.00000e+00    0.00000e+00
  1.300   3.570    2.21689e+02    9.93173e+01
  0.000   0.000    0.00000e+00    0.00000e+00
  1.307   3.580    2.17557e+02    1.03694e+02
  0.000   0.000    0.00000e+00    0.00000e+00
  1.314   3.590    2.13425e+02    1.08070e+02
  0.000   0.000    0.00000e+00    0.00000e+00
  1.322   3.600    2.09294e+02    1.12447e+02
  0.000   0.000    0.00000e+00    0.00000e+00
  1.329   3.610    2.05037e+02    1.16386e+02
  0.000   0.000    0.00000e+00    0.00000e+00
  1.336   3.620    2.00780e+02    1.20325e+02
  0.000   0.000    0.00000e+00    0.00000e+00
  1.344   3.630    1.96524e+02    1.24264e+02
  0.000   0.000    0.00000e+00    0.00000e+00
  1.351   3.640    1.92267e+02    1.28203e+02
  0.000   0.000    0.00000e+00    0.00000e+00
  1.359   3.650    1.88010e+02    1.32142e+02
  0.000   0.000    0.00000e+00    0.00000e+00
  1.366   3.660    1.83598e+02    1.35656e+02
  0.000   0.000    0.00000e+00    0.00000e+00
  1.374   3.670    1.79186e+02    1.39171e+02
  0.000   0.000    0.00000e+00    0.00000e+00
  1.381   3.680    1.74774e+02    1.42686e+02
  0.000   0.000    0.00000e+00    0.00000e+00
  1.388   3.690    1.70361e+02    1.46200e+02
  0.000   0.000    0.00000e+00    0.00000e+00
  1.396   3.700    1.65949e+02    1.49715e+02
  0.000   0.000    0.00000e+00    0.00000e+00
  1.404   3.710    1.61360e+02    1.52803e+02
  0.000   0.000    0.00000e+00    0.00000e+00
  1.411   3.720    1.56770e+02    1.55891e+02
  0.000   0.000    0.00000e+00    0.00000e+00
  1.419   3.730    1.52181e+02    1.58979e+02
  0.000   0.000    0.00000e+00    0.00000e+00
  1.426   3.740    1.47591e+02    1.62067e+02
  0.000   0.000    0.00000e+00    0.00000e+00
  1.434   3.750    1.43001e+02    1.65154e+02
  0.000   0.000    0.00000e+00    0.00000e+00
  1.442   3.760    1.38219e+02    1.67794e+02
  0.000   0.000    0.00000e+00    0.00000e+00
  1.449   3.770    1.33436e+02    1.70434e+02
  0.000   0.000    0.00000e+00    0.00000e+00
  1.457   3.780    1.28653e+02    1.73073e+02
  0.000   0.000    0.00000e+00    0.00000e+00
  1.465   3.790    1.23871e+02    1.75713e+02
  0.000   0.000    0.00000e+00    0.00000e+00
  1.472   3.800    1.19088e+02    1.78352e+02
  0.000   0.000    0.00000e+00    0.00000e+00
  1.480   3.810    1.14111e+02    1.80515e+02
  0.000   0.000    0.00000e+00    0.00000e+00
  1.488   3.820    1.09135e+02    1.82678e+02
  0.000   0.000    0.00000e+00    0.00000e+00
  1.496   3.830    1.04158e+02    1.84841e+02
  0.000   0.000    0.00000e+00    0.00000e+00
  1.504   3.840    9.91819e+01    1.87004e+02
  0.000   0.000    0.00000e+00    0.00000e+00
  1.511   3.850    9.42055e+01    1.89167e+02
  0.000   0.000    0.00000e+00    0.00000e+00
  1.519   3.860    8.90477e+01    1.90816e+02
  0.000   0.000    0.00000e+00    0.00000e+00
  1.527   3.870    8.38899e+01    1.92465e+02
  0.000   0.000    0.00000e+00    0.00000e+00
  1.535   3.880    7.87321e+01    1.94114e+02
  0.000   0.000    0.00000e+00    0.00000e+00
  1.543   3.890    7.35743e+01    1.95763e+02
  0.000   0.000    0.00000e+00    0.00000e+00
  1.551   3.900    6.84166e+01    1.97412e+02
  0.000   0.000    0.00000e+00    0.00000e+00
  1.559   3.910    6.31037e+01    1.98504e+02
  0.000   0.000    0.00000e+00    0.00000e+00
  1.567   3.920    5.77909e+01    1.99596e+02
  0.000   0.000    0.00000e+00    0.00000e+00
  1.575   3.930    5.24781e+01    2.00689e+02
  0.000   0.000    0.00000e+00    0.00000e+00
  1.583   3.940    4.71653e+01    2.01781e+02
  0.000   0.000    0.00000e+00    0.00000e+00
  1.591   3.950    4.18524e+01    2.02873e+02
  0.000   0.000    0.00000e+00    0.00000e+00
  1.599   3.960    3.64245e+01    2.03366e+02
  0.000   0.000    0.00000e+00    0.00000e+00
  1.607   3.970    3.09966e+01    2.03859e+02
  0.000   0.000    0.00000e+00    0.00000e+00
  1.615   3.980    2.55687e+01    2.04352e+02
  0.000   0.000    0.00000e+00    0.00000e+00
  1.623   3.990    2.01408e+01    2.04845e+02
  0.000   0.000    0.00000e+00    0.00000e+00
  1.632   4.000    1.47129e+01    2.05338e+02
  0.000   0.000    0.00000e+00    0.00000e+00
  1.640   4.010    9.22439e+00    2.05193e+02
  0.000   0.000    0.00000e+00    0.00000e+00
  1.648   4.020    3.73583e+00    2.05048e+02
  0.000   0.000    0.00000e+00    0.00000e+00
  1.656   4.030   -1.75273e+00    2.04903e+02
  0.000   0.000    0.00000e+00    0.00000e+00
  1.664   4.040   -7.24128e+00    2.04757e+02
  0.000   0.000    0.00000e+00    0.00000e+00
  1.673   4.050   -1.27298e+01    2.04612e+02
  0.000   0.000    0.00000e+00    0.00000e+00
  1.681   4.060   -1.82105e+01    2.03795e+02
  0.000   0.000    0.00000e+00    0.00000e+00
  1.689   4.070   -2.36912e+01    2.02978e+02
  0.000   0.000    0.00000e+00    0.00000e+00
  1.698   4.080   -2.91719e+01    2.02161e+02
  0.000   0.000    0.00000e+00    0.00000e+00
  1.706   4.090   -3.46526e+01    2.01345e+02
  0.000   0.000    0.00000e+00    0.00000e+00
  1.714   4.100   -4.01333e+01    2.00528e+02
  0.000   0.000    0.00000e+00    0.00000e+00
  1.723   4.110   -4.55269e+01    1.99014e+02
  0.000   0.000    0.00000e+00    0.00000e+00
  1.731   4.120   -5.09205e+01    1.97500e+02
  0.000   0.000    0.00000e+00    0.00000e+00
  1.739   4.130   -5.63140e+01    1.95987e+02
  0.000   0.000    0.00000e+00    0.00000e+00
  1.748   4.140   -6.17076e+01    1.94473e+02
  0.000   0.000    0.00000e+00    0.00000e+00
  1.756   4.150   -6.71012e+01    1.92960e+02
  0.000   0.000    0.00000e+00    0.00000e+00
  1.765   4.160   -7.23161e+01    1.90736e+02
  0.000   0.000    0.00000e+00    0.00000e+00
  1.773   4.170   -7.75311e+01    1.88512e+02
  0.000   0.000    0.00000e+00    0.00000e+00
  1.782   4.180   -8.27461e+01    1.86289e+02
  0.000   0.000    0.00000e+00    0.00000e+00
  1.790   4.190   -8.79611e+01    1.84065e+02
  0.000   0.000    0.00000e+00    0.00000e+00
  1.799   4.200   -9.31760e+01    1.81841e+02
  0.000   0.000    0.00000e+00    0.00000e+00
  1.807   4.210   -9.81146e+01    1.78909e+02
  0.000   0.000    0.00000e+00    0.00000e+00
  1.816   4.220   -1.03053e+02    1.75976e+02
  0.000   0.000    0.00000e+00    0.00000e+00
  1.825   4.230   -1.07992e+02    1.73044e+02
  0.000   0.000    0.00000e+00    0.00000e+00
  1.833   4.240   -1.12930e+02    1.70111e+02
  0.000   0.000    0.00000e+00    0.00000e+00
  1.842   4.250   -1.17869e+02    1.67178e+02
  0.000   0.000    0.00000e+00    0.00000e+00
  1.851   4.260   -1.22427e+02    1.63555e+02
  0.000   0.000    0.00000e+00    0.00000e+00
  1.859   4.270   -1.26985e+02    1.59931e+02
  0.000   0.000    0.00000e+00    0.00000e+00
  1.868   4.280   -1.31544e+02    1.56308e+02
  0.000   0.000    0.00000e+00    0.00000e+00
  1.877   4.290   -1.36102e+02    1.52684e+02
  0.000   0.000    0.00000e+00    0.00000e+00
  1.885   4.300   -1.40660e+02    1.49060e+02
  0.000   0.000    0.00000e+00    0.00000e+00
  1.894   4.310   -1.44734e+02    1.44783e+02
  0.000   0.000    0.00000e+00    0.00000e+00
  1.903   4.320   -1.48808e+02    1.40505e+02
  0.000   0.000    0.00000e+00    0.00000e+00
  1.912   4.330   -1.52882e+02    1.36228e+02
  0.000   0.000    0.00000e+00    0.00000e+00
  1.921   4.340   -1.56956e+02    1.31950e+02
  0.000   0.000    0.00000e+00    0.00000e+00
  1.930   4.350   -1.61030e+02    1.27672e+02
  0.000   0.000    0.00000e+00    0.00000e+00
  1.938   4.360   -1.64507e+02    1.22788e+02
  0.000   0.000    0.00000e+00    0.00000e+00
  1.947   4.370   -1.67984e+02    1.17905e+02
  0.000   0.000    0.00000e+00    0.00000e+00
  1.956   4.380   -1.71461e+02    1.13021e+02
  0.000   0.000    0.00000e+00    0.00000e+00
  1.965   4.390   -1.74938e+02    1.08137e+02
  0.000   0.000    0.00000e+00    0.00000e+00
  1.974   4.400   -1.78415e+02    1.03253e+02
  0.000   0.000    0.00000e+00    0.00000e+00
  1.983   4.410   -1.81199e+02    9.78412e+01
  0.000   0.000    0.00000e+00    0.00000e+00
  1.992   4.420   -1.83983e+02    9.24295e+01
  0.000   0.000    0.00000e+00    0.00000e+00
  2.001   4.430   -1.86768e+02    8.70178e+01
  0.000   0.000    0.00000e+00    0.00000e+00
  2.010   4.440   -1.89552e+02    8.16061e+01
  0.000   0.000    0.00000e+00    0.00000e+00
  2.019   4.450   -1.92336e+02    7.61944e+01
  0.000   0.000    0.00000e+00    0.00000e+00
  2.028   4.460   -1.94333e+02    7.03457e+01
  0.000   0.000    0.00000e+00    0.00000e+00
  2.038   4.470   -1.96330e+02    6.44970e+01
  0.000   0.000    0.00000e+00    0.00000e+00
  2.047   4.480   -1.98327e+02    5.86483e+01
  0.000   0.000    0.00000e+00    0.00000e+00
  2.056   4.490   -2.00324e+02    5.27996e+01
  0.000   0.000    0.00000e+00    0.00000e+00
  2.065   4.500   -2.02321e+02    4.69509e+01
  0.000   0.000    0.00000e+00    0.00000e+00
  2.074   4.510   -2.03446e+02    4.07764e+01
  0.000   0.000    0.00000e+00    0.00000e+00
  2.083   4.520   -2.04570e+02    3.46020e+01
  0.000   0.000    0.00000e+00    0.00000e+00
  2.093   4.530   -2.05695e+02    2.84275e+01
  0.000   0.000    0.00000e+00    0.00000e+00
  2.102   4.540   -2.06820e+02    2.22531e+01
  0.000   0.000    0.00000e+00    0.00000e+00
  2.111   4.550   -2.07944e+02    1.60786e+01
  0.000   0.000    0.00000e+00    0.00000e+00
  2.120   4.560   -2.08135e+02    9.70730e+00
  0.000   0.000    0.00000e+00    0.00000e+00
  2.130   4.570   -2.08325e+02    3.33600e+00
  0.000   0.000    0.00000e+00    0.00000e+00
  2.139   4.580   -2.08516e+02   -3.03530e+00
  0.000   0.000    0.00000e+00    0.00000e+00
  2.148   4.590   -2.08706e+02   -9.40660e+00
  0.000   0.000    0.00000e+00    0.00000e+00
  2.158   4.600   -2.08897e+02   -1.57779e+01
  0.000   0.000    0.00000e+00    0.00000e+00
  2.167   4.610   -2.08106e+02   -2.22038e+01
  0.000   0.000    0.00000e+00    0.00000e+00
  2.177   4.620   -2.07315e+02   -2.86298e+01
  0.000   0.000    0.00000e+00    0.00000e+00
  2.186   4.630   -2.06524e+02   -3.50557e+01
  0.000   0.000    0.00000e+00    0.00000e+00
  2.195   4.640   -2.05733e+02   -4.14816e+01
  0.000   0.000    0.00000e+00    0.00000e+00
  2.205   4.650   -2.04941e+02   -4.79075e+01
  0.000   0.000    0.00000e+00    0.00000e+00
  2.214   4.660   -2.03142e+02   -5.42328e+01
  0.000   0.000    0.00000e+00    0.00000e+00
  2.224   4.670   -2.01343e+02   -6.05581e+01
  0.000   0.000    0.00000e+00    0.00000e+00
  2.233   4.680   -1.99544e+02   -6.68833e+01
  0.000   0.000    0.00000e+00    0.00000e+00
  2.243   4.690   -1.97744e+02   -7.32086e+01
  0.000   0.000    0.00000e+00    0.00000e+00
  2.253   4.700   -1.95945e+02   -7.95339e+01
  0.000   0.000    0.00000e+00    0.00000e+00
  2.262   4.710   -1.93141e+02   -8.55960e+01
  0.000   0.000    0.00000e+00    0.00000e+00
  2.272   4.720   -1.90336e+02   -9.16580e+01
  0.000   0.000    0.00000e+00    0.00000e+00
  2.281   4.730   -1.87531e+02   -9.77201e+01
  0.000   0.000    0.00000e+00    0.00000e+00
  2.291   4.740   -1.84727e+02   -1.03782e+02
  0.000   0.000    0.00000e+00    0.00000e+00
  2.301   4.750   -1.81922e+02   -1.09844e+02
  0.000   0.000    0.00000e+00    0.00000e+00
  2.310   4.760   -1.78138e+02   -1.15476e+02
  0.000   0.000    0.00000e+00    0.00000e+00
  2.320   4.770   -1.74355e+02   -1.21107e+02
  0.000   0.000    0.00000e+00    0.00000e+00
  2.330   4.780   -1.70571e+02   -1.26738e+02
  0.000   0.000    0.00000e+00    0.00000e+00
  2.340   4.790   -1.66787e+02   -1.32369e+02
  0.000   0.000    0.00000e+00    0.00000e+00
  2.349   4.800   -1.63003e+02   -1.38001e+02
  0.000   0.000    0.00000e+00    0.00000e+00
  2.359   4.810   -1.58297e+02   -1.43033e+02
  0.000   0.000    0.00000e+00    0.00000e+00
  2.369   4.820   -1.53591e+02   -1.48066e+02
  0.000   0.000    0.00000e+00    0.00000e+00
  2.379   4.830   -1.48885e+02   -1.53098e+02
  0.000   0.000    0.00000e+00    0.00000e+00
  2.389   4.840   -1.44179e+02   -1.58131e+02
  0.000   0.000    0.00000e+00    0.00000e+00
  2.399   4.850   -1.39472e+02   -1.63163e+02
  0.000   0.000    0.00000e+00    0.00000e+00
  2.409   4.860   -1.33934e+02   -1.67440e+02
  0.000   0.000    0.00000e+00    0.00000e+00
  2.419   4.870   -1.28396e+02   -1.71716e+02
  0.000   0.000    0.00000e+00    0.00000e+00
  2.428   4.880   -1.22857e+02   -1.75992e+02
  0.000   0.000    0.00000e+00    0.00000e+00
  2.438   4.890   -1.17319e+02   -1.80268e+02
  0.000   0.000    0.00000e+00    0.00000e+00
  2.448   4.900   -1.11780e+02   -1.84544e+02
  0.000   0.000    0.00000e+00    0.00000e+00
  2.458   4.910   -1.05522e+02   -1.87911e+02
  0.000   0.000    0.00000e+00    0.00000e+00
  2.468   4.920   -9.92637e+01   -1.91278e+02
  0.000   0.000    0.00000e+00    0.00000e+00
  2.478   4.930   -9.30053e+01   -1.94644e+02
  0.000   0.000    0.00000e+00    0.00000e+00
  2.489   4.940   -8.67469e+01   -1.98011e+02
  0.000   0.000    0.00000e+00    0.00000e+00
  2.499   4.950   -8.04885e+01   -2.01378e+02
  0.000   0.000    0.00000e+00    0.00000e+00
  2.509   4.960   -7.36594e+01   -2.03706e+02
  0.000   0.000    0.00000e+00    0.00000e+00
  2.519   4.970   -6.68302e+01   -2.06033e+02
  0.000   0.000    0.00000e+00    0.00000e+00
  2.529   4.980   -6.00011e+01   -2.08361e+02
  0.000   0.000    0.00000e+00    0.00000e+00
  2.539   4.990   -5.31720e+01   -2.10689e+02
  0.000   0.000    0.00000e+00    0.00000e+00
