                0.00                     0.00                     0.00                     0.00                     0.00     .00
                0.00                     0.00                     0.00                     0.00                     0.00     .00
                0.00                     0.00                    52.09                    41.94                   835.25     .00
                0.00                     0.00                   362.19                   293.03                  5783.88     .00
                0.00                     0.00                  1300.59                  1085.32                 20950.04     .00
                0.00                     0.00                  3289.22                  2911.06                 54185.65     .00
                0.00                     0.00                  6692.01                  6415.71                113929.91     .00
                0.00                     0.00                 11922.92                 12388.73                209146.90     .00
                0.00                     0.00                 19901.84                 21662.99                350116.95     .00
                0.00                     0.00                 32605.79                 35165.86                551565.88     .00
                0.00                     0.00                 53173.59                 53993.26                835166.76     .00
                0.00                     0.00                 85244.32                 79374.13               1228962.38     .00
                0.00                     0.00                131830.87                112478.20               1766055.75     .00
                0.00                     0.00                194290.78                154311.70               2483856.75     .00
                0.00                     0.00                271793.52                206054.83               3425184.07     .00
                0.00                     0.00                361485.21                268797.81               4631045.24     .00
                0.00                     0.00                459339.00                343454.28               6136891.49     .00
                0.00                     0.00                561389.94                430859.94               7966033.86     .00
                0.00                     0.00                664976.51                531612.82              10118926.48     .00
                0.00                     0.00                769769.30                646697.38              12580791.17     .00
                0.00                     0.00                878012.89                776930.50              15325256.69     .00
                0.00                     0.00                993181.85                923175.97              18327159.06     .00
                0.00                     0.00               1117211.91               1090024.28              21597481.81     .00
                0.00                     0.00               1247799.71               1281980.00              25168842.04     .00
                0.00                     0.00               1377345.24               1500307.47              29079316.47     .00
                0.00                     0.00               1494086.48               1746037.67              33384779.19     .00
                0.00                     0.00               1585038.37               2019865.93              38146869.83     .00
                0.00                     0.00               1639961.29               2322072.08              43416872.90     .00
                0.00                     0.00               1655228.03               2652470.42              49223735.49     .00
                0.00                     0.00               1635849.94               3010526.71              55573511.80     .00
                0.00                     0.00               1593945.96               3395672.12              62455589.31     .00
                0.00                     0.00               1543597.72               3807716.67              69849115.68     .00
                0.00                     0.00               1494203.90               4247238.01              77731489.01     .00
                0.00                     0.00               1446614.42               4715712.89              86088270.88     .00
                0.00                     0.00               1394412.31               5215387.26              94920752.25     .00
                0.00                     0.00               1328848.04               5748896.22             104249843.09     .00
                0.00                     0.00               1243971.33               6318790.05             114116735.19     .00
                0.00                     0.00               1138903.50               6927390.68             124580634.32     .00
                0.00                     0.00               1017552.75               7576618.24             135711404.11     .00
                0.00                     0.00                887227.39               8267414.13             147577799.98     .00
                0.00                     0.00                757123.22               8999292.51             160236085.26     .00
                0.00                     0.00                636529.68               9770420.33             173721174.82     .00
                0.00                     0.00                532775.29              10577750.55             188037437.84     .00
                0.00                     0.00                450039.94              11417143.01             203150136.15     .00
                0.00                     0.00                389642.51              12283977.36             218986013.02     .00
                0.00                     0.00                351199.57              13174252.00             235449055.35     .00
                0.00                     0.00                332931.51              14085658.37             252446168.84     .00
                0.00                     0.00                330893.33              15018003.26             269905404.69     .00
                0.00                     0.00                339084.94              15972854.71             287774872.73     .00
                0.00                     0.00                351215.14              16952758.50             306014329.48     .00
                0.00                     0.00                363038.82              17960413.60             324596684.13     .00
                0.00                     0.00                373663.15              18997592.70             343516989.94     .00
                0.00                     0.00                385317.48              20063812.27             362795925.02     .00
                0.00                     0.00                402823.35              21155559.61             382472416.01     .00
                0.00                     0.00                433761.06              22266030.49             402584481.75     .00
                0.00                     0.00                488573.81              23384626.70             423143457.43     .00
                0.00                     0.00                579312.24              24496189.51             444104103.26     .00
                0.00                     0.00                717233.56              25579886.69             465339140.06     .00
                0.00                     0.00                910582.35              26608119.44             486632013.66     .00
                0.00                     0.00               1163295.24              27544873.27             507690094.65     .00
                0.00                     0.00               1474865.57              28343728.33             528171879.60     .00
                0.00                     0.00               1841271.08              28947013.98             547722083.83     .00
                0.00                     0.00               2256712.59              29289075.40             566010314.29     .00
                0.00                     0.00               2715903.47              29305495.99             582766226.68     .00
                0.00                     0.00               3216200.31              28946233.36             597800174.47     .00
                0.00                     0.00               3758529.50              28188174.51             611004196.43     .00
                0.00                     0.00               4346652.94              27042780.75             622342527.47     .00
                0.00                     0.00               4985504.61              25556874.76             631844093.64     .00
                0.00                     0.00               5678789.21              23807917.17             639599764.24     .00
                0.00                     0.00               6425671.10              21896206.73             645758246.48     .00
                0.00                     0.00               7217151.54              19935764.16             650515148.71     .00
                0.00                     0.00               8033644.17              18045008.59             654097547.23     .00
                0.00                     0.00               8845837.60              16338063.68             656746100.37     .00
                0.00                     0.00               9618996.39              14917518.67             658688680.96     .00
                0.00                     0.00              10319280.68              13869325.01             660106958.43     .00
                0.00                     0.00              10920129.69              13260055.03             661110434.56     .00
                0.00                     0.00              11406411.96              13136146.06             661729965.89     .00
                0.00                     0.00              11774389.94              13524275.54             661930489.16     .00
                0.00                     0.00              12027426.82              14432186.31             661636168.11     .00
                0.00                     0.00              12170504.31              15849798.56             660761676.52     .00
                0.00                     0.00              12206596.13              17750657.78             659243800.46     .00
                0.00                     0.00              12135940.65              20093657.23             657066342.09     .00
                0.00                     0.00              11957321.02              22824887.24             654271114.88     .00
                0.00                     0.00              11670141.35              25879506.32             650953248.11     .00
                0.00                     0.00              11276990.86              29182976.40             647247379.38     .00
                0.00                     0.00              10785902.26              32652731.10             643310600.79     .00
                0.00                     0.00              10210967.23              36189606.66             639329122.75     .00
                0.00                     0.00               9570992.14              39707995.65             635443608.25     .00
                0.00                     0.00               8887530.89              43141343.87             631737221.92     .00
                0.00                     0.00               8183366.84              46421752.42             628288503.43     .00
                0.00                     0.00               7481141.54              49494876.66             625147115.28     .00
                0.00                     0.00               6801633.48              52308417.02             622348822.95     .00
                0.00                     0.00               6162141.62              54836710.41             619876422.10     .00
                0.00                     0.00               5576127.12              57079787.38             617661550.33     .00
                0.00                     0.00               5054194.14              59037584.29             615627133.38     .00
                0.00                     0.00               4605600.81              60721887.15             613680998.94     .00
                0.00                     0.00               4239669.19              62156013.03             611727335.48     .00
                0.00                     0.00               3965905.12              63373527.13             609679970.89     .00
                0.00                     0.00               3791864.09              64415978.14             607478256.78     .00
                0.00                     0.00               3719818.33              65330401.07             605100368.50     .00
                0.00                     0.00               3744518.90              66166918.28             602568208.61     .00
                0.00                     0.00               3853750.23              66964484.87             599948069.74     .00
                0.00                     0.00               4031104.28              67774242.45             597325247.53     .00
                0.00                     0.00               4259249.36              68658183.16             594782816.08     .00
                0.00                     0.00               4522369.88              69663524.51             592390121.11     .00
                0.00                     0.00               4807523.80              70834288.45             590181448.04     .00
                0.00                     0.00               5104852.87              72209978.95             588152796.90     .00
                0.00                     0.00               5406687.08              73824339.38             586270445.79     .00
                0.00                     0.00               5706338.75              75704637.31             584484444.62     .00
                0.00                     0.00               5997139.99              77871418.43             582741330.40     .00
                0.00                     0.00               6271940.66              80338258.22             580995818.15     .00
                0.00                     0.00               6522630.48              83111048.06             579222622.16     .00
                0.00                     0.00               6739693.02              86187718.53             577426298.24     .00
                0.00                     0.00               6912866.39              89560028.11             575644990.44     .00
                0.00                     0.00               7032654.10              93215967.28             573946736.37     .00
                0.00                     0.00               7091262.91              97140646.47             572418787.09     .00
                0.00                     0.00               7082454.61             101316845.81             571149550.17     .00
                0.00                     0.00               7001116.35             105725738.95             570208073.83     .00
                0.00                     0.00               6843968.34             110346884.71             569630827.26     .00
                0.00                     0.00               6611734.02             115157453.29             569421111.58     .00
                0.00                     0.00               6311437.52             120131162.44             569556820.42     .00
                0.00                     0.00               5957131.84             125237880.61             569999091.82     .00
                0.00                     0.00               5568603.60             130444570.51             570699845.27     .00
                0.00                     0.00               5169172.36             135704936.31             571600283.00     .00
                0.00                     0.00               4783499.09             140986453.94             572665276.98     .00
                0.00                     0.00               4435394.02             146271237.15             573892834.64     .00
                0.00                     0.00               4144805.11             151532670.90             575292761.71     .00
                0.00                     0.00               3924341.15             156750143.14             576889337.40     .00
                0.00                     0.00               3777716.95             161910100.92             578709379.31     .00
                0.00                     0.00               3701654.45             167005967.97             580772270.65     .00
                0.00                     0.00               3690645.54             172037305.91             583083157.45     .00
                0.00                     0.00               3741523.45             177009426.51             585627635.02     .00
                0.00                     0.00               3855138.37             181934218.33             588369128.98     .00
                0.00                     0.00               4035115.39             186831379.08             591252294.96     .00
                0.00                     0.00               4285304.98             191728332.20             594213021.86     .00
                0.00                     0.00               4607407.05             196658489.22             597190357.07     .00
                0.00                     0.00               4998832.87             201659704.49             600134961.38     .00
                0.00                     0.00               5450894.53             206773813.67             603012407.55     .00
                0.00                     0.00               5948116.39             212046164.75             605803889.63     .00
                0.00                     0.00               6469583.75             217524448.78             608505332.21     .00
                0.00                     0.00               6991936.53             223257038.76             611122224.16     .00
                0.00                     0.00               7492746.52             229291308.25             613658726.35     .00
                0.00                     0.00               7953336.31             235671813.77             616105751.63     .00
                0.00                     0.00               8360608.96             242438250.89             618436163.65     .00
                0.00                     0.00               8707335.74             249623595.47             620610817.79     .00
                0.00                     0.00               8990282.18             257252525.19             622591104.23     .00
                0.00                     0.00               9206962.59             265340004.62             624350144.02     .00
                0.00                     0.00               9353435.55             273889876.29             625877325.78     .00
                0.00                     0.00               9425285.11             282894496.16             627176532.20     .00
                0.00                     0.00               9421139.32             292336459.30             628260278.74     .00
                0.00                     0.00               9345749.65             302190089.28             629142161.66     .00
                0.00                     0.00               9209969.90             312420754.69             629829685.36     .00
                0.00                     0.00               9027421.62             322985096.16             630318764.06     .00
                0.00                     0.00               8810088.25             333835490.82             630591296.35     .00
                0.00                     0.00               8565718.81             344913888.88             630626186.64     .00
                0.00                     0.00               8298114.96             356181228.86             630391158.86     .00
                0.00                     0.00               8009602.31             367613519.10             629855813.02     .00
                0.00                     0.00               7703321.93             379171965.84             629016369.55     .00
                0.00                     0.00               7383390.97             390819442.88             627886419.05     .00
                0.00                     0.00               7054313.98             402524296.21             626488465.43     .00
                0.00                     0.00               6721331.79             414262511.64             624843969.52     .00
                0.00                     0.00               6392045.65             426018545.77             622967364.75     .00
                0.00                     0.00               6077879.63             437785719.55             620866240.14     .00
                0.00                     0.00               5793684.64             449564874.62             618546943.30     .00
                0.00                     0.00               5555581.97             461360826.53             616021495.33     .00
                0.00                     0.00               5378247.40             473179544.39             613311398.39     .00
                0.00                     0.00               5272377.17             485029003.23             610446776.48     .00
                0.00                     0.00               5242644.26             496921603.41             607462961.14     .00
                0.00                     0.00               5286524.18             508873354.96             604397285.48     .00
                0.00                     0.00               5394448.09             520899999.18             601285967.06     .00
                0.00                     0.00               5550936.13             533014275.34             598158169.12     .00
                0.00                     0.00               5736227.70             545226228.54             595027183.28     .00
                0.00                     0.00               5928682.31             557545199.62             591883579.02     .00
                0.00                     0.00               6108409.18             569981237.29             588697032.03     .00
                0.00                     0.00               6261338.47             582544726.43             585428493.78     .00
                0.00                     0.00               6381740.18             595244895.14             582045808.22     .00
                0.00                     0.00               6471464.84             608088393.48             578531776.78     .00
                0.00                     0.00               6536120.87             621078381.52             574879099.99     .00
                0.00                     0.00               6580702.86             634214286.97             571078280.13     .00
                0.00                     0.00               6607736.51             647491765.42             567110192.33     .00
                0.00                     0.00               6618918.43             660902066.66             562948276.33     .00
                0.00                     0.00               6618240.98             674418859.86             558557397.59     .00
                0.00                     0.00               6613369.46             688010641.96             553903503.37     .00
                0.00                     0.00               6614334.65             701653456.89             548955243.36     .00
                0.00                     0.00               6631192.29             715331292.12             543670795.64     .00
                0.00                     0.00               6672498.52             729024054.59             537985643.63     .00
                0.00                     0.00               6744605.28             742695614.55             531808337.68     .00
                0.00                     0.00               6850549.89             756305108.96             525035181.39     .00
                0.00                     0.00               6988412.53             769804920.80             517568922.38     .00
                0.00                     0.00               7149995.90             783139032.96             509335837.03     .00
                0.00                     0.00               7321028.61             796242643.00             500289559.27     .00
                0.00                     0.00               7483810.97             809043749.48             490400693.54     .00
                0.00                     0.00               7622052.58             821467612.99             479641103.64     .00
                0.00                     0.00               7726377.25             833443874.44             467970335.33     .00
                0.00                     0.00               7797687.98             844902467.04             455355122.08     .00
                0.00                     0.00               7846365.43             855801231.50             441702826.40     .00
                0.00                     0.00               7889418.76             866122174.87             426866221.63     .00
                0.00                     0.00               7947731.84             875843353.84             410719620.13     .00
                0.00                     0.00               8043933.04             884949215.70             393139488.36     .00
                0.00                     0.00               8200568.38             893432767.73             374008385.23     .00
                0.00                     0.00               8437414.89             901297779.76             353210095.45     .00
                0.00                     0.00               8769269.13             908561158.69             330627115.84     .00
                0.00                     0.00               9206112.21             915258100.77             306150128.33     .00
                0.00                     0.00               9755175.94             921451051.11             279698872.51     .00
                0.00                     0.00              10422265.46             927240530.10             251245090.80     .00
                0.00                     0.00              11210902.51             932786358.62             220828811.98     .00
                0.00                     0.00              12120649.75             938328539.84             188559642.55     .00
                0.00                     0.00              13145948.44             944202528.78             154605627.80     .00
                0.00                     0.00              14274642.52             950852234.48             119184478.75     .00
                0.00                     0.00              15485119.22             958831679.28              82565704.54     .00
                0.00                     0.00              16743526.33             968800540.78              45078130.36     .00
                0.00                     0.00              18003839.78             981512196.23               7105566.44     .00
                0.00                     0.00              19211069.46             997789333.58             -30936521.51     .00
                0.00                     0.00              20305829.32            1018484858.67             -68629335.87     .00
                0.00                     0.00              21229161.04            1044422754.47            -105562153.14     .00
                0.00                     0.00              21927625.72            1076312260.75            -141316644.36     .00
                0.00                     0.00              22357708.15            1114635168.41            -175427752.05     .00
                0.00                     0.00              22488198.09            1159515739.42            -207336700.26     .00
                0.00                     0.00              22301992.44            1210601470.87            -236367723.49     .00
                0.00                     0.00              21800361.94            1267010681.05            -261768275.50     .00
                0.00                     0.00              21008928.86            1327414391.01            -282830479.20     .00
                0.00                     0.00              19979402.74            1390273397.53            -298998080.26     .00
                0.00                     0.00              18783877.08            1454172465.28            -309966301.27     .00
                0.00                     0.00              17503575.04            1518120721.15            -315732547.91     .00
                0.00                     0.00              16217532.09            1581684037.24            -316534526.30     .00
                0.00                     0.00              14992371.74            1644882108.72            -312761973.46     .00
                0.00                     0.00              13874531.79            1707947670.39            -304898351.75     .00
                0.00                     0.00              12889750.84            1771138169.56            -293542140.38     .00
                0.00                     0.00              12046905.78            1834637368.88            -279443805.06     .00
                0.00                     0.00              11343372.68            1898501644.78            -263474396.30     .00
                0.00                     0.00              10770267.13            1962620952.59            -246516894.80     .00
                0.00                     0.00              10315770.00            2026715676.13            -229342477.97     .00
                0.00                     0.00               9966179.12            2090431949.50            -212552796.29     .00
                0.00                     0.00               9707374.47            2153470761.87            -196587238.28     .00
                0.00                     0.00               9526964.58            2215666471.14            -181756337.68     .00
                0.00                     0.00               9416296.67            2277005970.27            -168277482.54     .00
                0.00                     0.00               9372966.80            2337601327.81            -156312647.72     .00
                0.00                     0.00               9402105.19            2397628087.94            -146017444.14     .00
                0.00                     0.00               9513538.91            2457246141.58            -137577214.12     .00
                0.00                     0.00               9717236.56            2516528820.70            -131212742.05     .00
                0.00                     0.00              10020565.28            2575414198.79            -127179529.77     .00
                0.00                     0.00              10427426.20            2633690120.98            -125776029.84     .00
                0.00                     0.00              10937417.14            2691020671.64            -127347651.50     .00
                0.00                     0.00              11544880.89            2747012135.82            -132275435.57     .00
                0.00                     0.00              12239233.55            2801303044.72            -140951062.18     .00
                0.00                     0.00              13007031.61            2853657478.00            -153741316.00     .00
                0.00                     0.00              13834638.24            2904042886.61            -170946147.10     .00
                0.00                     0.00              14709822.33            2952679694.82            -192757139.22     .00
                0.00                     0.00              15620632.62            3000058973.22            -219222881.05     .00
                0.00                     0.00              16550775.59            3046933470.39            -250225053.22     .00
                0.00                     0.00              17472437.02            3094290413.14            -285467537.45     .00
                0.00                     0.00              18340166.03            3143312586.06            -324474045.33     .00
                0.00                     0.00              19090337.21            3195331745.39            -366588322.29     .00
                0.00                     0.00              19649756.84            3251773974.98            -411012944.91     .00
                0.00                     0.00              19950297.81            3314077438.12            -456932361.26     .00
                0.00                     0.00              19934316.72            3383542014.52            -503513443.13     .00
                0.00                     0.00              19555114.97            3461073078.24            -549726608.21     .00
                0.00                     0.00              18787665.26            3546801467.39            -594201051.48     .00
                0.00                     0.00              17650572.42            3639676678.57            -635210952.45     .00
                0.00                     0.00              16229167.98            3737328387.73            -670851841.65     .00
                0.00                     0.00              14680617.80            3836575245.95            -699374937.85     .00
                0.00                     0.00              13215742.91            3934782785.52            -719548092.83     .00
                0.00                     0.00              12051772.20            4030898068.09            -730705933.89     .00
                0.00                     0.00              11345679.19            4125078806.65            -732573448.48     .00
                0.00                     0.00              11173502.33            4218254670.21            -725357611.25     .00
                0.00                     0.00              11532067.49            4311509586.45            -709998953.58     .00
                0.00                     0.00              12339999.72            4405529478.89            -688301729.20     .00
                0.00                     0.00              13458520.63            4500468082.70            -662714490.52     .00
                0.00                     0.00              14730249.45            4595848452.03            -636005838.14     .00
                0.00                     0.00              16007753.28            4690727807.54            -610901517.56     .00
                0.00                     0.00              17171647.11            4784054804.87            -589724734.02     .00
                0.00                     0.00              18140281.81            4874888814.64            -574192563.47     .00
                0.00                     0.00              18874307.81            4962391813.80            -565320651.55     .00
                0.00                     0.00              19370893.03            5046049218.39            -563605115.05     .00
                0.00                     0.00              19647655.29            5126052852.80            -569350599.88     .00
                0.00                     0.00              19733618.65            5203261573.03            -582759847.57     .00
                0.00                     0.00              19663653.53            5279025106.84            -603901931.57     .00
                0.00                     0.00              19470755.83            5355059318.59            -632632381.08     .00
                0.00                     0.00              19175082.08            5433363594.92            -668479372.21     .00
                0.00                     0.00              18772357.77            5516130221.55            -710492302.86     .00
                0.00                     0.00              18226966.90            5605565630.82            -757067783.40     .00
                0.00                     0.00              17479218.21            5703512671.46            -805831260.86     .00
                0.00                     0.00              16478091.64            5810818118.96            -853725112.36     .00
                0.00                     0.00              15237592.95            5926647572.28            -897438937.34     .00
                0.00                     0.00              13881366.37            6048319079.38            -934095725.38     .00
                0.00                     0.00              12624869.76            6172157487.32            -961829168.69     .00
                0.00                     0.00              11695378.27            6295108188.05            -979959664.73     .00
                0.00                     0.00              11255853.77            6416040099.44            -988833581.46     .00
                0.00                     0.00              11361139.04            6535343628.00            -989521474.17     .00
                0.00                     0.00              11961210.29            6653664240.48            -983718796.88     .00
                0.00                     0.00              12936865.34            6771100288.32            -973793025.73     .00
                0.00                     0.00              14135818.55            6886949549.01            -962740858.56     .00
                0.00                     0.00              15401223.33            7000039136.00            -953922012.68     .00
                0.00                     0.00              16591977.22            7109370136.83            -950579526.88     .00
                0.00                     0.00              17593666.68            7214642433.89            -955330469.83     .00
                0.00                     0.00              18323359.15            7316455477.62            -969770702.46     .00
                0.00                     0.00              18730655.89            7416286472.97            -994208262.83     .00
                0.00                     0.00              18791670.76            7516411182.20           -1027498741.96     .00
                0.00                     0.00              18494204.05            7619766534.63           -1067028120.97     .00
                0.00                     0.00              17827696.05            7729570567.14           -1108995671.22     .00
                0.00                     0.00              16806682.13            7848479003.34           -1149086226.27     .00
                0.00                     0.00              15535716.50            7977455448.57           -1183566282.82     .00
                0.00                     0.00              14233507.69            8115427096.58           -1210771654.60     .00
                0.00                     0.00              13141324.23            8259706492.20           -1231680212.77     .00
                0.00                     0.00              12374670.35            8406706532.24           -1248936342.06     .00
                0.00                     0.00              11865229.91            8552868063.62           -1265304593.25     .00
                0.00                     0.00              11468209.49            8696059833.74           -1283094033.62     .00
                0.00                     0.00              11068930.64            8835774964.59           -1304335305.24     .00
                0.00                     0.00              10598225.95            8971433756.89           -1330753514.87     .00
                0.00                     0.00              10044510.24            9101798393.01           -1363922873.27     .00
                0.00                     0.00               9442520.38            9225661868.25           -1405020407.38     .00
                0.00                     0.00               8848937.05            9342894052.27           -1454150655.49     .00
                0.00                     0.00               8315571.79            9454941363.22           -1509764900.50     .00
                0.00                     0.00               7857152.04            9564444219.94           -1568737703.17     .00
                0.00                     0.00               7431313.00            9674407563.58           -1627192387.93     .00
                0.00                     0.00               6966974.00            9787608079.84           -1681529397.11     .00
                0.00                     0.00               6426357.37            9906427507.47           -1729015961.42     .00
                0.00                     0.00               5841287.49           10032870513.47           -1767817499.92     .00
                0.00                     0.00               5303930.26           10168555639.47           -1796795138.04     .00
                0.00                     0.00               4934726.13           10314485227.99           -1815491350.81     .00
                0.00                     0.00               4844904.79           10470426444.23           -1824613156.62     .00
                0.00                     0.00               5086837.71           10634215826.44           -1826849296.55     .00
                0.00                     0.00               5593586.04           10801977926.00           -1827038149.93     .00
                0.00                     0.00               6158907.00           10969745279.18           -1830776341.14     .00
                0.00                     0.00               6515930.55           11135059935.27           -1842225163.70     .00
                0.00                     0.00               6476362.65           11296823404.59           -1862960566.61     .00
                0.00                     0.00               6013162.50           11454064203.58           -1892598850.81     .00
                0.00                     0.00               5231315.09           11605470564.96           -1930155079.69     .00
                0.00                     0.00               4276823.57           11750008808.37           -1974849494.34     .00
                0.00                     0.00               3265716.80           11887669794.73           -2026045705.84     .00
                0.00                     0.00               2265580.59           12019759869.65           -2082795566.38     .00
                0.00                     0.00               1305756.44           12148907676.19           -2143490167.83     .00
                0.00                     0.00                386882.70           12279050161.53           -2205657284.32     .00
                0.00                     0.00               -512651.66           12415253803.98           -2265832628.16     .00
                0.00                     0.00              -1413339.00           12562796892.39           -2319721637.95     .00
                0.00                     0.00              -2276805.73           12725007669.02           -2363110956.04     .00
                0.00                     0.00              -2955677.85           12900708089.21           -2393626448.72     .00
                0.00                     0.00              -3259591.19           13084069915.54           -2412304295.78     .00
                0.00                     0.00              -3129737.95           13268157037.87           -2423373401.20     .00
                0.00                     0.00              -2713589.94           13448550386.50           -2432252660.17     .00
                0.00                     0.00              -2250596.53           13623518324.91           -2443664603.81     .00
                0.00                     0.00              -1924339.01           13792092594.76           -2461140158.65     .00
                0.00                     0.00              -1808911.08           13953091512.30           -2487347525.73     .00
                0.00                     0.00              -1897480.34           14105977764.31           -2524139355.66     .00
                0.00                     0.00              -2150813.37           14252219708.67           -2572042194.80     .00
                0.00                     0.00              -2534647.87           14395801908.08           -2629678783.42     .00
                0.00                     0.00              -3049939.82           14542765408.93           -2693547261.10     .00
                0.00                     0.00              -3741893.55           14699916742.66           -2758245144.93     .00
                0.00                     0.00              -4634270.20           14872251377.45           -2817254728.26     .00
                0.00                     0.00              -5580845.72           15059413728.10           -2864520970.75     .00
                0.00                     0.00              -6193238.99           15254652134.70           -2896371500.54     .00
                0.00                     0.00              -6022298.27           15449339050.48           -2912533371.05     .00
                0.00                     0.00              -4840680.22           15638356444.89           -2916054099.65     .00
                0.00                     0.00              -2750672.49           15820363984.38           -2912805470.33     .00
                0.00                     0.00               -118159.02           15995376959.24           -2910321021.62     .00
                0.00                     0.00               2571374.84           16163721267.20           -2916001095.69     .00
                0.00                     0.00               4871472.70           16326312247.50           -2935575289.51     .00
                0.00                     0.00               6460441.49           16485298850.88           -2972120398.17     .00
                0.00                     0.00               7153077.32           16644685360.21           -3025226717.80     .00
                0.00                     0.00               6880186.15           16810438750.82           -3090252955.03     .00
                0.00                     0.00               5659179.06           16989022816.37           -3158576302.90     .00
                0.00                     0.00               3649745.46           17183359783.06           -3220217545.69     .00
                0.00                     0.00               1307328.87           17389036777.10           -3268474213.73     .00
                0.00                     0.00               -696601.75           17596801274.01           -3302787911.90     .00
                0.00                     0.00              -1871106.74           17799313834.37           -3327315684.14     .00
                0.00                     0.00              -2124506.02           17993442990.80           -3348206093.34     .00
                0.00                     0.00              -1657307.31           18178149332.65           -3372186371.02     .00
                0.00                     0.00               -796546.58           18353524921.39           -3405313676.58     .00
