  1.000000000000000E-002  0.000000000000000E+000
  3.000000000000000E-002  0.000000000000000E+000
  5.000000000000000E-002  0.000000000000000E+000
  7.000000000000001E-002  0.000000000000000E+000
  9.000000000000000E-002  0.000000000000000E+000
  0.110000000000000       0.000000000000000E+000
  0.130000000000000       0.000000000000000E+000
  0.150000000000000       0.000000000000000E+000
  0.170000000000000       0.000000000000000E+000
  0.190000000000000       6.339741707440392E-243
  0.210000000000000       4.304993434939555E-162
  0.230000000000000       4.491759743591806E-112
  0.250000000000000       8.296519937546071E-080
  0.270000000000000       2.947387149552752E-058
  0.290000000000000       1.958942897945832E-043
  0.310000000000000       5.577126879634781E-033
  0.330000000000000       1.911577708699296E-025
  0.350000000000000       6.536845770368027E-020
  0.370000000000000       8.852272639503152E-016
  0.390000000000000       1.192687261976701E-012
  0.410000000000000       2.999595542288210E-010
  0.430000000000000       2.182927285306770E-008
  0.450000000000000       6.272601991126609E-007
  0.470000000000000       8.903333747281491E-006
  0.490000000000000       7.352971348952111E-005
  0.510000000000000       3.988964439211370E-004
  0.530000000000000       1.556869168253404E-003
  0.550000000000000       4.683816544323382E-003
  0.570000000000000       1.145146449129728E-002
  0.590000000000000       2.370272690138571E-002
  0.610000000000000       4.288336045393333E-002
  0.630000000000000       6.955072938531279E-002
  0.650000000000000       0.103200566592501     
  0.670000000000000       0.142518885666047     
  0.690000000000000       0.186075217334862     
  0.710000000000000       0.233442538091446     
  0.730000000000000       0.286658686830426     
  0.750000000000000       0.351775090035793     
  0.770000000000000       0.439994301009935     
  0.790000000000000       0.567185605362692     
  0.810000000000000       0.748219701181990     
  0.830000000000000       0.979645014723985     
  0.850000000000000        1.21253913699739     
  0.870000000000000        1.35072786954018     
  0.890000000000000        1.33295187562916     
  0.910000000000000        1.20931341482747     
  0.930000000000000        1.02852459488369     
  0.950000000000000       0.840981764104875     
  0.970000000000000       0.679067300971485     
  0.990000000000000       0.553782736254726     
   1.01000000000000       0.462718178779059     
   1.03000000000000       0.398404032285980     
   1.05000000000000       0.353044439805714     
   1.07000000000000       0.320279671681580     
   1.09000000000000       0.295483301173775     
   1.11000000000000       0.275539198279878     
   1.13000000000000       0.258492699462943     
   1.15000000000000       0.243207966412915     
   1.17000000000000       0.229077882471880     
   1.19000000000000       0.215805244171010     
   1.21000000000000       0.203256117047609     
   1.23000000000000       0.191372695575557     
   1.25000000000000       0.180127422360907     
   1.27000000000000       0.169501712855940     
   1.29000000000000       0.159477498165566     
   1.31000000000000       0.150034637680620     
   1.33000000000000       0.141150669044079     
   1.35000000000000       0.132801319811939     
   1.37000000000000       0.124961163660349     
   1.39000000000000       0.117604215417064     
   1.41000000000000       0.110704415261796     
   1.43000000000000       0.104236004020058     
   1.45000000000000       9.817380510039254E-002
   1.47000000000000       9.249343005742909E-002
   1.49000000000000       8.717142289243483E-002
   1.51000000000000       8.218535577011063E-002
   1.53000000000000       7.751388657260189E-002
   1.55000000000000       7.313678677795980E-002
   1.57000000000000       6.903494653519666E-002
   1.59000000000000       6.519036247246641E-002
   1.61000000000000       6.158611267655613E-002
   1.63000000000000       5.820632238244210E-002
   1.65000000000000       5.503612317787072E-002
   1.67000000000000       5.206160793137257E-002
   1.69000000000000       4.926978316881717E-002
   1.71000000000000       4.664852023344802E-002
   1.73000000000000       4.418650625049587E-002
   1.75000000000000       4.187319566602344E-002
   1.77000000000000       3.969876292905371E-002
   1.79000000000000       3.765405672677678E-002
   1.81000000000000       3.573055605688818E-002
   1.83000000000000       3.392032832247557E-002
   1.85000000000000       3.221598955809529E-002
   1.87000000000000       3.061066683648065E-002
   1.89000000000000       2.909796286021372E-002
   1.91000000000000       2.767192270883470E-002
   1.93000000000000       2.632700268695522E-002
   1.95000000000000       2.505804120112166E-002
   1.97000000000000       2.386023158093471E-002
   1.99000000000000       2.272909675205706E-002
   2.01000000000000       2.166046566425590E-002
   2.03000000000000       2.065045137574579E-002
   2.05000000000000       1.969543069519610E-002
   2.07000000000000       1.879202528434038E-002
   2.09000000000000       1.793708412678409E-002
   2.11000000000000       1.712766727202867E-002
   2.13000000000000       1.636103076767829E-002
   2.15000000000000       1.563461269706676E-002
   2.17000000000000       1.494602024399943E-002
   2.19000000000000       1.429301771082293E-002
   2.21000000000000       1.367351542053616E-002
   2.23000000000000       1.308555943807032E-002
   2.25000000000000       1.252732205015020E-002
   2.27000000000000       1.199709294726631E-002
   2.29000000000000       1.149327105522270E-002
   2.31000000000000       1.101435696745632E-002
   2.33000000000000       1.055894593285171E-002
   2.35000000000000       1.012572135709170E-002
   2.37000000000000       9.713448778695505E-003
   2.39000000000000       9.320970283804308E-003
   2.41000000000000       8.947199326485545E-003
   2.43000000000000       8.591115923852689E-003
   2.45000000000000       8.251762197641213E-003
   2.47000000000000       7.928238236057856E-003
   2.49000000000000       7.619698251734632E-003
   2.51000000000000       7.325347013485020E-003
   2.53000000000000       7.044436531283112E-003
   2.55000000000000       6.776262975480113E-003
   2.57000000000000       6.520163812742371E-003
   2.59000000000000       6.275515142552463E-003
   2.61000000000000       6.041729219365443E-003
   2.63000000000000       5.818252146666415E-003
   2.65000000000000       5.604561730237943E-003
   2.67000000000000       5.400165478925825E-003
   2.69000000000000       5.204598742093406E-003
   2.71000000000000       5.017422973786127E-003
   2.73000000000000       4.838224114392936E-003
   2.75000000000000       4.666611081296493E-003
   2.77000000000000       4.502214360652917E-003
   2.79000000000000       4.344684693040121E-003
   2.81000000000000       4.193691846264116E-003
   2.83000000000000       4.048923469120462E-003
   2.85000000000000       3.910084020374924E-003
   2.87000000000000       3.776893767658491E-003
   2.89000000000000       3.649087851368589E-003
   2.91000000000000       3.526415409034092E-003
   2.93000000000000       3.408638755939294E-003
   2.95000000000000       3.295532618112625E-003
   2.97000000000000       3.186883414073119E-003
   2.99000000000000       3.082488581991984E-003
