                0.00                    -0.00              -2178509.32                    -0.00                    -0.00     .00
                0.00                    -0.00              -1888725.44                    -0.00                    -0.00     .00
               -1.66                     0.02              -1888725.18                   -10.10                  -199.34     .00
              -12.55                     0.15              -1888723.62                   -70.57                 -1378.83     -.00
              -49.30                     0.57              -1888718.89                  -261.39                 -4988.57     -.01
             -136.43                     1.52              -1888708.88                  -701.12                -12888.97     -.06
             -300.53                     3.36              -1888691.78                 -1545.25                -27078.47     -.21
             -561.88                     6.51              -1888665.57                 -2984.03                -49690.23     -.60
             -931.36                    11.43              -1888625.74                 -5218.25                -83186.75     -1.83
            -1429.88                    18.66              -1888562.59                 -8471.63               -131084.53     -5.73
            -2121.36                    28.87              -1888460.82                -13008.79               -198502.87     -17.02
            -3126.66                    42.86              -1888303.09                -19127.08               -291991.06     -45.00
            -4597.72                    61.54              -1888076.09                -27110.95               -419232.60     -103.87
            -6658.05                    85.85              -1887776.14                -37207.40               -588933.40     -211.76
            -9339.17                   117.06              -1887412.62                -49707.70               -811172.14     -391.06
           -12522.28                   156.65              -1887007.44                -64883.05              -1095761.94     -672.49
           -15940.99                   206.30              -1886591.06                -82962.24              -1451394.02     -1103.10
           -19248.10                   267.94              -1886196.37               -104153.82              -1884030.39     -1750.86
           -22131.02                   343.59              -1885850.88               -128607.12              -2394198.96     -2702.90
           -24459.49                   435.72              -1885572.54               -156567.12              -2978596.85     -4068.90
           -26386.97                   546.97              -1885367.04               -188248.14              -3630638.16     -5972.98
           -28375.09                   680.39              -1885234.87               -223897.37              -4343252.44     -8553.07
           -31135.68                   842.71              -1885190.91               -264704.85              -5117132.15     -12015.29
           -35348.14                  1042.21              -1885279.46               -311886.81              -5957814.24     -16595.44
           -41355.09                  1286.37              -1885579.41               -365911.15              -6872753.16     -22517.08
           -49045.52                  1584.50              -1886204.05               -427217.95              -7874995.89     -30062.97
           -57906.33                  1948.05              -1887285.82               -496185.90              -8980638.40     -39614.44
           -67236.74                  2390.44              -1888952.48               -573114.05             -10204711.56     -51678.75
           -76397.31                  2926.77              -1891303.06               -658221.46             -11557658.46     -66889.73
           -84978.88                  3573.49              -1894395.74               -751697.22             -13044469.56     -86006.63
           -92832.94                  4348.53              -1898255.50               -853802.73             -14665757.85     -109910.26
           -99985.25                  5271.66              -1902899.39               -964996.92             -16419470.05     -139578.70
          -106525.58                  6365.06              -1908371.55              -1086062.74             -18303566.42     -176069.00
          -112511.59                  7653.96              -1914768.39              -1218168.61             -20319306.89     -220470.51
          -117899.71                  9168.06              -1922241.15              -1362867.75             -22473972.65     -273946.76
          -122533.41                 10943.30              -1930982.01              -1522051.60             -24782378.95     -337861.00
          -126167.29                 13023.35              -1941209.81              -1697893.79             -27267418.35     -413869.00
          -128490.00                 15462.05              -1953169.72              -1892917.57             -29960162.33     -504063.83
          -129135.91                 18325.23              -1967140.91              -2110073.74             -32899134.63     -611045.79
          -127689.95                 21690.32              -1983442.13              -2352682.13             -36128754.28     -737793.75
          -123676.73                 25645.01              -2002432.43              -2624399.08             -39698067.97     -887616.08
          -116508.36                 30287.88              -2024510.00              -2929369.21             -43660613.31     -1064384.05
          -105388.90                 35727.56              -2050104.57              -3272345.14             -48074756.44     -1272701.05
           -89144.96                 42078.18              -2079657.90              -3658674.14             -53005027.39     -1518018.98
           -65930.39                 49453.35              -2113608.15              -4094351.91             -58528125.82     -1807088.05
           -32917.05                 57960.73              -2152408.18              -4586255.44             -64745924.95     -2148645.14
            13747.28                 67703.81              -2196586.14              -5142649.43             -71801184.39     -2554075.40
            78630.52                 78795.93              -2246808.37              -5773931.37             -79887573.36     -3037937.95
           166529.46                 91380.13              -2303872.19              -6493237.54             -89246662.03     -3618084.51
           282190.20                105645.47              -2368636.63              -7316651.99            -100158360.20     -4315539.86
           430452.52                121838.19              -2441967.47              -8263247.25            -112937768.85     -5154682.74
           616818.20                140261.64              -2524743.61              -9354859.50            -127945206.93     -6163716.33
           851665.65                161248.76              -2618779.15             -10617816.32            -145737601.56     -7383516.44
          1193087.82                186741.29              -2738484.19             -12163938.37            -168877563.16     -8986792.00
          1710874.50                223590.58              -2901587.34             -14268417.44            -200788208.36     -11212735.68
          2472904.94                277062.16              -3123666.71             -17189742.65            -244858448.91     -14292740.41
          3491391.75                353678.03              -3411145.98             -21203030.43            -302192957.58     -18275893.64
          4688091.67                458961.17              -3757233.39             -26500583.31            -370072066.28     -22875600.76
          5944466.44                603525.71              -4148661.24             -33385927.15            -443795954.08     -27552091.37
          7147083.37                798692.66              -4574869.21             -42194171.33            -518840699.52     -31656383.82
          8200711.14               1048885.28              -5028054.47             -53052672.08            -591431522.21     -34534796.61
          9033493.70               1339653.22              -5499465.34             -65446592.47            -658498706.76     -35685929.66
          9600865.89               1630211.38              -5977220.43             -77900054.19            -717660266.79     -34971688.41
          9881947.53               1861924.63              -6448439.32             -88216842.85            -767361837.96     -32729847.28
          9871091.34               1978797.47              -6902535.23             -94198253.14            -806943899.24     -29665911.25
          9573699.24               1946988.37              -7331092.10             -94376835.90            -836425265.16     -26573912.64
          9006241.44               1764004.20              -7725810.41             -88413167.28            -856172783.08     -24053812.08
          8194643.95               1453086.46              -8078701.93             -76977402.29            -866750610.83     -22402509.96
          7171116.83               1049708.84              -8384452.28             -61317842.92            -868964444.87     -21682335.49
          5973668.94                591237.13              -8641890.48             -42884695.46            -863923112.83     -21826539.06
          4648333.25                112426.37              -8853646.66             -23127534.20            -853036981.64     -22701570.71
          3250524.72               -356191.55              -9025017.57              -3391140.86            -837962826.95     -24135308.37
          1841788.58               -789104.06              -9162793.27              15151307.29            -820475579.55     -25933774.51
           481283.72              -1166337.79              -9274021.95              31545082.03            -802242464.88     -27897596.62
          -784467.24              -1473548.69              -9364657.38              45075288.99            -784552897.49     -29838014.44
         -1928178.71              -1701601.91              -9438461.74              55260157.85            -768130454.06     -31589490.26
         -2942071.20              -1845822.48              -9496577.66              61825375.90            -753110515.22     -33017107.24
         -3833444.53              -1905211.08              -9537879.20              64674070.00            -739163095.11     -34019260.97
         -4618665.49              -1881805.17              -9559941.25              63861636.96            -725690344.23     -34527708.55
         -5317152.06              -1780198.58              -9560273.46              59576114.63            -712041988.25     -34506814.49
         -5945636.50              -1607175.54              -9537434.48              52121231.99            -697715192.79     -33952868.76
         -6513503.81              -1371388.98              -9491730.60              41898146.11            -682503032.18     -32893310.17
         -7021053.00              -1083048.73              -9425360.10              29385312.14            -666546100.11     -31385107.19
         -7460831.68               -753689.44              -9342005.96              15122152.77            -650281593.84     -29511718.65
         -7820944.49               -396080.28              -9246100.40               -299759.30            -634323538.07     -27379048.32
         -8088681.16                -24161.12              -9142023.69             -16243888.47            -619323799.49     -25110155.13
         -8248112.58                346097.03              -9033843.12             -31989743.55            -605994337.44     -22843046.07
         -8294578.31                699857.13              -8923933.46             -46886352.87            -594681510.61     -20705158.45
         -8233432.24               1024593.44              -8813216.36             -60405899.49            -585399548.11     -18798578.82
         -8066560.36               1308713.57              -8702407.70             -72073799.29            -578214438.33     -17207749.88
         -7796498.05               1543358.87              -8591897.77             -81549096.47            -573150585.53     -15991606.28
         -7419890.49               1721616.12              -8481896.43             -88579631.67            -570339769.17     -15189044.61
         -6938977.01               1840993.94              -8372246.23             -93112576.46            -569766964.92     -14807447.11
         -6363226.03               1903208.65              -8262245.84             -95274471.61            -571213200.34     -14821168.61
         -5700800.95               1911405.50              -8150776.09             -95235931.87            -574441244.17     -15185092.01
         -4966864.11               1870773.55              -8036363.30             -93243438.11            -579025126.61     -15833320.89
         -4184547.25               1787770.89              -7917316.62             -89587480.87            -584337692.69     -16686546.65
         -3382542.32               1669410.65              -7792003.13             -84574720.09            -589624062.58     -17662421.28
         -2590002.22               1522818.72              -7659407.87             -78512536.06            -594162264.65     -18687653.80
         -1831412.22               1355139.14              -7519757.26             -71707397.11            -597433440.33     -19707658.30
         -1123335.07               1173696.05              -7374856.94             -64471682.06            -599228304.28     -20690913.31
          -468045.38                984985.19              -7227832.79             -57074988.58            -599770524.69     -21630423.40
           132614.40                797201.66              -7082859.07             -49857131.11            -599392488.26     -22533777.24
           675486.86                619618.25              -6944139.88             -43196840.13            -598400258.97     -23418141.61
          1165993.07                459273.69              -6814725.04             -37365177.12            -597184804.24     -24307573.22
          1609637.85                321579.19              -6696093.02             -32559438.20            -595993427.91     -25223429.80
          2010432.62                209940.10              -6588115.24             -28891934.05            -594889153.12     -26179981.55
          2369728.38                125876.35              -6489511.14             -26399139.33            -593765883.54     -27182856.12
          2685277.02                 69370.94              -6398488.52             -25059435.43            -592386249.75     -28230117.46
          2951078.11                 39498.27              -6313281.87             -24819925.69            -590428137.10     -29312842.65
          3158644.79                 35026.06              -6232547.95             -25621000.66            -587551187.19     -30417346.15
          3299584.63                 54765.38              -6155720.23             -27409552.21            -583490857.94     -31528303.18
          3368641.26                 97431.08              -6083276.23             -30132741.24            -578156401.43     -32632822.56
          3365634.34                161523.26              -6016790.30             -33734500.52            -571684322.42     -33725469.78
          3295738.09                245447.45              -5958747.79             -38161853.37            -564430739.80     -34812202.35
          3168205.54                347604.66              -5912177.95             -43369222.89            -556908388.46     -35911276.41
          2993944.46                466497.23              -5880102.98             -49322708.77            -549676023.29     -37050551.40
          2783083.76                600669.80              -5864910.32             -55995767.54            -543217401.29     -38260864.11
          2543960.72                748344.21              -5867880.34             -63350922.26            -537867631.31     -39569609.72
          2283758.59                907048.29              -5889027.36             -71321182.73            -533809599.49     -40999578.52
          2009316.23               1073466.31              -5927201.56             -79801135.06            -531101174.31     -42571021.37
          1726518.69               1243456.01              -5980321.33             -88645434.02            -529682680.02     -44300270.26
          1438588.65               1412242.94              -6045721.47             -97675533.09            -529370706.38     -46193958.31
          1150199.06               1573185.17              -6119925.35            -106620353.77            -529929897.25     -48248773.77
           858782.03               1721257.60              -6200501.72            -115278546.08            -531058588.15     -50454625.49
           557410.28               1853490.03              -6286521.71            -123544733.18            -532504692.13     -52809839.81
           246797.56               1966046.43              -6377271.84            -131273014.69            -534211382.91     -55339078.79
           -69235.22               2055754.59              -6472741.03            -138346940.17            -536258794.98     -58093278.52
          -383748.24               2119800.20              -6573210.60            -144661443.73            -538821061.30     -61144115.48
          -686507.47               2155352.68              -6678746.67            -150099558.78            -542118838.17     -64575656.80
          -964721.28               2159561.17              -6788758.10            -154524678.01            -546360133.10     -68471386.61
         -1205753.12               2130106.32              -6901777.42            -157799138.22            -551661061.23     -72893520.88
         -1401166.17               2065958.69              -7015581.78            -159818044.91            -557971791.38     -77860461.66
         -1549926.78               1967750.40              -7127622.23            -160534515.12            -565051420.58     -83336024.26
         -1658975.85               1837822.51              -7235552.16            -159973693.40            -572511006.16     -89237101.99
         -1741007.57               1680153.93              -7337657.22            -158239454.70            -579906750.02     -95456383.45
         -1810500.70               1500268.28              -7433027.30            -155514189.13            -586844074.53     -101888113.09
         -1879073.02               1305044.73              -7521491.39            -152049872.79            -593070490.39     -108449808.81
         -1951557.28               1102442.93              -7603451.07            -148153559.39            -598540970.68     -115095699.18
         -2024417.66                901063.15              -7679677.81            -144164929.10            -603428439.73     -121817203.76
         -2087780.30                709638.67              -7751069.27            -140431318.94            -608053079.62     -128627187.16
         -2130250.07                536594.70              -7818345.27            -137286805.07            -612748158.13     -135532442.30
         -2143967.12                389676.30              -7881767.06            -135036095.90            -617725713.09     -142507697.53
         -2127413.81                275686.93              -7941048.85            -133944645.49            -623010827.29     -149485605.29
         -2085516.45                200378.19              -7995585.13            -134237553.22            -628463543.01     -156368493.44
         -2028254.20                168286.23              -8044917.77            -136099320.92            -633852186.51     -163055461.00
         -1968728.34                182517.52              -8089173.77            -139670871.03            -638932496.04     -169470125.89
         -1920351.44                244726.41              -8129172.44            -145048377.82            -643514702.58     -175576167.47
         -1892944.75                355142.14              -8166098.14            -152275415.45            -647515342.32     -181377499.88
         -1889001.95                512344.51              -8200887.09            -161317800.06            -650980062.76     -186905306.83
         -1902679.95                712923.79              -8233699.30            -172035111.23            -654055818.19     -192196959.47
         -1922744.39                951318.05              -8263773.51            -184169848.14            -656912850.59     -197274346.30
         -1937802.83               1220158.95              -8289681.19            -197371671.46            -659654095.97     -202129936.91
         -1940273.46               1511394.34              -8309775.87            -211262580.53            -662271590.97     -206725950.69
         -1921179.24               1818200.88              -8322724.22            -225530578.68            -664810409.57     -211029323.88
         -1881041.95               2133226.85              -8327394.27            -239854111.76            -667121871.27     -214977977.46
         -1827366.27               2448818.18              -8323038.33            -253914417.03            -668935885.89     -218496986.79
         -1762646.31               2758424.74              -8309724.62            -267460138.38            -670162491.10     -221563362.73
         -1692848.41               3056614.52              -8288349.78            -280319409.93            -670714633.33     -224185675.11
         -1627880.32               3340100.08              -8260509.06            -292441820.09            -670492726.54     -226392316.74
         -1578976.22               3607617.09              -8227980.09            -303872572.94            -669395648.45     -228209221.06
         -1554654.36               3858957.41              -8192124.63            -314685899.16            -667350796.84     -229642684.25
         -1558048.17               4093926.83              -8153585.21            -324927250.15            -664340008.16     -230678492.63
         -1586643.02               4311716.32              -8112403.93            -334588531.37            -660412855.53     -231296670.94
         -1633189.78               4510903.01              -8068376.20            -343617622.94            -655698064.72     -231494121.27
         -1686643.96               4690128.11              -8021433.00            -351958169.46            -650419442.69     -231309963.34
         -1733589.13               4849271.22              -7971971.34            -359609480.22            -644899112.58     -230845638.66
         -1761021.22               4990085.80              -7921077.62            -366662058.22            -639519284.73     -230266298.06
         -1759689.55               5115556.93              -7870471.13            -373273121.35            -634641795.62     -229772937.42
         -1726502.09               5228720.41              -7822269.12            -379617021.79            -630529379.18     -229560437.83
         -1664965.31               5332315.82              -7778736.10            -385869186.24            -627312321.42     -229781186.10
         -1583833.73               5429215.06              -7742070.91            -392219708.07            -625000911.49     -230521860.58
         -1494342.70               5522779.67              -7714193.34            -398878762.13            -623527973.16     -231796724.85
         -1406615.30               5616654.46              -7696567.89            -406056369.79            -622809577.70     -233565795.10
         -1326844.18               5714101.48              -7690166.63            -413929634.88            -622798860.85     -235775261.60
         -1257394.62               5817427.34              -7695615.25            -422625609.23            -623494418.70     -238391919.49
         -1200175.45               5927992.32              -7713420.64            -432234193.23            -624891358.45     -241396979.91
         -1160372.10               6046662.19              -7744111.74            -442835158.80            -626921093.49     -244741508.21
         -1146684.74               6174120.91              -7788225.69            -454510460.08            -629448707.37     -248312235.30
         -1166889.51               6310633.76              -7846177.71            -467325368.96            -632349059.00     -251955741.64
         -1221771.95               6455379.14              -7918080.33            -481287146.35            -635602797.13     -255551595.42
         -1296479.17               6604053.92              -8002946.56            -496204319.71            -639370260.42     -259089290.56
         -1369548.00               6751368.52              -8099459.41            -511816523.70            -643885737.70     -262653155.83
         -1424820.50               6893971.20              -8206887.55            -527957795.61            -649323459.20     -266335098.41
         -1456553.35               7031800.02              -8325521.94            -544639233.12            -655750838.95     -270153576.29
         -1464688.55               7165740.69              -8456047.01            -561930412.81            -663157647.01     -274019410.33
         -1447471.99               7295221.36              -8598893.14            -579825197.14            -671525371.20     -277768288.21
         -1405907.32               7420379.50              -8755147.68            -598367787.23            -680832887.20     -281178213.14
         -1342403.93               7541411.94              -8926589.02            -617626610.36            -691077562.84     -284017438.87
         -1260305.75               7657872.32              -9115536.99            -637658773.69            -702266161.53     -286069268.11
         -1163693.01               7768203.17              -9324529.75            -658473066.88            -714391725.73     -287118581.73
         -1057281.53               7869642.77              -9556003.68            -680005544.76            -727413207.58     -286912877.94
          -946881.12               7958557.95              -9812179.96            -702122095.24            -741242954.86     -285121336.99
          -840457.38               8031067.46             -10095165.05            -724640485.98            -755740234.26     -281299418.03
          -740839.08               8078767.21             -10405537.58            -747070890.96            -770721193.61     -274968513.03
          -663642.54               8099858.02             -10746126.61            -769222887.29            -785966016.30     -265394817.36
          -634991.25               8096734.13             -11121714.69            -791057849.34            -801207742.37     -251533775.39
          -670217.63               8065100.78             -11535354.55            -812018891.89            -816171362.64     -232393130.60
          -780018.90               7999584.25             -11989898.74            -831281452.70            -830567042.43     -207060344.48
          -969520.67               7894073.94             -12487765.15            -847713310.64            -844059804.55     -174801411.27
         -1241106.70               7742735.05             -13030966.67            -859880953.03            -856213725.68     -135063234.32
         -1599893.79               7541149.46             -13621081.17            -866062332.12            -866421396.24     -87393316.67
         -2058815.49               7286987.87             -14258720.86            -864225673.25            -873847303.66     -31361284.54
         -2641041.06               6980339.81             -14942449.01            -851993605.46            -877421310.64     33436721.84
         -3379283.22               6624019.32             -15667521.46            -826646428.33            -875909736.33     107273508.06
         -4311978.76               6224746.46             -16425077.89            -785238914.43            -868058560.48     190073909.57
         -5476504.93               5794196.46             -17201789.65            -724787157.86            -852759745.43     281122085.50
         -6899569.61               5349123.74             -17979815.86            -642478613.71            -829182594.56     378688963.95
         -8585572.14               4910689.21             -18736893.03            -535919539.93            -796812780.78     479562711.15
        -10504812.42               4502424.39             -19446420.23            -403434013.30            -755385632.76     578582333.16
        -12582361.48               4147705.76             -20077811.10            -244466412.85            -704678655.87     668292057.84
        -14689281.00               3867476.79             -20597143.40             -60083769.99            -644100424.16     738930606.73
        -16641284.13               3679176.74             -20967653.77             146394908.16            -572092616.70     779124381.52
        -18208671.24               3597122.05             -21149462.61             368501489.31            -485565593.44     777593464.87
        -19135642.64               3632392.25             -21098832.89             595266280.64            -379776633.87     725843250.60
        -19164789.76               3789384.66             -20769127.13             809512875.26            -249089829.61     621416402.32
        -18067316.76               4057806.15             -20117125.58             986819651.14             -88928652.60     470931673.87
        -15685712.48               4402680.53             -19117684.19            1097495229.75             101139846.49     291692727.44
        -11992425.44               4759768.72             -17785024.53            1114273243.61             314112817.20     110160340.21
         -7149656.92               5044604.89             -16190952.82            1025501910.43             534132081.10     -43996591.21
         -1534069.27               5174024.70             -14465512.12             847147553.66             739180014.73     -146984412.01
          4300248.53               5083162.69             -12775921.65             623193926.25             907765770.07     -188223373.55
          9691318.51               4680246.38             -11303661.25             410988987.48            1025805838.10     -171679488.90
         13931593.42               3748465.23             -10235077.24             257390354.56            1090751484.58     -111215211.59
         16644417.56               2456760.78              -9598930.46             171390286.59            1114484881.95     -16451733.67
         17978337.92               1511069.58              -9217158.97             134460744.84            1108431233.95     113518292.28
         18165602.45               1098197.39              -8942741.78             125358922.56            1070103036.57     269510274.69
         17404073.73                982411.43              -8687159.55             123747633.00             994788943.71     430943181.62
         15754942.14                854962.18              -8442590.71             112375466.54             887376833.30     579954482.77
         13132509.83                289242.43              -8283294.80              71475615.32             763626659.35     709104900.13
          9532225.14              -1050660.32              -8272515.83             -16072026.31             641880500.26     822355767.21
          5308766.77              -2938944.06              -8349846.24            -142709236.25             530283233.53     923674059.34
           876168.29              -5008166.53              -8446345.44            -286101270.34             431372638.05     1012529553.75
         -3459210.49              -6979298.59              -8542645.73            -425057201.27             347094612.69     1089171544.38
         -7445794.31              -8621916.94              -8659041.11            -544572781.81             278124830.10     1157992106.08
        -10796986.02              -9744585.02              -8856531.50            -637243273.41             221174537.10     1229763118.56
        -13286364.44             -10207255.25              -9200543.78            -704344761.30             166438788.92     1314320112.82
        -15098335.91              -9940289.96              -9679404.94            -757255189.63             104871470.79     1405053703.84
        -16602022.17              -8937341.97             -10261114.64            -811941656.64              34204348.67     1490563576.52
        -18089244.44              -7248582.68             -10940170.83            -883239780.52             -45026336.35     1565036402.05
        -19684963.30              -4982792.24             -11748671.90            -980883356.72            -134183175.47     1627694906.80
        -21453725.50              -2310901.97             -12712934.27           -1107824332.10            -234709619.78     1676668795.24
        -23420969.86                544582.66             -13837422.02           -1258749124.08            -346112218.15     1708347947.36
        -25573210.85               3335145.53             -15103057.17           -1420343699.18            -465081817.45     1718893526.00
        -27865260.97               5824242.97             -16471648.96           -1573742721.31            -585889330.57     1705852010.96
        -30230639.25               7829953.30             -17894529.31           -1698295906.33            -701919216.81     1668715598.84
        -32591489.10               9261435.01             -19321970.46           -1775184962.52            -807504004.53     1607969135.80
        -34865712.58              10139789.04             -20710034.44           -1789709768.29            -899050593.46     1523207051.72
        -36969871.18              10598626.30             -22022949.86           -1731915786.57            -974912590.23     1411555732.13
        -38815532.02              10864419.42             -23230832.68           -1595960767.91           -1034179043.92     1267490859.13
        -40293994.57              11219147.10             -24303708.39           -1378867200.23           -1075083492.63     1084413568.59
        -41238979.46              11948704.34             -25203500.37           -1079330432.66           -1094072708.39     857492874.20
        -41110510.30              13282545.85             -25937892.36            -697618264.97           -1092170490.07     585858418.01
        -38512913.89              15324218.79             -26635369.67            -238925952.10           -1093268966.79     268660732.11
        -33245474.20              17960817.63             -27125269.39             278150796.57           -1094870709.43     -99507683.47
        -25913343.76              20835501.64             -27069412.52             810047350.23           -1053740693.07     -519472919.91
        -16513272.32              23380418.78             -26301397.55            1274209918.21            -925709312.78     -977710939.98
         -4995084.40              24924663.48             -24812180.35            1548821803.89            -670820410.59     -1433288197.09
          8366137.51              24932291.24             -22780553.80            1513358341.02            -271829395.94     -1812857659.19
         22693280.36              23245467.73             -20556387.23            1138553496.70             245454176.64     -2028620405.36
         35930576.15              19248242.33             -18837667.08             590178269.80             804402636.01     -2053324038.30
         45451561.18              12080974.26             -18351856.19             138074909.86            1332217653.90     -1965799887.95
         51878174.69               5852623.93             -18077248.78            -156858657.15            1810722610.96     -1681501405.45
         54811728.14               2714008.08             -17827910.53            -233038174.56            2191344611.72     -1174351746.11
         54332962.75               2624521.04             -17579399.15            -152974327.32            2396895558.36     -501275652.49
         51639486.09               3699960.97             -17014238.14             -37983925.42            2361190486.86     196650092.69
         46895348.18               6035675.70             -16352934.21              43622540.04            2105365106.28     833853382.85
         39830231.42              10576283.29             -16113411.77              10234976.54            1680117957.74     1381788201.94
         31340112.91              16318390.60             -16278806.54            -174541629.65            1149087047.95     1774346520.84
         22333820.23              22241705.66             -16765198.19            -485091799.57             596137877.17     1981354016.45
         13375366.38              27735118.89             -17569817.71            -877330478.52              92221010.31     2023974739.27
          4305851.38              31520280.12             -18932003.93           -1337621490.73            -303033181.28     1947634543.60
         -4563074.52              33432318.34             -20877373.49           -1803545826.66            -593032419.18     1816323417.68
        -11943747.65              35218576.24             -22958838.93           -2147509950.44            -835407597.73     1662561440.00
        -17470003.83              37285817.66             -25009505.18           -2324335861.38           -1049712847.09     1488811462.34
        -21072010.14              39684114.17             -26943544.88           -2322384481.14           -1243902266.71     1291233991.08
        -22753944.09              42384439.49             -28688244.77           -2140001448.96           -1420096200.09     1062055705.75
        -22519397.75              45280065.91             -30159119.41           -1776021166.56           -1572533409.44     788071724.19
        -20328497.41              48118738.26             -31247439.67           -1230047169.00           -1682725635.71     450675694.16
        -16079740.42              50425673.66             -31829279.63            -515675306.07           -1715080853.79     31763839.48
         -9629662.33              51493446.29             -31804629.26             310958514.16           -1619261151.98     -471032812.39
          -870029.52              50541696.46             -31158858.34            1116941717.32           -1347211815.46     -1021859575.91
         10117883.63              47112570.44             -30003725.20            1690948956.72            -884997452.22     -1532012144.60
         22845965.39              41562476.23             -28533370.32            1829122214.42            -278098533.91     -1876926558.23
         36250531.52              35203067.60             -26909064.69            1491858583.66             380611023.11     -1946784128.90
         48598829.54              29463844.10             -25315230.17             884194454.13             991096105.60     -1702581459.13
         57092043.46              23763905.56             -24492414.04             359610434.75            1468427655.59     -1243847715.46
         61327200.36              19855756.44             -24255847.69              64521848.34            1776862382.92     -624960796.40
         61976563.20              19527402.90             -24274843.21             -69237359.22            1883666748.89     137091443.46
         59358505.71              22803227.94             -24714340.46            -183452430.33            1746269358.90     967077155.23
         54067840.69              29163227.64             -25714847.85            -415121082.18            1348010885.19     1760722537.10
         47003456.65              37688360.03             -27242775.68            -810166807.28             729333177.27     2405015865.83
         39224646.05              47276079.29             -29097066.41           -1302441014.90             -10996053.25     2815144197.36
         31719413.21              56952258.72             -31028082.54           -1766315861.63            -752618648.42     2961273072.64
         25229478.19              66056339.19             -32840907.29           -2081710647.21           -1394572871.97     2860796396.62
         20206299.25              74196207.28             -34404482.62           -2160152213.94           -1867042476.48     2549641882.87
         16865088.10              81048840.35             -35601996.74           -1940572366.71           -2117654398.32     2063417078.00
         15262060.27              86146973.52             -36296433.18           -1390101136.70           -2099069141.07     1444565868.18
         15341694.10              88754934.70             -36353904.65            -530227210.04           -1779841339.31     769907960.70
         16863156.30              87779229.77             -35755034.07             517377156.85           -1179978676.95     172423607.82
         18729537.06              80964412.82             -35013142.22            1488130141.49            -401237682.67     -176321421.84
         21560622.52              69658594.13             -34117056.61            2182038179.97             278856795.60     -149562797.06
         26431372.31              57387663.02             -32727428.90            2462626280.03             605760448.56     169958582.62
         33354938.25              47308978.42             -30587516.88            2260159858.55             543007055.26     555965212.04
         41496285.50              42002890.24             -27535018.34            1632080521.35             264426970.71     845906456.07
         47197013.57              39291088.15             -25043444.53             857535342.25             -95382041.94     1041957721.59
         47858816.96              37595219.47             -24500202.85             220466353.43            -538216393.05     1153640606.84
         45184981.53              40256507.02             -25165235.43            -435495261.99           -1020721571.33     1196186618.08
         39809683.10              46927192.26             -27048203.89           -1232832034.76           -1559843188.38     1097496925.94
         32776680.38              56302233.07             -29807923.26           -2131191336.57           -2108561355.21     722334310.20
         25307196.00              66554921.81             -32758102.67           -2912154975.16           -2533554952.14     -17444531.20
         18424621.91              75869248.32             -35166930.72           -3333174268.96           -2685686737.27     -1069155783.00
         12725687.93              82954822.93             -36587638.69           -3294674083.70           -2492706482.15     -2237807409.60
          8364769.03              87387154.38             -37000949.22           -2878136469.00           -1995442762.07     -3274673230.59
          5186308.85              89636230.88             -36718722.33           -2249724277.54           -1308627759.52     -3996289252.58
          2937948.21              90655072.20             -36128056.61           -1530733492.72            -546117268.24     -4346138769.45
          1466401.51              91214836.35             -35449620.39            -743107521.15             228918771.35     -4355202703.24
           814889.43              91405656.85             -34641643.58             150884067.44             996889547.16     -4055398505.57
          1199199.27              90526442.64             -33452817.95            1158388227.69            1726541591.96     -3428751343.65
          2851421.33              87359783.97             -31573280.37            2159174541.23            2302372929.34     -2436772935.49
          5724947.79              80816796.41             -28833257.99            2871079926.31            2499897714.20     -1136434392.02
          9155445.77              70888300.21             -25372887.76            2989029177.77            2111278131.73     193312018.38
         11772419.18              59383890.53             -21685180.06            2470564469.63            1197897276.54     1119508313.78
         11987879.83              49513798.14             -18507815.09            1608543217.20             148266071.52     1385530874.12
          8901911.96              44232619.28             -16620607.81             697639321.60            -648830146.27     1125328449.65
          2867992.23              44792482.06             -16550417.96            -220421432.83           -1113218862.46     663718816.76
         -4797886.08              50605128.58             -18293367.18           -1208371054.23           -1402396269.02     204809106.55
        -12635187.75              59999669.70             -21319468.44           -2216942527.78           -1658673006.44     -235426739.80
        -19693245.03              71117590.95             -24871290.39           -3076683522.80           -1890019086.70     -699453022.95
        -25663243.93              82517799.99             -28281195.82           -3606501950.30           -2023966483.54     -1182506858.36
        -30597297.74              93304610.75             -31090397.78           -3673954207.62           -1986324803.72     -1635546038.23
        -34508361.22             102848807.81             -32985533.53           -3182039597.83           -1715679053.13     -2003980679.47
        -37074492.37             110369274.60             -33704161.24           -2063917123.48           -1151049323.03     -2230509877.17
        -37565519.72             114629678.63             -33046122.95            -361775637.88            -259572885.51     -2227158011.16
        -35080225.17             113990034.88             -31049329.35            1612847177.18             876610484.71     -1868393025.74
        -29172409.06             107206613.42             -28204183.83            3206513319.12            1976055561.50     -1068415007.91
        -20679625.76              94966092.69             -25323373.31            3750542714.58            2629479309.54     64028916.60
        -11916073.38              80612033.42             -22996692.29            3166860892.38            2593523463.86     1189715941.59
         -5557182.90              68597069.64             -21434784.34            1998531656.55            2001732117.07     1984645702.85
         -3209845.74              62269794.16             -20930205.17             747115122.02            1181671266.03     2386529396.66
         -4945806.90              63012888.80             -21976867.90            -500436039.97             343998554.68     2518577553.23
         -9606798.17              70307993.38             -24776597.37           -1821410271.55            -470070693.45     2460425782.25
        -15411652.75              82143247.56             -28814077.99           -3086835257.53           -1233221420.16     2184333933.39
        -20701749.26              95884211.26             -33053037.48           -3935215365.32           -1844149294.88     1668830016.08
        -24383707.71             109207849.88             -36494739.37           -4015404812.54           -2181082364.02     969859955.89
        -25779264.66             120360399.69             -38479602.63           -3146021043.58           -2152316073.97     175918517.44
        -24199771.40             127672123.42             -38681459.35           -1356931523.27           -1685291814.15     -629804559.03
        -18728867.23             129052971.84             -37205616.33             982254544.03            -739598867.24     -1329347319.15
         -8587787.15             122612979.41             -34926258.30            2993152324.19             604106578.02     -1725020209.44
          5670357.13             109024239.59             -33393120.58            3633237399.92            2081732353.38     -1594622346.25
         20987739.56              93381697.18             -33595944.38            2745167218.05            3334547065.62     -800168415.45
         32838115.02              82563315.36             -35095379.99            1261901322.88            4017433848.50     640008499.34
         38192329.09              80265387.05             -37055381.90             -54273397.64            3857424958.90     2448117680.36
         37100124.67              85706678.62             -39175088.79           -1180063971.58            2824498656.90     4103160682.37
         31808336.35              95951710.78             -41433144.16           -2251663061.92            1221781443.55     5141941517.94
         25024341.19             108376018.31             -43750457.20           -3174163144.87            -520873805.18     5411643358.36
         18875875.45             121364648.87             -45901024.01           -3678152998.47           -2070979152.25     5002287932.22
         14785070.70             133691369.45             -47477622.52           -3444370135.55           -3201279490.48     4058006516.09
         13745667.60             143686672.93             -47949381.02           -2214691425.83           -3687801130.36     2699793522.30
         16593597.25             148731955.35             -46921096.38             -17773788.34           -3296167526.76     1117832355.95
         23914733.05             145827523.20             -44669425.99            2458674466.51           -1997213793.62     -276342299.31
         35319948.00             134120487.79             -42466603.84            3897273654.93            -248733817.10     -955938647.12
         48508182.33             117758638.13             -41705143.12            3484835615.42            1201445696.74     -720760599.86
         59682479.01             104411419.00             -42680758.95            1838338245.04            1916350752.48     192387720.93
         65701144.03              99901586.25             -45027700.03             -32138793.43            1842924133.75     1447301482.36
         65726293.89             105373190.72             -48528879.30           -1809345393.68            1030787634.41     2653681276.15
         61141340.24             118301044.24             -52799005.50           -3446868869.49            -300217922.02     3299066076.78
         54430561.70             134615684.27             -56925665.64           -4563606967.05           -1637579406.30     2975027093.05
