
            MATRIX of Added MASS
  0.656173E+07  0.000000E+00  0.402553E+03  0.000000E+00 -0.860562E+08  0.000000E+00
  0.000000E+00  0.656163E+07  0.000000E+00  0.860522E+08  0.000000E+00 -0.623589E+03
 -0.336615E+03  0.000000E+00  0.149212E+08  0.000000E+00  0.774070E+04  0.000000E+00
  0.000000E+00  0.861302E+08  0.000000E+00  0.734721E+10  0.000000E+00  0.217865E+05
 -0.861332E+08  0.000000E+00 -0.281026E+04  0.000000E+00  0.734731E+10  0.000000E+00
  0.000000E+00  0.394051E+03  0.000000E+00 -0.390589E+05  0.000000E+00  0.492511E+10

            ORIGINAL  MATRIX of MASS
M1J      0.206E+08   0.000E+00   0.403E+03   0.000E+00  -0.861E+08   0.000E+00
M2J      0.000E+00   0.206E+08   0.000E+00   0.861E+08   0.000E+00  -0.624E+03
M3J     -0.337E+03   0.000E+00   0.289E+08   0.000E+00   0.774E+04   0.000E+00
M4J      0.000E+00   0.861E+08   0.000E+00   0.159E+11   0.101E-01   0.219E+05
M5J     -0.861E+08   0.000E+00  -0.281E+04   0.101E-01   0.159E+11   0.136E-01
M6J      0.000E+00   0.394E+03   0.000E+00  -0.389E+05   0.136E-01   0.157E+11

            INVERSE  MATRIX of MASS
M1J      0.497E-07   0.730E-21   0.506E-12  -0.175E-21   0.270E-09  -0.233E-21
M2J      0.730E-21   0.497E-07  -0.382E-25  -0.270E-09   0.175E-21  -0.192E-14
M3J     -0.665E-12   0.678E-26   0.346E-07  -0.162E-26   0.250E-14  -0.217E-26
M4J     -0.174E-21  -0.269E-09   0.913E-26   0.644E-10  -0.417E-22   0.167E-15
M5J      0.269E-09   0.174E-21  -0.141E-13  -0.417E-22   0.644E-10  -0.557E-22
M6J     -0.233E-21   0.235E-14   0.122E-25  -0.101E-15  -0.557E-22   0.638E-10
