      0.00   0.529624E+07
      0.50   0.529624E+07
      1.00   0.529492E+07
      1.50   0.528965E+07
      2.00   0.527837E+07
      2.50   0.526008E+07
      3.00   0.523477E+07
      3.50   0.539714E+07
      4.00   0.535483E+07
      4.50   0.529806E+07
      5.00   0.505647E+07
      5.50   0.494073E+07
      6.00   0.483141E+07
      6.50   0.471863E+07
      7.00   0.454694E+07
      7.50   0.440718E+07
      8.00   0.412263E+07
      8.50   0.396926E+07
      9.00   0.380821E+07
      9.50   0.363301E+07
     10.00   0.353883E+07
     10.50   0.314491E+07
     11.00   0.300254E+07
     11.50   0.284633E+07
     12.00   0.267865E+07
     12.50   0.250508E+07
     13.00   0.233257E+07
     13.50   0.216826E+07
     14.00   0.201687E+07
     14.50   0.187955E+07
     15.00   0.175680E+07
     15.50   0.164908E+07
     16.00   0.155505E+07
     16.50   0.147146E+07
     17.00   0.139373E+07
     17.50   0.131612E+07
     18.00   0.123266E+07
     18.50   0.113874E+07
     19.00   0.103301E+07
     19.50   0.917775E+06
     20.00   0.797711E+06
     20.50   0.679073E+06
     21.00   0.569310E+06
     21.50   0.475551E+06
     22.00   0.402128E+06
     22.50   0.348721E+06
     23.00   0.310755E+06
     23.50   0.282308E+06
     24.00   0.258958E+06
     24.50   0.238180E+06
     25.00   0.218286E+06
     25.50   0.198020E+06
     26.00   0.176774E+06
     26.50   0.154463E+06
     27.00   0.131272E+06
     27.50   0.107708E+06
     28.00   0.848049E+05
     28.50   0.641436E+05
     29.00   0.473099E+05
     29.50   0.352143E+05
     30.00   0.278710E+05
     30.50   0.248028E+05
     31.00   0.256505E+05
     31.50   0.305575E+05
     32.00   0.402450E+05
     32.50   0.558238E+05
     33.00   0.782624E+05
     33.50   0.107564E+06
     34.00   0.142102E+06
     34.50   0.178837E+06
     35.00   0.214518E+06
     35.50   0.246854E+06
     36.00   0.274535E+06
     36.50   0.297796E+06
     37.00   0.319127E+06
     37.50   0.342747E+06
     38.00   0.373645E+06
     38.50   0.416946E+06
     39.00   0.477439E+06
     39.50   0.558790E+06
     40.00   0.662331E+06
     40.50   0.785723E+06
     41.00   0.922477E+06
     41.50   0.106272E+07
     42.00   0.119457E+07
     42.50   0.130688E+07
     43.00   0.139290E+07
     43.50   0.145239E+07
     44.00   0.148942E+07
     44.50   0.150949E+07
     45.00   0.151883E+07
     45.50   0.152580E+07
     46.00   0.154020E+07
     46.50   0.157053E+07
     47.00   0.162186E+07
     47.50   0.169457E+07
     48.00   0.178443E+07
     48.50   0.188359E+07
     49.00   0.198169E+07
     49.50   0.206795E+07
     50.00   0.213258E+07
     50.50   0.216757E+07
     51.00   0.216898E+07
     51.50   0.213961E+07
     52.00   0.208902E+07
     52.50   0.202953E+07
     53.00   0.197332E+07
     53.50   0.192859E+07
     54.00   0.189813E+07
     54.50   0.188063E+07
     55.00   0.187234E+07
     55.50   0.186826E+07
     56.00   0.186248E+07
     56.50   0.184855E+07
     57.00   0.182096E+07
     57.50   0.177765E+07
     58.00   0.172200E+07
     58.50   0.166208E+07
     59.00   0.160775E+07
     59.50   0.156697E+07
     60.00   0.154379E+07
     60.50   0.153863E+07
     61.00   0.154927E+07
     61.50   0.157079E+07
     62.00   0.159589E+07
     62.50   0.161704E+07
     63.00   0.162974E+07
     63.50   0.163454E+07
     64.00   0.163588E+07
     64.50   0.163948E+07
     65.00   0.165010E+07
     65.50   0.167051E+07
     66.00   0.170121E+07
     66.50   0.174066E+07
     67.00   0.178500E+07
     67.50   0.182880E+07
     68.00   0.186754E+07
     68.50   0.189884E+07
     69.00   0.192219E+07
     69.50   0.193836E+07
     70.00   0.194915E+07
     70.50   0.195750E+07
     71.00   0.196629E+07
     71.50   0.197628E+07
     72.00   0.198573E+07
     72.50   0.199161E+07
     73.00   0.199096E+07
     73.50   0.198159E+07
     74.00   0.196134E+07
     74.50   0.192877E+07
     75.00   0.188304E+07
     75.50   0.182512E+07
     76.00   0.176053E+07
     76.50   0.169736E+07
     77.00   0.164291E+07
     77.50   0.160066E+07
     78.00   0.156912E+07
     78.50   0.154358E+07
     79.00   0.151938E+07
     79.50   0.149394E+07
     80.00   0.146672E+07
     80.50   0.143772E+07
     81.00   0.140590E+07
     81.50   0.136899E+07
     82.00   0.132505E+07
     82.50   0.127478E+07
     83.00   0.122118E+07
     83.50   0.116727E+07
     84.00   0.111489E+07
     84.50   0.106530E+07
     85.00   0.102069E+07
     85.50   0.984719E+06
     86.00   0.960968E+06
     86.50   0.950604E+06
     87.00   0.950965E+06
     87.50   0.955902E+06
     88.00   0.958211E+06
     88.50   0.952843E+06
     89.00   0.938921E+06
     89.50   0.918737E+06
     90.00   0.895155E+06
     90.50   0.869696E+06
     91.00   0.842529E+06
     91.50   0.814427E+06
     92.00   0.787927E+06
     92.50   0.766963E+06
     93.00   0.755692E+06
     93.50   0.756638E+06
     94.00   0.770029E+06
     94.50   0.794489E+06
     95.00   0.828735E+06
     95.50   0.871762E+06
     96.00   0.922204E+06
     96.50   0.977236E+06
     97.00   0.103188E+07
     97.50   0.108079E+07
     98.00   0.111987E+07
     98.50   0.114644E+07
     99.00   0.116026E+07
     99.50   0.116511E+07
    100.00   0.116859E+07
    100.50   0.117919E+07
    101.00   0.120273E+07
    101.50   0.124074E+07
    102.00   0.129197E+07
    102.50   0.135488E+07
    103.00   0.142864E+07
    103.50   0.151136E+07
    104.00   0.159826E+07
    104.50   0.168198E+07
    105.00   0.175453E+07
    105.50   0.181028E+07
    106.00   0.184737E+07
    106.50   0.186793E+07
    107.00   0.187694E+07
    107.50   0.188026E+07
    108.00   0.188310E+07
    108.50   0.188841E+07
    109.00   0.189671E+07
    109.50   0.190770E+07
    110.00   0.192180E+07
    110.50   0.194017E+07
    111.00   0.196381E+07
    111.50   0.199250E+07
    112.00   0.202423E+07
    112.50   0.205676E+07
    113.00   0.208934E+07
    113.50   0.212295E+07
    114.00   0.216018E+07
    114.50   0.220215E+07
    115.00   0.224552E+07
    115.50   0.228324E+07
    116.00   0.230849E+07
    116.50   0.231901E+07
    117.00   0.231825E+07
    117.50   0.231211E+07
    118.00   0.230509E+07
    118.50   0.229889E+07
    119.00   0.229325E+07
    119.50   0.228719E+07
    120.00   0.228044E+07
    120.50   0.227411E+07
    121.00   0.226978E+07
    121.50   0.226845E+07
    122.00   0.227095E+07
    122.50   0.227868E+07
    123.00   0.229260E+07
    123.50   0.231103E+07
    124.00   0.232912E+07
    124.50   0.234088E+07
    125.00   0.234100E+07
    125.50   0.232630E+07
    126.00   0.229552E+07
    126.50   0.224951E+07
    127.00   0.219286E+07
    127.50   0.213328E+07
    128.00   0.207778E+07
    128.50   0.202950E+07
    129.00   0.198861E+07
    129.50   0.195536E+07
    130.00   0.193190E+07
    130.50   0.192130E+07
    131.00   0.192527E+07
    131.50   0.194229E+07
    132.00   0.196723E+07
    132.50   0.199226E+07
    133.00   0.200835E+07
    133.50   0.200821E+07
    134.00   0.198955E+07
    134.50   0.195534E+07
    135.00   0.191155E+07
    135.50   0.186465E+07
    136.00   0.181976E+07
    136.50   0.178068E+07
    137.00   0.175041E+07
    137.50   0.173077E+07
    138.00   0.172197E+07
    138.50   0.172382E+07
    139.00   0.173651E+07
    139.50   0.175898E+07
    140.00   0.178632E+07
    140.50   0.180939E+07
    141.00   0.181846E+07
    141.50   0.180767E+07
    142.00   0.177617E+07
    142.50   0.172744E+07
    143.00   0.166888E+07
    143.50   0.161167E+07
    144.00   0.156821E+07
    144.50   0.154813E+07
    145.00   0.155508E+07
    145.50   0.158643E+07
    146.00   0.163523E+07
    146.50   0.169137E+07
    147.00   0.174241E+07
    147.50   0.177645E+07
    148.00   0.178564E+07
    148.50   0.176806E+07
    149.00   0.172698E+07
    149.50   0.166900E+07
    150.00   0.160248E+07
    150.50   0.153666E+07
    151.00   0.148123E+07
    151.50   0.144604E+07
    152.00   0.143887E+07
    152.50   0.146345E+07
    153.00   0.151778E+07
    153.50   0.159415E+07
    154.00   0.167928E+07
    154.50   0.175756E+07
    155.00   0.181515E+07
    155.50   0.184333E+07
    156.00   0.183959E+07
    156.50   0.180656E+07
    157.00   0.175001E+07
    157.50   0.167798E+07
    158.00   0.160141E+07
    158.50   0.153273E+07
    159.00   0.148246E+07
    159.50   0.145627E+07
    160.00   0.145482E+07
    160.50   0.147525E+07
    161.00   0.151340E+07
    161.50   0.156351E+07
    162.00   0.161714E+07
    162.50   0.166400E+07
    163.00   0.169493E+07
    163.50   0.170476E+07
    164.00   0.169319E+07
    164.50   0.166400E+07
    165.00   0.162498E+07
    165.50   0.158623E+07
    166.00   0.155711E+07
    166.50   0.154323E+07
    167.00   0.154640E+07
    167.50   0.156526E+07
    168.00   0.159527E+07
    168.50   0.162890E+07
    169.00   0.165733E+07
    169.50   0.167364E+07
    170.00   0.167426E+07
    170.50   0.166054E+07
    171.00   0.163796E+07
    171.50   0.161443E+07
    172.00   0.159806E+07
    172.50   0.159521E+07
    173.00   0.160836E+07
    173.50   0.163594E+07
    174.00   0.167303E+07
    174.50   0.171266E+07
    175.00   0.174783E+07
    175.50   0.177348E+07
    176.00   0.178686E+07
    176.50   0.178691E+07
    177.00   0.177413E+07
    177.50   0.175160E+07
    178.00   0.172472E+07
    178.50   0.169940E+07
    179.00   0.167985E+07
    179.50   0.166725E+07
    180.00   0.166034E+07
    180.50   0.165681E+07
    181.00   0.165605E+07
    181.50   0.165997E+07
    182.00   0.167083E+07
    182.50   0.168903E+07
    183.00   0.171247E+07
    183.50   0.173713E+07
    184.00   0.175877E+07
    184.50   0.177453E+07
    185.00   0.178234E+07
    185.50   0.178038E+07
    186.00   0.176684E+07
    186.50   0.174188E+07
    187.00   0.170938E+07
    187.50   0.167611E+07
    188.00   0.164926E+07
    188.50   0.163449E+07
    189.00   0.163528E+07
    189.50   0.165235E+07
    190.00   0.168225E+07
    190.50   0.171841E+07
    191.00   0.175134E+07
    191.50   0.177075E+07
    192.00   0.176933E+07
    192.50   0.174526E+07
    193.00   0.170233E+07
    193.50   0.164800E+07
    194.00   0.159157E+07
    194.50   0.154209E+07
    195.00   0.150666E+07
    195.50   0.149022E+07
    196.00   0.149601E+07
    196.50   0.152526E+07
    197.00   0.157490E+07
    197.50   0.163518E+07
    198.00   0.169100E+07
    198.50   0.172668E+07
    199.00   0.173165E+07
    199.50   0.170362E+07
    200.00   0.164808E+07
    200.50   0.157648E+07
    201.00   0.150272E+07
    201.50   0.143891E+07
    202.00   0.139323E+07
    202.50   0.137039E+07
    203.00   0.137357E+07
    203.50   0.140409E+07
    204.00   0.145952E+07
    204.50   0.153127E+07
    205.00   0.160458E+07
    205.50   0.166316E+07
    206.00   0.169557E+07
    206.50   0.169813E+07
    207.00   0.167399E+07
    207.50   0.163036E+07
    208.00   0.157621E+07
    208.50   0.152104E+07
    209.00   0.147391E+07
    209.50   0.144251E+07
    210.00   0.143136E+07
    210.50   0.144034E+07
    211.00   0.146605E+07
    211.50   0.150335E+07
    212.00   0.154524E+07
    212.50   0.158281E+07
    213.00   0.160768E+07
    213.50   0.161555E+07
    214.00   0.160711E+07
    214.50   0.158599E+07
    215.00   0.155736E+07
    215.50   0.152731E+07
    216.00   0.150301E+07
    216.50   0.149216E+07
    217.00   0.150014E+07
    217.50   0.152684E+07
    218.00   0.156539E+07
    218.50   0.160486E+07
    219.00   0.163532E+07
    219.50   0.165153E+07
    220.00   0.165268E+07
    220.50   0.164084E+07
    221.00   0.161961E+07
    221.50   0.159440E+07
    222.00   0.157221E+07
    222.50   0.155960E+07
    223.00   0.155939E+07
    223.50   0.157032E+07
    224.00   0.158965E+07
    224.50   0.161416E+07
    225.00   0.164051E+07
    225.50   0.166445E+07
    226.00   0.168136E+07
    226.50   0.168798E+07
    227.00   0.168380E+07
    227.50   0.167140E+07
    228.00   0.165530E+07
    228.50   0.163959E+07
    229.00   0.162728E+07
    229.50   0.162053E+07
    230.00   0.162157E+07
    230.50   0.163305E+07
    231.00   0.165603E+07
    231.50   0.168726E+07
    232.00   0.171964E+07
    232.50   0.174561E+07
    233.00   0.175935E+07
    233.50   0.175725E+07
    234.00   0.173715E+07
    234.50   0.169973E+07
    235.00   0.165114E+07
    235.50   0.160246E+07
    236.00   0.156577E+07
    236.50   0.154988E+07
    237.00   0.155886E+07
    237.50   0.159221E+07
    238.00   0.164534E+07
    238.50   0.171010E+07
    239.00   0.177555E+07
    239.50   0.182922E+07
    240.00   0.186013E+07
    240.50   0.186085E+07
    241.00   0.183106E+07
    241.50   0.177735E+07
    242.00   0.171144E+07
    242.50   0.164721E+07
    243.00   0.159772E+07
    243.50   0.157279E+07
    244.00   0.157717E+07
    244.50   0.160923E+07
    245.00   0.166061E+07
    245.50   0.171742E+07
    246.00   0.176459E+07
    246.50   0.179126E+07
    247.00   0.179385E+07
    247.50   0.177596E+07
    248.00   0.174491E+07
    248.50   0.170770E+07
    249.00   0.166973E+07
    249.50   0.163635E+07
    250.00   0.161321E+07
    250.50   0.160438E+07
    251.00   0.161072E+07
    251.50   0.162988E+07
    252.00   0.165787E+07
    252.50   0.169079E+07
    253.00   0.172533E+07
    253.50   0.175608E+07
    254.00   0.177541E+07
    254.50   0.177668E+07
    255.00   0.175774E+07
    255.50   0.172183E+07
    256.00   0.167693E+07
    256.50   0.163422E+07
    257.00   0.160478E+07
    257.50   0.159653E+07
    258.00   0.161184E+07
    258.50   0.164687E+07
    259.00   0.169318E+07
    259.50   0.174017E+07
    260.00   0.177833E+07
    260.50   0.180009E+07
    261.00   0.180006E+07
    261.50   0.177688E+07
    262.00   0.173478E+07
    262.50   0.168348E+07
    263.00   0.163608E+07
    263.50   0.160484E+07
    264.00   0.159810E+07
    264.50   0.161790E+07
    265.00   0.165887E+07
    265.50   0.170895E+07
    266.00   0.175388E+07
    266.50   0.178260E+07
    267.00   0.179009E+07
    267.50   0.177823E+07
    268.00   0.175232E+07
    268.50   0.171820E+07
    269.00   0.168200E+07
    269.50   0.165087E+07
    270.00   0.163212E+07
    270.50   0.163053E+07
    271.00   0.164586E+07
    271.50   0.167255E+07
    272.00   0.170094E+07
    272.50   0.172126E+07
    273.00   0.172791E+07
    273.50   0.172134E+07
    274.00   0.170647E+07
    274.50   0.168915E+07
    275.00   0.167351E+07
    275.50   0.166251E+07
    276.00   0.165958E+07
    276.50   0.166824E+07
    277.00   0.168906E+07
    277.50   0.171678E+07
    278.00   0.174188E+07
    278.50   0.175498E+07
    279.00   0.175087E+07
    279.50   0.172994E+07
    280.00   0.169651E+07
    280.50   0.165693E+07
    281.00   0.161894E+07
    281.50   0.158930E+07
    282.00   0.157227E+07
    282.50   0.156985E+07
    283.00   0.158282E+07
    283.50   0.161122E+07
    284.00   0.165247E+07
    284.50   0.169915E+07
    285.00   0.173992E+07
    285.50   0.176366E+07
    286.00   0.176495E+07
    286.50   0.174609E+07
    287.00   0.171420E+07
    287.50   0.167638E+07
    288.00   0.163732E+07
    288.50   0.160024E+07
    289.00   0.156930E+07
    289.50   0.155018E+07
    290.00   0.154871E+07
    290.50   0.156753E+07
    291.00   0.160337E+07
    291.50   0.164814E+07
    292.00   0.169236E+07
    292.50   0.172802E+07
    293.00   0.175153E+07
    293.50   0.176169E+07
    294.00   0.175758E+07
    294.50   0.173923E+07
    295.00   0.170892E+07
    295.50   0.167140E+07
    296.00   0.163216E+07
    296.50   0.159630E+07
    297.00   0.156919E+07
    297.50   0.155528E+07
    298.00   0.155694E+07
    298.50   0.157444E+07
    299.00   0.160604E+07
    299.50   0.164798E+07
    300.00   0.169431E+07
    300.50   0.173718E+07
    301.00   0.176820E+07
    301.50   0.178018E+07
    302.00   0.176897E+07
    302.50   0.173492E+07
    303.00   0.168398E+07
    303.50   0.162690E+07
    304.00   0.157608E+07
    304.50   0.154171E+07
    305.00   0.152987E+07
    305.50   0.154318E+07
    306.00   0.158063E+07
    306.50   0.163671E+07
    307.00   0.170056E+07
    307.50   0.175777E+07
    308.00   0.179421E+07
    308.50   0.180058E+07
    309.00   0.177662E+07
    309.50   0.173095E+07
    310.00   0.167702E+07
    310.50   0.162843E+07
    311.00   0.159514E+07
    311.50   0.158180E+07
    312.00   0.158861E+07
    312.50   0.161268E+07
    313.00   0.164847E+07
    313.50   0.168753E+07
    314.00   0.171988E+07
    314.50   0.173611E+07
    315.00   0.173151E+07
    315.50   0.170997E+07
    316.00   0.168149E+07
    316.50   0.165488E+07
    317.00   0.163446E+07
    317.50   0.162139E+07
    318.00   0.161488E+07
    318.50   0.161321E+07
    319.00   0.161501E+07
    319.50   0.161993E+07
    320.00   0.162835E+07
    320.50   0.163980E+07
    321.00   0.165133E+07
    321.50   0.165818E+07
    322.00   0.165681E+07
    322.50   0.164818E+07
    323.00   0.163790E+07
    323.50   0.163249E+07
    324.00   0.163547E+07
    324.50   0.164604E+07
    325.00   0.165975E+07
    325.50   0.167028E+07
    326.00   0.167216E+07
    326.50   0.166340E+07
    327.00   0.164650E+07
    327.50   0.162664E+07
    328.00   0.160906E+07
    328.50   0.159784E+07
    329.00   0.159517E+07
    329.50   0.160125E+07
    330.00   0.161440E+07
    330.50   0.163107E+07
    331.00   0.164750E+07
    331.50   0.166199E+07
    332.00   0.167427E+07
    332.50   0.168343E+07
    333.00   0.168681E+07
    333.50   0.168117E+07
    334.00   0.166479E+07
    334.50   0.163909E+07
    335.00   0.160858E+07
    335.50   0.157915E+07
    336.00   0.155709E+07
    336.50   0.154876E+07
    337.00   0.155893E+07
    337.50   0.158804E+07
    338.00   0.163085E+07
    338.50   0.167800E+07
    339.00   0.171925E+07
    339.50   0.174629E+07
    340.00   0.175376E+07
    340.50   0.173973E+07
    341.00   0.170719E+07
    341.50   0.166356E+07
    342.00   0.161820E+07
    342.50   0.157975E+07
    343.00   0.155492E+07
    343.50   0.154820E+07
    344.00   0.156103E+07
    344.50   0.159122E+07
    345.00   0.163384E+07
    345.50   0.168254E+07
    346.00   0.172994E+07
    346.50   0.176844E+07
    347.00   0.179153E+07
    347.50   0.179560E+07
    348.00   0.178063E+07
    348.50   0.174945E+07
    349.00   0.170639E+07
    349.50   0.165652E+07
    350.00   0.160619E+07
    350.50   0.156300E+07
    351.00   0.153495E+07
    351.50   0.152843E+07
    352.00   0.154627E+07
    352.50   0.158697E+07
    353.00   0.164511E+07
    353.50   0.171172E+07
    354.00   0.177492E+07
    354.50   0.182167E+07
    355.00   0.184129E+07
    355.50   0.182945E+07
    356.00   0.178954E+07
    356.50   0.173084E+07
    357.00   0.166557E+07
    357.50   0.160624E+07
    358.00   0.156309E+07
    358.50   0.154158E+07
    359.00   0.154159E+07
    359.50   0.155894E+07
    360.00   0.158884E+07
    360.50   0.162758E+07
    361.00   0.167130E+07
    361.50   0.171445E+07
    362.00   0.175010E+07
    362.50   0.177175E+07
    363.00   0.177525E+07
    363.50   0.175989E+07
    364.00   0.172934E+07
    364.50   0.169110E+07
    365.00   0.165374E+07
    365.50   0.162404E+07
    366.00   0.160553E+07
    366.50   0.159915E+07
    367.00   0.160404E+07
    367.50   0.161792E+07
    368.00   0.163705E+07
    368.50   0.165663E+07
    369.00   0.167215E+07
    369.50   0.168099E+07
    370.00   0.168159E+07
    370.50   0.167286E+07
    371.00   0.165580E+07
    371.50   0.163408E+07
    372.00   0.161362E+07
    372.50   0.160036E+07
    373.00   0.159843E+07
    373.50   0.160919E+07
    374.00   0.163161E+07
    374.50   0.166279E+07
    375.00   0.169701E+07
    375.50   0.172555E+07
    376.00   0.173974E+07
    376.50   0.173485E+07
    377.00   0.171196E+07
    377.50   0.167622E+07
    378.00   0.163453E+07
    378.50   0.159462E+07
    379.00   0.156464E+07
    379.50   0.155123E+07
    380.00   0.155741E+07
    380.50   0.158248E+07
    381.00   0.162283E+07
    381.50   0.167102E+07
    382.00   0.171691E+07
    382.50   0.175078E+07
    383.00   0.176620E+07
    383.50   0.176233E+07
    384.00   0.174226E+07
    384.50   0.171003E+07
    385.00   0.167008E+07
    385.50   0.162845E+07
    386.00   0.159308E+07
    386.50   0.157213E+07
    387.00   0.157148E+07
    387.50   0.159138E+07
    388.00   0.162625E+07
    388.50   0.166624E+07
    389.00   0.170072E+07
    389.50   0.172243E+07
    390.00   0.172944E+07
    390.50   0.172451E+07
    391.00   0.171210E+07
    391.50   0.169629E+07
    392.00   0.168015E+07
    392.50   0.166593E+07
    393.00   0.165545E+07
    393.50   0.165013E+07
    394.00   0.165077E+07
    394.50   0.165688E+07
    395.00   0.166570E+07
    395.50   0.167318E+07
    396.00   0.167682E+07
    396.50   0.167692E+07
    397.00   0.167576E+07
    397.50   0.167522E+07
    398.00   0.167570E+07
    398.50   0.167664E+07
    399.00   0.167780E+07
    399.50   0.167997E+07
    400.00   0.168435E+07
    400.50   0.169088E+07
    401.00   0.169751E+07
    401.50   0.170075E+07
    402.00   0.169792E+07
    402.50   0.168824E+07
    403.00   0.167275E+07
    403.50   0.165383E+07
    404.00   0.163472E+07
    404.50   0.161970E+07
    405.00   0.161290E+07
    405.50   0.161686E+07
    406.00   0.163155E+07
    406.50   0.165344E+07
    407.00   0.167741E+07
    407.50   0.169923E+07
    408.00   0.171625E+07
    408.50   0.172663E+07
    409.00   0.172845E+07
    409.50   0.171980E+07
    410.00   0.170059E+07
    410.50   0.167466E+07
    411.00   0.164891E+07
    411.50   0.162972E+07
    412.00   0.162024E+07
    412.50   0.162029E+07
    413.00   0.162793E+07
    413.50   0.164082E+07
    414.00   0.165623E+07
    414.50   0.167119E+07
    415.00   0.168326E+07
    415.50   0.169018E+07
    416.00   0.169067E+07
    416.50   0.168468E+07
    417.00   0.167391E+07
    417.50   0.166204E+07
    418.00   0.165318E+07
    418.50   0.165066E+07
    419.00   0.165541E+07
    419.50   0.166414E+07
    420.00   0.167159E+07
    420.50   0.167447E+07
    421.00   0.167292E+07
    421.50   0.166896E+07
    422.00   0.166404E+07
    422.50   0.165718E+07
    423.00   0.164632E+07
    423.50   0.163109E+07
    424.00   0.161483E+07
    424.50   0.160408E+07
    425.00   0.160525E+07
    425.50   0.162133E+07
    426.00   0.165062E+07
    426.50   0.168767E+07
    427.00   0.172508E+07
    427.50   0.175469E+07
    428.00   0.176925E+07
    428.50   0.176407E+07
    429.00   0.173875E+07
    429.50   0.169793E+07
    430.00   0.164953E+07
    430.50   0.160253E+07
    431.00   0.156488E+07
    431.50   0.154254E+07
    432.00   0.153902E+07
    432.50   0.155500E+07
    433.00   0.158832E+07
    433.50   0.163379E+07
    434.00   0.168475E+07
    434.50   0.173367E+07
    435.00   0.177188E+07
    435.50   0.179117E+07
    436.00   0.178626E+07
    436.50   0.175684E+07
    437.00   0.170917E+07
    437.50   0.165354E+07
    438.00   0.160018E+07
    438.50   0.155808E+07
    439.00   0.153428E+07
    439.50   0.153259E+07
    440.00   0.155233E+07
    440.50   0.158860E+07
    441.00   0.163291E+07
    441.50   0.167628E+07
    442.00   0.171213E+07
    442.50   0.173655E+07
    443.00   0.174771E+07
    443.50   0.174572E+07
    444.00   0.173324E+07
    444.50   0.171511E+07
    445.00   0.169597E+07
    445.50   0.167694E+07
    446.00   0.165654E+07
    446.50   0.163327E+07
    447.00   0.160867E+07
    447.50   0.158819E+07
    448.00   0.157766E+07
    448.50   0.158039E+07
    449.00   0.159662E+07
    449.50   0.162419E+07
    450.00   0.165887E+07
    450.50   0.169494E+07
    451.00   0.172526E+07
    451.50   0.174403E+07
    452.00   0.174847E+07
    452.50   0.173928E+07
    453.00   0.171963E+07
    453.50   0.169249E+07
    454.00   0.166045E+07
    454.50   0.162710E+07
    455.00   0.159777E+07
    455.50   0.157820E+07
    456.00   0.157274E+07
    456.50   0.158303E+07
    457.00   0.160734E+07
    457.50   0.164087E+07
    458.00   0.167675E+07
    458.50   0.170722E+07
    459.00   0.172572E+07
    459.50   0.172824E+07
    460.00   0.171464E+07
    460.50   0.168949E+07
    461.00   0.166005E+07
    461.50   0.163302E+07
    462.00   0.161318E+07
    462.50   0.160429E+07
    463.00   0.160925E+07
    463.50   0.162774E+07
    464.00   0.165505E+07
    464.50   0.168364E+07
    465.00   0.170701E+07
    465.50   0.172220E+07
    466.00   0.172825E+07
    466.50   0.172382E+07
    467.00   0.170765E+07
    467.50   0.168099E+07
    468.00   0.164843E+07
    468.50   0.161637E+07
    469.00   0.159128E+07
    469.50   0.157815E+07
    470.00   0.157932E+07
    470.50   0.159391E+07
    471.00   0.161820E+07
    471.50   0.164693E+07
    472.00   0.167468E+07
    472.50   0.169727E+07
    473.00   0.171263E+07
    473.50   0.172099E+07
    474.00   0.172324E+07
    474.50   0.171865E+07
    475.00   0.170497E+07
    475.50   0.168130E+07
    476.00   0.165111E+07
    476.50   0.162158E+07
    477.00   0.159947E+07
    477.50   0.158800E+07
    478.00   0.158747E+07
    478.50   0.159715E+07
    479.00   0.161610E+07
    479.50   0.164205E+07
    480.00   0.166946E+07
    480.50   0.168997E+07
    481.00   0.169635E+07
    481.50   0.168629E+07
    482.00   0.166346E+07
    482.50   0.163639E+07
    483.00   0.161508E+07
    483.50   0.160788E+07
    484.00   0.161871E+07
    484.50   0.164502E+07
    485.00   0.167784E+07
    485.50   0.170563E+07
    486.00   0.171905E+07
    486.50   0.171395E+07
    487.00   0.169190E+07
    487.50   0.165836E+07
    488.00   0.162056E+07
    488.50   0.158602E+07
    489.00   0.156151E+07
    489.50   0.155260E+07
    490.00   0.156257E+07
    490.50   0.159083E+07
    491.00   0.163165E+07
    491.50   0.167571E+07
    492.00   0.171384E+07
    492.50   0.174036E+07
    493.00   0.175375E+07
    493.50   0.175413E+07
    494.00   0.174198E+07
    494.50   0.171804E+07
    495.00   0.168433E+07
    495.50   0.164451E+07
    496.00   0.160329E+07
    496.50   0.156604E+07
    497.00   0.153939E+07
    497.50   0.153005E+07
    498.00   0.154251E+07
    498.50   0.157686E+07
    499.00   0.162833E+07
    499.50   0.168855E+07
    500.00   0.174686E+07
    500.50   0.179256E+07
    501.00   0.181760E+07
    501.50   0.181762E+07
    502.00   0.179168E+07
    502.50   0.174223E+07
    503.00   0.167625E+07
    503.50   0.160610E+07
    504.00   0.154701E+07
    504.50   0.151196E+07
    505.00   0.150709E+07
    505.50   0.153058E+07
    506.00   0.157430E+07
    506.50   0.162769E+07
    507.00   0.168128E+07
    507.50   0.172719E+07
    508.00   0.175863E+07
    508.50   0.177111E+07
    509.00   0.176401E+07
    509.50   0.174141E+07
    510.00   0.171033E+07
    510.50   0.167823E+07
    511.00   0.165133E+07
    511.50   0.163367E+07
    512.00   0.162548E+07
    512.50   0.162347E+07
    513.00   0.162442E+07
    513.50   0.162704E+07
    514.00   0.163188E+07
    514.50   0.163919E+07
    515.00   0.164692E+07
    515.50   0.165268E+07
    516.00   0.165599E+07
    516.50   0.165870E+07
    517.00   0.166362E+07
    517.50   0.167197E+07
    518.00   0.168236E+07
    518.50   0.169191E+07
    519.00   0.169764E+07
    519.50   0.169834E+07
    520.00   0.169501E+07
    520.50   0.168960E+07
    521.00   0.168292E+07
    521.50   0.167345E+07
    522.00   0.165936E+07
    522.50   0.164083E+07
    523.00   0.161973E+07
    523.50   0.159862E+07
    524.00   0.158066E+07
    524.50   0.156958E+07
    525.00   0.156959E+07
    525.50   0.158401E+07
    526.00   0.161308E+07
    526.50   0.165350E+07
    527.00   0.169909E+07
    527.50   0.174220E+07
    528.00   0.177561E+07
    528.50   0.179273E+07
    529.00   0.178783E+07
    529.50   0.175842E+07
    530.00   0.170760E+07
    530.50   0.164462E+07
    531.00   0.158298E+07
    531.50   0.153359E+07
    532.00   0.150408E+07
    532.50   0.149953E+07
    533.00   0.152219E+07
    533.50   0.157039E+07
    534.00   0.163629E+07
    534.50   0.170647E+07
    535.00   0.176581E+07
    535.50   0.180263E+07
    536.00   0.181138E+07
    536.50   0.179337E+07
    537.00   0.175505E+07
    537.50   0.170535E+07
    538.00   0.165361E+07
    538.50   0.160812E+07
    539.00   0.157477E+07
    539.50   0.155693E+07
    540.00   0.155481E+07
    540.50   0.156621E+07
    541.00   0.158931E+07
    541.50   0.162200E+07
    542.00   0.166004E+07
    542.50   0.169630E+07
    543.00   0.172287E+07
    543.50   0.173490E+07
    544.00   0.173312E+07
    544.50   0.172220E+07
    545.00   0.170724E+07
    545.50   0.169168E+07
    546.00   0.167707E+07
    546.50   0.166379E+07
    547.00   0.165159E+07
    547.50   0.164067E+07
    548.00   0.163194E+07
    548.50   0.162576E+07
    549.00   0.162144E+07
    549.50   0.161883E+07
    550.00   0.162043E+07
    550.50   0.162998E+07
    551.00   0.164922E+07
    551.50   0.167521E+07
    552.00   0.170091E+07
    552.50   0.171850E+07
    553.00   0.172252E+07
    553.50   0.171082E+07
    554.00   0.168502E+07
    554.50   0.165063E+07
    555.00   0.161648E+07
    555.50   0.159154E+07
    556.00   0.158140E+07
    556.50   0.158773E+07
    557.00   0.161014E+07
    557.50   0.164693E+07
    558.00   0.169302E+07
    558.50   0.173800E+07
    559.00   0.176729E+07
    559.50   0.176819E+07
    560.00   0.173668E+07
    560.50   0.168042E+07
    561.00   0.161466E+07
    561.50   0.155485E+07
    562.00   0.151225E+07
    562.50   0.149331E+07
    563.00   0.150170E+07
    563.50   0.153858E+07
    564.00   0.160085E+07
    564.50   0.167940E+07
    565.00   0.175946E+07
    565.50   0.182361E+07
    566.00   0.185696E+07
    566.50   0.185167E+07
    567.00   0.181012E+07
    567.50   0.174382E+07
    568.00   0.166674E+07
    568.50   0.159255E+07
    569.00   0.153262E+07
    569.50   0.149679E+07
    570.00   0.149092E+07
    570.50   0.151392E+07
    571.00   0.155876E+07
    571.50   0.161558E+07
    572.00   0.167333E+07
    572.50   0.172078E+07
    573.00   0.174926E+07
    573.50   0.175633E+07
    574.00   0.174678E+07
    574.50   0.172933E+07
    575.00   0.171068E+07
    575.50   0.169269E+07
    576.00   0.167459E+07
    576.50   0.165607E+07
    577.00   0.163856E+07
    577.50   0.162480E+07
    578.00   0.161724E+07
    578.50   0.161639E+07
    579.00   0.162081E+07
    579.50   0.162862E+07
    580.00   0.163907E+07
    580.50   0.165270E+07
    581.00   0.166931E+07
    581.50   0.168704E+07
    582.00   0.170320E+07
    582.50   0.171543E+07
    583.00   0.172248E+07
    583.50   0.172460E+07
    584.00   0.172254E+07
    584.50   0.171609E+07
    585.00   0.170354E+07
    585.50   0.168309E+07
    586.00   0.165549E+07
    586.50   0.162543E+07
    587.00   0.160034E+07
    587.50   0.158725E+07
    588.00   0.159020E+07
    588.50   0.161072E+07
    589.00   0.164757E+07
    589.50   0.169562E+07
    590.00   0.174537E+07
    590.50   0.178470E+07
    591.00   0.180247E+07
    591.50   0.179276E+07
    592.00   0.175639E+07
    592.50   0.170057E+07
    593.00   0.163753E+07
    593.50   0.158070E+07
    594.00   0.154043E+07
    594.50   0.152250E+07
    595.00   0.152914E+07
    595.50   0.155973E+07
    596.00   0.161050E+07
    596.50   0.167451E+07
    597.00   0.174166E+07
    597.50   0.179938E+07
    598.00   0.183480E+07
    598.50   0.183817E+07
    599.00   0.180684E+07
    599.50   0.174729E+07
    600.00   0.167256E+07
    600.50   0.159834E+07
    601.00   0.153890E+07
    601.50   0.150399E+07
    602.00   0.149747E+07
    602.50   0.151808E+07
    603.00   0.156135E+07
    603.50   0.162007E+07
    604.00   0.168383E+07
    604.50   0.173997E+07
    605.00   0.177685E+07
    605.50   0.178821E+07
    606.00   0.177458E+07
    606.50   0.174176E+07
    607.00   0.169813E+07
    607.50   0.165223E+07
    608.00   0.161151E+07
    608.50   0.158099E+07
    609.00   0.156304E+07
    609.50   0.155791E+07
    610.00   0.156431E+07
    610.50   0.157930E+07
    611.00   0.159938E+07
    611.50   0.162185E+07
    612.00   0.164554E+07
    612.50   0.167030E+07
    613.00   0.169567E+07
    613.50   0.172037E+07
    614.00   0.174217E+07
    614.50   0.175703E+07
    615.00   0.175889E+07
    615.50   0.174231E+07
    616.00   0.170734E+07
    616.50   0.166058E+07
    617.00   0.161169E+07
    617.50   0.157004E+07
    618.00   0.154334E+07
    618.50   0.153696E+07
    619.00   0.155303E+07
    619.50   0.158940E+07
    620.00   0.163991E+07
    620.50   0.169580E+07
    621.00   0.174634E+07
    621.50   0.178010E+07
    622.00   0.178889E+07
    622.50   0.177148E+07
    623.00   0.173347E+07
    623.50   0.168447E+07
    624.00   0.163446E+07
    624.50   0.159183E+07
    625.00   0.156315E+07
    625.50   0.155232E+07
    626.00   0.156006E+07
    626.50   0.158410E+07
    627.00   0.161959E+07
    627.50   0.165942E+07
    628.00   0.169509E+07
    628.50   0.171923E+07
    629.00   0.172811E+07
    629.50   0.172180E+07
    630.00   0.170279E+07
    630.50   0.167545E+07
    631.00   0.164601E+07
    631.50   0.162146E+07
    632.00   0.160725E+07
    632.50   0.160544E+07
    633.00   0.161454E+07
    633.50   0.163048E+07
    634.00   0.164816E+07
    634.50   0.166337E+07
    635.00   0.167415E+07
    635.50   0.168092E+07
    636.00   0.168500E+07
    636.50   0.168659E+07
    637.00   0.168469E+07
    637.50   0.167863E+07
    638.00   0.166804E+07
    638.50   0.165347E+07
    639.00   0.163714E+07
    639.50   0.162291E+07
    640.00   0.161488E+07
    640.50   0.161509E+07
    641.00   0.162291E+07
    641.50   0.163671E+07
    642.00   0.165367E+07
    642.50   0.167016E+07
    643.00   0.168266E+07
    643.50   0.168863E+07
    644.00   0.168751E+07
    644.50   0.168028E+07
    645.00   0.166802E+07
    645.50   0.165218E+07
    646.00   0.163453E+07
    646.50   0.161593E+07
    647.00   0.159775E+07
    647.50   0.158413E+07
    648.00   0.158149E+07
    648.50   0.159545E+07
    649.00   0.162704E+07
    649.50   0.167086E+07
    650.00   0.171742E+07
    650.50   0.175641E+07
    651.00   0.177913E+07
    651.50   0.177995E+07
    652.00   0.175824E+07
    652.50   0.171905E+07
    653.00   0.167080E+07
    653.50   0.162233E+07
    654.00   0.158162E+07
    654.50   0.155609E+07
    655.00   0.155116E+07
    655.50   0.156924E+07
    656.00   0.160826E+07
    656.50   0.166115E+07
    657.00   0.171693E+07
    657.50   0.176331E+07
    658.00   0.179014E+07
    658.50   0.179171E+07
    659.00   0.176836E+07
    659.50   0.172505E+07
    660.00   0.166979E+07
    660.50   0.161255E+07
    661.00   0.156374E+07
    661.50   0.153281E+07
    662.00   0.152656E+07
    662.50   0.154677E+07
    663.00   0.158918E+07
    663.50   0.164443E+07
    664.00   0.169971E+07
    664.50   0.174189E+07
    665.00   0.176077E+07
    665.50   0.175194E+07
    666.00   0.171771E+07
    666.50   0.166657E+07
    667.00   0.161035E+07
    667.50   0.156077E+07
    668.00   0.152772E+07
    668.50   0.151803E+07
    669.00   0.153464E+07
    669.50   0.157612E+07
    670.00   0.163627E+07
    670.50   0.170383E+07
    671.00   0.176446E+07
    671.50   0.180367E+07
    672.00   0.181168E+07
    672.50   0.178687E+07
    673.00   0.173510E+07
    673.50   0.166723E+07
    674.00   0.159517E+07
    674.50   0.153067E+07
    675.00   0.148439E+07
    675.50   0.146312E+07
    676.00   0.147021E+07
    676.50   0.150592E+07
    677.00   0.156754E+07
    677.50   0.164839E+07
    678.00   0.173619E+07
    678.50   0.181400E+07
    679.00   0.186348E+07
    679.50   0.187093E+07
    680.00   0.183400E+07
    680.50   0.176330E+07
    681.00   0.167683E+07
    681.50   0.159320E+07
    682.00   0.152711E+07
    682.50   0.148753E+07
    683.00   0.147937E+07
    683.50   0.150372E+07
    684.00   0.155689E+07
    684.50   0.163062E+07
    685.00   0.171310E+07
    685.50   0.179099E+07
    686.00   0.185017E+07
    686.50   0.187635E+07
    687.00   0.186114E+07
    687.50   0.180761E+07
    688.00   0.172884E+07
    688.50   0.164231E+07
    689.00   0.156527E+07
    689.50   0.151190E+07
    690.00   0.149114E+07
    690.50   0.150605E+07
    691.00   0.155402E+07
    691.50   0.162664E+07
    692.00   0.170986E+07
    692.50   0.178516E+07
    693.00   0.183417E+07
    693.50   0.184575E+07
    694.00   0.182004E+07
    694.50   0.176716E+07
    695.00   0.170278E+07
    695.50   0.164220E+07
    696.00   0.159573E+07
    696.50   0.156788E+07
    697.00   0.155897E+07
    697.50   0.156658E+07
    698.00   0.158751E+07
    698.50   0.161854E+07
    699.00   0.165458E+07
    699.50   0.168848E+07
    700.00   0.171325E+07
    700.50   0.172468E+07
    701.00   0.172226E+07
    701.50   0.170793E+07
    702.00   0.168557E+07
    702.50   0.166067E+07
    703.00   0.163898E+07
    703.50   0.162409E+07
    704.00   0.161709E+07
    704.50   0.161810E+07
    705.00   0.162648E+07
    705.50   0.163998E+07
    706.00   0.165513E+07
    706.50   0.166862E+07
    707.00   0.167836E+07
    707.50   0.168334E+07
    708.00   0.168235E+07
    708.50   0.167418E+07
    709.00   0.165913E+07
    709.50   0.164005E+07
    710.00   0.162123E+07
    710.50   0.160650E+07
    711.00   0.159877E+07
    711.50   0.159979E+07
    712.00   0.161006E+07
    712.50   0.162866E+07
    713.00   0.165272E+07
    713.50   0.167760E+07
    714.00   0.169745E+07
    714.50   0.170661E+07
    715.00   0.170173E+07
    715.50   0.168309E+07
    716.00   0.165464E+07
    716.50   0.162257E+07
    717.00   0.159412E+07
    717.50   0.157637E+07
    718.00   0.157442E+07
    718.50   0.159051E+07
    719.00   0.162330E+07
    719.50   0.166755E+07
    720.00   0.171455E+07
    720.50   0.175352E+07
    721.00   0.177391E+07
    721.50   0.176905E+07
    722.00   0.173907E+07
    722.50   0.169101E+07
    723.00   0.163512E+07
    723.50   0.158172E+07
    724.00   0.154045E+07
    724.50   0.152005E+07
    725.00   0.152712E+07
    725.50   0.156296E+07
    726.00   0.162131E+07
    726.50   0.168953E+07
    727.00   0.175224E+07
    727.50   0.179575E+07
    728.00   0.181189E+07
    728.50   0.179985E+07
    729.00   0.176474E+07
    729.50   0.171423E+07
    730.00   0.165691E+07
    730.50   0.160205E+07
    731.00   0.155930E+07
    731.50   0.153763E+07
    732.00   0.154185E+07
    732.50   0.156953E+07
    733.00   0.161219E+07
    733.50   0.165939E+07
    734.00   0.170335E+07
    734.50   0.173931E+07
    735.00   0.176391E+07
    735.50   0.177516E+07
    736.00   0.177287E+07
    736.50   0.175831E+07
    737.00   0.173329E+07
    737.50   0.169996E+07
    738.00   0.166224E+07
    738.50   0.162719E+07
    739.00   0.160308E+07
    739.50   0.159486E+07
    740.00   0.160208E+07
    740.50   0.162047E+07
    741.00   0.164502E+07
    741.50   0.167162E+07
    742.00   0.169560E+07
    742.50   0.171084E+07
    743.00   0.171232E+07
    743.50   0.170004E+07
    744.00   0.168024E+07
    744.50   0.166256E+07
    745.00   0.165523E+07
    745.50   0.166167E+07
    746.00   0.167891E+07
    746.50   0.169900E+07
    747.00   0.171316E+07
    747.50   0.171553E+07
    748.00   0.170344E+07
    748.50   0.167776E+07
    749.00   0.164198E+07
    749.50   0.160199E+07
    750.00   0.156612E+07
    750.50   0.154353E+07
    751.00   0.154129E+07
    751.50   0.156207E+07
    752.00   0.160383E+07
    752.50   0.166202E+07
    753.00   0.172998E+07
    753.50   0.179535E+07
    754.00   0.184106E+07
    754.50   0.185272E+07
    755.00   0.182606E+07
    755.50   0.176974E+07
    756.00   0.169988E+07
    756.50   0.163184E+07
    757.00   0.157672E+07
    757.50   0.154147E+07
    758.00   0.152901E+07
    758.50   0.153835E+07
    759.00   0.156579E+07
    759.50   0.160618E+07
    760.00   0.165408E+07
    760.50   0.170316E+07
    761.00   0.174489E+07
    761.50   0.176906E+07
    762.00   0.176882E+07
    762.50   0.174562E+07
    763.00   0.170932E+07
    763.50   0.167285E+07
    764.00   0.164694E+07
    764.50   0.163664E+07
    765.00   0.164024E+07
    765.50   0.165260E+07
    766.00   0.166763E+07
    766.50   0.168030E+07
    767.00   0.168762E+07
    767.50   0.168797E+07
    768.00   0.168040E+07
    768.50   0.166511E+07
    769.00   0.164479E+07
    769.50   0.162530E+07
    770.00   0.161432E+07
    770.50   0.161772E+07
    771.00   0.163654E+07
    771.50   0.166616E+07
    772.00   0.169813E+07
    772.50   0.172361E+07
    773.00   0.173686E+07
    773.50   0.173522E+07
    774.00   0.171893E+07
    774.50   0.169170E+07
    775.00   0.165961E+07
    775.50   0.162946E+07
    776.00   0.160766E+07
    776.50   0.159907E+07
    777.00   0.160566E+07
    777.50   0.162588E+07
    778.00   0.165481E+07
    778.50   0.168533E+07
    779.00   0.170999E+07
    779.50   0.172286E+07
    780.00   0.172046E+07
    780.50   0.170189E+07
    781.00   0.166928E+07
    781.50   0.162877E+07
    782.00   0.158922E+07
    782.50   0.155926E+07
    783.00   0.154546E+07
    783.50   0.155118E+07
    784.00   0.157670E+07
    784.50   0.161862E+07
    785.00   0.166955E+07
    785.50   0.171905E+07
    786.00   0.175654E+07
    786.50   0.177499E+07
    787.00   0.177266E+07
    787.50   0.175204E+07
    788.00   0.171730E+07
    788.50   0.167256E+07
    789.00   0.162252E+07
    789.50   0.157424E+07
    790.00   0.153689E+07
    790.50   0.151951E+07
    791.00   0.152776E+07
    791.50   0.156196E+07
    792.00   0.161706E+07
    792.50   0.168340E+07
    793.00   0.174784E+07
    793.50   0.179703E+07
    794.00   0.182159E+07
    794.50   0.181830E+07
    795.00   0.178929E+07
    795.50   0.174037E+07
    796.00   0.168031E+07
    796.50   0.162041E+07
    797.00   0.157243E+07
    797.50   0.154548E+07
    798.00   0.154331E+07
    798.50   0.156421E+07
    799.00   0.160239E+07
    799.50   0.164954E+07
    800.00   0.169645E+07
    800.50   0.173508E+07
    801.00   0.176030E+07
    801.50   0.176982E+07
    802.00   0.176331E+07
    802.50   0.174243E+07
    803.00   0.171185E+07
    803.50   0.167885E+07
    804.00   0.165150E+07
    804.50   0.163585E+07
    805.00   0.163444E+07
    805.50   0.164575E+07
    806.00   0.166406E+07
    806.50   0.168098E+07
    807.00   0.168936E+07
    807.50   0.168707E+07
    808.00   0.167715E+07
    808.50   0.166519E+07
    809.00   0.165625E+07
    809.50   0.165362E+07
    810.00   0.165844E+07
    810.50   0.166975E+07
    811.00   0.168439E+07
    811.50   0.169817E+07
    812.00   0.170761E+07
    812.50   0.171075E+07
    813.00   0.170669E+07
    813.50   0.169519E+07
    814.00   0.167774E+07
    814.50   0.165858E+07
    815.00   0.164331E+07
    815.50   0.163521E+07
    816.00   0.163313E+07
    816.50   0.163323E+07
    817.00   0.163146E+07
    817.50   0.162725E+07
    818.00   0.162393E+07
    818.50   0.162512E+07
    819.00   0.163202E+07
    819.50   0.164325E+07
    820.00   0.165663E+07
    820.50   0.167035E+07
    821.00   0.168250E+07
    821.50   0.169008E+07
    822.00   0.169019E+07
    822.50   0.168123E+07
    823.00   0.166460E+07
    823.50   0.164498E+07
    824.00   0.162724E+07
    824.50   0.161388E+07
    825.00   0.160609E+07
    825.50   0.160492E+07
    826.00   0.160943E+07
    826.50   0.161842E+07
    827.00   0.163000E+07
    827.50   0.164255E+07
    828.00   0.165406E+07
    828.50   0.166119E+07
    829.00   0.166062E+07
    829.50   0.165073E+07
    830.00   0.163260E+07
    830.50   0.161165E+07
    831.00   0.159620E+07
    831.50   0.159330E+07
    832.00   0.160591E+07
    832.50   0.163192E+07
    833.00   0.166486E+07
    833.50   0.169589E+07
    834.00   0.171686E+07
    834.50   0.172222E+07
    835.00   0.170992E+07
    835.50   0.168211E+07
    836.00   0.164508E+07
    836.50   0.160714E+07
    837.00   0.157634E+07
    837.50   0.155907E+07
    838.00   0.155934E+07
    838.50   0.157804E+07
    839.00   0.161272E+07
    839.50   0.165768E+07
    840.00   0.170519E+07
    840.50   0.174712E+07
    841.00   0.177704E+07
    841.50   0.179049E+07
    842.00   0.178461E+07
    842.50   0.175944E+07
    843.00   0.171802E+07
    843.50   0.166622E+07
    844.00   0.161358E+07
    844.50   0.157127E+07
    845.00   0.154783E+07
    845.50   0.154672E+07
    846.00   0.156667E+07
    846.50   0.160370E+07
    847.00   0.165326E+07
    847.50   0.170933E+07
    848.00   0.176305E+07
    848.50   0.180414E+07
    849.00   0.182347E+07
    849.50   0.181493E+07
    850.00   0.177687E+07
    850.50   0.171364E+07
    851.00   0.163596E+07
    851.50   0.155947E+07
    852.00   0.150062E+07
    852.50   0.147233E+07
    853.00   0.148116E+07
    853.50   0.152671E+07
    854.00   0.160223E+07
    854.50   0.169493E+07
    855.00   0.178706E+07
    855.50   0.185875E+07
    856.00   0.189319E+07
    856.50   0.188271E+07
    857.00   0.183215E+07
    857.50   0.175688E+07
    858.00   0.167548E+07
    858.50   0.160308E+07
    859.00   0.154831E+07
    859.50   0.151408E+07
    860.00   0.150081E+07
    860.50   0.150770E+07
    861.00   0.153227E+07
    861.50   0.157105E+07
    862.00   0.161950E+07
    862.50   0.167177E+07
    863.00   0.172188E+07
    863.50   0.176456E+07
    864.00   0.179542E+07
    864.50   0.181144E+07
    865.00   0.181033E+07
    865.50   0.179048E+07
    866.00   0.175227E+07
    866.50   0.169895E+07
    867.00   0.163713E+07
    867.50   0.157607E+07
    868.00   0.152551E+07
    868.50   0.149367E+07
    869.00   0.148581E+07
    869.50   0.150345E+07
    870.00   0.154467E+07
    870.50   0.160491E+07
    871.00   0.167662E+07
    871.50   0.174761E+07
    872.00   0.180244E+07
    872.50   0.182758E+07
    873.00   0.181647E+07
    873.50   0.177220E+07
    874.00   0.170599E+07
    874.50   0.163359E+07
    875.00   0.157127E+07
    875.50   0.153220E+07
    876.00   0.152390E+07
    876.50   0.154690E+07
    877.00   0.159464E+07
    877.50   0.165521E+07
    878.00   0.171394E+07
    878.50   0.175622E+07
    879.00   0.177031E+07
    879.50   0.174998E+07
    880.00   0.169821E+07
    880.50   0.162705E+07
    881.00   0.155371E+07
    881.50   0.149500E+07
    882.00   0.146353E+07
    882.50   0.146642E+07
    883.00   0.150487E+07
    883.50   0.157378E+07
    884.00   0.166213E+07
    884.50   0.175284E+07
    885.00   0.182532E+07
    885.50   0.186193E+07
    886.00   0.185413E+07
    886.50   0.180590E+07
    887.00   0.173127E+07
    887.50   0.164747E+07
    888.00   0.156934E+07
    888.50   0.150757E+07
    889.00   0.146943E+07
    889.50   0.145866E+07
    890.00   0.147606E+07
    890.50   0.152002E+07
    891.00   0.158529E+07
    891.50   0.166180E+07
    892.00   0.173564E+07
    892.50   0.179273E+07
    893.00   0.182220E+07
    893.50   0.181967E+07
    894.00   0.178952E+07
    894.50   0.174239E+07
    895.00   0.169099E+07
    895.50   0.164644E+07
    896.00   0.161611E+07
    896.50   0.160241E+07
    897.00   0.160316E+07
    897.50   0.161324E+07
    898.00   0.162666E+07
    898.50   0.163812E+07
    899.00   0.164493E+07
    899.50   0.164844E+07
    900.00   0.165238E+07
    900.50   0.166016E+07
    901.00   0.167245E+07
    901.50   0.168631E+07
    902.00   0.169695E+07
    902.50   0.170099E+07
    903.00   0.169833E+07
    903.50   0.169138E+07
    904.00   0.168335E+07
    904.50   0.167635E+07
    905.00   0.167093E+07
    905.50   0.166704E+07
    906.00   0.166407E+07
    906.50   0.166051E+07
    907.00   0.165544E+07
    907.50   0.165009E+07
    908.00   0.164682E+07
    908.50   0.164656E+07
    909.00   0.164896E+07
    909.50   0.165385E+07
    910.00   0.166187E+07
    910.50   0.167257E+07
    911.00   0.168291E+07
    911.50   0.168848E+07
    912.00   0.168685E+07
    912.50   0.167864E+07
    913.00   0.166622E+07
    913.50   0.165272E+07
    914.00   0.164019E+07
    914.50   0.162967E+07
    915.00   0.162210E+07
    915.50   0.161897E+07
    916.00   0.162187E+07
    916.50   0.163095E+07
    917.00   0.164409E+07
    917.50   0.165768E+07
    918.00   0.166834E+07
    918.50   0.167417E+07
    919.00   0.167495E+07
    919.50   0.167162E+07
    920.00   0.166587E+07
    920.50   0.165953E+07
    921.00   0.165375E+07
    921.50   0.164906E+07
    922.00   0.164540E+07
    922.50   0.164245E+07
    923.00   0.163984E+07
    923.50   0.163703E+07
    924.00   0.163441E+07
    924.50   0.163395E+07
    925.00   0.163745E+07
    925.50   0.164538E+07
    926.00   0.165682E+07
    926.50   0.167044E+07
    927.00   0.168532E+07
    927.50   0.169942E+07
    928.00   0.170906E+07
    928.50   0.171160E+07
    929.00   0.170717E+07
    929.50   0.169722E+07
    930.00   0.168185E+07
    930.50   0.166038E+07
    931.00   0.163480E+07
    931.50   0.161065E+07
    932.00   0.159361E+07
    932.50   0.158711E+07
    933.00   0.159163E+07
    933.50   0.160570E+07
    934.00   0.162595E+07
    934.50   0.164732E+07
    935.00   0.166522E+07
    935.50   0.167801E+07
    936.00   0.168702E+07
    936.50   0.169409E+07
    937.00   0.169922E+07
    937.50   0.169987E+07
    938.00   0.169376E+07
    938.50   0.168106E+07
    939.00   0.166438E+07
    939.50   0.164675E+07
    940.00   0.163041E+07
    940.50   0.161686E+07
    941.00   0.160714E+07
    941.50   0.160282E+07
    942.00   0.160530E+07
    942.50   0.161437E+07
    943.00   0.162786E+07
    943.50   0.164250E+07
    944.00   0.165582E+07
    944.50   0.166705E+07
    945.00   0.167666E+07
    945.50   0.168548E+07
    946.00   0.169380E+07
    946.50   0.170053E+07
    947.00   0.170329E+07
    947.50   0.169994E+07
    948.00   0.168998E+07
    948.50   0.167486E+07
    949.00   0.165740E+07
    949.50   0.164136E+07
    950.00   0.163038E+07
    950.50   0.162651E+07
    951.00   0.162841E+07
    951.50   0.163222E+07
    952.00   0.163563E+07
    952.50   0.163958E+07
    953.00   0.164628E+07
    953.50   0.165583E+07
    954.00   0.166562E+07
    954.50   0.167265E+07
    955.00   0.167580E+07
    955.50   0.167563E+07
    956.00   0.167312E+07
    956.50   0.166963E+07
    957.00   0.166711E+07
    957.50   0.166693E+07
    958.00   0.166883E+07
    958.50   0.167119E+07
    959.00   0.167186E+07
    959.50   0.166949E+07
    960.00   0.166379E+07
    960.50   0.165578E+07
    961.00   0.164808E+07
    961.50   0.164370E+07
    962.00   0.164412E+07
    962.50   0.164888E+07
    963.00   0.165631E+07
    963.50   0.166430E+07
    964.00   0.167078E+07
    964.50   0.167366E+07
    965.00   0.167033E+07
    965.50   0.165989E+07
    966.00   0.164562E+07
    966.50   0.163332E+07
    967.00   0.162726E+07
    967.50   0.162774E+07
    968.00   0.163152E+07
    968.50   0.163659E+07
    969.00   0.164345E+07
    969.50   0.165073E+07
    970.00   0.165512E+07
    970.50   0.165447E+07
    971.00   0.164971E+07
    971.50   0.164564E+07
    972.00   0.164783E+07
    972.50   0.165807E+07
    973.00   0.167381E+07
    973.50   0.169044E+07
    974.00   0.170427E+07
    974.50   0.171359E+07
    975.00   0.171775E+07
    975.50   0.171654E+07
    976.00   0.171080E+07
    976.50   0.170220E+07
    977.00   0.169155E+07
    977.50   0.167964E+07
    978.00   0.166780E+07
    978.50   0.165939E+07
    979.00   0.165792E+07
    979.50   0.166424E+07
    980.00   0.167742E+07
    980.50   0.169537E+07
    981.00   0.171495E+07
    981.50   0.173297E+07
    982.00   0.174663E+07
    982.50   0.175337E+07
    983.00   0.175201E+07
    983.50   0.174246E+07
    984.00   0.172531E+07
    984.50   0.170241E+07
    985.00   0.167798E+07
    985.50   0.165769E+07
    986.00   0.164637E+07
    986.50   0.164566E+07
    987.00   0.165442E+07
    987.50   0.167058E+07
    988.00   0.169144E+07
    988.50   0.171311E+07
    989.00   0.173045E+07
    989.50   0.173855E+07
    990.00   0.173488E+07
    990.50   0.172045E+07
    991.00   0.169910E+07
    991.50   0.167523E+07
    992.00   0.165307E+07
    992.50   0.163739E+07
    993.00   0.163295E+07
    993.50   0.164241E+07
    994.00   0.166410E+07
    994.50   0.169157E+07
    995.00   0.171608E+07
    995.50   0.173044E+07
    996.00   0.173134E+07
    996.50   0.172066E+07
    997.00   0.170346E+07
    997.50   0.168491E+07
    998.00   0.166857E+07
    998.50   0.165557E+07
    999.00   0.164571E+07
    999.50   0.163911E+07
   1000.00   0.163459E+07
   1000.50   0.163020E+07
   1001.00   0.162463E+07
   1001.50   0.161823E+07
   1002.00   0.161299E+07
   1002.50   0.161076E+07
   1003.00   0.161190E+07
   1003.50   0.161633E+07
   1004.00   0.162408E+07
   1004.50   0.163488E+07
   1005.00   0.164717E+07
   1005.50   0.165831E+07
   1006.00   0.166609E+07
   1006.50   0.166934E+07
   1007.00   0.166732E+07
   1007.50   0.165938E+07
   1008.00   0.164567E+07
   1008.50   0.162804E+07
   1009.00   0.160926E+07
   1009.50   0.159230E+07
   1010.00   0.158048E+07
   1010.50   0.157643E+07
   1011.00   0.158123E+07
   1011.50   0.159385E+07
   1012.00   0.161144E+07
   1012.50   0.163000E+07
   1013.00   0.164497E+07
   1013.50   0.165224E+07
   1014.00   0.165047E+07
   1014.50   0.164258E+07
   1015.00   0.163516E+07
   1015.50   0.163454E+07
   1016.00   0.164152E+07
   1016.50   0.165207E+07
   1017.00   0.166073E+07
   1017.50   0.166316E+07
   1018.00   0.165725E+07
   1018.50   0.164277E+07
   1019.00   0.162158E+07
   1019.50   0.159795E+07
   1020.00   0.157761E+07
   1020.50   0.156673E+07
   1021.00   0.157046E+07
   1021.50   0.159136E+07
   1022.00   0.162774E+07
   1022.50   0.167287E+07
   1023.00   0.171592E+07
   1023.50   0.174514E+07
   1024.00   0.175239E+07
   1024.50   0.173600E+07
   1025.00   0.170132E+07
   1025.50   0.165888E+07
   1026.00   0.161985E+07
   1026.50   0.159271E+07
   1027.00   0.158136E+07
   1027.50   0.158582E+07
   1028.00   0.160461E+07
   1028.50   0.163546E+07
   1029.00   0.167495E+07
   1029.50   0.171763E+07
   1030.00   0.175542E+07
   1030.50   0.177892E+07
   1031.00   0.178241E+07
   1031.50   0.176745E+07
   1032.00   0.174105E+07
   1032.50   0.171142E+07
   1033.00   0.168476E+07
   1033.50   0.166451E+07
   1034.00   0.165202E+07
   1034.50   0.164659E+07
   1035.00   0.164586E+07
   1035.50   0.164773E+07
   1036.00   0.165186E+07
   1036.50   0.165900E+07
   1037.00   0.166935E+07
   1037.50   0.168200E+07
   1038.00   0.169569E+07
   1038.50   0.170948E+07
   1039.00   0.172253E+07
   1039.50   0.173349E+07
   1040.00   0.174050E+07
   1040.50   0.174174E+07
   1041.00   0.173584E+07
   1041.50   0.172232E+07
   1042.00   0.170241E+07
   1042.50   0.167936E+07
   1043.00   0.165703E+07
   1043.50   0.163857E+07
   1044.00   0.162647E+07
   1044.50   0.162372E+07
   1045.00   0.163275E+07
   1045.50   0.165235E+07
   1046.00   0.167700E+07
   1046.50   0.169936E+07
   1047.00   0.171345E+07
   1047.50   0.171671E+07
   1048.00   0.170977E+07
   1048.50   0.169496E+07
   1049.00   0.167481E+07
   1049.50   0.165244E+07
   1050.00   0.163228E+07
   1050.50   0.161972E+07
   1051.00   0.161828E+07
   1051.50   0.162733E+07
   1052.00   0.164205E+07
   1052.50   0.165622E+07
   1053.00   0.166501E+07
   1053.50   0.166718E+07
   1054.00   0.166430E+07
   1054.50   0.165862E+07
   1055.00   0.165185E+07
   1055.50   0.164535E+07
   1056.00   0.164057E+07
   1056.50   0.163822E+07
   1057.00   0.163767E+07
   1057.50   0.163734E+07
   1058.00   0.163503E+07
   1058.50   0.162844E+07
   1059.00   0.161605E+07
   1059.50   0.159882E+07
   1060.00   0.158160E+07
   1060.50   0.157211E+07
   1061.00   0.157729E+07
   1061.50   0.159972E+07
   1062.00   0.163514E+07
   1062.50   0.167447E+07
   1063.00   0.170842E+07
   1063.50   0.173097E+07
   1064.00   0.173961E+07
   1064.50   0.173354E+07
   1065.00   0.171325E+07
   1065.50   0.168140E+07
   1066.00   0.164357E+07
   1066.50   0.160811E+07
   1067.00   0.158335E+07
   1067.50   0.157362E+07
   1068.00   0.157726E+07
   1068.50   0.158804E+07
   1069.00   0.159970E+07
   1069.50   0.160997E+07
   1070.00   0.162116E+07
   1070.50   0.163663E+07
   1071.00   0.165714E+07
   1071.50   0.168043E+07
   1072.00   0.170281E+07
   1072.50   0.172049E+07
   1073.00   0.173048E+07
   1073.50   0.173181E+07
   1074.00   0.172572E+07
   1074.50   0.171405E+07
   1075.00   0.169732E+07
   1075.50   0.167488E+07
   1076.00   0.164711E+07
   1076.50   0.161674E+07
   1077.00   0.159000E+07
   1077.50   0.157420E+07
   1078.00   0.157424E+07
   1078.50   0.159058E+07
   1079.00   0.161911E+07
   1079.50   0.165330E+07
   1080.00   0.168705E+07
   1080.50   0.171599E+07
   1081.00   0.173702E+07
   1081.50   0.174756E+07
   1082.00   0.174601E+07
   1082.50   0.173314E+07
   1083.00   0.171322E+07
   1083.50   0.169242E+07
   1084.00   0.167585E+07
   1084.50   0.166480E+07
   1085.00   0.165663E+07
   1085.50   0.164693E+07
   1086.00   0.163236E+07
   1086.50   0.161244E+07
   1087.00   0.159016E+07
   1087.50   0.157209E+07
   1088.00   0.156610E+07
   1088.50   0.157821E+07
   1089.00   0.161048E+07
   1089.50   0.165956E+07
   1090.00   0.171733E+07
   1090.50   0.177191E+07
   1091.00   0.181047E+07
   1091.50   0.182343E+07
   1092.00   0.180730E+07
   1092.50   0.176512E+07
   1093.00   0.170485E+07
   1093.50   0.163653E+07
   1094.00   0.157152E+07
   1094.50   0.152094E+07
   1095.00   0.149302E+07
   1095.50   0.149149E+07
   1096.00   0.151520E+07
   1096.50   0.156028E+07
   1097.00   0.162091E+07
   1097.50   0.168906E+07
   1098.00   0.175451E+07
   1098.50   0.180675E+07
   1099.00   0.183718E+07
   1099.50   0.184011E+07
   1100.00   0.181424E+07
   1100.50   0.176356E+07
   1101.00   0.169671E+07
   1101.50   0.162486E+07
   1102.00   0.155936E+07
   1102.50   0.151045E+07
   1103.00   0.148614E+07
   1103.50   0.149032E+07
   1104.00   0.152244E+07
   1104.50   0.157845E+07
   1105.00   0.165112E+07
   1105.50   0.172955E+07
   1106.00   0.179863E+07
   1106.50   0.184164E+07
   1107.00   0.184614E+07
   1107.50   0.180991E+07
   1108.00   0.174333E+07
   1108.50   0.166530E+07
   1109.00   0.159506E+07
   1109.50   0.154613E+07
   1110.00   0.152450E+07
   1110.50   0.153022E+07
   1111.00   0.155948E+07
   1111.50   0.160525E+07
   1112.00   0.165825E+07
   1112.50   0.170866E+07
   1113.00   0.174837E+07
   1113.50   0.177197E+07
   1114.00   0.177655E+07
   1114.50   0.176178E+07
   1115.00   0.173066E+07
   1115.50   0.169006E+07
   1116.00   0.164931E+07
   1116.50   0.161695E+07
