      0.00   0.121000E+02
      0.50   0.121000E+02
      1.00   0.121000E+02
      1.50   0.121000E+02
      2.00   0.121000E+02
      2.50   0.121000E+02
      3.00   0.121000E+02
      3.50   0.119600E+02
      4.00   0.119600E+02
      4.50   0.119600E+02
      5.00   0.119400E+02
      5.50   0.119100E+02
      6.00   0.118900E+02
      6.50   0.118600E+02
      7.00   0.118100E+02
      7.50   0.117900E+02
      8.00   0.117500E+02
      8.50   0.117300E+02
      9.00   0.115400E+02
      9.50   0.114300E+02
     10.00   0.112100E+02
     10.50   0.121100E+02
     11.00   0.121100E+02
     11.50   0.121100E+02
     12.00   0.121100E+02
     12.50   0.121100E+02
     13.00   0.121100E+02
     13.50   0.121100E+02
     14.00   0.121100E+02
     14.50   0.121100E+02
     15.00   0.121100E+02
     15.50   0.121100E+02
     16.00   0.121100E+02
     16.50   0.121100E+02
     17.00   0.121100E+02
     17.50   0.121100E+02
     18.00   0.121100E+02
     18.50   0.121100E+02
     19.00   0.121100E+02
     19.50   0.121100E+02
     20.00   0.121100E+02
     20.50   0.121100E+02
     21.00   0.121100E+02
     21.50   0.121100E+02
     22.00   0.121100E+02
     22.50   0.121100E+02
     23.00   0.121100E+02
     23.50   0.121100E+02
     24.00   0.121100E+02
     24.50   0.121100E+02
     25.00   0.121100E+02
     25.50   0.121100E+02
     26.00   0.121100E+02
     26.50   0.121100E+02
     27.00   0.121100E+02
     27.50   0.121100E+02
     28.00   0.121100E+02
     28.50   0.121100E+02
     29.00   0.121100E+02
     29.50   0.121100E+02
     30.00   0.121100E+02
     30.50   0.121100E+02
     31.00   0.121100E+02
     31.50   0.121100E+02
     32.00   0.121100E+02
     32.50   0.121100E+02
     33.00   0.121100E+02
     33.50   0.121100E+02
     34.00   0.121100E+02
     34.50   0.121100E+02
     35.00   0.121100E+02
     35.50   0.121100E+02
     36.00   0.121100E+02
     36.50   0.121100E+02
     37.00   0.121100E+02
     37.50   0.121100E+02
     38.00   0.121100E+02
     38.50   0.121100E+02
     39.00   0.121100E+02
     39.50   0.121100E+02
     40.00   0.121100E+02
     40.50   0.121100E+02
     41.00   0.121100E+02
     41.50   0.121100E+02
     42.00   0.121100E+02
     42.50   0.121100E+02
     43.00   0.121100E+02
     43.50   0.121100E+02
     44.00   0.121100E+02
     44.50   0.121100E+02
     45.00   0.121100E+02
     45.50   0.121100E+02
     46.00   0.121100E+02
     46.50   0.121100E+02
     47.00   0.121100E+02
     47.50   0.121100E+02
     48.00   0.121100E+02
     48.50   0.121100E+02
     49.00   0.121100E+02
     49.50   0.121100E+02
     50.00   0.121100E+02
     50.50   0.121100E+02
     51.00   0.121100E+02
     51.50   0.121100E+02
     52.00   0.121100E+02
     52.50   0.121100E+02
     53.00   0.121100E+02
     53.50   0.121100E+02
     54.00   0.121100E+02
     54.50   0.121100E+02
     55.00   0.121100E+02
     55.50   0.121100E+02
     56.00   0.121100E+02
     56.50   0.121100E+02
     57.00   0.121100E+02
     57.50   0.121100E+02
     58.00   0.121100E+02
     58.50   0.121100E+02
     59.00   0.121100E+02
     59.50   0.121100E+02
     60.00   0.121100E+02
     60.50   0.121100E+02
     61.00   0.121100E+02
     61.50   0.121100E+02
     62.00   0.121100E+02
     62.50   0.121100E+02
     63.00   0.121100E+02
     63.50   0.121100E+02
     64.00   0.121100E+02
     64.50   0.121100E+02
     65.00   0.121100E+02
     65.50   0.121100E+02
     66.00   0.121100E+02
     66.50   0.121100E+02
     67.00   0.121100E+02
     67.50   0.121100E+02
     68.00   0.121100E+02
     68.50   0.121100E+02
     69.00   0.121100E+02
     69.50   0.121100E+02
     70.00   0.121100E+02
     70.50   0.121100E+02
     71.00   0.121100E+02
     71.50   0.121100E+02
     72.00   0.121100E+02
     72.50   0.121100E+02
     73.00   0.121100E+02
     73.50   0.121100E+02
     74.00   0.121100E+02
     74.50   0.121100E+02
     75.00   0.121100E+02
     75.50   0.121100E+02
     76.00   0.121100E+02
     76.50   0.121100E+02
     77.00   0.121100E+02
     77.50   0.121100E+02
     78.00   0.121100E+02
     78.50   0.121100E+02
     79.00   0.121100E+02
     79.50   0.121100E+02
     80.00   0.121100E+02
     80.50   0.121100E+02
     81.00   0.121100E+02
     81.50   0.121100E+02
     82.00   0.121100E+02
     82.50   0.121100E+02
     83.00   0.121100E+02
     83.50   0.121100E+02
     84.00   0.121100E+02
     84.50   0.121100E+02
     85.00   0.121100E+02
     85.50   0.121100E+02
     86.00   0.121100E+02
     86.50   0.121100E+02
     87.00   0.121100E+02
     87.50   0.121100E+02
     88.00   0.121100E+02
     88.50   0.121100E+02
     89.00   0.121100E+02
     89.50   0.121100E+02
     90.00   0.121100E+02
     90.50   0.121100E+02
     91.00   0.121100E+02
     91.50   0.121100E+02
     92.00   0.121100E+02
     92.50   0.121100E+02
     93.00   0.121100E+02
     93.50   0.121100E+02
     94.00   0.121100E+02
     94.50   0.121100E+02
     95.00   0.121100E+02
     95.50   0.121100E+02
     96.00   0.121100E+02
     96.50   0.121100E+02
     97.00   0.121100E+02
     97.50   0.121100E+02
     98.00   0.121100E+02
     98.50   0.121100E+02
     99.00   0.121100E+02
     99.50   0.121100E+02
    100.00   0.121100E+02
    100.50   0.121100E+02
    101.00   0.121100E+02
    101.50   0.121100E+02
    102.00   0.121100E+02
    102.50   0.121100E+02
    103.00   0.121100E+02
    103.50   0.121100E+02
    104.00   0.121100E+02
    104.50   0.121100E+02
    105.00   0.121100E+02
    105.50   0.121100E+02
    106.00   0.121100E+02
    106.50   0.121100E+02
    107.00   0.121100E+02
    107.50   0.121100E+02
    108.00   0.121100E+02
    108.50   0.121100E+02
    109.00   0.121100E+02
    109.50   0.121100E+02
    110.00   0.121100E+02
    110.50   0.121100E+02
    111.00   0.121100E+02
    111.50   0.121100E+02
    112.00   0.121100E+02
    112.50   0.121100E+02
    113.00   0.121100E+02
    113.50   0.121100E+02
    114.00   0.121100E+02
    114.50   0.121100E+02
    115.00   0.121100E+02
    115.50   0.121100E+02
    116.00   0.121100E+02
    116.50   0.121100E+02
    117.00   0.121100E+02
    117.50   0.121100E+02
    118.00   0.121100E+02
    118.50   0.121100E+02
    119.00   0.121100E+02
    119.50   0.121100E+02
    120.00   0.121100E+02
    120.50   0.121100E+02
    121.00   0.121100E+02
    121.50   0.121100E+02
    122.00   0.121100E+02
    122.50   0.121100E+02
    123.00   0.121100E+02
    123.50   0.121100E+02
    124.00   0.121100E+02
    124.50   0.121100E+02
    125.00   0.121100E+02
    125.50   0.121100E+02
    126.00   0.121100E+02
    126.50   0.121100E+02
    127.00   0.121100E+02
    127.50   0.121100E+02
    128.00   0.121100E+02
    128.50   0.121100E+02
    129.00   0.121100E+02
    129.50   0.121100E+02
    130.00   0.121100E+02
    130.50   0.121100E+02
    131.00   0.121100E+02
    131.50   0.121100E+02
    132.00   0.121100E+02
    132.50   0.121100E+02
    133.00   0.121100E+02
    133.50   0.121100E+02
    134.00   0.121100E+02
    134.50   0.121100E+02
    135.00   0.121100E+02
    135.50   0.121100E+02
    136.00   0.121100E+02
    136.50   0.121100E+02
    137.00   0.121100E+02
    137.50   0.121100E+02
    138.00   0.121100E+02
    138.50   0.121100E+02
    139.00   0.121100E+02
    139.50   0.121100E+02
    140.00   0.121100E+02
    140.50   0.121100E+02
    141.00   0.121100E+02
    141.50   0.121100E+02
    142.00   0.121100E+02
    142.50   0.121100E+02
    143.00   0.121100E+02
    143.50   0.121100E+02
    144.00   0.121100E+02
    144.50   0.121100E+02
    145.00   0.121100E+02
    145.50   0.121100E+02
    146.00   0.121100E+02
    146.50   0.121100E+02
    147.00   0.121100E+02
    147.50   0.121100E+02
    148.00   0.121100E+02
    148.50   0.121100E+02
    149.00   0.121100E+02
    149.50   0.121100E+02
    150.00   0.121100E+02
    150.50   0.121100E+02
    151.00   0.121100E+02
    151.50   0.121100E+02
    152.00   0.121100E+02
    152.50   0.121100E+02
    153.00   0.121100E+02
    153.50   0.121100E+02
    154.00   0.121100E+02
    154.50   0.121100E+02
    155.00   0.121100E+02
    155.50   0.121100E+02
    156.00   0.121100E+02
    156.50   0.121100E+02
    157.00   0.121100E+02
    157.50   0.121100E+02
    158.00   0.121100E+02
    158.50   0.121100E+02
    159.00   0.121100E+02
    159.50   0.121100E+02
    160.00   0.121100E+02
    160.50   0.121100E+02
    161.00   0.121100E+02
    161.50   0.121100E+02
    162.00   0.121100E+02
    162.50   0.121100E+02
    163.00   0.121100E+02
    163.50   0.121100E+02
    164.00   0.121100E+02
    164.50   0.121100E+02
    165.00   0.121100E+02
    165.50   0.121100E+02
    166.00   0.121100E+02
    166.50   0.121100E+02
    167.00   0.121100E+02
    167.50   0.121100E+02
    168.00   0.121100E+02
    168.50   0.121100E+02
    169.00   0.121100E+02
    169.50   0.121100E+02
    170.00   0.121100E+02
    170.50   0.121100E+02
    171.00   0.121100E+02
    171.50   0.121100E+02
    172.00   0.121100E+02
    172.50   0.121100E+02
    173.00   0.121100E+02
    173.50   0.121100E+02
    174.00   0.121100E+02
    174.50   0.121100E+02
    175.00   0.121100E+02
    175.50   0.121100E+02
    176.00   0.121100E+02
    176.50   0.121100E+02
    177.00   0.121100E+02
    177.50   0.121100E+02
    178.00   0.121100E+02
    178.50   0.121100E+02
    179.00   0.121100E+02
    179.50   0.121100E+02
    180.00   0.121100E+02
    180.50   0.121100E+02
    181.00   0.121100E+02
    181.50   0.121100E+02
    182.00   0.121100E+02
    182.50   0.121100E+02
    183.00   0.121100E+02
    183.50   0.121100E+02
    184.00   0.121100E+02
    184.50   0.121100E+02
    185.00   0.121100E+02
    185.50   0.121100E+02
    186.00   0.121100E+02
    186.50   0.121100E+02
    187.00   0.121100E+02
    187.50   0.121100E+02
    188.00   0.121100E+02
    188.50   0.121100E+02
    189.00   0.121100E+02
    189.50   0.121100E+02
    190.00   0.121100E+02
    190.50   0.121100E+02
    191.00   0.121100E+02
    191.50   0.121100E+02
    192.00   0.121100E+02
    192.50   0.121100E+02
    193.00   0.121100E+02
    193.50   0.121100E+02
    194.00   0.121100E+02
    194.50   0.121100E+02
    195.00   0.121100E+02
    195.50   0.121100E+02
    196.00   0.121100E+02
    196.50   0.121100E+02
    197.00   0.121100E+02
    197.50   0.121100E+02
    198.00   0.121100E+02
    198.50   0.121100E+02
    199.00   0.121100E+02
    199.50   0.121100E+02
    200.00   0.121100E+02
    200.50   0.121100E+02
    201.00   0.121100E+02
    201.50   0.121100E+02
    202.00   0.121100E+02
    202.50   0.121100E+02
    203.00   0.121100E+02
    203.50   0.121100E+02
    204.00   0.121100E+02
    204.50   0.121100E+02
    205.00   0.121100E+02
    205.50   0.121100E+02
    206.00   0.121100E+02
    206.50   0.121100E+02
    207.00   0.121100E+02
    207.50   0.121100E+02
    208.00   0.121100E+02
    208.50   0.121100E+02
    209.00   0.121100E+02
    209.50   0.121100E+02
    210.00   0.121100E+02
    210.50   0.121100E+02
    211.00   0.121100E+02
    211.50   0.121100E+02
    212.00   0.121100E+02
    212.50   0.121100E+02
    213.00   0.121100E+02
    213.50   0.121100E+02
    214.00   0.121100E+02
    214.50   0.121100E+02
    215.00   0.121100E+02
    215.50   0.121100E+02
    216.00   0.121100E+02
    216.50   0.121100E+02
    217.00   0.121100E+02
    217.50   0.121100E+02
    218.00   0.121100E+02
    218.50   0.121100E+02
    219.00   0.121100E+02
    219.50   0.121100E+02
    220.00   0.121100E+02
    220.50   0.121100E+02
    221.00   0.121100E+02
    221.50   0.121100E+02
    222.00   0.121100E+02
    222.50   0.121100E+02
    223.00   0.121100E+02
    223.50   0.121100E+02
    224.00   0.121100E+02
    224.50   0.121100E+02
    225.00   0.121100E+02
    225.50   0.121100E+02
    226.00   0.121100E+02
    226.50   0.121100E+02
    227.00   0.121100E+02
    227.50   0.121100E+02
    228.00   0.121100E+02
    228.50   0.121100E+02
    229.00   0.121100E+02
    229.50   0.121100E+02
    230.00   0.121100E+02
    230.50   0.121100E+02
    231.00   0.121100E+02
    231.50   0.121100E+02
    232.00   0.121100E+02
    232.50   0.121100E+02
    233.00   0.121100E+02
    233.50   0.121100E+02
    234.00   0.121100E+02
    234.50   0.121100E+02
    235.00   0.121100E+02
    235.50   0.121100E+02
    236.00   0.121100E+02
    236.50   0.121100E+02
    237.00   0.121100E+02
    237.50   0.121100E+02
    238.00   0.121100E+02
    238.50   0.121100E+02
    239.00   0.121100E+02
    239.50   0.121100E+02
    240.00   0.121100E+02
    240.50   0.121100E+02
    241.00   0.121100E+02
    241.50   0.121100E+02
    242.00   0.121100E+02
    242.50   0.121100E+02
    243.00   0.121100E+02
    243.50   0.121100E+02
    244.00   0.121100E+02
    244.50   0.121100E+02
    245.00   0.121100E+02
    245.50   0.121100E+02
    246.00   0.121100E+02
    246.50   0.121100E+02
    247.00   0.121100E+02
    247.50   0.121100E+02
    248.00   0.121100E+02
    248.50   0.121100E+02
    249.00   0.121100E+02
    249.50   0.121100E+02
    250.00   0.121100E+02
    250.50   0.121100E+02
    251.00   0.121100E+02
    251.50   0.121100E+02
    252.00   0.121100E+02
    252.50   0.121100E+02
    253.00   0.121100E+02
    253.50   0.121100E+02
    254.00   0.121100E+02
    254.50   0.121100E+02
    255.00   0.121100E+02
    255.50   0.121100E+02
    256.00   0.121100E+02
    256.50   0.121100E+02
    257.00   0.121100E+02
    257.50   0.121100E+02
    258.00   0.121100E+02
    258.50   0.121100E+02
    259.00   0.121100E+02
    259.50   0.121100E+02
    260.00   0.121100E+02
    260.50   0.121100E+02
    261.00   0.121100E+02
    261.50   0.121100E+02
    262.00   0.121100E+02
    262.50   0.121100E+02
    263.00   0.121100E+02
    263.50   0.121100E+02
    264.00   0.121100E+02
    264.50   0.121100E+02
    265.00   0.121100E+02
    265.50   0.121100E+02
    266.00   0.121100E+02
    266.50   0.121100E+02
    267.00   0.121100E+02
    267.50   0.121100E+02
    268.00   0.121100E+02
    268.50   0.121100E+02
    269.00   0.121100E+02
    269.50   0.121100E+02
    270.00   0.121100E+02
    270.50   0.121100E+02
    271.00   0.121100E+02
    271.50   0.121100E+02
    272.00   0.121100E+02
    272.50   0.121100E+02
    273.00   0.121100E+02
    273.50   0.121100E+02
    274.00   0.121100E+02
    274.50   0.121100E+02
    275.00   0.121100E+02
    275.50   0.121100E+02
    276.00   0.121100E+02
    276.50   0.121100E+02
    277.00   0.121100E+02
    277.50   0.121100E+02
    278.00   0.121100E+02
    278.50   0.121100E+02
    279.00   0.121100E+02
    279.50   0.121100E+02
    280.00   0.121100E+02
    280.50   0.121100E+02
    281.00   0.121100E+02
    281.50   0.121100E+02
    282.00   0.121100E+02
    282.50   0.121100E+02
    283.00   0.121100E+02
    283.50   0.121100E+02
    284.00   0.121100E+02
    284.50   0.121100E+02
    285.00   0.121100E+02
    285.50   0.121100E+02
    286.00   0.121100E+02
    286.50   0.121100E+02
    287.00   0.121100E+02
    287.50   0.121100E+02
    288.00   0.121100E+02
    288.50   0.121100E+02
    289.00   0.121100E+02
    289.50   0.121100E+02
    290.00   0.121100E+02
    290.50   0.121100E+02
    291.00   0.121100E+02
    291.50   0.121100E+02
    292.00   0.121100E+02
    292.50   0.121100E+02
    293.00   0.121100E+02
    293.50   0.121100E+02
    294.00   0.121100E+02
    294.50   0.121100E+02
    295.00   0.121100E+02
    295.50   0.121100E+02
    296.00   0.121100E+02
    296.50   0.121100E+02
    297.00   0.121100E+02
    297.50   0.121100E+02
    298.00   0.121100E+02
    298.50   0.121100E+02
    299.00   0.121100E+02
    299.50   0.121100E+02
    300.00   0.121100E+02
    300.50   0.121100E+02
    301.00   0.121100E+02
    301.50   0.121100E+02
    302.00   0.121100E+02
    302.50   0.121100E+02
    303.00   0.121100E+02
    303.50   0.121100E+02
    304.00   0.121100E+02
    304.50   0.121100E+02
    305.00   0.121100E+02
    305.50   0.121100E+02
    306.00   0.121100E+02
    306.50   0.121100E+02
    307.00   0.121100E+02
    307.50   0.121100E+02
    308.00   0.121100E+02
    308.50   0.121100E+02
    309.00   0.121100E+02
    309.50   0.121100E+02
    310.00   0.121100E+02
    310.50   0.121100E+02
    311.00   0.121100E+02
    311.50   0.121100E+02
    312.00   0.121100E+02
    312.50   0.121100E+02
    313.00   0.121100E+02
    313.50   0.121100E+02
    314.00   0.121100E+02
    314.50   0.121100E+02
    315.00   0.121100E+02
    315.50   0.121100E+02
    316.00   0.121100E+02
    316.50   0.121100E+02
    317.00   0.121100E+02
    317.50   0.121100E+02
    318.00   0.121100E+02
    318.50   0.121100E+02
    319.00   0.121100E+02
    319.50   0.121100E+02
    320.00   0.121100E+02
    320.50   0.121100E+02
    321.00   0.121100E+02
    321.50   0.121100E+02
    322.00   0.121100E+02
    322.50   0.121100E+02
    323.00   0.121100E+02
    323.50   0.121100E+02
    324.00   0.121100E+02
    324.50   0.121100E+02
    325.00   0.121100E+02
    325.50   0.121100E+02
    326.00   0.121100E+02
    326.50   0.121100E+02
    327.00   0.121100E+02
    327.50   0.121100E+02
    328.00   0.121100E+02
    328.50   0.121100E+02
    329.00   0.121100E+02
    329.50   0.121100E+02
    330.00   0.121100E+02
    330.50   0.121100E+02
    331.00   0.121100E+02
    331.50   0.121100E+02
    332.00   0.121100E+02
    332.50   0.121100E+02
    333.00   0.121100E+02
    333.50   0.121100E+02
    334.00   0.121100E+02
    334.50   0.121100E+02
    335.00   0.121100E+02
    335.50   0.121100E+02
    336.00   0.121100E+02
    336.50   0.121100E+02
    337.00   0.121100E+02
    337.50   0.121100E+02
    338.00   0.121100E+02
    338.50   0.121100E+02
    339.00   0.121100E+02
    339.50   0.121100E+02
    340.00   0.121100E+02
    340.50   0.121100E+02
    341.00   0.121100E+02
    341.50   0.121100E+02
    342.00   0.121100E+02
    342.50   0.121100E+02
    343.00   0.121100E+02
    343.50   0.121100E+02
    344.00   0.121100E+02
    344.50   0.121100E+02
    345.00   0.121100E+02
    345.50   0.121100E+02
    346.00   0.121100E+02
    346.50   0.121100E+02
    347.00   0.121100E+02
    347.50   0.121100E+02
    348.00   0.121100E+02
    348.50   0.121100E+02
    349.00   0.121100E+02
    349.50   0.121100E+02
    350.00   0.121100E+02
    350.50   0.121100E+02
    351.00   0.121100E+02
    351.50   0.121100E+02
    352.00   0.121100E+02
    352.50   0.121100E+02
    353.00   0.121100E+02
    353.50   0.121100E+02
    354.00   0.121100E+02
    354.50   0.121100E+02
    355.00   0.121100E+02
    355.50   0.121100E+02
    356.00   0.121100E+02
    356.50   0.121100E+02
    357.00   0.121100E+02
    357.50   0.121100E+02
    358.00   0.121100E+02
    358.50   0.121100E+02
    359.00   0.121100E+02
    359.50   0.121100E+02
    360.00   0.121100E+02
    360.50   0.121100E+02
    361.00   0.121100E+02
    361.50   0.121100E+02
    362.00   0.121100E+02
    362.50   0.121100E+02
    363.00   0.121100E+02
    363.50   0.121100E+02
    364.00   0.121100E+02
    364.50   0.121100E+02
    365.00   0.121100E+02
    365.50   0.121100E+02
    366.00   0.121100E+02
    366.50   0.121100E+02
    367.00   0.121100E+02
    367.50   0.121100E+02
    368.00   0.121100E+02
    368.50   0.121100E+02
    369.00   0.121100E+02
    369.50   0.121100E+02
    370.00   0.121100E+02
    370.50   0.121100E+02
    371.00   0.121100E+02
    371.50   0.121100E+02
    372.00   0.121100E+02
    372.50   0.121100E+02
    373.00   0.121100E+02
    373.50   0.121100E+02
    374.00   0.121100E+02
    374.50   0.121100E+02
    375.00   0.121100E+02
    375.50   0.121100E+02
    376.00   0.121100E+02
    376.50   0.121100E+02
    377.00   0.121100E+02
    377.50   0.121100E+02
    378.00   0.121100E+02
    378.50   0.121100E+02
    379.00   0.121100E+02
    379.50   0.121100E+02
    380.00   0.121100E+02
    380.50   0.121100E+02
    381.00   0.121100E+02
    381.50   0.121100E+02
    382.00   0.121100E+02
    382.50   0.121100E+02
    383.00   0.121100E+02
    383.50   0.121100E+02
    384.00   0.121100E+02
    384.50   0.121100E+02
    385.00   0.121100E+02
    385.50   0.121100E+02
    386.00   0.121100E+02
    386.50   0.121100E+02
    387.00   0.121100E+02
    387.50   0.121100E+02
    388.00   0.121100E+02
    388.50   0.121100E+02
    389.00   0.121100E+02
    389.50   0.121100E+02
    390.00   0.121100E+02
    390.50   0.121100E+02
    391.00   0.121100E+02
    391.50   0.121100E+02
    392.00   0.121100E+02
    392.50   0.121100E+02
    393.00   0.121100E+02
    393.50   0.121100E+02
    394.00   0.121100E+02
    394.50   0.121100E+02
    395.00   0.121100E+02
    395.50   0.121100E+02
    396.00   0.121100E+02
    396.50   0.121100E+02
    397.00   0.121100E+02
    397.50   0.121100E+02
    398.00   0.121100E+02
    398.50   0.121100E+02
    399.00   0.121100E+02
    399.50   0.121100E+02
    400.00   0.121100E+02
    400.50   0.121100E+02
    401.00   0.121100E+02
    401.50   0.121100E+02
    402.00   0.121100E+02
    402.50   0.121100E+02
    403.00   0.121100E+02
    403.50   0.121100E+02
    404.00   0.121100E+02
    404.50   0.121100E+02
    405.00   0.121100E+02
    405.50   0.121100E+02
    406.00   0.121100E+02
    406.50   0.121100E+02
    407.00   0.121100E+02
    407.50   0.121100E+02
    408.00   0.121100E+02
    408.50   0.121100E+02
    409.00   0.121100E+02
    409.50   0.121100E+02
    410.00   0.121100E+02
    410.50   0.121100E+02
    411.00   0.121100E+02
    411.50   0.121100E+02
    412.00   0.121100E+02
    412.50   0.121100E+02
    413.00   0.121100E+02
    413.50   0.121100E+02
    414.00   0.121100E+02
    414.50   0.121100E+02
    415.00   0.121100E+02
    415.50   0.121100E+02
    416.00   0.121100E+02
    416.50   0.121100E+02
    417.00   0.121100E+02
    417.50   0.121100E+02
    418.00   0.121100E+02
    418.50   0.121100E+02
    419.00   0.121100E+02
    419.50   0.121100E+02
    420.00   0.121100E+02
    420.50   0.121100E+02
    421.00   0.121100E+02
    421.50   0.121100E+02
    422.00   0.121100E+02
    422.50   0.121100E+02
    423.00   0.121100E+02
    423.50   0.121100E+02
    424.00   0.121100E+02
    424.50   0.121100E+02
    425.00   0.121100E+02
    425.50   0.121100E+02
    426.00   0.121100E+02
    426.50   0.121100E+02
    427.00   0.121100E+02
    427.50   0.121100E+02
    428.00   0.121100E+02
    428.50   0.121100E+02
    429.00   0.121100E+02
    429.50   0.121100E+02
    430.00   0.121100E+02
    430.50   0.121100E+02
    431.00   0.121100E+02
    431.50   0.121100E+02
    432.00   0.121100E+02
    432.50   0.121100E+02
    433.00   0.121100E+02
    433.50   0.121100E+02
    434.00   0.121100E+02
    434.50   0.121100E+02
    435.00   0.121100E+02
    435.50   0.121100E+02
    436.00   0.121100E+02
    436.50   0.121100E+02
    437.00   0.121100E+02
    437.50   0.121100E+02
    438.00   0.121100E+02
    438.50   0.121100E+02
    439.00   0.121100E+02
    439.50   0.121100E+02
    440.00   0.121100E+02
    440.50   0.121100E+02
    441.00   0.121100E+02
    441.50   0.121100E+02
    442.00   0.121100E+02
    442.50   0.121100E+02
    443.00   0.121100E+02
    443.50   0.121100E+02
    444.00   0.121100E+02
    444.50   0.121100E+02
    445.00   0.121100E+02
    445.50   0.121100E+02
    446.00   0.121100E+02
    446.50   0.121100E+02
    447.00   0.121100E+02
    447.50   0.121100E+02
    448.00   0.121100E+02
    448.50   0.121100E+02
    449.00   0.121100E+02
    449.50   0.121100E+02
    450.00   0.121100E+02
    450.50   0.121100E+02
    451.00   0.121100E+02
    451.50   0.121100E+02
    452.00   0.121100E+02
    452.50   0.121100E+02
    453.00   0.121100E+02
    453.50   0.121100E+02
    454.00   0.121100E+02
    454.50   0.121100E+02
    455.00   0.121100E+02
    455.50   0.121100E+02
    456.00   0.121100E+02
    456.50   0.121100E+02
    457.00   0.121100E+02
    457.50   0.121100E+02
    458.00   0.121100E+02
    458.50   0.121100E+02
    459.00   0.121100E+02
    459.50   0.121100E+02
    460.00   0.121100E+02
    460.50   0.121100E+02
    461.00   0.121100E+02
    461.50   0.121100E+02
    462.00   0.121100E+02
    462.50   0.121100E+02
    463.00   0.121100E+02
    463.50   0.121100E+02
    464.00   0.121100E+02
    464.50   0.121100E+02
    465.00   0.121100E+02
    465.50   0.121100E+02
    466.00   0.121100E+02
    466.50   0.121100E+02
    467.00   0.121100E+02
    467.50   0.121100E+02
    468.00   0.121100E+02
    468.50   0.121100E+02
    469.00   0.121100E+02
    469.50   0.121100E+02
    470.00   0.121100E+02
    470.50   0.121100E+02
    471.00   0.121100E+02
    471.50   0.121100E+02
    472.00   0.121100E+02
    472.50   0.121100E+02
    473.00   0.121100E+02
    473.50   0.121100E+02
    474.00   0.121100E+02
    474.50   0.121100E+02
    475.00   0.121100E+02
    475.50   0.121100E+02
    476.00   0.121100E+02
    476.50   0.121100E+02
    477.00   0.121100E+02
    477.50   0.121100E+02
    478.00   0.121100E+02
    478.50   0.121100E+02
    479.00   0.121100E+02
    479.50   0.121100E+02
    480.00   0.121100E+02
    480.50   0.121100E+02
    481.00   0.121100E+02
    481.50   0.121100E+02
    482.00   0.121100E+02
    482.50   0.121100E+02
    483.00   0.121100E+02
    483.50   0.121100E+02
    484.00   0.121100E+02
    484.50   0.121100E+02
    485.00   0.121100E+02
    485.50   0.121100E+02
    486.00   0.121100E+02
    486.50   0.121100E+02
    487.00   0.121100E+02
    487.50   0.121100E+02
    488.00   0.121100E+02
    488.50   0.121100E+02
    489.00   0.121100E+02
    489.50   0.121100E+02
    490.00   0.121100E+02
    490.50   0.121100E+02
    491.00   0.121100E+02
    491.50   0.121100E+02
    492.00   0.121100E+02
    492.50   0.121100E+02
    493.00   0.121100E+02
    493.50   0.121100E+02
    494.00   0.121100E+02
    494.50   0.121100E+02
    495.00   0.121100E+02
    495.50   0.121100E+02
    496.00   0.121100E+02
    496.50   0.121100E+02
    497.00   0.121100E+02
    497.50   0.121100E+02
    498.00   0.121100E+02
    498.50   0.121100E+02
    499.00   0.121100E+02
    499.50   0.121100E+02
    500.00   0.121100E+02
    500.50   0.121100E+02
    501.00   0.121100E+02
    501.50   0.121100E+02
    502.00   0.121100E+02
    502.50   0.121100E+02
    503.00   0.121100E+02
    503.50   0.121100E+02
    504.00   0.121100E+02
    504.50   0.121100E+02
    505.00   0.121100E+02
    505.50   0.121100E+02
    506.00   0.121100E+02
    506.50   0.121100E+02
    507.00   0.121100E+02
    507.50   0.121100E+02
    508.00   0.121100E+02
    508.50   0.121100E+02
    509.00   0.121100E+02
    509.50   0.121100E+02
    510.00   0.121100E+02
    510.50   0.121100E+02
    511.00   0.121100E+02
    511.50   0.121100E+02
    512.00   0.121100E+02
    512.50   0.121100E+02
    513.00   0.121100E+02
    513.50   0.121100E+02
    514.00   0.121100E+02
    514.50   0.121100E+02
    515.00   0.121100E+02
    515.50   0.121100E+02
    516.00   0.121100E+02
    516.50   0.121100E+02
    517.00   0.121100E+02
    517.50   0.121100E+02
    518.00   0.121100E+02
    518.50   0.121100E+02
    519.00   0.121100E+02
    519.50   0.121100E+02
    520.00   0.121100E+02
    520.50   0.121100E+02
    521.00   0.121100E+02
    521.50   0.121100E+02
    522.00   0.121100E+02
    522.50   0.121100E+02
    523.00   0.121100E+02
    523.50   0.121100E+02
    524.00   0.121100E+02
    524.50   0.121100E+02
    525.00   0.121100E+02
    525.50   0.121100E+02
    526.00   0.121100E+02
    526.50   0.121100E+02
    527.00   0.121100E+02
    527.50   0.121100E+02
    528.00   0.121100E+02
    528.50   0.121100E+02
    529.00   0.121100E+02
    529.50   0.121100E+02
    530.00   0.121100E+02
    530.50   0.121100E+02
    531.00   0.121100E+02
    531.50   0.121100E+02
    532.00   0.121100E+02
    532.50   0.121100E+02
    533.00   0.121100E+02
    533.50   0.121100E+02
    534.00   0.121100E+02
    534.50   0.121100E+02
    535.00   0.121100E+02
    535.50   0.121100E+02
    536.00   0.121100E+02
    536.50   0.121100E+02
    537.00   0.121100E+02
    537.50   0.121100E+02
    538.00   0.121100E+02
    538.50   0.121100E+02
    539.00   0.121100E+02
    539.50   0.121100E+02
    540.00   0.121100E+02
    540.50   0.121100E+02
    541.00   0.121100E+02
    541.50   0.121100E+02
    542.00   0.121100E+02
    542.50   0.121100E+02
    543.00   0.121100E+02
    543.50   0.121100E+02
    544.00   0.121100E+02
    544.50   0.121100E+02
    545.00   0.121100E+02
    545.50   0.121100E+02
    546.00   0.121100E+02
    546.50   0.121100E+02
    547.00   0.121100E+02
    547.50   0.121100E+02
    548.00   0.121100E+02
    548.50   0.121100E+02
    549.00   0.121100E+02
    549.50   0.121100E+02
    550.00   0.121100E+02
    550.50   0.121100E+02
    551.00   0.121100E+02
    551.50   0.121100E+02
    552.00   0.121100E+02
    552.50   0.121100E+02
    553.00   0.121100E+02
    553.50   0.121100E+02
    554.00   0.121100E+02
    554.50   0.121100E+02
    555.00   0.121100E+02
    555.50   0.121100E+02
    556.00   0.121100E+02
    556.50   0.121100E+02
    557.00   0.121100E+02
    557.50   0.121100E+02
    558.00   0.121100E+02
    558.50   0.121100E+02
    559.00   0.121100E+02
    559.50   0.121100E+02
    560.00   0.121100E+02
    560.50   0.121100E+02
    561.00   0.121100E+02
    561.50   0.121100E+02
    562.00   0.121100E+02
    562.50   0.121100E+02
    563.00   0.121100E+02
    563.50   0.121100E+02
    564.00   0.121100E+02
    564.50   0.121100E+02
    565.00   0.121100E+02
    565.50   0.121100E+02
    566.00   0.121100E+02
    566.50   0.121100E+02
    567.00   0.121100E+02
    567.50   0.121100E+02
    568.00   0.121100E+02
    568.50   0.121100E+02
    569.00   0.121100E+02
    569.50   0.121100E+02
    570.00   0.121100E+02
    570.50   0.121100E+02
    571.00   0.121100E+02
    571.50   0.121100E+02
    572.00   0.121100E+02
    572.50   0.121100E+02
    573.00   0.121100E+02
    573.50   0.121100E+02
    574.00   0.121100E+02
    574.50   0.121100E+02
    575.00   0.121100E+02
    575.50   0.121100E+02
    576.00   0.121100E+02
    576.50   0.121100E+02
    577.00   0.121100E+02
    577.50   0.121100E+02
    578.00   0.121100E+02
    578.50   0.121100E+02
    579.00   0.121100E+02
    579.50   0.121100E+02
    580.00   0.121100E+02
    580.50   0.121100E+02
    581.00   0.121100E+02
    581.50   0.121100E+02
    582.00   0.121100E+02
    582.50   0.121100E+02
    583.00   0.121100E+02
    583.50   0.121100E+02
    584.00   0.121100E+02
    584.50   0.121100E+02
    585.00   0.121100E+02
    585.50   0.121100E+02
    586.00   0.121100E+02
    586.50   0.121100E+02
    587.00   0.121100E+02
    587.50   0.121100E+02
    588.00   0.121100E+02
    588.50   0.121100E+02
    589.00   0.121100E+02
    589.50   0.121100E+02
    590.00   0.121100E+02
    590.50   0.121100E+02
    591.00   0.121100E+02
    591.50   0.121100E+02
    592.00   0.121100E+02
    592.50   0.121100E+02
    593.00   0.121100E+02
    593.50   0.121100E+02
    594.00   0.121100E+02
    594.50   0.121100E+02
    595.00   0.121100E+02
    595.50   0.121100E+02
    596.00   0.121100E+02
    596.50   0.121100E+02
    597.00   0.121100E+02
    597.50   0.121100E+02
    598.00   0.121100E+02
    598.50   0.121100E+02
    599.00   0.121100E+02
    599.50   0.121100E+02
    600.00   0.121100E+02
    600.50   0.121100E+02
    601.00   0.121100E+02
    601.50   0.121100E+02
    602.00   0.121100E+02
    602.50   0.121100E+02
    603.00   0.121100E+02
    603.50   0.121100E+02
    604.00   0.121100E+02
    604.50   0.121100E+02
    605.00   0.121100E+02
    605.50   0.121100E+02
    606.00   0.121100E+02
    606.50   0.121100E+02
    607.00   0.121100E+02
    607.50   0.121100E+02
    608.00   0.121100E+02
    608.50   0.121100E+02
    609.00   0.121100E+02
    609.50   0.121100E+02
    610.00   0.121100E+02
    610.50   0.121100E+02
    611.00   0.121100E+02
    611.50   0.121100E+02
    612.00   0.121100E+02
    612.50   0.121100E+02
    613.00   0.121100E+02
    613.50   0.121100E+02
    614.00   0.121100E+02
    614.50   0.121100E+02
    615.00   0.121100E+02
    615.50   0.121100E+02
    616.00   0.121100E+02
    616.50   0.121100E+02
    617.00   0.121100E+02
    617.50   0.121100E+02
    618.00   0.121100E+02
    618.50   0.121100E+02
    619.00   0.121100E+02
    619.50   0.121100E+02
    620.00   0.121100E+02
    620.50   0.121100E+02
    621.00   0.121100E+02
    621.50   0.121100E+02
    622.00   0.121100E+02
    622.50   0.121100E+02
    623.00   0.121100E+02
    623.50   0.121100E+02
    624.00   0.121100E+02
    624.50   0.121100E+02
    625.00   0.121100E+02
    625.50   0.121100E+02
    626.00   0.121100E+02
    626.50   0.121100E+02
    627.00   0.121100E+02
    627.50   0.121100E+02
    628.00   0.121100E+02
    628.50   0.121100E+02
    629.00   0.121100E+02
    629.50   0.121100E+02
    630.00   0.121100E+02
    630.50   0.121100E+02
    631.00   0.121100E+02
    631.50   0.121100E+02
    632.00   0.121100E+02
    632.50   0.121100E+02
    633.00   0.121100E+02
    633.50   0.121100E+02
    634.00   0.121100E+02
    634.50   0.121100E+02
    635.00   0.121100E+02
    635.50   0.121100E+02
    636.00   0.121100E+02
    636.50   0.121100E+02
    637.00   0.121100E+02
    637.50   0.121100E+02
    638.00   0.121100E+02
    638.50   0.121100E+02
    639.00   0.121100E+02
    639.50   0.121100E+02
    640.00   0.121100E+02
    640.50   0.121100E+02
    641.00   0.121100E+02
    641.50   0.121100E+02
    642.00   0.121100E+02
    642.50   0.121100E+02
    643.00   0.121100E+02
    643.50   0.121100E+02
    644.00   0.121100E+02
    644.50   0.121100E+02
    645.00   0.121100E+02
    645.50   0.121100E+02
    646.00   0.121100E+02
    646.50   0.121100E+02
    647.00   0.121100E+02
    647.50   0.121100E+02
    648.00   0.121100E+02
    648.50   0.121100E+02
    649.00   0.121100E+02
    649.50   0.121100E+02
    650.00   0.121100E+02
    650.50   0.121100E+02
    651.00   0.121100E+02
    651.50   0.121100E+02
    652.00   0.121100E+02
    652.50   0.121100E+02
    653.00   0.121100E+02
    653.50   0.121100E+02
    654.00   0.121100E+02
    654.50   0.121100E+02
    655.00   0.121100E+02
    655.50   0.121100E+02
    656.00   0.121100E+02
    656.50   0.121100E+02
    657.00   0.121100E+02
    657.50   0.121100E+02
    658.00   0.121100E+02
    658.50   0.121100E+02
    659.00   0.121100E+02
    659.50   0.121100E+02
    660.00   0.121100E+02
    660.50   0.121100E+02
    661.00   0.121100E+02
    661.50   0.121100E+02
    662.00   0.121100E+02
    662.50   0.121100E+02
    663.00   0.121100E+02
    663.50   0.121100E+02
    664.00   0.121100E+02
    664.50   0.121100E+02
    665.00   0.121100E+02
    665.50   0.121100E+02
    666.00   0.121100E+02
    666.50   0.121100E+02
    667.00   0.121100E+02
    667.50   0.121100E+02
    668.00   0.121100E+02
    668.50   0.121100E+02
    669.00   0.121100E+02
    669.50   0.121100E+02
    670.00   0.121100E+02
    670.50   0.121100E+02
    671.00   0.121100E+02
    671.50   0.121100E+02
    672.00   0.121100E+02
    672.50   0.121100E+02
    673.00   0.121100E+02
    673.50   0.121100E+02
    674.00   0.121100E+02
    674.50   0.121100E+02
    675.00   0.121100E+02
    675.50   0.121100E+02
    676.00   0.121100E+02
    676.50   0.121100E+02
    677.00   0.121100E+02
    677.50   0.121100E+02
    678.00   0.121100E+02
    678.50   0.121100E+02
    679.00   0.121100E+02
    679.50   0.121100E+02
    680.00   0.121100E+02
    680.50   0.121100E+02
    681.00   0.121100E+02
    681.50   0.121100E+02
    682.00   0.121100E+02
    682.50   0.121100E+02
    683.00   0.121100E+02
    683.50   0.121100E+02
    684.00   0.121100E+02
    684.50   0.121100E+02
    685.00   0.121100E+02
    685.50   0.121100E+02
    686.00   0.121100E+02
    686.50   0.121100E+02
    687.00   0.121100E+02
    687.50   0.121100E+02
    688.00   0.121100E+02
    688.50   0.121100E+02
    689.00   0.121100E+02
    689.50   0.121100E+02
    690.00   0.121100E+02
    690.50   0.121100E+02
    691.00   0.121100E+02
    691.50   0.121100E+02
    692.00   0.121100E+02
    692.50   0.121100E+02
    693.00   0.121100E+02
    693.50   0.121100E+02
    694.00   0.121100E+02
    694.50   0.121100E+02
    695.00   0.121100E+02
    695.50   0.121100E+02
    696.00   0.121100E+02
    696.50   0.121100E+02
    697.00   0.121100E+02
    697.50   0.121100E+02
    698.00   0.121100E+02
    698.50   0.121100E+02
    699.00   0.121100E+02
    699.50   0.121100E+02
    700.00   0.121100E+02
    700.50   0.121100E+02
    701.00   0.121100E+02
    701.50   0.121100E+02
    702.00   0.121100E+02
    702.50   0.121100E+02
    703.00   0.121100E+02
    703.50   0.121100E+02
    704.00   0.121100E+02
    704.50   0.121100E+02
    705.00   0.121100E+02
    705.50   0.121100E+02
    706.00   0.121100E+02
    706.50   0.121100E+02
    707.00   0.121100E+02
    707.50   0.121100E+02
    708.00   0.121100E+02
    708.50   0.121100E+02
    709.00   0.121100E+02
    709.50   0.121100E+02
    710.00   0.121100E+02
    710.50   0.121100E+02
    711.00   0.121100E+02
    711.50   0.121100E+02
    712.00   0.121100E+02
    712.50   0.121100E+02
    713.00   0.121100E+02
    713.50   0.121100E+02
    714.00   0.121100E+02
    714.50   0.121100E+02
    715.00   0.121100E+02
    715.50   0.121100E+02
    716.00   0.121100E+02
    716.50   0.121100E+02
    717.00   0.121100E+02
    717.50   0.121100E+02
    718.00   0.121100E+02
    718.50   0.121100E+02
    719.00   0.121100E+02
    719.50   0.121100E+02
    720.00   0.121100E+02
    720.50   0.121100E+02
    721.00   0.121100E+02
    721.50   0.121100E+02
    722.00   0.121100E+02
    722.50   0.121100E+02
    723.00   0.121100E+02
    723.50   0.121100E+02
    724.00   0.121100E+02
    724.50   0.121100E+02
    725.00   0.121100E+02
    725.50   0.121100E+02
    726.00   0.121100E+02
    726.50   0.121100E+02
    727.00   0.121100E+02
    727.50   0.121100E+02
    728.00   0.121100E+02
    728.50   0.121100E+02
    729.00   0.121100E+02
    729.50   0.121100E+02
    730.00   0.121100E+02
    730.50   0.121100E+02
    731.00   0.121100E+02
    731.50   0.121100E+02
    732.00   0.121100E+02
    732.50   0.121100E+02
    733.00   0.121100E+02
    733.50   0.121100E+02
    734.00   0.121100E+02
    734.50   0.121100E+02
    735.00   0.121100E+02
    735.50   0.121100E+02
    736.00   0.121100E+02
    736.50   0.121100E+02
    737.00   0.121100E+02
    737.50   0.121100E+02
    738.00   0.121100E+02
    738.50   0.121100E+02
    739.00   0.121100E+02
    739.50   0.121100E+02
    740.00   0.121100E+02
    740.50   0.121100E+02
    741.00   0.121100E+02
    741.50   0.121100E+02
    742.00   0.121100E+02
    742.50   0.121100E+02
    743.00   0.121100E+02
    743.50   0.121100E+02
    744.00   0.121100E+02
    744.50   0.121100E+02
    745.00   0.121100E+02
    745.50   0.121100E+02
    746.00   0.121100E+02
    746.50   0.121100E+02
    747.00   0.121100E+02
    747.50   0.121100E+02
    748.00   0.121100E+02
    748.50   0.121100E+02
    749.00   0.121100E+02
    749.50   0.121100E+02
    750.00   0.121100E+02
    750.50   0.121100E+02
    751.00   0.121100E+02
    751.50   0.121100E+02
    752.00   0.121100E+02
    752.50   0.121100E+02
    753.00   0.121100E+02
    753.50   0.121100E+02
    754.00   0.121100E+02
    754.50   0.121100E+02
    755.00   0.121100E+02
    755.50   0.121100E+02
    756.00   0.121100E+02
    756.50   0.121100E+02
    757.00   0.121100E+02
    757.50   0.121100E+02
    758.00   0.121100E+02
    758.50   0.121100E+02
    759.00   0.121100E+02
    759.50   0.121100E+02
    760.00   0.121100E+02
    760.50   0.121100E+02
    761.00   0.121100E+02
    761.50   0.121100E+02
    762.00   0.121100E+02
    762.50   0.121100E+02
    763.00   0.121100E+02
    763.50   0.121100E+02
    764.00   0.121100E+02
    764.50   0.121100E+02
    765.00   0.121100E+02
    765.50   0.121100E+02
    766.00   0.121100E+02
    766.50   0.121100E+02
    767.00   0.121100E+02
    767.50   0.121100E+02
    768.00   0.121100E+02
    768.50   0.121100E+02
    769.00   0.121100E+02
    769.50   0.121100E+02
    770.00   0.121100E+02
    770.50   0.121100E+02
    771.00   0.121100E+02
    771.50   0.121100E+02
    772.00   0.121100E+02
    772.50   0.121100E+02
    773.00   0.121100E+02
    773.50   0.121100E+02
    774.00   0.121100E+02
    774.50   0.121100E+02
    775.00   0.121100E+02
    775.50   0.121100E+02
    776.00   0.121100E+02
    776.50   0.121100E+02
    777.00   0.121100E+02
    777.50   0.121100E+02
    778.00   0.121100E+02
    778.50   0.121100E+02
    779.00   0.121100E+02
    779.50   0.121100E+02
    780.00   0.121100E+02
    780.50   0.121100E+02
    781.00   0.121100E+02
    781.50   0.121100E+02
    782.00   0.121100E+02
    782.50   0.121100E+02
    783.00   0.121100E+02
    783.50   0.121100E+02
    784.00   0.121100E+02
    784.50   0.121100E+02
    785.00   0.121100E+02
    785.50   0.121100E+02
    786.00   0.121100E+02
    786.50   0.121100E+02
    787.00   0.121100E+02
    787.50   0.121100E+02
    788.00   0.121100E+02
    788.50   0.121100E+02
    789.00   0.121100E+02
    789.50   0.121100E+02
    790.00   0.121100E+02
    790.50   0.121100E+02
    791.00   0.121100E+02
    791.50   0.121100E+02
    792.00   0.121100E+02
    792.50   0.121100E+02
    793.00   0.121100E+02
    793.50   0.121100E+02
    794.00   0.121100E+02
    794.50   0.121100E+02
    795.00   0.121100E+02
    795.50   0.121100E+02
    796.00   0.121100E+02
    796.50   0.121100E+02
    797.00   0.121100E+02
    797.50   0.121100E+02
    798.00   0.121100E+02
    798.50   0.121100E+02
    799.00   0.121100E+02
    799.50   0.121100E+02
    800.00   0.121100E+02
    800.50   0.121100E+02
    801.00   0.121100E+02
    801.50   0.121100E+02
    802.00   0.121100E+02
    802.50   0.121100E+02
    803.00   0.121100E+02
    803.50   0.121100E+02
    804.00   0.121100E+02
    804.50   0.121100E+02
    805.00   0.121100E+02
    805.50   0.121100E+02
    806.00   0.121100E+02
    806.50   0.121100E+02
    807.00   0.121100E+02
    807.50   0.121100E+02
    808.00   0.121100E+02
    808.50   0.121100E+02
    809.00   0.121100E+02
    809.50   0.121100E+02
    810.00   0.121100E+02
    810.50   0.121100E+02
    811.00   0.121100E+02
    811.50   0.121100E+02
    812.00   0.121100E+02
    812.50   0.121100E+02
    813.00   0.121100E+02
    813.50   0.121100E+02
    814.00   0.121100E+02
    814.50   0.121100E+02
    815.00   0.121100E+02
    815.50   0.121100E+02
    816.00   0.121100E+02
    816.50   0.121100E+02
    817.00   0.121100E+02
    817.50   0.121100E+02
    818.00   0.121100E+02
    818.50   0.121100E+02
    819.00   0.121100E+02
    819.50   0.121100E+02
    820.00   0.121100E+02
    820.50   0.121100E+02
    821.00   0.121100E+02
    821.50   0.121100E+02
    822.00   0.121100E+02
    822.50   0.121100E+02
    823.00   0.121100E+02
    823.50   0.121100E+02
    824.00   0.121100E+02
    824.50   0.121100E+02
    825.00   0.121100E+02
    825.50   0.121100E+02
    826.00   0.121100E+02
    826.50   0.121100E+02
    827.00   0.121100E+02
    827.50   0.121100E+02
    828.00   0.121100E+02
    828.50   0.121100E+02
    829.00   0.121100E+02
    829.50   0.121100E+02
    830.00   0.121100E+02
    830.50   0.121100E+02
    831.00   0.121100E+02
    831.50   0.121100E+02
    832.00   0.121100E+02
    832.50   0.121100E+02
    833.00   0.121100E+02
    833.50   0.121100E+02
    834.00   0.121100E+02
    834.50   0.121100E+02
    835.00   0.121100E+02
    835.50   0.121100E+02
    836.00   0.121100E+02
    836.50   0.121100E+02
    837.00   0.121100E+02
    837.50   0.121100E+02
    838.00   0.121100E+02
    838.50   0.121100E+02
    839.00   0.121100E+02
    839.50   0.121100E+02
    840.00   0.121100E+02
    840.50   0.121100E+02
    841.00   0.121100E+02
    841.50   0.121100E+02
    842.00   0.121100E+02
    842.50   0.121100E+02
    843.00   0.121100E+02
    843.50   0.121100E+02
    844.00   0.121100E+02
    844.50   0.121100E+02
    845.00   0.121100E+02
    845.50   0.121100E+02
    846.00   0.121100E+02
    846.50   0.121100E+02
    847.00   0.121100E+02
    847.50   0.121100E+02
    848.00   0.121100E+02
    848.50   0.121100E+02
    849.00   0.121100E+02
    849.50   0.121100E+02
    850.00   0.121100E+02
    850.50   0.121100E+02
    851.00   0.121100E+02
    851.50   0.121100E+02
    852.00   0.121100E+02
    852.50   0.121100E+02
    853.00   0.121100E+02
    853.50   0.121100E+02
    854.00   0.121100E+02
    854.50   0.121100E+02
    855.00   0.121100E+02
    855.50   0.121100E+02
    856.00   0.121100E+02
    856.50   0.121100E+02
    857.00   0.121100E+02
    857.50   0.121100E+02
    858.00   0.121100E+02
    858.50   0.121100E+02
    859.00   0.121100E+02
    859.50   0.121100E+02
    860.00   0.121100E+02
    860.50   0.121100E+02
    861.00   0.121100E+02
    861.50   0.121100E+02
    862.00   0.121100E+02
    862.50   0.121100E+02
    863.00   0.121100E+02
    863.50   0.121100E+02
    864.00   0.121100E+02
    864.50   0.121100E+02
    865.00   0.121100E+02
    865.50   0.121100E+02
    866.00   0.121100E+02
    866.50   0.121100E+02
    867.00   0.121100E+02
    867.50   0.121100E+02
    868.00   0.121100E+02
    868.50   0.121100E+02
    869.00   0.121100E+02
    869.50   0.121100E+02
    870.00   0.121100E+02
    870.50   0.121100E+02
    871.00   0.121100E+02
    871.50   0.121100E+02
    872.00   0.121100E+02
    872.50   0.121100E+02
    873.00   0.121100E+02
    873.50   0.121100E+02
    874.00   0.121100E+02
    874.50   0.121100E+02
    875.00   0.121100E+02
    875.50   0.121100E+02
    876.00   0.121100E+02
    876.50   0.121100E+02
    877.00   0.121100E+02
    877.50   0.121100E+02
    878.00   0.121100E+02
    878.50   0.121100E+02
    879.00   0.121100E+02
    879.50   0.121100E+02
    880.00   0.121100E+02
    880.50   0.121100E+02
    881.00   0.121100E+02
    881.50   0.121100E+02
    882.00   0.121100E+02
    882.50   0.121100E+02
    883.00   0.121100E+02
    883.50   0.121100E+02
    884.00   0.121100E+02
    884.50   0.121100E+02
    885.00   0.121100E+02
    885.50   0.121100E+02
    886.00   0.121100E+02
    886.50   0.121100E+02
    887.00   0.121100E+02
    887.50   0.121100E+02
    888.00   0.121100E+02
    888.50   0.121100E+02
    889.00   0.121100E+02
    889.50   0.121100E+02
    890.00   0.121100E+02
    890.50   0.121100E+02
    891.00   0.121100E+02
    891.50   0.121100E+02
    892.00   0.121100E+02
    892.50   0.121100E+02
    893.00   0.121100E+02
    893.50   0.121100E+02
    894.00   0.121100E+02
    894.50   0.121100E+02
    895.00   0.121100E+02
    895.50   0.121100E+02
    896.00   0.121100E+02
    896.50   0.121100E+02
    897.00   0.121100E+02
    897.50   0.121100E+02
    898.00   0.121100E+02
    898.50   0.121100E+02
    899.00   0.121100E+02
    899.50   0.121100E+02
    900.00   0.121100E+02
    900.50   0.121100E+02
    901.00   0.121100E+02
    901.50   0.121100E+02
    902.00   0.121100E+02
    902.50   0.121100E+02
    903.00   0.121100E+02
    903.50   0.121100E+02
    904.00   0.121100E+02
    904.50   0.121100E+02
    905.00   0.121100E+02
    905.50   0.121100E+02
    906.00   0.121100E+02
    906.50   0.121100E+02
    907.00   0.121100E+02
    907.50   0.121100E+02
    908.00   0.121100E+02
    908.50   0.121100E+02
    909.00   0.121100E+02
    909.50   0.121100E+02
    910.00   0.121100E+02
    910.50   0.121100E+02
    911.00   0.121100E+02
    911.50   0.121100E+02
    912.00   0.121100E+02
    912.50   0.121100E+02
    913.00   0.121100E+02
    913.50   0.121100E+02
    914.00   0.121100E+02
    914.50   0.121100E+02
    915.00   0.121100E+02
    915.50   0.121100E+02
    916.00   0.121100E+02
    916.50   0.121100E+02
    917.00   0.121100E+02
    917.50   0.121100E+02
    918.00   0.121100E+02
    918.50   0.121100E+02
    919.00   0.121100E+02
    919.50   0.121100E+02
    920.00   0.121100E+02
    920.50   0.121100E+02
    921.00   0.121100E+02
    921.50   0.121100E+02
    922.00   0.121100E+02
    922.50   0.121100E+02
    923.00   0.121100E+02
    923.50   0.121100E+02
    924.00   0.121100E+02
    924.50   0.121100E+02
    925.00   0.121100E+02
    925.50   0.121100E+02
    926.00   0.121100E+02
    926.50   0.121100E+02
    927.00   0.121100E+02
    927.50   0.121100E+02
    928.00   0.121100E+02
    928.50   0.121100E+02
    929.00   0.121100E+02
    929.50   0.121100E+02
    930.00   0.121100E+02
    930.50   0.121100E+02
    931.00   0.121100E+02
    931.50   0.121100E+02
    932.00   0.121100E+02
    932.50   0.121100E+02
    933.00   0.121100E+02
    933.50   0.121100E+02
    934.00   0.121100E+02
    934.50   0.121100E+02
    935.00   0.121100E+02
    935.50   0.121100E+02
    936.00   0.121100E+02
    936.50   0.121100E+02
    937.00   0.121100E+02
    937.50   0.121100E+02
    938.00   0.121100E+02
    938.50   0.121100E+02
    939.00   0.121100E+02
    939.50   0.121100E+02
    940.00   0.121100E+02
    940.50   0.121100E+02
    941.00   0.121100E+02
    941.50   0.121100E+02
    942.00   0.121100E+02
    942.50   0.121100E+02
    943.00   0.121100E+02
    943.50   0.121100E+02
    944.00   0.121100E+02
    944.50   0.121100E+02
    945.00   0.121100E+02
    945.50   0.121100E+02
    946.00   0.121100E+02
    946.50   0.121100E+02
    947.00   0.121100E+02
    947.50   0.121100E+02
    948.00   0.121100E+02
    948.50   0.121100E+02
    949.00   0.121100E+02
    949.50   0.121100E+02
    950.00   0.121100E+02
    950.50   0.121100E+02
    951.00   0.121100E+02
    951.50   0.121100E+02
    952.00   0.121100E+02
    952.50   0.121100E+02
    953.00   0.121100E+02
    953.50   0.121100E+02
    954.00   0.121100E+02
    954.50   0.121100E+02
    955.00   0.121100E+02
    955.50   0.121100E+02
    956.00   0.121100E+02
    956.50   0.121100E+02
    957.00   0.121100E+02
    957.50   0.121100E+02
    958.00   0.121100E+02
    958.50   0.121100E+02
    959.00   0.121100E+02
    959.50   0.121100E+02
    960.00   0.121100E+02
    960.50   0.121100E+02
    961.00   0.121100E+02
    961.50   0.121100E+02
    962.00   0.121100E+02
    962.50   0.121100E+02
    963.00   0.121100E+02
    963.50   0.121100E+02
    964.00   0.121100E+02
    964.50   0.121100E+02
    965.00   0.121100E+02
    965.50   0.121100E+02
    966.00   0.121100E+02
    966.50   0.121100E+02
    967.00   0.121100E+02
    967.50   0.121100E+02
    968.00   0.121100E+02
    968.50   0.121100E+02
    969.00   0.121100E+02
    969.50   0.121100E+02
    970.00   0.121100E+02
    970.50   0.121100E+02
    971.00   0.121100E+02
    971.50   0.121100E+02
    972.00   0.121100E+02
    972.50   0.121100E+02
    973.00   0.121100E+02
    973.50   0.121100E+02
    974.00   0.121100E+02
    974.50   0.121100E+02
    975.00   0.121100E+02
    975.50   0.121100E+02
    976.00   0.121100E+02
    976.50   0.121100E+02
    977.00   0.121100E+02
    977.50   0.121100E+02
    978.00   0.121100E+02
    978.50   0.121100E+02
    979.00   0.121100E+02
    979.50   0.121100E+02
    980.00   0.121100E+02
    980.50   0.121100E+02
    981.00   0.121100E+02
    981.50   0.121100E+02
    982.00   0.121100E+02
    982.50   0.121100E+02
    983.00   0.121100E+02
    983.50   0.121100E+02
    984.00   0.121100E+02
    984.50   0.121100E+02
    985.00   0.121100E+02
    985.50   0.121100E+02
    986.00   0.121100E+02
    986.50   0.121100E+02
    987.00   0.121100E+02
    987.50   0.121100E+02
    988.00   0.121100E+02
    988.50   0.121100E+02
    989.00   0.121100E+02
    989.50   0.121100E+02
    990.00   0.121100E+02
    990.50   0.121100E+02
    991.00   0.121100E+02
    991.50   0.121100E+02
    992.00   0.121100E+02
    992.50   0.121100E+02
    993.00   0.121100E+02
    993.50   0.121100E+02
    994.00   0.121100E+02
    994.50   0.121100E+02
    995.00   0.121100E+02
    995.50   0.121100E+02
    996.00   0.121100E+02
    996.50   0.121100E+02
    997.00   0.121100E+02
    997.50   0.121100E+02
    998.00   0.121100E+02
    998.50   0.121100E+02
    999.00   0.121100E+02
    999.50   0.121100E+02
   1000.00   0.121100E+02
   1000.50   0.121100E+02
   1001.00   0.121100E+02
   1001.50   0.121100E+02
   1002.00   0.121100E+02
   1002.50   0.121100E+02
   1003.00   0.121100E+02
   1003.50   0.121100E+02
   1004.00   0.121100E+02
   1004.50   0.121100E+02
   1005.00   0.121100E+02
   1005.50   0.121100E+02
   1006.00   0.121100E+02
   1006.50   0.121100E+02
   1007.00   0.121100E+02
   1007.50   0.121100E+02
   1008.00   0.121100E+02
   1008.50   0.121100E+02
   1009.00   0.121100E+02
   1009.50   0.121100E+02
   1010.00   0.121100E+02
   1010.50   0.121100E+02
   1011.00   0.121100E+02
   1011.50   0.121100E+02
   1012.00   0.121100E+02
   1012.50   0.121100E+02
   1013.00   0.121100E+02
   1013.50   0.121100E+02
   1014.00   0.121100E+02
   1014.50   0.121100E+02
   1015.00   0.121100E+02
   1015.50   0.121100E+02
   1016.00   0.121100E+02
   1016.50   0.121100E+02
   1017.00   0.121100E+02
   1017.50   0.121100E+02
   1018.00   0.121100E+02
   1018.50   0.121100E+02
   1019.00   0.121100E+02
   1019.50   0.121100E+02
   1020.00   0.121100E+02
   1020.50   0.121100E+02
   1021.00   0.121100E+02
   1021.50   0.121100E+02
   1022.00   0.121100E+02
   1022.50   0.121100E+02
   1023.00   0.121100E+02
   1023.50   0.121100E+02
   1024.00   0.121100E+02
   1024.50   0.121100E+02
   1025.00   0.121100E+02
   1025.50   0.121100E+02
   1026.00   0.121100E+02
   1026.50   0.121100E+02
   1027.00   0.121100E+02
   1027.50   0.121100E+02
   1028.00   0.121100E+02
   1028.50   0.121100E+02
   1029.00   0.121100E+02
   1029.50   0.121100E+02
   1030.00   0.121100E+02
   1030.50   0.121100E+02
   1031.00   0.121100E+02
   1031.50   0.121100E+02
   1032.00   0.121100E+02
   1032.50   0.121100E+02
   1033.00   0.121100E+02
   1033.50   0.121100E+02
   1034.00   0.121100E+02
   1034.50   0.121100E+02
   1035.00   0.121100E+02
   1035.50   0.121100E+02
   1036.00   0.121100E+02
   1036.50   0.121100E+02
   1037.00   0.121100E+02
   1037.50   0.121100E+02
   1038.00   0.121100E+02
   1038.50   0.121100E+02
   1039.00   0.121100E+02
   1039.50   0.121100E+02
   1040.00   0.121100E+02
   1040.50   0.121100E+02
   1041.00   0.121100E+02
   1041.50   0.121100E+02
   1042.00   0.121100E+02
   1042.50   0.121100E+02
   1043.00   0.121100E+02
   1043.50   0.121100E+02
   1044.00   0.121100E+02
   1044.50   0.121100E+02
   1045.00   0.121100E+02
   1045.50   0.121100E+02
   1046.00   0.121100E+02
   1046.50   0.121100E+02
   1047.00   0.121100E+02
   1047.50   0.121100E+02
   1048.00   0.121100E+02
   1048.50   0.121100E+02
   1049.00   0.121100E+02
   1049.50   0.121100E+02
   1050.00   0.121100E+02
   1050.50   0.121100E+02
   1051.00   0.121100E+02
   1051.50   0.121100E+02
   1052.00   0.121100E+02
   1052.50   0.121100E+02
   1053.00   0.121100E+02
   1053.50   0.121100E+02
   1054.00   0.121100E+02
   1054.50   0.121100E+02
   1055.00   0.121100E+02
   1055.50   0.121100E+02
   1056.00   0.121100E+02
   1056.50   0.121100E+02
   1057.00   0.121100E+02
   1057.50   0.121100E+02
   1058.00   0.121100E+02
   1058.50   0.121100E+02
   1059.00   0.121100E+02
   1059.50   0.121100E+02
   1060.00   0.121100E+02
   1060.50   0.121100E+02
   1061.00   0.121100E+02
   1061.50   0.121100E+02
   1062.00   0.121100E+02
   1062.50   0.121100E+02
   1063.00   0.121100E+02
   1063.50   0.121100E+02
   1064.00   0.121100E+02
   1064.50   0.121100E+02
   1065.00   0.121100E+02
   1065.50   0.121100E+02
   1066.00   0.121100E+02
   1066.50   0.121100E+02
   1067.00   0.121100E+02
   1067.50   0.121100E+02
   1068.00   0.121100E+02
   1068.50   0.121100E+02
   1069.00   0.121100E+02
   1069.50   0.121100E+02
   1070.00   0.121100E+02
   1070.50   0.121100E+02
   1071.00   0.121100E+02
   1071.50   0.121100E+02
   1072.00   0.121100E+02
   1072.50   0.121100E+02
   1073.00   0.121100E+02
   1073.50   0.121100E+02
   1074.00   0.121100E+02
   1074.50   0.121100E+02
   1075.00   0.121100E+02
   1075.50   0.121100E+02
   1076.00   0.121100E+02
   1076.50   0.121100E+02
   1077.00   0.121100E+02
   1077.50   0.121100E+02
   1078.00   0.121100E+02
   1078.50   0.121100E+02
   1079.00   0.121100E+02
   1079.50   0.121100E+02
   1080.00   0.121100E+02
   1080.50   0.121100E+02
   1081.00   0.121100E+02
   1081.50   0.121100E+02
   1082.00   0.121100E+02
   1082.50   0.121100E+02
   1083.00   0.121100E+02
   1083.50   0.121100E+02
   1084.00   0.121100E+02
   1084.50   0.121100E+02
   1085.00   0.121100E+02
   1085.50   0.121100E+02
   1086.00   0.121100E+02
   1086.50   0.121100E+02
   1087.00   0.121100E+02
   1087.50   0.121100E+02
   1088.00   0.121100E+02
   1088.50   0.121100E+02
   1089.00   0.121100E+02
   1089.50   0.121100E+02
   1090.00   0.121100E+02
   1090.50   0.121100E+02
   1091.00   0.121100E+02
   1091.50   0.121100E+02
   1092.00   0.121100E+02
   1092.50   0.121100E+02
   1093.00   0.121100E+02
   1093.50   0.121100E+02
   1094.00   0.121100E+02
   1094.50   0.121100E+02
   1095.00   0.121100E+02
   1095.50   0.121100E+02
   1096.00   0.121100E+02
   1096.50   0.121100E+02
   1097.00   0.121100E+02
   1097.50   0.121100E+02
   1098.00   0.121100E+02
   1098.50   0.121100E+02
   1099.00   0.121100E+02
   1099.50   0.121100E+02
   1100.00   0.121100E+02
   1100.50   0.121100E+02
   1101.00   0.121100E+02
   1101.50   0.121100E+02
   1102.00   0.121100E+02
   1102.50   0.121100E+02
   1103.00   0.121100E+02
   1103.50   0.121100E+02
   1104.00   0.121100E+02
   1104.50   0.121100E+02
   1105.00   0.121100E+02
   1105.50   0.121100E+02
   1106.00   0.121100E+02
   1106.50   0.121100E+02
   1107.00   0.121100E+02
   1107.50   0.121100E+02
   1108.00   0.121100E+02
   1108.50   0.121100E+02
   1109.00   0.121100E+02
   1109.50   0.121100E+02
   1110.00   0.121100E+02
   1110.50   0.121100E+02
   1111.00   0.121100E+02
   1111.50   0.121100E+02
   1112.00   0.121100E+02
   1112.50   0.121100E+02
   1113.00   0.121100E+02
   1113.50   0.121100E+02
   1114.00   0.121100E+02
   1114.50   0.121100E+02
   1115.00   0.121100E+02
   1115.50   0.121100E+02
   1116.00   0.121100E+02
   1116.50   0.121100E+02
