      0.00   0.423100E+07
      0.50   0.423100E+07
      1.00   0.423100E+07
      1.50   0.423100E+07
      2.00   0.423100E+07
      2.50   0.423100E+07
      3.00   0.423100E+07
      3.50   0.403700E+07
      4.00   0.403700E+07
      4.50   0.403700E+07
      5.00   0.408400E+07
      5.50   0.394100E+07
      6.00   0.379200E+07
      6.50   0.380000E+07
      7.00   0.360800E+07
      7.50   0.350500E+07
      8.00   0.331000E+07
      8.50   0.312900E+07
      9.00   0.313600E+07
      9.50   0.303900E+07
     10.00   0.296300E+07
     10.50   0.422500E+07
     11.00   0.422500E+07
     11.50   0.422500E+07
     12.00   0.422500E+07
     12.50   0.422500E+07
     13.00   0.422500E+07
     13.50   0.422500E+07
     14.00   0.422500E+07
     14.50   0.422500E+07
     15.00   0.422500E+07
     15.50   0.422500E+07
     16.00   0.422500E+07
     16.50   0.422500E+07
     17.00   0.422500E+07
     17.50   0.422500E+07
     18.00   0.422500E+07
     18.50   0.422500E+07
     19.00   0.422500E+07
     19.50   0.422500E+07
     20.00   0.422500E+07
     20.50   0.422500E+07
     21.00   0.422500E+07
     21.50   0.422500E+07
     22.00   0.422500E+07
     22.50   0.422500E+07
     23.00   0.422500E+07
     23.50   0.422500E+07
     24.00   0.422500E+07
     24.50   0.422500E+07
     25.00   0.422500E+07
     25.50   0.422500E+07
     26.00   0.422500E+07
     26.50   0.422500E+07
     27.00   0.422500E+07
     27.50   0.422500E+07
     28.00   0.422500E+07
     28.50   0.422500E+07
     29.00   0.422500E+07
     29.50   0.422500E+07
     30.00   0.422500E+07
     30.50   0.422500E+07
     31.00   0.422500E+07
     31.50   0.422500E+07
     32.00   0.422500E+07
     32.50   0.422500E+07
     33.00   0.422500E+07
     33.50   0.422500E+07
     34.00   0.422500E+07
     34.50   0.422500E+07
     35.00   0.422500E+07
     35.50   0.422500E+07
     36.00   0.422500E+07
     36.50   0.422500E+07
     37.00   0.422500E+07
     37.50   0.422500E+07
     38.00   0.422500E+07
     38.50   0.422500E+07
     39.00   0.422500E+07
     39.50   0.422500E+07
     40.00   0.422500E+07
     40.50   0.422500E+07
     41.00   0.422500E+07
     41.50   0.422500E+07
     42.00   0.422500E+07
     42.50   0.422500E+07
     43.00   0.422500E+07
     43.50   0.422500E+07
     44.00   0.422500E+07
     44.50   0.422500E+07
     45.00   0.422500E+07
     45.50   0.422500E+07
     46.00   0.422500E+07
     46.50   0.422500E+07
     47.00   0.422500E+07
     47.50   0.422500E+07
     48.00   0.422500E+07
     48.50   0.422500E+07
     49.00   0.422500E+07
     49.50   0.422500E+07
     50.00   0.422500E+07
     50.50   0.422500E+07
     51.00   0.422500E+07
     51.50   0.422500E+07
     52.00   0.422500E+07
     52.50   0.422500E+07
     53.00   0.422500E+07
     53.50   0.422500E+07
     54.00   0.422500E+07
     54.50   0.422500E+07
     55.00   0.422500E+07
     55.50   0.422500E+07
     56.00   0.422500E+07
     56.50   0.422500E+07
     57.00   0.422500E+07
     57.50   0.422500E+07
     58.00   0.422500E+07
     58.50   0.422500E+07
     59.00   0.422500E+07
     59.50   0.422500E+07
     60.00   0.422500E+07
     60.50   0.422500E+07
     61.00   0.422500E+07
     61.50   0.422500E+07
     62.00   0.422500E+07
     62.50   0.422500E+07
     63.00   0.422500E+07
     63.50   0.422500E+07
     64.00   0.422500E+07
     64.50   0.422500E+07
     65.00   0.422500E+07
     65.50   0.422500E+07
     66.00   0.422500E+07
     66.50   0.422500E+07
     67.00   0.422500E+07
     67.50   0.422500E+07
     68.00   0.422500E+07
     68.50   0.422500E+07
     69.00   0.422500E+07
     69.50   0.422500E+07
     70.00   0.422500E+07
     70.50   0.422500E+07
     71.00   0.422500E+07
     71.50   0.422500E+07
     72.00   0.422500E+07
     72.50   0.422500E+07
     73.00   0.422500E+07
     73.50   0.422500E+07
     74.00   0.422500E+07
     74.50   0.422500E+07
     75.00   0.422500E+07
     75.50   0.422500E+07
     76.00   0.422500E+07
     76.50   0.422500E+07
     77.00   0.422500E+07
     77.50   0.422500E+07
     78.00   0.422500E+07
     78.50   0.422500E+07
     79.00   0.422500E+07
     79.50   0.422500E+07
     80.00   0.422500E+07
     80.50   0.422500E+07
     81.00   0.422500E+07
     81.50   0.422500E+07
     82.00   0.422500E+07
     82.50   0.422500E+07
     83.00   0.422500E+07
     83.50   0.422500E+07
     84.00   0.422500E+07
     84.50   0.422500E+07
     85.00   0.422500E+07
     85.50   0.422500E+07
     86.00   0.422500E+07
     86.50   0.422500E+07
     87.00   0.422500E+07
     87.50   0.422500E+07
     88.00   0.422500E+07
     88.50   0.422500E+07
     89.00   0.422500E+07
     89.50   0.422500E+07
     90.00   0.422500E+07
     90.50   0.422500E+07
     91.00   0.422500E+07
     91.50   0.422500E+07
     92.00   0.422500E+07
     92.50   0.422500E+07
     93.00   0.422500E+07
     93.50   0.422500E+07
     94.00   0.422500E+07
     94.50   0.422500E+07
     95.00   0.422500E+07
     95.50   0.422500E+07
     96.00   0.422500E+07
     96.50   0.422500E+07
     97.00   0.422500E+07
     97.50   0.422500E+07
     98.00   0.422500E+07
     98.50   0.422500E+07
     99.00   0.422500E+07
     99.50   0.422500E+07
    100.00   0.422500E+07
    100.50   0.422500E+07
    101.00   0.422500E+07
    101.50   0.422500E+07
    102.00   0.422500E+07
    102.50   0.422500E+07
    103.00   0.422500E+07
    103.50   0.422500E+07
    104.00   0.422500E+07
    104.50   0.422500E+07
    105.00   0.422500E+07
    105.50   0.422500E+07
    106.00   0.422500E+07
    106.50   0.422500E+07
    107.00   0.422500E+07
    107.50   0.422500E+07
    108.00   0.422500E+07
    108.50   0.422500E+07
    109.00   0.422500E+07
    109.50   0.422500E+07
    110.00   0.422500E+07
    110.50   0.422500E+07
    111.00   0.422500E+07
    111.50   0.422500E+07
    112.00   0.422500E+07
    112.50   0.422500E+07
    113.00   0.422500E+07
    113.50   0.422500E+07
    114.00   0.422500E+07
    114.50   0.422500E+07
    115.00   0.422500E+07
    115.50   0.422500E+07
    116.00   0.422500E+07
    116.50   0.422500E+07
    117.00   0.422500E+07
    117.50   0.422500E+07
    118.00   0.422500E+07
    118.50   0.422500E+07
    119.00   0.422500E+07
    119.50   0.422500E+07
    120.00   0.422500E+07
    120.50   0.422500E+07
    121.00   0.422500E+07
    121.50   0.422500E+07
    122.00   0.422500E+07
    122.50   0.422500E+07
    123.00   0.422500E+07
    123.50   0.422500E+07
    124.00   0.422500E+07
    124.50   0.422500E+07
    125.00   0.422500E+07
    125.50   0.422500E+07
    126.00   0.422500E+07
    126.50   0.422500E+07
    127.00   0.422500E+07
    127.50   0.422500E+07
    128.00   0.422500E+07
    128.50   0.422500E+07
    129.00   0.422500E+07
    129.50   0.422500E+07
    130.00   0.422500E+07
    130.50   0.422500E+07
    131.00   0.422500E+07
    131.50   0.422500E+07
    132.00   0.422500E+07
    132.50   0.422500E+07
    133.00   0.422500E+07
    133.50   0.422500E+07
    134.00   0.422500E+07
    134.50   0.422500E+07
    135.00   0.422500E+07
    135.50   0.422500E+07
    136.00   0.422500E+07
    136.50   0.422500E+07
    137.00   0.422500E+07
    137.50   0.422500E+07
    138.00   0.422500E+07
    138.50   0.422500E+07
    139.00   0.422500E+07
    139.50   0.422500E+07
    140.00   0.422500E+07
    140.50   0.422500E+07
    141.00   0.422500E+07
    141.50   0.422500E+07
    142.00   0.422500E+07
    142.50   0.422500E+07
    143.00   0.422500E+07
    143.50   0.422500E+07
    144.00   0.422500E+07
    144.50   0.422500E+07
    145.00   0.422500E+07
    145.50   0.422500E+07
    146.00   0.422500E+07
    146.50   0.422500E+07
    147.00   0.422500E+07
    147.50   0.422500E+07
    148.00   0.422500E+07
    148.50   0.422500E+07
    149.00   0.422500E+07
    149.50   0.422500E+07
    150.00   0.422500E+07
    150.50   0.422500E+07
    151.00   0.422500E+07
    151.50   0.422500E+07
    152.00   0.422500E+07
    152.50   0.422500E+07
    153.00   0.422500E+07
    153.50   0.422500E+07
    154.00   0.422500E+07
    154.50   0.422500E+07
    155.00   0.422500E+07
    155.50   0.422500E+07
    156.00   0.422500E+07
    156.50   0.422500E+07
    157.00   0.422500E+07
    157.50   0.422500E+07
    158.00   0.422500E+07
    158.50   0.422500E+07
    159.00   0.422500E+07
    159.50   0.422500E+07
    160.00   0.422500E+07
    160.50   0.422500E+07
    161.00   0.422500E+07
    161.50   0.422500E+07
    162.00   0.422500E+07
    162.50   0.422500E+07
    163.00   0.422500E+07
    163.50   0.422500E+07
    164.00   0.422500E+07
    164.50   0.422500E+07
    165.00   0.422500E+07
    165.50   0.422500E+07
    166.00   0.422500E+07
    166.50   0.422500E+07
    167.00   0.422500E+07
    167.50   0.422500E+07
    168.00   0.422500E+07
    168.50   0.422500E+07
    169.00   0.422500E+07
    169.50   0.422500E+07
    170.00   0.422500E+07
    170.50   0.422500E+07
    171.00   0.422500E+07
    171.50   0.422500E+07
    172.00   0.422500E+07
    172.50   0.422500E+07
    173.00   0.422500E+07
    173.50   0.422500E+07
    174.00   0.422500E+07
    174.50   0.422500E+07
    175.00   0.422500E+07
    175.50   0.422500E+07
    176.00   0.422500E+07
    176.50   0.422500E+07
    177.00   0.422500E+07
    177.50   0.422500E+07
    178.00   0.422500E+07
    178.50   0.422500E+07
    179.00   0.422500E+07
    179.50   0.422500E+07
    180.00   0.422500E+07
    180.50   0.422500E+07
    181.00   0.422500E+07
    181.50   0.422500E+07
    182.00   0.422500E+07
    182.50   0.422500E+07
    183.00   0.422500E+07
    183.50   0.422500E+07
    184.00   0.422500E+07
    184.50   0.422500E+07
    185.00   0.422500E+07
    185.50   0.422500E+07
    186.00   0.422500E+07
    186.50   0.422500E+07
    187.00   0.422500E+07
    187.50   0.422500E+07
    188.00   0.422500E+07
    188.50   0.422500E+07
    189.00   0.422500E+07
    189.50   0.422500E+07
    190.00   0.422500E+07
    190.50   0.422500E+07
    191.00   0.422500E+07
    191.50   0.422500E+07
    192.00   0.422500E+07
    192.50   0.422500E+07
    193.00   0.422500E+07
    193.50   0.422500E+07
    194.00   0.422500E+07
    194.50   0.422500E+07
    195.00   0.422500E+07
    195.50   0.422500E+07
    196.00   0.422500E+07
    196.50   0.422500E+07
    197.00   0.422500E+07
    197.50   0.422500E+07
    198.00   0.422500E+07
    198.50   0.422500E+07
    199.00   0.422500E+07
    199.50   0.422500E+07
    200.00   0.422500E+07
    200.50   0.422500E+07
    201.00   0.422500E+07
    201.50   0.422500E+07
    202.00   0.422500E+07
    202.50   0.422500E+07
    203.00   0.422500E+07
    203.50   0.422500E+07
    204.00   0.422500E+07
    204.50   0.422500E+07
    205.00   0.422500E+07
    205.50   0.422500E+07
    206.00   0.422500E+07
    206.50   0.422500E+07
    207.00   0.422500E+07
    207.50   0.422500E+07
    208.00   0.422500E+07
    208.50   0.422500E+07
    209.00   0.422500E+07
    209.50   0.422500E+07
    210.00   0.422500E+07
    210.50   0.422500E+07
    211.00   0.422500E+07
    211.50   0.422500E+07
    212.00   0.422500E+07
    212.50   0.422500E+07
    213.00   0.422500E+07
    213.50   0.422500E+07
    214.00   0.422500E+07
    214.50   0.422500E+07
    215.00   0.422500E+07
    215.50   0.422500E+07
    216.00   0.422500E+07
    216.50   0.422500E+07
    217.00   0.422500E+07
    217.50   0.422500E+07
    218.00   0.422500E+07
    218.50   0.422500E+07
    219.00   0.422500E+07
    219.50   0.422500E+07
    220.00   0.422500E+07
    220.50   0.422500E+07
    221.00   0.422500E+07
    221.50   0.422500E+07
    222.00   0.422500E+07
    222.50   0.422500E+07
    223.00   0.422500E+07
    223.50   0.422500E+07
    224.00   0.422500E+07
    224.50   0.422500E+07
    225.00   0.422500E+07
    225.50   0.422500E+07
    226.00   0.422500E+07
    226.50   0.422500E+07
    227.00   0.422500E+07
    227.50   0.422500E+07
    228.00   0.422500E+07
    228.50   0.422500E+07
    229.00   0.422500E+07
    229.50   0.422500E+07
    230.00   0.422500E+07
    230.50   0.422500E+07
    231.00   0.422500E+07
    231.50   0.422500E+07
    232.00   0.422500E+07
    232.50   0.422500E+07
    233.00   0.422500E+07
    233.50   0.422500E+07
    234.00   0.422500E+07
    234.50   0.422500E+07
    235.00   0.422500E+07
    235.50   0.422500E+07
    236.00   0.422500E+07
    236.50   0.422500E+07
    237.00   0.422500E+07
    237.50   0.422500E+07
    238.00   0.422500E+07
    238.50   0.422500E+07
    239.00   0.422500E+07
    239.50   0.422500E+07
    240.00   0.422500E+07
    240.50   0.422500E+07
    241.00   0.422500E+07
    241.50   0.422500E+07
    242.00   0.422500E+07
    242.50   0.422500E+07
    243.00   0.422500E+07
    243.50   0.422500E+07
    244.00   0.422500E+07
    244.50   0.422500E+07
    245.00   0.422500E+07
    245.50   0.422500E+07
    246.00   0.422500E+07
    246.50   0.422500E+07
    247.00   0.422500E+07
    247.50   0.422500E+07
    248.00   0.422500E+07
    248.50   0.422500E+07
    249.00   0.422500E+07
    249.50   0.422500E+07
    250.00   0.422500E+07
    250.50   0.422500E+07
    251.00   0.422500E+07
    251.50   0.422500E+07
    252.00   0.422500E+07
    252.50   0.422500E+07
    253.00   0.422500E+07
    253.50   0.422500E+07
    254.00   0.422500E+07
    254.50   0.422500E+07
    255.00   0.422500E+07
    255.50   0.422500E+07
    256.00   0.422500E+07
    256.50   0.422500E+07
    257.00   0.422500E+07
    257.50   0.422500E+07
    258.00   0.422500E+07
    258.50   0.422500E+07
    259.00   0.422500E+07
    259.50   0.422500E+07
    260.00   0.422500E+07
    260.50   0.422500E+07
    261.00   0.422500E+07
    261.50   0.422500E+07
    262.00   0.422500E+07
    262.50   0.422500E+07
    263.00   0.422500E+07
    263.50   0.422500E+07
    264.00   0.422500E+07
    264.50   0.422500E+07
    265.00   0.422500E+07
    265.50   0.422500E+07
    266.00   0.422500E+07
    266.50   0.422500E+07
    267.00   0.422500E+07
    267.50   0.422500E+07
    268.00   0.422500E+07
    268.50   0.422500E+07
    269.00   0.422500E+07
    269.50   0.422500E+07
    270.00   0.422500E+07
    270.50   0.422500E+07
    271.00   0.422500E+07
    271.50   0.422500E+07
    272.00   0.422500E+07
    272.50   0.422500E+07
    273.00   0.422500E+07
    273.50   0.422500E+07
    274.00   0.422500E+07
    274.50   0.422500E+07
    275.00   0.422500E+07
    275.50   0.422500E+07
    276.00   0.422500E+07
    276.50   0.422500E+07
    277.00   0.422500E+07
    277.50   0.422500E+07
    278.00   0.422500E+07
    278.50   0.422500E+07
    279.00   0.422500E+07
    279.50   0.422500E+07
    280.00   0.422500E+07
    280.50   0.422500E+07
    281.00   0.422500E+07
    281.50   0.422500E+07
    282.00   0.422500E+07
    282.50   0.422500E+07
    283.00   0.422500E+07
    283.50   0.422500E+07
    284.00   0.422500E+07
    284.50   0.422500E+07
    285.00   0.422500E+07
    285.50   0.422500E+07
    286.00   0.422500E+07
    286.50   0.422500E+07
    287.00   0.422500E+07
    287.50   0.422500E+07
    288.00   0.422500E+07
    288.50   0.422500E+07
    289.00   0.422500E+07
    289.50   0.422500E+07
    290.00   0.422500E+07
    290.50   0.422500E+07
    291.00   0.422500E+07
    291.50   0.422500E+07
    292.00   0.422500E+07
    292.50   0.422500E+07
    293.00   0.422500E+07
    293.50   0.422500E+07
    294.00   0.422500E+07
    294.50   0.422500E+07
    295.00   0.422500E+07
    295.50   0.422500E+07
    296.00   0.422500E+07
    296.50   0.422500E+07
    297.00   0.422500E+07
    297.50   0.422500E+07
    298.00   0.422500E+07
    298.50   0.422500E+07
    299.00   0.422500E+07
    299.50   0.422500E+07
    300.00   0.422500E+07
    300.50   0.422500E+07
    301.00   0.422500E+07
    301.50   0.422500E+07
    302.00   0.422500E+07
    302.50   0.422500E+07
    303.00   0.422500E+07
    303.50   0.422500E+07
    304.00   0.422500E+07
    304.50   0.422500E+07
    305.00   0.422500E+07
    305.50   0.422500E+07
    306.00   0.422500E+07
    306.50   0.422500E+07
    307.00   0.422500E+07
    307.50   0.422500E+07
    308.00   0.422500E+07
    308.50   0.422500E+07
    309.00   0.422500E+07
    309.50   0.422500E+07
    310.00   0.422500E+07
    310.50   0.422500E+07
    311.00   0.422500E+07
    311.50   0.422500E+07
    312.00   0.422500E+07
    312.50   0.422500E+07
    313.00   0.422500E+07
    313.50   0.422500E+07
    314.00   0.422500E+07
    314.50   0.422500E+07
    315.00   0.422500E+07
    315.50   0.422500E+07
    316.00   0.422500E+07
    316.50   0.422500E+07
    317.00   0.422500E+07
    317.50   0.422500E+07
    318.00   0.422500E+07
    318.50   0.422500E+07
    319.00   0.422500E+07
    319.50   0.422500E+07
    320.00   0.422500E+07
    320.50   0.422500E+07
    321.00   0.422500E+07
    321.50   0.422500E+07
    322.00   0.422500E+07
    322.50   0.422500E+07
    323.00   0.422500E+07
    323.50   0.422500E+07
    324.00   0.422500E+07
    324.50   0.422500E+07
    325.00   0.422500E+07
    325.50   0.422500E+07
    326.00   0.422500E+07
    326.50   0.422500E+07
    327.00   0.422500E+07
    327.50   0.422500E+07
    328.00   0.422500E+07
    328.50   0.422500E+07
    329.00   0.422500E+07
    329.50   0.422500E+07
    330.00   0.422500E+07
    330.50   0.422500E+07
    331.00   0.422500E+07
    331.50   0.422500E+07
    332.00   0.422500E+07
    332.50   0.422500E+07
    333.00   0.422500E+07
    333.50   0.422500E+07
    334.00   0.422500E+07
    334.50   0.422500E+07
    335.00   0.422500E+07
    335.50   0.422500E+07
    336.00   0.422500E+07
    336.50   0.422500E+07
    337.00   0.422500E+07
    337.50   0.422500E+07
    338.00   0.422500E+07
    338.50   0.422500E+07
    339.00   0.422500E+07
    339.50   0.422500E+07
    340.00   0.422500E+07
    340.50   0.422500E+07
    341.00   0.422500E+07
    341.50   0.422500E+07
    342.00   0.422500E+07
    342.50   0.422500E+07
    343.00   0.422500E+07
    343.50   0.422500E+07
    344.00   0.422500E+07
    344.50   0.422500E+07
    345.00   0.422500E+07
    345.50   0.422500E+07
    346.00   0.422500E+07
    346.50   0.422500E+07
    347.00   0.422500E+07
    347.50   0.422500E+07
    348.00   0.422500E+07
    348.50   0.422500E+07
    349.00   0.422500E+07
    349.50   0.422500E+07
    350.00   0.422500E+07
    350.50   0.422500E+07
    351.00   0.422500E+07
    351.50   0.422500E+07
    352.00   0.422500E+07
    352.50   0.422500E+07
    353.00   0.422500E+07
    353.50   0.422500E+07
    354.00   0.422500E+07
    354.50   0.422500E+07
    355.00   0.422500E+07
    355.50   0.422500E+07
    356.00   0.422500E+07
    356.50   0.422500E+07
    357.00   0.422500E+07
    357.50   0.422500E+07
    358.00   0.422500E+07
    358.50   0.422500E+07
    359.00   0.422500E+07
    359.50   0.422500E+07
    360.00   0.422500E+07
    360.50   0.422500E+07
    361.00   0.422500E+07
    361.50   0.422500E+07
    362.00   0.422500E+07
    362.50   0.422500E+07
    363.00   0.422500E+07
    363.50   0.422500E+07
    364.00   0.422500E+07
    364.50   0.422500E+07
    365.00   0.422500E+07
    365.50   0.422500E+07
    366.00   0.422500E+07
    366.50   0.422500E+07
    367.00   0.422500E+07
    367.50   0.422500E+07
    368.00   0.422500E+07
    368.50   0.422500E+07
    369.00   0.422500E+07
    369.50   0.422500E+07
    370.00   0.422500E+07
    370.50   0.422500E+07
    371.00   0.422500E+07
    371.50   0.422500E+07
    372.00   0.422500E+07
    372.50   0.422500E+07
    373.00   0.422500E+07
    373.50   0.422500E+07
    374.00   0.422500E+07
    374.50   0.422500E+07
    375.00   0.422500E+07
    375.50   0.422500E+07
    376.00   0.422500E+07
    376.50   0.422500E+07
    377.00   0.422500E+07
    377.50   0.422500E+07
    378.00   0.422500E+07
    378.50   0.422500E+07
    379.00   0.422500E+07
    379.50   0.422500E+07
    380.00   0.422500E+07
    380.50   0.422500E+07
    381.00   0.422500E+07
    381.50   0.422500E+07
    382.00   0.422500E+07
    382.50   0.422500E+07
    383.00   0.422500E+07
    383.50   0.422500E+07
    384.00   0.422500E+07
    384.50   0.422500E+07
    385.00   0.422500E+07
    385.50   0.422500E+07
    386.00   0.422500E+07
    386.50   0.422500E+07
    387.00   0.422500E+07
    387.50   0.422500E+07
    388.00   0.422500E+07
    388.50   0.422500E+07
    389.00   0.422500E+07
    389.50   0.422500E+07
    390.00   0.422500E+07
    390.50   0.422500E+07
    391.00   0.422500E+07
    391.50   0.422500E+07
    392.00   0.422500E+07
    392.50   0.422500E+07
    393.00   0.422500E+07
    393.50   0.422500E+07
    394.00   0.422500E+07
    394.50   0.422500E+07
    395.00   0.422500E+07
    395.50   0.422500E+07
    396.00   0.422500E+07
    396.50   0.422500E+07
    397.00   0.422500E+07
    397.50   0.422500E+07
    398.00   0.422500E+07
    398.50   0.422500E+07
    399.00   0.422500E+07
    399.50   0.422500E+07
    400.00   0.422500E+07
    400.50   0.422500E+07
    401.00   0.422500E+07
    401.50   0.422500E+07
    402.00   0.422500E+07
    402.50   0.422500E+07
    403.00   0.422500E+07
    403.50   0.422500E+07
    404.00   0.422500E+07
    404.50   0.422500E+07
    405.00   0.422500E+07
    405.50   0.422500E+07
    406.00   0.422500E+07
    406.50   0.422500E+07
    407.00   0.422500E+07
    407.50   0.422500E+07
    408.00   0.422500E+07
    408.50   0.422500E+07
    409.00   0.422500E+07
    409.50   0.422500E+07
    410.00   0.422500E+07
    410.50   0.422500E+07
    411.00   0.422500E+07
    411.50   0.422500E+07
    412.00   0.422500E+07
    412.50   0.422500E+07
    413.00   0.422500E+07
    413.50   0.422500E+07
    414.00   0.422500E+07
    414.50   0.422500E+07
    415.00   0.422500E+07
    415.50   0.422500E+07
    416.00   0.422500E+07
    416.50   0.422500E+07
    417.00   0.422500E+07
    417.50   0.422500E+07
    418.00   0.422500E+07
    418.50   0.422500E+07
    419.00   0.422500E+07
    419.50   0.422500E+07
    420.00   0.422500E+07
    420.50   0.422500E+07
    421.00   0.422500E+07
    421.50   0.422500E+07
    422.00   0.422500E+07
    422.50   0.422500E+07
    423.00   0.422500E+07
    423.50   0.422500E+07
    424.00   0.422500E+07
    424.50   0.422500E+07
    425.00   0.422500E+07
    425.50   0.422500E+07
    426.00   0.422500E+07
    426.50   0.422500E+07
    427.00   0.422500E+07
    427.50   0.422500E+07
    428.00   0.422500E+07
    428.50   0.422500E+07
    429.00   0.422500E+07
    429.50   0.422500E+07
    430.00   0.422500E+07
    430.50   0.422500E+07
    431.00   0.422500E+07
    431.50   0.422500E+07
    432.00   0.422500E+07
    432.50   0.422500E+07
    433.00   0.422500E+07
    433.50   0.422500E+07
    434.00   0.422500E+07
    434.50   0.422500E+07
    435.00   0.422500E+07
    435.50   0.422500E+07
    436.00   0.422500E+07
    436.50   0.422500E+07
    437.00   0.422500E+07
    437.50   0.422500E+07
    438.00   0.422500E+07
    438.50   0.422500E+07
    439.00   0.422500E+07
    439.50   0.422500E+07
    440.00   0.422500E+07
    440.50   0.422500E+07
    441.00   0.422500E+07
    441.50   0.422500E+07
    442.00   0.422500E+07
    442.50   0.422500E+07
    443.00   0.422500E+07
    443.50   0.422500E+07
    444.00   0.422500E+07
    444.50   0.422500E+07
    445.00   0.422500E+07
    445.50   0.422500E+07
    446.00   0.422500E+07
    446.50   0.422500E+07
    447.00   0.422500E+07
    447.50   0.422500E+07
    448.00   0.422500E+07
    448.50   0.422500E+07
    449.00   0.422500E+07
    449.50   0.422500E+07
    450.00   0.422500E+07
    450.50   0.422500E+07
    451.00   0.422500E+07
    451.50   0.422500E+07
    452.00   0.422500E+07
    452.50   0.422500E+07
    453.00   0.422500E+07
    453.50   0.422500E+07
    454.00   0.422500E+07
    454.50   0.422500E+07
    455.00   0.422500E+07
    455.50   0.422500E+07
    456.00   0.422500E+07
    456.50   0.422500E+07
    457.00   0.422500E+07
    457.50   0.422500E+07
    458.00   0.422500E+07
    458.50   0.422500E+07
    459.00   0.422500E+07
    459.50   0.422500E+07
    460.00   0.422500E+07
    460.50   0.422500E+07
    461.00   0.422500E+07
    461.50   0.422500E+07
    462.00   0.422500E+07
    462.50   0.422500E+07
    463.00   0.422500E+07
    463.50   0.422500E+07
    464.00   0.422500E+07
    464.50   0.422500E+07
    465.00   0.422500E+07
    465.50   0.422500E+07
    466.00   0.422500E+07
    466.50   0.422500E+07
    467.00   0.422500E+07
    467.50   0.422500E+07
    468.00   0.422500E+07
    468.50   0.422500E+07
    469.00   0.422500E+07
    469.50   0.422500E+07
    470.00   0.422500E+07
    470.50   0.422500E+07
    471.00   0.422500E+07
    471.50   0.422500E+07
    472.00   0.422500E+07
    472.50   0.422500E+07
    473.00   0.422500E+07
    473.50   0.422500E+07
    474.00   0.422500E+07
    474.50   0.422500E+07
    475.00   0.422500E+07
    475.50   0.422500E+07
    476.00   0.422500E+07
    476.50   0.422500E+07
    477.00   0.422500E+07
    477.50   0.422500E+07
    478.00   0.422500E+07
    478.50   0.422500E+07
    479.00   0.422500E+07
    479.50   0.422500E+07
    480.00   0.422500E+07
    480.50   0.422500E+07
    481.00   0.422500E+07
    481.50   0.422500E+07
    482.00   0.422500E+07
    482.50   0.422500E+07
    483.00   0.422500E+07
    483.50   0.422500E+07
    484.00   0.422500E+07
    484.50   0.422500E+07
    485.00   0.422500E+07
    485.50   0.422500E+07
    486.00   0.422500E+07
    486.50   0.422500E+07
    487.00   0.422500E+07
    487.50   0.422500E+07
    488.00   0.422500E+07
    488.50   0.422500E+07
    489.00   0.422500E+07
    489.50   0.422500E+07
    490.00   0.422500E+07
    490.50   0.422500E+07
    491.00   0.422500E+07
    491.50   0.422500E+07
    492.00   0.422500E+07
    492.50   0.422500E+07
    493.00   0.422500E+07
    493.50   0.422500E+07
    494.00   0.422500E+07
    494.50   0.422500E+07
    495.00   0.422500E+07
    495.50   0.422500E+07
    496.00   0.422500E+07
    496.50   0.422500E+07
    497.00   0.422500E+07
    497.50   0.422500E+07
    498.00   0.422500E+07
    498.50   0.422500E+07
    499.00   0.422500E+07
    499.50   0.422500E+07
    500.00   0.422500E+07
    500.50   0.422500E+07
    501.00   0.422500E+07
    501.50   0.422500E+07
    502.00   0.422500E+07
    502.50   0.422500E+07
    503.00   0.422500E+07
    503.50   0.422500E+07
    504.00   0.422500E+07
    504.50   0.422500E+07
    505.00   0.422500E+07
    505.50   0.422500E+07
    506.00   0.422500E+07
    506.50   0.422500E+07
    507.00   0.422500E+07
    507.50   0.422500E+07
    508.00   0.422500E+07
    508.50   0.422500E+07
    509.00   0.422500E+07
    509.50   0.422500E+07
    510.00   0.422500E+07
    510.50   0.422500E+07
    511.00   0.422500E+07
    511.50   0.422500E+07
    512.00   0.422500E+07
    512.50   0.422500E+07
    513.00   0.422500E+07
    513.50   0.422500E+07
    514.00   0.422500E+07
    514.50   0.422500E+07
    515.00   0.422500E+07
    515.50   0.422500E+07
    516.00   0.422500E+07
    516.50   0.422500E+07
    517.00   0.422500E+07
    517.50   0.422500E+07
    518.00   0.422500E+07
    518.50   0.422500E+07
    519.00   0.422500E+07
    519.50   0.422500E+07
    520.00   0.422500E+07
    520.50   0.422500E+07
    521.00   0.422500E+07
    521.50   0.422500E+07
    522.00   0.422500E+07
    522.50   0.422500E+07
    523.00   0.422500E+07
    523.50   0.422500E+07
    524.00   0.422500E+07
    524.50   0.422500E+07
    525.00   0.422500E+07
    525.50   0.422500E+07
    526.00   0.422500E+07
    526.50   0.422500E+07
    527.00   0.422500E+07
    527.50   0.422500E+07
    528.00   0.422500E+07
    528.50   0.422500E+07
    529.00   0.422500E+07
    529.50   0.422500E+07
    530.00   0.422500E+07
    530.50   0.422500E+07
    531.00   0.422500E+07
    531.50   0.422500E+07
    532.00   0.422500E+07
    532.50   0.422500E+07
    533.00   0.422500E+07
    533.50   0.422500E+07
    534.00   0.422500E+07
    534.50   0.422500E+07
    535.00   0.422500E+07
    535.50   0.422500E+07
    536.00   0.422500E+07
    536.50   0.422500E+07
    537.00   0.422500E+07
    537.50   0.422500E+07
    538.00   0.422500E+07
    538.50   0.422500E+07
    539.00   0.422500E+07
    539.50   0.422500E+07
    540.00   0.422500E+07
    540.50   0.422500E+07
    541.00   0.422500E+07
    541.50   0.422500E+07
    542.00   0.422500E+07
    542.50   0.422500E+07
    543.00   0.422500E+07
    543.50   0.422500E+07
    544.00   0.422500E+07
    544.50   0.422500E+07
    545.00   0.422500E+07
    545.50   0.422500E+07
    546.00   0.422500E+07
    546.50   0.422500E+07
    547.00   0.422500E+07
    547.50   0.422500E+07
    548.00   0.422500E+07
    548.50   0.422500E+07
    549.00   0.422500E+07
    549.50   0.422500E+07
    550.00   0.422500E+07
    550.50   0.422500E+07
    551.00   0.422500E+07
    551.50   0.422500E+07
    552.00   0.422500E+07
    552.50   0.422500E+07
    553.00   0.422500E+07
    553.50   0.422500E+07
    554.00   0.422500E+07
    554.50   0.422500E+07
    555.00   0.422500E+07
    555.50   0.422500E+07
    556.00   0.422500E+07
    556.50   0.422500E+07
    557.00   0.422500E+07
    557.50   0.422500E+07
    558.00   0.422500E+07
    558.50   0.422500E+07
    559.00   0.422500E+07
    559.50   0.422500E+07
    560.00   0.422500E+07
    560.50   0.422500E+07
    561.00   0.422500E+07
    561.50   0.422500E+07
    562.00   0.422500E+07
    562.50   0.422500E+07
    563.00   0.422500E+07
    563.50   0.422500E+07
    564.00   0.422500E+07
    564.50   0.422500E+07
    565.00   0.422500E+07
    565.50   0.422500E+07
    566.00   0.422500E+07
    566.50   0.422500E+07
    567.00   0.422500E+07
    567.50   0.422500E+07
    568.00   0.422500E+07
    568.50   0.422500E+07
    569.00   0.422500E+07
    569.50   0.422500E+07
    570.00   0.422500E+07
    570.50   0.422500E+07
    571.00   0.422500E+07
    571.50   0.422500E+07
    572.00   0.422500E+07
    572.50   0.422500E+07
    573.00   0.422500E+07
    573.50   0.422500E+07
    574.00   0.422500E+07
    574.50   0.422500E+07
    575.00   0.422500E+07
    575.50   0.422500E+07
    576.00   0.422500E+07
    576.50   0.422500E+07
    577.00   0.422500E+07
    577.50   0.422500E+07
    578.00   0.422500E+07
    578.50   0.422500E+07
    579.00   0.422500E+07
    579.50   0.422500E+07
    580.00   0.422500E+07
    580.50   0.422500E+07
    581.00   0.422500E+07
    581.50   0.422500E+07
    582.00   0.422500E+07
    582.50   0.422500E+07
    583.00   0.422500E+07
    583.50   0.422500E+07
    584.00   0.422500E+07
    584.50   0.422500E+07
    585.00   0.422500E+07
    585.50   0.422500E+07
    586.00   0.422500E+07
    586.50   0.422500E+07
    587.00   0.422500E+07
    587.50   0.422500E+07
    588.00   0.422500E+07
    588.50   0.422500E+07
    589.00   0.422500E+07
    589.50   0.422500E+07
    590.00   0.422500E+07
    590.50   0.422500E+07
    591.00   0.422500E+07
    591.50   0.422500E+07
    592.00   0.422500E+07
    592.50   0.422500E+07
    593.00   0.422500E+07
    593.50   0.422500E+07
    594.00   0.422500E+07
    594.50   0.422500E+07
    595.00   0.422500E+07
    595.50   0.422500E+07
    596.00   0.422500E+07
    596.50   0.422500E+07
    597.00   0.422500E+07
    597.50   0.422500E+07
    598.00   0.422500E+07
    598.50   0.422500E+07
    599.00   0.422500E+07
    599.50   0.422500E+07
    600.00   0.422500E+07
    600.50   0.422500E+07
    601.00   0.422500E+07
    601.50   0.422500E+07
    602.00   0.422500E+07
    602.50   0.422500E+07
    603.00   0.422500E+07
    603.50   0.422500E+07
    604.00   0.422500E+07
    604.50   0.422500E+07
    605.00   0.422500E+07
    605.50   0.422500E+07
    606.00   0.422500E+07
    606.50   0.422500E+07
    607.00   0.422500E+07
    607.50   0.422500E+07
    608.00   0.422500E+07
    608.50   0.422500E+07
    609.00   0.422500E+07
    609.50   0.422500E+07
    610.00   0.422500E+07
    610.50   0.422500E+07
    611.00   0.422500E+07
    611.50   0.422500E+07
    612.00   0.422500E+07
    612.50   0.422500E+07
    613.00   0.422500E+07
    613.50   0.422500E+07
    614.00   0.422500E+07
    614.50   0.422500E+07
    615.00   0.422500E+07
    615.50   0.422500E+07
    616.00   0.422500E+07
    616.50   0.422500E+07
    617.00   0.422500E+07
    617.50   0.422500E+07
    618.00   0.422500E+07
    618.50   0.422500E+07
    619.00   0.422500E+07
    619.50   0.422500E+07
    620.00   0.422500E+07
    620.50   0.422500E+07
    621.00   0.422500E+07
    621.50   0.422500E+07
    622.00   0.422500E+07
    622.50   0.422500E+07
    623.00   0.422500E+07
    623.50   0.422500E+07
    624.00   0.422500E+07
    624.50   0.422500E+07
    625.00   0.422500E+07
    625.50   0.422500E+07
    626.00   0.422500E+07
    626.50   0.422500E+07
    627.00   0.422500E+07
    627.50   0.422500E+07
    628.00   0.422500E+07
    628.50   0.422500E+07
    629.00   0.422500E+07
    629.50   0.422500E+07
    630.00   0.422500E+07
    630.50   0.422500E+07
    631.00   0.422500E+07
    631.50   0.422500E+07
    632.00   0.422500E+07
    632.50   0.422500E+07
    633.00   0.422500E+07
    633.50   0.422500E+07
    634.00   0.422500E+07
    634.50   0.422500E+07
    635.00   0.422500E+07
    635.50   0.422500E+07
    636.00   0.422500E+07
    636.50   0.422500E+07
    637.00   0.422500E+07
    637.50   0.422500E+07
    638.00   0.422500E+07
    638.50   0.422500E+07
    639.00   0.422500E+07
    639.50   0.422500E+07
    640.00   0.422500E+07
    640.50   0.422500E+07
    641.00   0.422500E+07
    641.50   0.422500E+07
    642.00   0.422500E+07
    642.50   0.422500E+07
    643.00   0.422500E+07
    643.50   0.422500E+07
    644.00   0.422500E+07
    644.50   0.422500E+07
    645.00   0.422500E+07
    645.50   0.422500E+07
    646.00   0.422500E+07
    646.50   0.422500E+07
    647.00   0.422500E+07
    647.50   0.422500E+07
    648.00   0.422500E+07
    648.50   0.422500E+07
    649.00   0.422500E+07
    649.50   0.422500E+07
    650.00   0.422500E+07
    650.50   0.422500E+07
    651.00   0.422500E+07
    651.50   0.422500E+07
    652.00   0.422500E+07
    652.50   0.422500E+07
    653.00   0.422500E+07
    653.50   0.422500E+07
    654.00   0.422500E+07
    654.50   0.422500E+07
    655.00   0.422500E+07
    655.50   0.422500E+07
    656.00   0.422500E+07
    656.50   0.422500E+07
    657.00   0.422500E+07
    657.50   0.422500E+07
    658.00   0.422500E+07
    658.50   0.422500E+07
    659.00   0.422500E+07
    659.50   0.422500E+07
    660.00   0.422500E+07
    660.50   0.422500E+07
    661.00   0.422500E+07
    661.50   0.422500E+07
    662.00   0.422500E+07
    662.50   0.422500E+07
    663.00   0.422500E+07
    663.50   0.422500E+07
    664.00   0.422500E+07
    664.50   0.422500E+07
    665.00   0.422500E+07
    665.50   0.422500E+07
    666.00   0.422500E+07
    666.50   0.422500E+07
    667.00   0.422500E+07
    667.50   0.422500E+07
    668.00   0.422500E+07
    668.50   0.422500E+07
    669.00   0.422500E+07
    669.50   0.422500E+07
    670.00   0.422500E+07
    670.50   0.422500E+07
    671.00   0.422500E+07
    671.50   0.422500E+07
    672.00   0.422500E+07
    672.50   0.422500E+07
    673.00   0.422500E+07
    673.50   0.422500E+07
    674.00   0.422500E+07
    674.50   0.422500E+07
    675.00   0.422500E+07
    675.50   0.422500E+07
    676.00   0.422500E+07
    676.50   0.422500E+07
    677.00   0.422500E+07
    677.50   0.422500E+07
    678.00   0.422500E+07
    678.50   0.422500E+07
    679.00   0.422500E+07
    679.50   0.422500E+07
    680.00   0.422500E+07
    680.50   0.422500E+07
    681.00   0.422500E+07
    681.50   0.422500E+07
    682.00   0.422500E+07
    682.50   0.422500E+07
    683.00   0.422500E+07
    683.50   0.422500E+07
    684.00   0.422500E+07
    684.50   0.422500E+07
    685.00   0.422500E+07
    685.50   0.422500E+07
    686.00   0.422500E+07
    686.50   0.422500E+07
    687.00   0.422500E+07
    687.50   0.422500E+07
    688.00   0.422500E+07
    688.50   0.422500E+07
    689.00   0.422500E+07
    689.50   0.422500E+07
    690.00   0.422500E+07
    690.50   0.422500E+07
    691.00   0.422500E+07
    691.50   0.422500E+07
    692.00   0.422500E+07
    692.50   0.422500E+07
    693.00   0.422500E+07
    693.50   0.422500E+07
    694.00   0.422500E+07
    694.50   0.422500E+07
    695.00   0.422500E+07
    695.50   0.422500E+07
    696.00   0.422500E+07
    696.50   0.422500E+07
    697.00   0.422500E+07
    697.50   0.422500E+07
    698.00   0.422500E+07
    698.50   0.422500E+07
    699.00   0.422500E+07
    699.50   0.422500E+07
    700.00   0.422500E+07
    700.50   0.422500E+07
    701.00   0.422500E+07
    701.50   0.422500E+07
    702.00   0.422500E+07
    702.50   0.422500E+07
    703.00   0.422500E+07
    703.50   0.422500E+07
    704.00   0.422500E+07
    704.50   0.422500E+07
    705.00   0.422500E+07
    705.50   0.422500E+07
    706.00   0.422500E+07
    706.50   0.422500E+07
    707.00   0.422500E+07
    707.50   0.422500E+07
    708.00   0.422500E+07
    708.50   0.422500E+07
    709.00   0.422500E+07
    709.50   0.422500E+07
    710.00   0.422500E+07
    710.50   0.422500E+07
    711.00   0.422500E+07
    711.50   0.422500E+07
    712.00   0.422500E+07
    712.50   0.422500E+07
    713.00   0.422500E+07
    713.50   0.422500E+07
    714.00   0.422500E+07
    714.50   0.422500E+07
    715.00   0.422500E+07
    715.50   0.422500E+07
    716.00   0.422500E+07
    716.50   0.422500E+07
    717.00   0.422500E+07
    717.50   0.422500E+07
    718.00   0.422500E+07
    718.50   0.422500E+07
    719.00   0.422500E+07
    719.50   0.422500E+07
    720.00   0.422500E+07
    720.50   0.422500E+07
    721.00   0.422500E+07
    721.50   0.422500E+07
    722.00   0.422500E+07
    722.50   0.422500E+07
    723.00   0.422500E+07
    723.50   0.422500E+07
    724.00   0.422500E+07
    724.50   0.422500E+07
    725.00   0.422500E+07
    725.50   0.422500E+07
    726.00   0.422500E+07
    726.50   0.422500E+07
    727.00   0.422500E+07
    727.50   0.422500E+07
    728.00   0.422500E+07
    728.50   0.422500E+07
    729.00   0.422500E+07
    729.50   0.422500E+07
    730.00   0.422500E+07
    730.50   0.422500E+07
    731.00   0.422500E+07
    731.50   0.422500E+07
    732.00   0.422500E+07
    732.50   0.422500E+07
    733.00   0.422500E+07
    733.50   0.422500E+07
    734.00   0.422500E+07
    734.50   0.422500E+07
    735.00   0.422500E+07
    735.50   0.422500E+07
    736.00   0.422500E+07
    736.50   0.422500E+07
    737.00   0.422500E+07
    737.50   0.422500E+07
    738.00   0.422500E+07
    738.50   0.422500E+07
    739.00   0.422500E+07
    739.50   0.422500E+07
    740.00   0.422500E+07
    740.50   0.422500E+07
    741.00   0.422500E+07
    741.50   0.422500E+07
    742.00   0.422500E+07
    742.50   0.422500E+07
    743.00   0.422500E+07
    743.50   0.422500E+07
    744.00   0.422500E+07
    744.50   0.422500E+07
    745.00   0.422500E+07
    745.50   0.422500E+07
    746.00   0.422500E+07
    746.50   0.422500E+07
    747.00   0.422500E+07
    747.50   0.422500E+07
    748.00   0.422500E+07
    748.50   0.422500E+07
    749.00   0.422500E+07
    749.50   0.422500E+07
    750.00   0.422500E+07
    750.50   0.422500E+07
    751.00   0.422500E+07
    751.50   0.422500E+07
    752.00   0.422500E+07
    752.50   0.422500E+07
    753.00   0.422500E+07
    753.50   0.422500E+07
    754.00   0.422500E+07
    754.50   0.422500E+07
    755.00   0.422500E+07
    755.50   0.422500E+07
    756.00   0.422500E+07
    756.50   0.422500E+07
    757.00   0.422500E+07
    757.50   0.422500E+07
    758.00   0.422500E+07
    758.50   0.422500E+07
    759.00   0.422500E+07
    759.50   0.422500E+07
    760.00   0.422500E+07
    760.50   0.422500E+07
    761.00   0.422500E+07
    761.50   0.422500E+07
    762.00   0.422500E+07
    762.50   0.422500E+07
    763.00   0.422500E+07
    763.50   0.422500E+07
    764.00   0.422500E+07
    764.50   0.422500E+07
    765.00   0.422500E+07
    765.50   0.422500E+07
    766.00   0.422500E+07
    766.50   0.422500E+07
    767.00   0.422500E+07
    767.50   0.422500E+07
    768.00   0.422500E+07
    768.50   0.422500E+07
    769.00   0.422500E+07
    769.50   0.422500E+07
    770.00   0.422500E+07
    770.50   0.422500E+07
    771.00   0.422500E+07
    771.50   0.422500E+07
    772.00   0.422500E+07
    772.50   0.422500E+07
    773.00   0.422500E+07
    773.50   0.422500E+07
    774.00   0.422500E+07
    774.50   0.422500E+07
    775.00   0.422500E+07
    775.50   0.422500E+07
    776.00   0.422500E+07
    776.50   0.422500E+07
    777.00   0.422500E+07
    777.50   0.422500E+07
    778.00   0.422500E+07
    778.50   0.422500E+07
    779.00   0.422500E+07
    779.50   0.422500E+07
    780.00   0.422500E+07
    780.50   0.422500E+07
    781.00   0.422500E+07
    781.50   0.422500E+07
    782.00   0.422500E+07
    782.50   0.422500E+07
    783.00   0.422500E+07
    783.50   0.422500E+07
    784.00   0.422500E+07
    784.50   0.422500E+07
    785.00   0.422500E+07
    785.50   0.422500E+07
    786.00   0.422500E+07
    786.50   0.422500E+07
    787.00   0.422500E+07
    787.50   0.422500E+07
    788.00   0.422500E+07
    788.50   0.422500E+07
    789.00   0.422500E+07
    789.50   0.422500E+07
    790.00   0.422500E+07
    790.50   0.422500E+07
    791.00   0.422500E+07
    791.50   0.422500E+07
    792.00   0.422500E+07
    792.50   0.422500E+07
    793.00   0.422500E+07
    793.50   0.422500E+07
    794.00   0.422500E+07
    794.50   0.422500E+07
    795.00   0.422500E+07
    795.50   0.422500E+07
    796.00   0.422500E+07
    796.50   0.422500E+07
    797.00   0.422500E+07
    797.50   0.422500E+07
    798.00   0.422500E+07
    798.50   0.422500E+07
    799.00   0.422500E+07
    799.50   0.422500E+07
    800.00   0.422500E+07
    800.50   0.422500E+07
    801.00   0.422500E+07
    801.50   0.422500E+07
    802.00   0.422500E+07
    802.50   0.422500E+07
    803.00   0.422500E+07
    803.50   0.422500E+07
    804.00   0.422500E+07
    804.50   0.422500E+07
    805.00   0.422500E+07
    805.50   0.422500E+07
    806.00   0.422500E+07
    806.50   0.422500E+07
    807.00   0.422500E+07
    807.50   0.422500E+07
    808.00   0.422500E+07
    808.50   0.422500E+07
    809.00   0.422500E+07
    809.50   0.422500E+07
    810.00   0.422500E+07
    810.50   0.422500E+07
    811.00   0.422500E+07
    811.50   0.422500E+07
    812.00   0.422500E+07
    812.50   0.422500E+07
    813.00   0.422500E+07
    813.50   0.422500E+07
    814.00   0.422500E+07
    814.50   0.422500E+07
    815.00   0.422500E+07
    815.50   0.422500E+07
    816.00   0.422500E+07
    816.50   0.422500E+07
    817.00   0.422500E+07
    817.50   0.422500E+07
    818.00   0.422500E+07
    818.50   0.422500E+07
    819.00   0.422500E+07
    819.50   0.422500E+07
    820.00   0.422500E+07
    820.50   0.422500E+07
    821.00   0.422500E+07
    821.50   0.422500E+07
    822.00   0.422500E+07
    822.50   0.422500E+07
    823.00   0.422500E+07
    823.50   0.422500E+07
    824.00   0.422500E+07
    824.50   0.422500E+07
    825.00   0.422500E+07
    825.50   0.422500E+07
    826.00   0.422500E+07
    826.50   0.422500E+07
    827.00   0.422500E+07
    827.50   0.422500E+07
    828.00   0.422500E+07
    828.50   0.422500E+07
    829.00   0.422500E+07
    829.50   0.422500E+07
    830.00   0.422500E+07
    830.50   0.422500E+07
    831.00   0.422500E+07
    831.50   0.422500E+07
    832.00   0.422500E+07
    832.50   0.422500E+07
    833.00   0.422500E+07
    833.50   0.422500E+07
    834.00   0.422500E+07
    834.50   0.422500E+07
    835.00   0.422500E+07
    835.50   0.422500E+07
    836.00   0.422500E+07
    836.50   0.422500E+07
    837.00   0.422500E+07
    837.50   0.422500E+07
    838.00   0.422500E+07
    838.50   0.422500E+07
    839.00   0.422500E+07
    839.50   0.422500E+07
    840.00   0.422500E+07
    840.50   0.422500E+07
    841.00   0.422500E+07
    841.50   0.422500E+07
    842.00   0.422500E+07
    842.50   0.422500E+07
    843.00   0.422500E+07
    843.50   0.422500E+07
    844.00   0.422500E+07
    844.50   0.422500E+07
    845.00   0.422500E+07
    845.50   0.422500E+07
    846.00   0.422500E+07
    846.50   0.422500E+07
    847.00   0.422500E+07
    847.50   0.422500E+07
    848.00   0.422500E+07
    848.50   0.422500E+07
    849.00   0.422500E+07
    849.50   0.422500E+07
    850.00   0.422500E+07
    850.50   0.422500E+07
    851.00   0.422500E+07
    851.50   0.422500E+07
    852.00   0.422500E+07
    852.50   0.422500E+07
    853.00   0.422500E+07
    853.50   0.422500E+07
    854.00   0.422500E+07
    854.50   0.422500E+07
    855.00   0.422500E+07
    855.50   0.422500E+07
    856.00   0.422500E+07
    856.50   0.422500E+07
    857.00   0.422500E+07
    857.50   0.422500E+07
    858.00   0.422500E+07
    858.50   0.422500E+07
    859.00   0.422500E+07
    859.50   0.422500E+07
    860.00   0.422500E+07
    860.50   0.422500E+07
    861.00   0.422500E+07
    861.50   0.422500E+07
    862.00   0.422500E+07
    862.50   0.422500E+07
    863.00   0.422500E+07
    863.50   0.422500E+07
    864.00   0.422500E+07
    864.50   0.422500E+07
    865.00   0.422500E+07
    865.50   0.422500E+07
    866.00   0.422500E+07
    866.50   0.422500E+07
    867.00   0.422500E+07
    867.50   0.422500E+07
    868.00   0.422500E+07
    868.50   0.422500E+07
    869.00   0.422500E+07
    869.50   0.422500E+07
    870.00   0.422500E+07
    870.50   0.422500E+07
    871.00   0.422500E+07
    871.50   0.422500E+07
    872.00   0.422500E+07
    872.50   0.422500E+07
    873.00   0.422500E+07
    873.50   0.422500E+07
    874.00   0.422500E+07
    874.50   0.422500E+07
    875.00   0.422500E+07
    875.50   0.422500E+07
    876.00   0.422500E+07
    876.50   0.422500E+07
    877.00   0.422500E+07
    877.50   0.422500E+07
    878.00   0.422500E+07
    878.50   0.422500E+07
    879.00   0.422500E+07
    879.50   0.422500E+07
    880.00   0.422500E+07
    880.50   0.422500E+07
    881.00   0.422500E+07
    881.50   0.422500E+07
    882.00   0.422500E+07
    882.50   0.422500E+07
    883.00   0.422500E+07
    883.50   0.422500E+07
    884.00   0.422500E+07
    884.50   0.422500E+07
    885.00   0.422500E+07
    885.50   0.422500E+07
    886.00   0.422500E+07
    886.50   0.422500E+07
    887.00   0.422500E+07
    887.50   0.422500E+07
    888.00   0.422500E+07
    888.50   0.422500E+07
    889.00   0.422500E+07
    889.50   0.422500E+07
    890.00   0.422500E+07
    890.50   0.422500E+07
    891.00   0.422500E+07
    891.50   0.422500E+07
    892.00   0.422500E+07
    892.50   0.422500E+07
    893.00   0.422500E+07
    893.50   0.422500E+07
    894.00   0.422500E+07
    894.50   0.422500E+07
    895.00   0.422500E+07
    895.50   0.422500E+07
    896.00   0.422500E+07
    896.50   0.422500E+07
    897.00   0.422500E+07
    897.50   0.422500E+07
    898.00   0.422500E+07
    898.50   0.422500E+07
    899.00   0.422500E+07
    899.50   0.422500E+07
    900.00   0.422500E+07
    900.50   0.422500E+07
    901.00   0.422500E+07
    901.50   0.422500E+07
    902.00   0.422500E+07
    902.50   0.422500E+07
    903.00   0.422500E+07
    903.50   0.422500E+07
    904.00   0.422500E+07
    904.50   0.422500E+07
    905.00   0.422500E+07
    905.50   0.422500E+07
    906.00   0.422500E+07
    906.50   0.422500E+07
    907.00   0.422500E+07
    907.50   0.422500E+07
    908.00   0.422500E+07
    908.50   0.422500E+07
    909.00   0.422500E+07
    909.50   0.422500E+07
    910.00   0.422500E+07
    910.50   0.422500E+07
    911.00   0.422500E+07
    911.50   0.422500E+07
    912.00   0.422500E+07
    912.50   0.422500E+07
    913.00   0.422500E+07
    913.50   0.422500E+07
    914.00   0.422500E+07
    914.50   0.422500E+07
    915.00   0.422500E+07
    915.50   0.422500E+07
    916.00   0.422500E+07
    916.50   0.422500E+07
    917.00   0.422500E+07
    917.50   0.422500E+07
    918.00   0.422500E+07
    918.50   0.422500E+07
    919.00   0.422500E+07
    919.50   0.422500E+07
    920.00   0.422500E+07
    920.50   0.422500E+07
    921.00   0.422500E+07
    921.50   0.422500E+07
    922.00   0.422500E+07
    922.50   0.422500E+07
    923.00   0.422500E+07
    923.50   0.422500E+07
    924.00   0.422500E+07
    924.50   0.422500E+07
    925.00   0.422500E+07
    925.50   0.422500E+07
    926.00   0.422500E+07
    926.50   0.422500E+07
    927.00   0.422500E+07
    927.50   0.422500E+07
    928.00   0.422500E+07
    928.50   0.422500E+07
    929.00   0.422500E+07
    929.50   0.422500E+07
    930.00   0.422500E+07
    930.50   0.422500E+07
    931.00   0.422500E+07
    931.50   0.422500E+07
    932.00   0.422500E+07
    932.50   0.422500E+07
    933.00   0.422500E+07
    933.50   0.422500E+07
    934.00   0.422500E+07
    934.50   0.422500E+07
    935.00   0.422500E+07
    935.50   0.422500E+07
    936.00   0.422500E+07
    936.50   0.422500E+07
    937.00   0.422500E+07
    937.50   0.422500E+07
    938.00   0.422500E+07
    938.50   0.422500E+07
    939.00   0.422500E+07
    939.50   0.422500E+07
    940.00   0.422500E+07
    940.50   0.422500E+07
    941.00   0.422500E+07
    941.50   0.422500E+07
    942.00   0.422500E+07
    942.50   0.422500E+07
    943.00   0.422500E+07
    943.50   0.422500E+07
    944.00   0.422500E+07
    944.50   0.422500E+07
    945.00   0.422500E+07
    945.50   0.422500E+07
    946.00   0.422500E+07
    946.50   0.422500E+07
    947.00   0.422500E+07
    947.50   0.422500E+07
    948.00   0.422500E+07
    948.50   0.422500E+07
    949.00   0.422500E+07
    949.50   0.422500E+07
    950.00   0.422500E+07
    950.50   0.422500E+07
    951.00   0.422500E+07
    951.50   0.422500E+07
    952.00   0.422500E+07
    952.50   0.422500E+07
    953.00   0.422500E+07
    953.50   0.422500E+07
    954.00   0.422500E+07
    954.50   0.422500E+07
    955.00   0.422500E+07
    955.50   0.422500E+07
    956.00   0.422500E+07
    956.50   0.422500E+07
    957.00   0.422500E+07
    957.50   0.422500E+07
    958.00   0.422500E+07
    958.50   0.422500E+07
    959.00   0.422500E+07
    959.50   0.422500E+07
    960.00   0.422500E+07
    960.50   0.422500E+07
    961.00   0.422500E+07
    961.50   0.422500E+07
    962.00   0.422500E+07
    962.50   0.422500E+07
    963.00   0.422500E+07
    963.50   0.422500E+07
    964.00   0.422500E+07
    964.50   0.422500E+07
    965.00   0.422500E+07
    965.50   0.422500E+07
    966.00   0.422500E+07
    966.50   0.422500E+07
    967.00   0.422500E+07
    967.50   0.422500E+07
    968.00   0.422500E+07
    968.50   0.422500E+07
    969.00   0.422500E+07
    969.50   0.422500E+07
    970.00   0.422500E+07
    970.50   0.422500E+07
    971.00   0.422500E+07
    971.50   0.422500E+07
    972.00   0.422500E+07
    972.50   0.422500E+07
    973.00   0.422500E+07
    973.50   0.422500E+07
    974.00   0.422500E+07
    974.50   0.422500E+07
    975.00   0.422500E+07
    975.50   0.422500E+07
    976.00   0.422500E+07
    976.50   0.422500E+07
    977.00   0.422500E+07
    977.50   0.422500E+07
    978.00   0.422500E+07
    978.50   0.422500E+07
    979.00   0.422500E+07
    979.50   0.422500E+07
    980.00   0.422500E+07
    980.50   0.422500E+07
    981.00   0.422500E+07
    981.50   0.422500E+07
    982.00   0.422500E+07
    982.50   0.422500E+07
    983.00   0.422500E+07
    983.50   0.422500E+07
    984.00   0.422500E+07
    984.50   0.422500E+07
    985.00   0.422500E+07
    985.50   0.422500E+07
    986.00   0.422500E+07
    986.50   0.422500E+07
    987.00   0.422500E+07
    987.50   0.422500E+07
    988.00   0.422500E+07
    988.50   0.422500E+07
    989.00   0.422500E+07
    989.50   0.422500E+07
    990.00   0.422500E+07
    990.50   0.422500E+07
    991.00   0.422500E+07
    991.50   0.422500E+07
    992.00   0.422500E+07
    992.50   0.422500E+07
    993.00   0.422500E+07
    993.50   0.422500E+07
    994.00   0.422500E+07
    994.50   0.422500E+07
    995.00   0.422500E+07
    995.50   0.422500E+07
    996.00   0.422500E+07
    996.50   0.422500E+07
    997.00   0.422500E+07
    997.50   0.422500E+07
    998.00   0.422500E+07
    998.50   0.422500E+07
    999.00   0.422500E+07
    999.50   0.422500E+07
   1000.00   0.422500E+07
   1000.50   0.422500E+07
   1001.00   0.422500E+07
   1001.50   0.422500E+07
   1002.00   0.422500E+07
   1002.50   0.422500E+07
   1003.00   0.422500E+07
   1003.50   0.422500E+07
   1004.00   0.422500E+07
   1004.50   0.422500E+07
   1005.00   0.422500E+07
   1005.50   0.422500E+07
   1006.00   0.422500E+07
   1006.50   0.422500E+07
   1007.00   0.422500E+07
   1007.50   0.422500E+07
   1008.00   0.422500E+07
   1008.50   0.422500E+07
   1009.00   0.422500E+07
   1009.50   0.422500E+07
   1010.00   0.422500E+07
   1010.50   0.422500E+07
   1011.00   0.422500E+07
   1011.50   0.422500E+07
   1012.00   0.422500E+07
   1012.50   0.422500E+07
   1013.00   0.422500E+07
   1013.50   0.422500E+07
   1014.00   0.422500E+07
   1014.50   0.422500E+07
   1015.00   0.422500E+07
   1015.50   0.422500E+07
   1016.00   0.422500E+07
   1016.50   0.422500E+07
   1017.00   0.422500E+07
   1017.50   0.422500E+07
   1018.00   0.422500E+07
   1018.50   0.422500E+07
   1019.00   0.422500E+07
   1019.50   0.422500E+07
   1020.00   0.422500E+07
   1020.50   0.422500E+07
   1021.00   0.422500E+07
   1021.50   0.422500E+07
   1022.00   0.422500E+07
   1022.50   0.422500E+07
   1023.00   0.422500E+07
   1023.50   0.422500E+07
   1024.00   0.422500E+07
   1024.50   0.422500E+07
   1025.00   0.422500E+07
   1025.50   0.422500E+07
   1026.00   0.422500E+07
   1026.50   0.422500E+07
   1027.00   0.422500E+07
   1027.50   0.422500E+07
   1028.00   0.422500E+07
   1028.50   0.422500E+07
   1029.00   0.422500E+07
   1029.50   0.422500E+07
   1030.00   0.422500E+07
   1030.50   0.422500E+07
   1031.00   0.422500E+07
   1031.50   0.422500E+07
   1032.00   0.422500E+07
   1032.50   0.422500E+07
   1033.00   0.422500E+07
   1033.50   0.422500E+07
   1034.00   0.422500E+07
   1034.50   0.422500E+07
   1035.00   0.422500E+07
   1035.50   0.422500E+07
   1036.00   0.422500E+07
   1036.50   0.422500E+07
   1037.00   0.422500E+07
   1037.50   0.422500E+07
   1038.00   0.422500E+07
   1038.50   0.422500E+07
   1039.00   0.422500E+07
   1039.50   0.422500E+07
   1040.00   0.422500E+07
   1040.50   0.422500E+07
   1041.00   0.422500E+07
   1041.50   0.422500E+07
   1042.00   0.422500E+07
   1042.50   0.422500E+07
   1043.00   0.422500E+07
   1043.50   0.422500E+07
   1044.00   0.422500E+07
   1044.50   0.422500E+07
   1045.00   0.422500E+07
   1045.50   0.422500E+07
   1046.00   0.422500E+07
   1046.50   0.422500E+07
   1047.00   0.422500E+07
   1047.50   0.422500E+07
   1048.00   0.422500E+07
   1048.50   0.422500E+07
   1049.00   0.422500E+07
   1049.50   0.422500E+07
   1050.00   0.422500E+07
   1050.50   0.422500E+07
   1051.00   0.422500E+07
   1051.50   0.422500E+07
   1052.00   0.422500E+07
   1052.50   0.422500E+07
   1053.00   0.422500E+07
   1053.50   0.422500E+07
   1054.00   0.422500E+07
   1054.50   0.422500E+07
   1055.00   0.422500E+07
   1055.50   0.422500E+07
   1056.00   0.422500E+07
   1056.50   0.422500E+07
   1057.00   0.422500E+07
   1057.50   0.422500E+07
   1058.00   0.422500E+07
   1058.50   0.422500E+07
   1059.00   0.422500E+07
   1059.50   0.422500E+07
   1060.00   0.422500E+07
   1060.50   0.422500E+07
   1061.00   0.422500E+07
   1061.50   0.422500E+07
   1062.00   0.422500E+07
   1062.50   0.422500E+07
   1063.00   0.422500E+07
   1063.50   0.422500E+07
   1064.00   0.422500E+07
   1064.50   0.422500E+07
   1065.00   0.422500E+07
   1065.50   0.422500E+07
   1066.00   0.422500E+07
   1066.50   0.422500E+07
   1067.00   0.422500E+07
   1067.50   0.422500E+07
   1068.00   0.422500E+07
   1068.50   0.422500E+07
   1069.00   0.422500E+07
   1069.50   0.422500E+07
   1070.00   0.422500E+07
   1070.50   0.422500E+07
   1071.00   0.422500E+07
   1071.50   0.422500E+07
   1072.00   0.422500E+07
   1072.50   0.422500E+07
   1073.00   0.422500E+07
   1073.50   0.422500E+07
   1074.00   0.422500E+07
   1074.50   0.422500E+07
   1075.00   0.422500E+07
   1075.50   0.422500E+07
   1076.00   0.422500E+07
   1076.50   0.422500E+07
   1077.00   0.422500E+07
   1077.50   0.422500E+07
   1078.00   0.422500E+07
   1078.50   0.422500E+07
   1079.00   0.422500E+07
   1079.50   0.422500E+07
   1080.00   0.422500E+07
   1080.50   0.422500E+07
   1081.00   0.422500E+07
   1081.50   0.422500E+07
   1082.00   0.422500E+07
   1082.50   0.422500E+07
   1083.00   0.422500E+07
   1083.50   0.422500E+07
   1084.00   0.422500E+07
   1084.50   0.422500E+07
   1085.00   0.422500E+07
   1085.50   0.422500E+07
   1086.00   0.422500E+07
   1086.50   0.422500E+07
   1087.00   0.422500E+07
   1087.50   0.422500E+07
   1088.00   0.422500E+07
   1088.50   0.422500E+07
   1089.00   0.422500E+07
   1089.50   0.422500E+07
   1090.00   0.422500E+07
   1090.50   0.422500E+07
   1091.00   0.422500E+07
   1091.50   0.422500E+07
   1092.00   0.422500E+07
   1092.50   0.422500E+07
   1093.00   0.422500E+07
   1093.50   0.422500E+07
   1094.00   0.422500E+07
   1094.50   0.422500E+07
   1095.00   0.422500E+07
   1095.50   0.422500E+07
   1096.00   0.422500E+07
   1096.50   0.422500E+07
   1097.00   0.422500E+07
   1097.50   0.422500E+07
   1098.00   0.422500E+07
   1098.50   0.422500E+07
   1099.00   0.422500E+07
   1099.50   0.422500E+07
   1100.00   0.422500E+07
   1100.50   0.422500E+07
   1101.00   0.422500E+07
   1101.50   0.422500E+07
   1102.00   0.422500E+07
   1102.50   0.422500E+07
   1103.00   0.422500E+07
   1103.50   0.422500E+07
   1104.00   0.422500E+07
   1104.50   0.422500E+07
   1105.00   0.422500E+07
   1105.50   0.422500E+07
   1106.00   0.422500E+07
   1106.50   0.422500E+07
   1107.00   0.422500E+07
   1107.50   0.422500E+07
   1108.00   0.422500E+07
   1108.50   0.422500E+07
   1109.00   0.422500E+07
   1109.50   0.422500E+07
   1110.00   0.422500E+07
   1110.50   0.422500E+07
   1111.00   0.422500E+07
   1111.50   0.422500E+07
   1112.00   0.422500E+07
   1112.50   0.422500E+07
   1113.00   0.422500E+07
   1113.50   0.422500E+07
   1114.00   0.422500E+07
   1114.50   0.422500E+07
   1115.00   0.422500E+07
   1115.50   0.422500E+07
   1116.00   0.422500E+07
   1116.50   0.422500E+07
