  0.000   0.010    0.00000E+00   0.20343E-10   0.00000E+00   0.13259E-10   0.00000E+00   0.34469E-06
  0.000   0.020    0.00000E+00   0.20343E-10   0.00000E+00   0.13259E-10   0.00000E+00   0.34469E-06
  0.000   0.030    0.00000E+00   0.20343E-10   0.00000E+00   0.13259E-10   0.00000E+00   0.34469E-06
  0.000   0.040    0.00000E+00   0.20344E-10   0.00000E+00   0.13260E-10   0.00000E+00   0.34469E-06
  0.000   0.050    0.00000E+00   0.20344E-10   0.00000E+00   0.13260E-10   0.00000E+00   0.34469E-06
  0.000   0.060    0.00000E+00   0.20344E-10   0.00000E+00   0.13261E-10   0.00000E+00   0.34469E-06
  0.000   0.070    0.00000E+00   0.20345E-10   0.00000E+00   0.13262E-10   0.00000E+00   0.34469E-06
  0.001   0.080    0.00000E+00   0.20346E-10   0.00000E+00   0.13263E-10   0.00000E+00   0.34469E-06
  0.001   0.090    0.00000E+00   0.20346E-10   0.00000E+00   0.13265E-10   0.00000E+00   0.34469E-06
  0.001   0.100    0.00000E+00   0.20347E-10   0.00000E+00   0.13266E-10   0.00000E+00   0.34469E-06
  0.001   0.110    0.00000E+00   0.20348E-10   0.00000E+00   0.13267E-10   0.00000E+00   0.34469E-06
  0.001   0.120    0.00000E+00   0.20349E-10   0.00000E+00   0.13269E-10   0.00000E+00   0.34469E-06
  0.002   0.130    0.00000E+00   0.20350E-10   0.00000E+00   0.13271E-10   0.00000E+00   0.34469E-06
  0.002   0.140    0.00000E+00   0.20352E-10   0.00000E+00   0.13274E-10   0.00000E+00   0.34469E-06
  0.002   0.150    0.00000E+00   0.20353E-10   0.00000E+00   0.13276E-10   0.00000E+00   0.34469E-06
  0.003   0.160    0.00000E+00   0.20354E-10   0.00000E+00   0.13278E-10   0.00000E+00   0.34469E-06
  0.003   0.170    0.00000E+00   0.20356E-10   0.00000E+00   0.13280E-10   0.00000E+00   0.34469E-06
  0.003   0.180    0.00000E+00   0.20357E-10   0.00000E+00   0.13283E-10   0.00000E+00   0.34469E-06
  0.004   0.190    0.00000E+00   0.20359E-10   0.00000E+00   0.13286E-10   0.00000E+00   0.34469E-06
  0.004   0.200    0.00000E+00   0.20361E-10   0.00000E+00   0.13289E-10   0.00000E+00   0.34469E-06
  0.004   0.210    0.00000E+00   0.20363E-10   0.00000E+00   0.13292E-10   0.00000E+00   0.34469E-06
  0.005   0.220    0.00000E+00   0.20365E-10   0.00000E+00   0.13295E-10   0.00000E+00   0.34469E-06
  0.005   0.230    0.00000E+00   0.20367E-10   0.00000E+00   0.13298E-10   0.00000E+00   0.34469E-06
  0.006   0.240    0.00000E+00   0.20369E-10   0.00000E+00   0.13302E-10   0.00000E+00   0.34469E-06
  0.006   0.250    0.00000E+00   0.20371E-10   0.00000E+00   0.13306E-10   0.00000E+00   0.34469E-06
  0.007   0.260    0.00000E+00   0.20373E-10   0.00000E+00   0.13310E-10   0.00000E+00   0.34469E-06
  0.007   0.270    0.00000E+00   0.20376E-10   0.00000E+00   0.13314E-10   0.00000E+00   0.34469E-06
  0.008   0.280    0.00000E+00   0.20378E-10   0.00000E+00   0.13318E-10   0.00000E+00   0.34469E-06
  0.009   0.290    0.00000E+00   0.20381E-10   0.00000E+00   0.13322E-10   0.00000E+00   0.34469E-06
  0.009   0.300    0.00000E+00   0.20384E-10   0.00000E+00   0.13327E-10   0.00000E+00   0.34469E-06
  0.010   0.310    0.00000E+00   0.20386E-10   0.00000E+00   0.13332E-10   0.00000E+00   0.34469E-06
  0.010   0.320    0.00000E+00   0.20389E-10   0.00000E+00   0.13337E-10   0.00000E+00   0.34469E-06
  0.011   0.330    0.00000E+00   0.20392E-10   0.00000E+00   0.13343E-10   0.00000E+00   0.34469E-06
  0.012   0.340    0.00000E+00   0.20395E-10   0.00000E+00   0.13348E-10   0.00000E+00   0.34469E-06
  0.012   0.350    0.00000E+00   0.20399E-10   0.00000E+00   0.13354E-10   0.00000E+00   0.34469E-06
  0.013   0.360    0.00000E+00   0.20402E-10   0.00000E+00   0.13360E-10   0.00000E+00   0.34469E-06
  0.014   0.370    0.00000E+00   0.20406E-10   0.00000E+00   0.13366E-10   0.00000E+00   0.34469E-06
  0.015   0.380    0.00000E+00   0.20409E-10   0.00000E+00   0.13372E-10   0.00000E+00   0.34469E-06
  0.016   0.390    0.00000E+00   0.20413E-10   0.00000E+00   0.13379E-10   0.00000E+00   0.34469E-06
  0.016   0.400    0.00000E+00   0.20416E-10   0.00000E+00   0.13385E-10   0.00000E+00   0.34469E-06
  0.017   0.410    0.00000E+00   0.20420E-10   0.00000E+00   0.13393E-10   0.00000E+00   0.34469E-06
  0.018   0.420    0.00000E+00   0.20424E-10   0.00000E+00   0.13400E-10   0.00000E+00   0.34469E-06
  0.019   0.430    0.00000E+00   0.20428E-10   0.00000E+00   0.13407E-10   0.00000E+00   0.34469E-06
  0.020   0.440    0.00000E+00   0.20433E-10   0.00000E+00   0.13415E-10   0.00000E+00   0.34469E-06
  0.021   0.450    0.00000E+00   0.20437E-10   0.00000E+00   0.13423E-10   0.00000E+00   0.34469E-06
  0.022   0.460    0.00000E+00   0.20441E-10   0.00000E+00   0.13431E-10   0.00000E+00   0.34469E-06
  0.023   0.470    0.00000E+00   0.20446E-10   0.00000E+00   0.13439E-10   0.00000E+00   0.34469E-06
  0.023   0.480    0.00000E+00   0.20451E-10   0.00000E+00   0.13448E-10   0.00000E+00   0.34469E-06
  0.024   0.490    0.00000E+00   0.20455E-10   0.00000E+00   0.13456E-10   0.00000E+00   0.34469E-06
  0.025   0.500    0.00000E+00   0.20460E-10   0.00000E+00   0.13465E-10   0.00000E+00   0.34469E-06
  0.027   0.510    0.00000E+00   0.20465E-10   0.00000E+00   0.13475E-10   0.00000E+00   0.34469E-06
  0.028   0.520    0.00000E+00   0.20470E-10   0.00000E+00   0.13485E-10   0.00000E+00   0.34469E-06
  0.029   0.530    0.00000E+00   0.20476E-10   0.00000E+00   0.13494E-10   0.00000E+00   0.34469E-06
  0.030   0.540    0.00000E+00   0.20481E-10   0.00000E+00   0.13505E-10   0.00000E+00   0.34469E-06
  0.031   0.550    0.00000E+00   0.20487E-10   0.00000E+00   0.13515E-10   0.00000E+00   0.34469E-06
  0.032   0.560    0.00000E+00   0.20492E-10   0.00000E+00   0.13526E-10   0.00000E+00   0.34469E-06
  0.033   0.570    0.00000E+00   0.20498E-10   0.00000E+00   0.13537E-10   0.00000E+00   0.34469E-06
  0.034   0.580    0.00000E+00   0.20504E-10   0.00000E+00   0.13548E-10   0.00000E+00   0.34469E-06
  0.035   0.590    0.00000E+00   0.20510E-10   0.00000E+00   0.13559E-10   0.00000E+00   0.34469E-06
  0.037   0.600    0.00000E+00   0.20516E-10   0.00000E+00   0.13572E-10   0.00000E+00   0.34469E-06
  0.038   0.610    0.00000E+00   0.20523E-10   0.00000E+00   0.13584E-10   0.00000E+00   0.34469E-06
  0.039   0.620    0.00000E+00   0.20529E-10   0.00000E+00   0.13597E-10   0.00000E+00   0.34469E-06
  0.040   0.630    0.00000E+00   0.20536E-10   0.00000E+00   0.13610E-10   0.00000E+00   0.34470E-06
  0.042   0.640    0.00000E+00   0.20543E-10   0.00000E+00   0.13623E-10   0.00000E+00   0.34470E-06
  0.043   0.650    0.00000E+00   0.20549E-10   0.00000E+00   0.13636E-10   0.00000E+00   0.34470E-06
  0.044   0.660    0.00000E+00   0.20556E-10   0.00000E+00   0.13651E-10   0.00000E+00   0.34470E-06
  0.046   0.670    0.00000E+00   0.20564E-10   0.00000E+00   0.13665E-10   0.00000E+00   0.34470E-06
  0.047   0.680    0.00000E+00   0.20571E-10   0.00000E+00   0.13679E-10   0.00000E+00   0.34470E-06
  0.049   0.690    0.00000E+00   0.20578E-10   0.00000E+00   0.13694E-10   0.00000E+00   0.34470E-06
  0.050   0.700    0.00000E+00   0.20586E-10   0.00000E+00   0.13710E-10   0.00000E+00   0.34470E-06
  0.051   0.710    0.00000E+00   0.20594E-10   0.00000E+00   0.13725E-10   0.00000E+00   0.34470E-06
  0.053   0.720    0.00000E+00   0.20602E-10   0.00000E+00   0.13741E-10   0.00000E+00   0.34470E-06
  0.054   0.730    0.00000E+00   0.20610E-10   0.00000E+00   0.13757E-10   0.00000E+00   0.34470E-06
  0.056   0.740    0.00000E+00   0.20618E-10   0.00000E+00   0.13773E-10   0.00000E+00   0.34470E-06
  0.057   0.750    0.00000E+00   0.20626E-10   0.00000E+00   0.13790E-10   0.00000E+00   0.34471E-06
  0.059   0.760    0.00000E+00   0.20635E-10   0.00000E+00   0.13807E-10   0.00000E+00   0.34471E-06
  0.060   0.770    0.00000E+00   0.20644E-10   0.00000E+00   0.13824E-10   0.00000E+00   0.34471E-06
  0.062   0.780    0.00000E+00   0.20652E-10   0.00000E+00   0.13842E-10   0.00000E+00   0.34471E-06
  0.064   0.790    0.00000E+00   0.20661E-10   0.00000E+00   0.13859E-10   0.00000E+00   0.34471E-06
  0.065   0.800    0.00000E+00   0.20670E-10   0.00000E+00   0.13877E-10   0.00000E+00   0.34471E-06
  0.067   0.810    0.00000E+00   0.20680E-10   0.00000E+00   0.13896E-10   0.00000E+00   0.34471E-06
  0.069   0.820    0.00000E+00   0.20689E-10   0.00000E+00   0.13914E-10   0.00000E+00   0.34471E-06
  0.070   0.830    0.00000E+00   0.20699E-10   0.00000E+00   0.13933E-10   0.00000E+00   0.34472E-06
  0.072   0.840    0.00000E+00   0.20708E-10   0.00000E+00   0.13952E-10   0.00000E+00   0.34472E-06
  0.074   0.850    0.00000E+00   0.20718E-10   0.00000E+00   0.13971E-10   0.00000E+00   0.34472E-06
  0.075   0.860    0.00000E+00   0.20728E-10   0.00000E+00   0.13991E-10   0.00000E+00   0.34472E-06
  0.077   0.870    0.00000E+00   0.20738E-10   0.00000E+00   0.14011E-10   0.00000E+00   0.34472E-06
  0.079   0.880    0.00000E+00   0.20749E-10   0.00000E+00   0.14031E-10   0.00000E+00   0.34472E-06
  0.081   0.890    0.00000E+00   0.20759E-10   0.00000E+00   0.14051E-10   0.00000E+00   0.34472E-06
  0.083   0.900    0.00000E+00   0.20770E-10   0.00000E+00   0.14072E-10   0.00000E+00   0.34472E-06
  0.084   0.910    0.00000E+00   0.20780E-10   0.00000E+00   0.14092E-10   0.00000E+00   0.34473E-06
  0.086   0.920    0.00000E+00   0.20791E-10   0.00000E+00   0.14113E-10   0.00000E+00   0.34473E-06
  0.088   0.930    0.00000E+00   0.20802E-10   0.00000E+00   0.14134E-10   0.00000E+00   0.34473E-06
  0.090   0.940    0.00000E+00   0.20814E-10   0.00000E+00   0.14155E-10   0.00000E+00   0.34473E-06
  0.092   0.950    0.00000E+00   0.20825E-10   0.00000E+00   0.14176E-10   0.00000E+00   0.34473E-06
  0.094   0.960    0.00000E+00   0.20836E-10   0.00000E+00   0.14198E-10   0.00000E+00   0.34473E-06
  0.096   0.970    0.00000E+00   0.20848E-10   0.00000E+00   0.14220E-10   0.00000E+00   0.34474E-06
  0.098   0.980    0.00000E+00   0.20860E-10   0.00000E+00   0.14242E-10   0.00000E+00   0.34474E-06
  0.100   0.990    0.00000E+00   0.20872E-10   0.00000E+00   0.14264E-10   0.00000E+00   0.34474E-06
  0.102   1.000    0.00000E+00   0.20884E-10   0.00000E+00   0.14286E-10   0.00000E+00   0.34474E-06
  0.104   1.010    0.00000E+00   0.20896E-10   0.00000E+00   0.14308E-10   0.00000E+00   0.34474E-06
  0.106   1.020    0.00000E+00   0.20908E-10   0.00000E+00   0.14330E-10   0.00000E+00   0.34474E-06
  0.108   1.030    0.00000E+00   0.20921E-10   0.00000E+00   0.14352E-10   0.00000E+00   0.34474E-06
  0.110   1.040    0.00000E+00   0.20933E-10   0.00000E+00   0.14375E-10   0.00000E+00   0.34475E-06
  0.112   1.050    0.00000E+00   0.20946E-10   0.00000E+00   0.14398E-10   0.00000E+00   0.34475E-06
  0.115   1.060    0.00000E+00   0.20959E-10   0.00000E+00   0.14420E-10   0.00000E+00   0.34475E-06
  0.117   1.070    0.00000E+00   0.20972E-10   0.00000E+00   0.14442E-10   0.00000E+00   0.34475E-06
  0.119   1.080    0.00000E+00   0.20985E-10   0.00000E+00   0.14465E-10   0.00000E+00   0.34475E-06
  0.121   1.090    0.00000E+00   0.20999E-10   0.00000E+00   0.14488E-10   0.00000E+00   0.34475E-06
  0.123   1.100    0.00000E+00   0.21012E-10   0.00000E+00   0.14510E-10   0.00000E+00   0.34476E-06
  0.126   1.110    0.00000E+00   0.21026E-10   0.00000E+00   0.14533E-10   0.00000E+00   0.34476E-06
  0.128   1.120    0.00000E+00   0.21039E-10   0.00000E+00   0.14556E-10   0.00000E+00   0.34476E-06
  0.130   1.130    0.00000E+00   0.21053E-10   0.00000E+00   0.14578E-10   0.00000E+00   0.34476E-06
  0.133   1.140    0.00000E+00   0.21067E-10   0.00000E+00   0.14600E-10   0.00000E+00   0.34476E-06
  0.135   1.150    0.00000E+00   0.21081E-10   0.00000E+00   0.14623E-10   0.00000E+00   0.34476E-06
  0.137   1.160    0.00000E+00   0.21095E-10   0.00000E+00   0.14645E-10   0.00000E+00   0.34476E-06
  0.140   1.170    0.00000E+00   0.21110E-10   0.00000E+00   0.14667E-10   0.00000E+00   0.34477E-06
  0.142   1.180    0.00000E+00   0.21124E-10   0.00000E+00   0.14690E-10   0.00000E+00   0.34477E-06
  0.144   1.190    0.00000E+00   0.21139E-10   0.00000E+00   0.14711E-10   0.00000E+00   0.34477E-06
  0.147   1.200    0.00000E+00   0.21153E-10   0.00000E+00   0.14734E-10   0.00000E+00   0.34477E-06
  0.149   1.210    0.00000E+00   0.21168E-10   0.00000E+00   0.14755E-10   0.00000E+00   0.34477E-06
  0.152   1.220    0.00000E+00   0.21183E-10   0.00000E+00   0.14777E-10   0.00000E+00   0.34477E-06
  0.154   1.230    0.00000E+00   0.21198E-10   0.00000E+00   0.14798E-10   0.00000E+00   0.34477E-06
  0.157   1.240    0.00000E+00   0.21213E-10   0.00000E+00   0.14820E-10   0.00000E+00   0.34478E-06
  0.159   1.250    0.00000E+00   0.21229E-10   0.00000E+00   0.14841E-10   0.00000E+00   0.34478E-06
  0.162   1.260    0.00000E+00   0.21244E-10   0.00000E+00   0.14861E-10   0.00000E+00   0.34478E-06
  0.164   1.270    0.00000E+00   0.21259E-10   0.00000E+00   0.14882E-10   0.00000E+00   0.34478E-06
  0.167   1.280    0.00000E+00   0.21275E-10   0.00000E+00   0.14903E-10   0.00000E+00   0.34478E-06
  0.170   1.290    0.00000E+00   0.21290E-10   0.00000E+00   0.14922E-10   0.00000E+00   0.34478E-06
  0.172   1.300    0.00000E+00   0.21306E-10   0.00000E+00   0.14942E-10   0.00000E+00   0.34478E-06
  0.175   1.310    0.00000E+00   0.21322E-10   0.00000E+00   0.14962E-10   0.00000E+00   0.34478E-06
  0.178   1.320    0.00000E+00   0.21338E-10   0.00000E+00   0.14982E-10   0.00000E+00   0.34479E-06
  0.180   1.330    0.00000E+00   0.21354E-10   0.00000E+00   0.15001E-10   0.00000E+00   0.34479E-06
  0.183   1.340    0.00000E+00   0.21370E-10   0.00000E+00   0.15020E-10   0.00000E+00   0.34479E-06
  0.186   1.350    0.00000E+00   0.21386E-10   0.00000E+00   0.15039E-10   0.00000E+00   0.34479E-06
  0.189   1.360    0.00000E+00   0.21402E-10   0.00000E+00   0.15057E-10   0.00000E+00   0.34479E-06
  0.191   1.370    0.00000E+00   0.21419E-10   0.00000E+00   0.15075E-10   0.00000E+00   0.34479E-06
  0.194   1.380    0.00000E+00   0.21435E-10   0.00000E+00   0.15092E-10   0.00000E+00   0.34479E-06
  0.197   1.390    0.00000E+00   0.21452E-10   0.00000E+00   0.15110E-10   0.00000E+00   0.34479E-06
  0.200   1.400    0.00000E+00   0.21468E-10   0.00000E+00   0.15127E-10   0.00000E+00   0.34479E-06
  0.203   1.410    0.00000E+00   0.21485E-10   0.00000E+00   0.15144E-10   0.00000E+00   0.34479E-06
  0.206   1.420    0.00000E+00   0.21501E-10   0.00000E+00   0.15160E-10   0.00000E+00   0.34479E-06
  0.209   1.430    0.00000E+00   0.21518E-10   0.00000E+00   0.15176E-10   0.00000E+00   0.34480E-06
  0.211   1.440    0.00000E+00   0.21535E-10   0.00000E+00   0.15191E-10   0.00000E+00   0.34480E-06
  0.214   1.450    0.00000E+00   0.21552E-10   0.00000E+00   0.15207E-10   0.00000E+00   0.34480E-06
  0.217   1.460    0.00000E+00   0.21569E-10   0.00000E+00   0.15221E-10   0.00000E+00   0.34480E-06
  0.220   1.470    0.00000E+00   0.21586E-10   0.00000E+00   0.15236E-10   0.00000E+00   0.34480E-06
  0.223   1.480    0.00000E+00   0.21603E-10   0.00000E+00   0.15250E-10   0.00000E+00   0.34480E-06
  0.226   1.490    0.00000E+00   0.21620E-10   0.00000E+00   0.15263E-10   0.00000E+00   0.34480E-06
  0.229   1.500    0.00000E+00   0.21637E-10   0.00000E+00   0.15277E-10   0.00000E+00   0.34480E-06
  0.233   1.510    0.00000E+00   0.21655E-10   0.00000E+00   0.15290E-10   0.00000E+00   0.34480E-06
  0.236   1.520    0.00000E+00   0.21672E-10   0.00000E+00   0.15302E-10   0.00000E+00   0.34480E-06
  0.239   1.530    0.00000E+00   0.21689E-10   0.00000E+00   0.15314E-10   0.00000E+00   0.34480E-06
  0.242   1.540    0.00000E+00   0.21707E-10   0.00000E+00   0.15326E-10   0.00000E+00   0.34480E-06
  0.245   1.550    0.00000E+00   0.21724E-10   0.00000E+00   0.15337E-10   0.00000E+00   0.34480E-06
  0.248   1.560    0.00000E+00   0.21741E-10   0.00000E+00   0.15347E-10   0.00000E+00   0.34480E-06
  0.251   1.570    0.00000E+00   0.21759E-10   0.00000E+00   0.15357E-10   0.00000E+00   0.34480E-06
  0.255   1.580    0.00000E+00   0.21776E-10   0.00000E+00   0.15367E-10   0.00000E+00   0.34480E-06
  0.258   1.590    0.00000E+00   0.21794E-10   0.00000E+00   0.15376E-10   0.00000E+00   0.34480E-06
  0.261   1.600    0.00000E+00   0.21811E-10   0.00000E+00   0.15385E-10   0.00000E+00   0.34480E-06
  0.264   1.610    0.00000E+00   0.21829E-10   0.00000E+00   0.15393E-10   0.00000E+00   0.34480E-06
  0.268   1.620    0.00000E+00   0.21847E-10   0.00000E+00   0.15401E-10   0.00000E+00   0.34480E-06
  0.271   1.630    0.00000E+00   0.21864E-10   0.00000E+00   0.15408E-10   0.00000E+00   0.34480E-06
  0.274   1.640    0.00000E+00   0.21882E-10   0.00000E+00   0.15415E-10   0.00000E+00   0.34480E-06
  0.278   1.650    0.00000E+00   0.21900E-10   0.00000E+00   0.15422E-10   0.00000E+00   0.34480E-06
  0.281   1.660    0.00000E+00   0.21917E-10   0.00000E+00   0.15427E-10   0.00000E+00   0.34480E-06
  0.284   1.670    0.00000E+00   0.21935E-10   0.00000E+00   0.15433E-10   0.00000E+00   0.34480E-06
  0.288   1.680    0.00000E+00   0.21953E-10   0.00000E+00   0.15437E-10   0.00000E+00   0.34480E-06
  0.291   1.690    0.00000E+00   0.21970E-10   0.00000E+00   0.15442E-10   0.00000E+00   0.34480E-06
  0.295   1.700    0.00000E+00   0.21988E-10   0.00000E+00   0.15446E-10   0.00000E+00   0.34480E-06
  0.298   1.710    0.00000E+00   0.22006E-10   0.00000E+00   0.15449E-10   0.00000E+00   0.34479E-06
  0.302   1.720    0.00000E+00   0.22024E-10   0.00000E+00   0.15452E-10   0.00000E+00   0.34479E-06
  0.305   1.730    0.00000E+00   0.22041E-10   0.00000E+00   0.15454E-10   0.00000E+00   0.34479E-06
  0.309   1.740    0.00000E+00   0.22059E-10   0.00000E+00   0.15456E-10   0.00000E+00   0.34479E-06
  0.312   1.750    0.00000E+00   0.22077E-10   0.00000E+00   0.15457E-10   0.00000E+00   0.34479E-06
  0.316   1.760    0.00000E+00   0.22094E-10   0.00000E+00   0.15458E-10   0.00000E+00   0.34479E-06
  0.319   1.770    0.00000E+00   0.22112E-10   0.00000E+00   0.15458E-10   0.00000E+00   0.34479E-06
  0.323   1.780    0.00000E+00   0.22130E-10   0.00000E+00   0.15458E-10   0.00000E+00   0.34479E-06
  0.327   1.790    0.00000E+00   0.22147E-10   0.00000E+00   0.15457E-10   0.00000E+00   0.34479E-06
  0.330   1.800    0.00000E+00   0.22165E-10   0.00000E+00   0.15456E-10   0.00000E+00   0.34479E-06
  0.334   1.810    0.00000E+00   0.22183E-10   0.00000E+00   0.15454E-10   0.00000E+00   0.34479E-06
  0.338   1.820    0.00000E+00   0.22200E-10   0.00000E+00   0.15452E-10   0.00000E+00   0.34479E-06
  0.341   1.830    0.00000E+00   0.22218E-10   0.00000E+00   0.15449E-10   0.00000E+00   0.34479E-06
  0.345   1.840    0.00000E+00   0.22235E-10   0.00000E+00   0.15445E-10   0.00000E+00   0.34478E-06
  0.349   1.850    0.00000E+00   0.22253E-10   0.00000E+00   0.15442E-10   0.00000E+00   0.34478E-06
  0.353   1.860    0.00000E+00   0.22270E-10   0.00000E+00   0.15438E-10   0.00000E+00   0.34478E-06
  0.357   1.870    0.00000E+00   0.22288E-10   0.00000E+00   0.15433E-10   0.00000E+00   0.34478E-06
  0.360   1.880    0.00000E+00   0.22305E-10   0.00000E+00   0.15427E-10   0.00000E+00   0.34478E-06
  0.364   1.890    0.00000E+00   0.22322E-10   0.00000E+00   0.15422E-10   0.00000E+00   0.34478E-06
  0.368   1.900    0.00000E+00   0.22340E-10   0.00000E+00   0.15415E-10   0.00000E+00   0.34478E-06
  0.372   1.910    0.00000E+00   0.22357E-10   0.00000E+00   0.15409E-10   0.00000E+00   0.34478E-06
  0.376   1.920    0.00000E+00   0.22374E-10   0.00000E+00   0.15401E-10   0.00000E+00   0.34478E-06
  0.380   1.930    0.00000E+00   0.22391E-10   0.00000E+00   0.15394E-10   0.00000E+00   0.34478E-06
  0.384   1.940    0.00000E+00   0.22408E-10   0.00000E+00   0.15386E-10   0.00000E+00   0.34477E-06
  0.388   1.950    0.00000E+00   0.22425E-10   0.00000E+00   0.15377E-10   0.00000E+00   0.34477E-06
  0.392   1.960    0.00000E+00   0.22442E-10   0.00000E+00   0.15368E-10   0.00000E+00   0.34477E-06
  0.396   1.970    0.00000E+00   0.22459E-10   0.00000E+00   0.15359E-10   0.00000E+00   0.34477E-06
  0.400   1.980    0.00000E+00   0.22476E-10   0.00000E+00   0.15348E-10   0.00000E+00   0.34477E-06
  0.404   1.990    0.00000E+00   0.22493E-10   0.00000E+00   0.15338E-10   0.00000E+00   0.34477E-06
  0.408   2.000    0.00000E+00   0.22510E-10   0.00000E+00   0.15327E-10   0.00000E+00   0.34477E-06
  0.412   2.010    0.00000E+00   0.22526E-10   0.00000E+00   0.15316E-10   0.00000E+00   0.34477E-06
  0.416   2.020    0.00000E+00   0.22543E-10   0.00000E+00   0.15305E-10   0.00000E+00   0.34477E-06
  0.420   2.030    0.00000E+00   0.22559E-10   0.00000E+00   0.15292E-10   0.00000E+00   0.34477E-06
  0.424   2.040    0.00000E+00   0.22576E-10   0.00000E+00   0.15280E-10   0.00000E+00   0.34476E-06
  0.429   2.050    0.00000E+00   0.22592E-10   0.00000E+00   0.15267E-10   0.00000E+00   0.34476E-06
  0.433   2.060    0.00000E+00   0.22608E-10   0.00000E+00   0.15253E-10   0.00000E+00   0.34476E-06
  0.437   2.070    0.00000E+00   0.22625E-10   0.00000E+00   0.15240E-10   0.00000E+00   0.34476E-06
  0.441   2.080    0.00000E+00   0.22641E-10   0.00000E+00   0.15225E-10   0.00000E+00   0.34476E-06
  0.445   2.090    0.00000E+00   0.22657E-10   0.00000E+00   0.15211E-10   0.00000E+00   0.34476E-06
  0.450   2.100    0.00000E+00   0.22673E-10   0.00000E+00   0.15196E-10   0.00000E+00   0.34476E-06
  0.454   2.110    0.00000E+00   0.22688E-10   0.00000E+00   0.15180E-10   0.00000E+00   0.34476E-06
  0.458   2.120    0.00000E+00   0.22704E-10   0.00000E+00   0.15165E-10   0.00000E+00   0.34476E-06
  0.463   2.130    0.00000E+00   0.22720E-10   0.00000E+00   0.15149E-10   0.00000E+00   0.34475E-06
  0.467   2.140    0.00000E+00   0.22735E-10   0.00000E+00   0.15132E-10   0.00000E+00   0.34475E-06
  0.471   2.150    0.00000E+00   0.22751E-10   0.00000E+00   0.15115E-10   0.00000E+00   0.34475E-06
  0.476   2.160    0.00000E+00   0.22766E-10   0.00000E+00   0.15099E-10   0.00000E+00   0.34475E-06
  0.480   2.170    0.00000E+00   0.22781E-10   0.00000E+00   0.15081E-10   0.00000E+00   0.34475E-06
  0.485   2.180    0.00000E+00   0.22796E-10   0.00000E+00   0.15063E-10   0.00000E+00   0.34475E-06
  0.489   2.190    0.00000E+00   0.22811E-10   0.00000E+00   0.15045E-10   0.00000E+00   0.34475E-06
  0.494   2.200    0.00000E+00   0.22826E-10   0.00000E+00   0.15027E-10   0.00000E+00   0.34475E-06
  0.498   2.210    0.00000E+00   0.22841E-10   0.00000E+00   0.15008E-10   0.00000E+00   0.34475E-06
  0.503   2.220    0.00000E+00   0.22855E-10   0.00000E+00   0.14989E-10   0.00000E+00   0.34475E-06
  0.507   2.230    0.00000E+00   0.22870E-10   0.00000E+00   0.14970E-10   0.00000E+00   0.34474E-06
  0.512   2.240    0.00000E+00   0.22884E-10   0.00000E+00   0.14950E-10   0.00000E+00   0.34474E-06
  0.516   2.250    0.00000E+00   0.22898E-10   0.00000E+00   0.14930E-10   0.00000E+00   0.34474E-06
  0.521   2.260    0.00000E+00   0.22912E-10   0.00000E+00   0.14909E-10   0.00000E+00   0.34474E-06
  0.525   2.270    0.00000E+00   0.22926E-10   0.00000E+00   0.14889E-10   0.00000E+00   0.34474E-06
  0.530   2.280    0.00000E+00   0.22940E-10   0.00000E+00   0.14868E-10   0.00000E+00   0.34474E-06
  0.535   2.290    0.00000E+00   0.22954E-10   0.00000E+00   0.14847E-10   0.00000E+00   0.34474E-06
  0.539   2.300    0.00000E+00   0.22967E-10   0.00000E+00   0.14825E-10   0.00000E+00   0.34474E-06
  0.544   2.310    0.00000E+00   0.22980E-10   0.00000E+00   0.14803E-10   0.00000E+00   0.34474E-06
  0.549   2.320    0.00000E+00   0.22994E-10   0.00000E+00   0.14781E-10   0.00000E+00   0.34474E-06
  0.554   2.330    0.00000E+00   0.23007E-10   0.00000E+00   0.14759E-10   0.00000E+00   0.34474E-06
  0.558   2.340    0.00000E+00   0.23020E-10   0.00000E+00   0.14736E-10   0.00000E+00   0.34474E-06
  0.563   2.350    0.00000E+00   0.23032E-10   0.00000E+00   0.14714E-10   0.00000E+00   0.34473E-06
  0.568   2.360    0.00000E+00   0.23045E-10   0.00000E+00   0.14691E-10   0.00000E+00   0.34473E-06
  0.573   2.370    0.00000E+00   0.23057E-10   0.00000E+00   0.14668E-10   0.00000E+00   0.34473E-06
  0.578   2.380    0.00000E+00   0.23070E-10   0.00000E+00   0.14644E-10   0.00000E+00   0.34473E-06
  0.582   2.390    0.00000E+00   0.23082E-10   0.00000E+00   0.14620E-10   0.00000E+00   0.34473E-06
  0.587   2.400    0.00000E+00   0.23094E-10   0.00000E+00   0.14596E-10   0.00000E+00   0.34473E-06
  0.592   2.410    0.00000E+00   0.23105E-10   0.00000E+00   0.14572E-10   0.00000E+00   0.34473E-06
  0.597   2.420    0.00000E+00   0.23117E-10   0.00000E+00   0.14547E-10   0.00000E+00   0.34473E-06
  0.602   2.430    0.00000E+00   0.23128E-10   0.00000E+00   0.14522E-10   0.00000E+00   0.34473E-06
  0.607   2.440    0.00000E+00   0.23140E-10   0.00000E+00   0.14497E-10   0.00000E+00   0.34473E-06
  0.612   2.450    0.00000E+00   0.23151E-10   0.00000E+00   0.14472E-10   0.00000E+00   0.34473E-06
  0.617   2.460    0.00000E+00   0.23161E-10   0.00000E+00   0.14446E-10   0.00000E+00   0.34473E-06
  0.622   2.470    0.00000E+00   0.23172E-10   0.00000E+00   0.14421E-10   0.00000E+00   0.34473E-06
  0.627   2.480    0.00000E+00   0.23183E-10   0.00000E+00   0.14395E-10   0.00000E+00   0.34473E-06
  0.632   2.490    0.00000E+00   0.23193E-10   0.00000E+00   0.14369E-10   0.00000E+00   0.34473E-06
  0.637   2.500    0.00000E+00   0.23203E-10   0.00000E+00   0.14343E-10   0.00000E+00   0.34472E-06
  0.642   2.510    0.00000E+00   0.23213E-10   0.00000E+00   0.14316E-10   0.00000E+00   0.34472E-06
  0.648   2.520    0.00000E+00   0.23222E-10   0.00000E+00   0.14289E-10   0.00000E+00   0.34472E-06
  0.653   2.530    0.00000E+00   0.23232E-10   0.00000E+00   0.14262E-10   0.00000E+00   0.34472E-06
  0.658   2.540    0.00000E+00   0.23241E-10   0.00000E+00   0.14235E-10   0.00000E+00   0.34472E-06
  0.663   2.550    0.00000E+00   0.23250E-10   0.00000E+00   0.14208E-10   0.00000E+00   0.34472E-06
  0.668   2.560    0.00000E+00   0.23259E-10   0.00000E+00   0.14180E-10   0.00000E+00   0.34472E-06
  0.674   2.570    0.00000E+00   0.23267E-10   0.00000E+00   0.14153E-10   0.00000E+00   0.34472E-06
  0.679   2.580    0.00000E+00   0.23276E-10   0.00000E+00   0.14124E-10   0.00000E+00   0.34472E-06
  0.684   2.590    0.00000E+00   0.23284E-10   0.00000E+00   0.14096E-10   0.00000E+00   0.34472E-06
  0.689   2.600    0.00000E+00   0.23292E-10   0.00000E+00   0.14068E-10   0.00000E+00   0.34472E-06
  0.695   2.610    0.00000E+00   0.23299E-10   0.00000E+00   0.14039E-10   0.00000E+00   0.34472E-06
  0.700   2.620    0.00000E+00   0.23307E-10   0.00000E+00   0.14010E-10   0.00000E+00   0.34472E-06
  0.705   2.630    0.00000E+00   0.23314E-10   0.00000E+00   0.13981E-10   0.00000E+00   0.34472E-06
  0.711   2.640    0.00000E+00   0.23321E-10   0.00000E+00   0.13952E-10   0.00000E+00   0.34472E-06
  0.716   2.650    0.00000E+00   0.23328E-10   0.00000E+00   0.13923E-10   0.00000E+00   0.34472E-06
  0.722   2.660    0.00000E+00   0.23334E-10   0.00000E+00   0.13893E-10   0.00000E+00   0.34472E-06
  0.727   2.670    0.00000E+00   0.23340E-10   0.00000E+00   0.13863E-10   0.00000E+00   0.34472E-06
  0.732   2.680    0.00000E+00   0.23346E-10   0.00000E+00   0.13834E-10   0.00000E+00   0.34472E-06
  0.738   2.690    0.00000E+00   0.23352E-10   0.00000E+00   0.13803E-10   0.00000E+00   0.34472E-06
  0.743   2.700    0.00000E+00   0.23357E-10   0.00000E+00   0.13773E-10   0.00000E+00   0.34472E-06
  0.749   2.710    0.00000E+00   0.23362E-10   0.00000E+00   0.13743E-10   0.00000E+00   0.34472E-06
  0.754   2.720    0.00000E+00   0.23367E-10   0.00000E+00   0.13712E-10   0.00000E+00   0.34472E-06
  0.760   2.730    0.00000E+00   0.23371E-10   0.00000E+00   0.13681E-10   0.00000E+00   0.34472E-06
  0.766   2.740    0.00000E+00   0.23376E-10   0.00000E+00   0.13650E-10   0.00000E+00   0.34471E-06
  0.771   2.750    0.00000E+00   0.23380E-10   0.00000E+00   0.13618E-10   0.00000E+00   0.34471E-06
  0.777   2.760    0.00000E+00   0.23383E-10   0.00000E+00   0.13587E-10   0.00000E+00   0.34471E-06
  0.782   2.770    0.00000E+00   0.23387E-10   0.00000E+00   0.13555E-10   0.00000E+00   0.34471E-06
  0.788   2.780    0.00000E+00   0.23390E-10   0.00000E+00   0.13524E-10   0.00000E+00   0.34471E-06
  0.794   2.790    0.00000E+00   0.23393E-10   0.00000E+00   0.13491E-10   0.00000E+00   0.34471E-06
  0.799   2.800    0.00000E+00   0.23395E-10   0.00000E+00   0.13459E-10   0.00000E+00   0.34471E-06
  0.805   2.810    0.00000E+00   0.23398E-10   0.00000E+00   0.13427E-10   0.00000E+00   0.34471E-06
  0.811   2.820    0.00000E+00   0.23399E-10   0.00000E+00   0.13394E-10   0.00000E+00   0.34471E-06
  0.817   2.830    0.00000E+00   0.23401E-10   0.00000E+00   0.13361E-10   0.00000E+00   0.34471E-06
  0.822   2.840    0.00000E+00   0.23402E-10   0.00000E+00   0.13329E-10   0.00000E+00   0.34471E-06
  0.828   2.850    0.00000E+00   0.23403E-10   0.00000E+00   0.13295E-10   0.00000E+00   0.34471E-06
  0.834   2.860    0.00000E+00   0.23404E-10   0.00000E+00   0.13262E-10   0.00000E+00   0.34471E-06
  0.840   2.870    0.00000E+00   0.23404E-10   0.00000E+00   0.13228E-10   0.00000E+00   0.34471E-06
  0.846   2.880    0.00000E+00   0.23404E-10   0.00000E+00   0.13195E-10   0.00000E+00   0.34471E-06
  0.852   2.890    0.00000E+00   0.23404E-10   0.00000E+00   0.13161E-10   0.00000E+00   0.34471E-06
  0.858   2.900    0.00000E+00   0.23403E-10   0.00000E+00   0.13127E-10   0.00000E+00   0.34471E-06
  0.864   2.910    0.00000E+00   0.23402E-10   0.00000E+00   0.13092E-10   0.00000E+00   0.34471E-06
  0.869   2.920    0.00000E+00   0.23401E-10   0.00000E+00   0.13058E-10   0.00000E+00   0.34471E-06
  0.875   2.930    0.00000E+00   0.23399E-10   0.00000E+00   0.13023E-10   0.00000E+00   0.34471E-06
  0.881   2.940    0.00000E+00   0.23397E-10   0.00000E+00   0.12988E-10   0.00000E+00   0.34471E-06
  0.887   2.950    0.00000E+00   0.23395E-10   0.00000E+00   0.12953E-10   0.00000E+00   0.34471E-06
  0.893   2.960    0.00000E+00   0.23392E-10   0.00000E+00   0.12918E-10   0.00000E+00   0.34471E-06
  0.899   2.970    0.00000E+00   0.23389E-10   0.00000E+00   0.12883E-10   0.00000E+00   0.34471E-06
  0.906   2.980    0.00000E+00   0.23385E-10   0.00000E+00   0.12847E-10   0.00000E+00   0.34471E-06
  0.912   2.990    0.00000E+00   0.23382E-10   0.00000E+00   0.12812E-10   0.00000E+00   0.34471E-06
  0.918   3.000    0.00000E+00   0.23377E-10   0.00000E+00   0.12776E-10   0.00000E+00   0.34471E-06
  0.924   3.010    0.00000E+00   0.23373E-10   0.00000E+00   0.12740E-10   0.00000E+00   0.34471E-06
  0.930   3.020    0.00000E+00   0.23368E-10   0.00000E+00   0.12703E-10   0.00000E+00   0.34471E-06
  0.936   3.030    0.00000E+00   0.23362E-10   0.00000E+00   0.12667E-10   0.00000E+00   0.34471E-06
  0.942   3.040    0.00000E+00   0.23357E-10   0.00000E+00   0.12630E-10   0.00000E+00   0.34471E-06
  0.949   3.050    0.00000E+00   0.23350E-10   0.00000E+00   0.12594E-10   0.00000E+00   0.34471E-06
  0.955   3.060    0.00000E+00   0.23344E-10   0.00000E+00   0.12557E-10   0.00000E+00   0.34471E-06
  0.961   3.070    0.00000E+00   0.23337E-10   0.00000E+00   0.12519E-10   0.00000E+00   0.34471E-06
  0.967   3.080    0.00000E+00   0.23330E-10   0.00000E+00   0.12482E-10   0.00000E+00   0.34471E-06
  0.974   3.090    0.00000E+00   0.23322E-10   0.00000E+00   0.12445E-10   0.00000E+00   0.34471E-06
  0.980   3.100    0.00000E+00   0.23314E-10   0.00000E+00   0.12407E-10   0.00000E+00   0.34471E-06
  0.986   3.110    0.00000E+00   0.23305E-10   0.00000E+00   0.12369E-10   0.00000E+00   0.34471E-06
  0.993   3.120    0.00000E+00   0.23296E-10   0.00000E+00   0.12331E-10   0.00000E+00   0.34471E-06
  0.999   3.130    0.00000E+00   0.23287E-10   0.00000E+00   0.12293E-10   0.00000E+00   0.34471E-06
  1.005   3.140    0.00000E+00   0.23277E-10   0.00000E+00   0.12255E-10   0.00000E+00   0.34471E-06
  1.012   3.150    0.00000E+00   0.23267E-10   0.00000E+00   0.12216E-10   0.00000E+00   0.34471E-06
  1.018   3.160    0.00000E+00   0.23256E-10   0.00000E+00   0.12177E-10   0.00000E+00   0.34471E-06
  1.025   3.170    0.00000E+00   0.23245E-10   0.00000E+00   0.12138E-10   0.00000E+00   0.34471E-06
  1.031   3.180    0.00000E+00   0.23234E-10   0.00000E+00   0.12099E-10   0.00000E+00   0.34471E-06
  1.038   3.190    0.00000E+00   0.23222E-10   0.00000E+00   0.12060E-10   0.00000E+00   0.34471E-06
  1.044   3.200    0.00000E+00   0.23209E-10   0.00000E+00   0.12021E-10   0.00000E+00   0.34471E-06
  1.051   3.210    0.00000E+00   0.23197E-10   0.00000E+00   0.11981E-10   0.00000E+00   0.34471E-06
  1.057   3.220    0.00000E+00   0.23183E-10   0.00000E+00   0.11941E-10   0.00000E+00   0.34471E-06
  1.064   3.230    0.00000E+00   0.23170E-10   0.00000E+00   0.11902E-10   0.00000E+00   0.34471E-06
  1.070   3.240    0.00000E+00   0.23156E-10   0.00000E+00   0.11862E-10   0.00000E+00   0.34471E-06
  1.077   3.250    0.00000E+00   0.23141E-10   0.00000E+00   0.11822E-10   0.00000E+00   0.34471E-06
  1.084   3.260    0.00000E+00   0.23126E-10   0.00000E+00   0.11782E-10   0.00000E+00   0.34471E-06
  1.090   3.270    0.00000E+00   0.23111E-10   0.00000E+00   0.11741E-10   0.00000E+00   0.34471E-06
  1.097   3.280    0.00000E+00   0.23095E-10   0.00000E+00   0.11700E-10   0.00000E+00   0.34471E-06
  1.104   3.290    0.00000E+00   0.23078E-10   0.00000E+00   0.11660E-10   0.00000E+00   0.34471E-06
  1.110   3.300    0.00000E+00   0.23061E-10   0.00000E+00   0.11619E-10   0.00000E+00   0.34471E-06
  1.117   3.310    0.00000E+00   0.23044E-10   0.00000E+00   0.11578E-10   0.00000E+00   0.34471E-06
  1.124   3.320    0.00000E+00   0.23026E-10   0.00000E+00   0.11537E-10   0.00000E+00   0.34471E-06
  1.131   3.330    0.00000E+00   0.23008E-10   0.00000E+00   0.11495E-10   0.00000E+00   0.34471E-06
  1.138   3.340    0.00000E+00   0.22989E-10   0.00000E+00   0.11454E-10   0.00000E+00   0.34471E-06
  1.144   3.350    0.00000E+00   0.22970E-10   0.00000E+00   0.11412E-10   0.00000E+00   0.34471E-06
  1.151   3.360    0.00000E+00   0.22950E-10   0.00000E+00   0.11370E-10   0.00000E+00   0.34471E-06
  1.158   3.370    0.00000E+00   0.22930E-10   0.00000E+00   0.11328E-10   0.00000E+00   0.34471E-06
  1.165   3.380    0.00000E+00   0.22910E-10   0.00000E+00   0.11286E-10   0.00000E+00   0.34471E-06
  1.172   3.390    0.00000E+00   0.22889E-10   0.00000E+00   0.11244E-10   0.00000E+00   0.34471E-06
  1.179   3.400    0.00000E+00   0.22867E-10   0.00000E+00   0.11202E-10   0.00000E+00   0.34471E-06
  1.186   3.410    0.00000E+00   0.22845E-10   0.00000E+00   0.11160E-10   0.00000E+00   0.34471E-06
  1.193   3.420    0.00000E+00   0.22822E-10   0.00000E+00   0.11117E-10   0.00000E+00   0.34471E-06
  1.200   3.430    0.00000E+00   0.22799E-10   0.00000E+00   0.11074E-10   0.00000E+00   0.34472E-06
  1.207   3.440    0.00000E+00   0.22776E-10   0.00000E+00   0.11031E-10   0.00000E+00   0.34472E-06
  1.214   3.450    0.00000E+00   0.22752E-10   0.00000E+00   0.10989E-10   0.00000E+00   0.34472E-06
  1.221   3.460    0.00000E+00   0.22727E-10   0.00000E+00   0.10946E-10   0.00000E+00   0.34472E-06
  1.228   3.470    0.00000E+00   0.22702E-10   0.00000E+00   0.10902E-10   0.00000E+00   0.34472E-06
  1.235   3.480    0.00000E+00   0.22677E-10   0.00000E+00   0.10859E-10   0.00000E+00   0.34472E-06
  1.242   3.490    0.00000E+00   0.22651E-10   0.00000E+00   0.10816E-10   0.00000E+00   0.34472E-06
  1.249   3.500    0.00000E+00   0.22624E-10   0.00000E+00   0.10772E-10   0.00000E+00   0.34472E-06
  1.256   3.510    0.00000E+00   0.22597E-10   0.00000E+00   0.10729E-10   0.00000E+00   0.34472E-06
  1.263   3.520    0.00000E+00   0.22570E-10   0.00000E+00   0.10685E-10   0.00000E+00   0.34472E-06
  1.271   3.530    0.00000E+00   0.22542E-10   0.00000E+00   0.10641E-10   0.00000E+00   0.34472E-06
  1.278   3.540    0.00000E+00   0.22513E-10   0.00000E+00   0.10597E-10   0.00000E+00   0.34472E-06
  1.285   3.550    0.00000E+00   0.22484E-10   0.00000E+00   0.10553E-10   0.00000E+00   0.34472E-06
  1.292   3.560    0.00000E+00   0.22455E-10   0.00000E+00   0.10509E-10   0.00000E+00   0.34472E-06
  1.300   3.570    0.00000E+00   0.22425E-10   0.00000E+00   0.10465E-10   0.00000E+00   0.34472E-06
  1.307   3.580    0.00000E+00   0.22394E-10   0.00000E+00   0.10421E-10   0.00000E+00   0.34472E-06
  1.314   3.590    0.00000E+00   0.22363E-10   0.00000E+00   0.10377E-10   0.00000E+00   0.34472E-06
  1.322   3.600    0.00000E+00   0.22332E-10   0.00000E+00   0.10332E-10   0.00000E+00   0.34472E-06
  1.329   3.610    0.00000E+00   0.22300E-10   0.00000E+00   0.10288E-10   0.00000E+00   0.34472E-06
  1.336   3.620    0.00000E+00   0.22267E-10   0.00000E+00   0.10243E-10   0.00000E+00   0.34472E-06
  1.344   3.630    0.00000E+00   0.22234E-10   0.00000E+00   0.10199E-10   0.00000E+00   0.34472E-06
  1.351   3.640    0.00000E+00   0.22200E-10   0.00000E+00   0.10154E-10   0.00000E+00   0.34472E-06
  1.359   3.650    0.00000E+00   0.22166E-10   0.00000E+00   0.10109E-10   0.00000E+00   0.34472E-06
  1.366   3.660    0.00000E+00   0.22132E-10   0.00000E+00   0.10065E-10   0.00000E+00   0.34472E-06
  1.373   3.670    0.00000E+00   0.22097E-10   0.00000E+00   0.10020E-10   0.00000E+00   0.34472E-06
  1.381   3.680    0.00000E+00   0.22061E-10   0.00000E+00   0.99750E-11   0.00000E+00   0.34472E-06
  1.388   3.690    0.00000E+00   0.22025E-10   0.00000E+00   0.99299E-11   0.00000E+00   0.34472E-06
  1.396   3.700    0.00000E+00   0.21989E-10   0.00000E+00   0.98850E-11   0.00000E+00   0.34472E-06
  1.404   3.710    0.00000E+00   0.21952E-10   0.00000E+00   0.98398E-11   0.00000E+00   0.34472E-06
  1.411   3.720    0.00000E+00   0.21914E-10   0.00000E+00   0.97951E-11   0.00000E+00   0.34472E-06
  1.419   3.730    0.00000E+00   0.21876E-10   0.00000E+00   0.97502E-11   0.00000E+00   0.34472E-06
  1.426   3.740    0.00000E+00   0.21837E-10   0.00000E+00   0.97048E-11   0.00000E+00   0.34472E-06
  1.434   3.750    0.00000E+00   0.21798E-10   0.00000E+00   0.96597E-11   0.00000E+00   0.34472E-06
  1.442   3.760    0.00000E+00   0.21759E-10   0.00000E+00   0.96146E-11   0.00000E+00   0.34472E-06
  1.449   3.770    0.00000E+00   0.21719E-10   0.00000E+00   0.95695E-11   0.00000E+00   0.34473E-06
  1.457   3.780    0.00000E+00   0.21678E-10   0.00000E+00   0.95240E-11   0.00000E+00   0.34473E-06
  1.465   3.790    0.00000E+00   0.21637E-10   0.00000E+00   0.94790E-11   0.00000E+00   0.34473E-06
  1.472   3.800    0.00000E+00   0.21595E-10   0.00000E+00   0.94338E-11   0.00000E+00   0.34473E-06
  1.480   3.810    0.00000E+00   0.21553E-10   0.00000E+00   0.93887E-11   0.00000E+00   0.34473E-06
  1.488   3.820    0.00000E+00   0.21511E-10   0.00000E+00   0.93436E-11   0.00000E+00   0.34473E-06
  1.496   3.830    0.00000E+00   0.21468E-10   0.00000E+00   0.92983E-11   0.00000E+00   0.34473E-06
  1.504   3.840    0.00000E+00   0.21424E-10   0.00000E+00   0.92530E-11   0.00000E+00   0.34473E-06
  1.511   3.850    0.00000E+00   0.21380E-10   0.00000E+00   0.92078E-11   0.00000E+00   0.34473E-06
  1.519   3.860    0.00000E+00   0.21336E-10   0.00000E+00   0.91625E-11   0.00000E+00   0.34473E-06
  1.527   3.870    0.00000E+00   0.21291E-10   0.00000E+00   0.91174E-11   0.00000E+00   0.34473E-06
  1.535   3.880    0.00000E+00   0.21246E-10   0.00000E+00   0.90725E-11   0.00000E+00   0.34473E-06
  1.543   3.890    0.00000E+00   0.21200E-10   0.00000E+00   0.90271E-11   0.00000E+00   0.34473E-06
  1.551   3.900    0.00000E+00   0.21153E-10   0.00000E+00   0.89825E-11   0.00000E+00   0.34473E-06
  1.559   3.910    0.00000E+00   0.21106E-10   0.00000E+00   0.89377E-11   0.00000E+00   0.34473E-06
  1.567   3.920    0.00000E+00   0.21059E-10   0.00000E+00   0.88922E-11   0.00000E+00   0.34473E-06
  1.575   3.930    0.00000E+00   0.21011E-10   0.00000E+00   0.88477E-11   0.00000E+00   0.34473E-06
  1.583   3.940    0.00000E+00   0.20963E-10   0.00000E+00   0.88027E-11   0.00000E+00   0.34473E-06
  1.591   3.950    0.00000E+00   0.20914E-10   0.00000E+00   0.87579E-11   0.00000E+00   0.34473E-06
  1.599   3.960    0.00000E+00   0.20865E-10   0.00000E+00   0.87129E-11   0.00000E+00   0.34473E-06
  1.607   3.970    0.00000E+00   0.20815E-10   0.00000E+00   0.86682E-11   0.00000E+00   0.34473E-06
  1.615   3.980    0.00000E+00   0.20765E-10   0.00000E+00   0.86236E-11   0.00000E+00   0.34473E-06
  1.623   3.990    0.00000E+00   0.20715E-10   0.00000E+00   0.85790E-11   0.00000E+00   0.34473E-06
  1.632   4.000    0.00000E+00   0.20664E-10   0.00000E+00   0.85348E-11   0.00000E+00   0.34473E-06
  1.640   4.010    0.00000E+00   0.20612E-10   0.00000E+00   0.84903E-11   0.00000E+00   0.34473E-06
  1.648   4.020    0.00000E+00   0.20561E-10   0.00000E+00   0.84456E-11   0.00000E+00   0.34474E-06
  1.656   4.030    0.00000E+00   0.20508E-10   0.00000E+00   0.84018E-11   0.00000E+00   0.34474E-06
  1.664   4.040    0.00000E+00   0.20456E-10   0.00000E+00   0.83580E-11   0.00000E+00   0.34474E-06
  1.673   4.050    0.00000E+00   0.20403E-10   0.00000E+00   0.83141E-11   0.00000E+00   0.34474E-06
  1.681   4.060    0.00000E+00   0.20349E-10   0.00000E+00   0.82699E-11   0.00000E+00   0.34474E-06
  1.689   4.070    0.00000E+00   0.20295E-10   0.00000E+00   0.82259E-11   0.00000E+00   0.34474E-06
  1.697   4.080    0.00000E+00   0.20241E-10   0.00000E+00   0.81827E-11   0.00000E+00   0.34474E-06
  1.706   4.090    0.00000E+00   0.20186E-10   0.00000E+00   0.81387E-11   0.00000E+00   0.34474E-06
  1.714   4.100    0.00000E+00   0.20131E-10   0.00000E+00   0.80954E-11   0.00000E+00   0.34474E-06
  1.723   4.110    0.00000E+00   0.20075E-10   0.00000E+00   0.80521E-11   0.00000E+00   0.34474E-06
  1.731   4.120    0.00000E+00   0.20019E-10   0.00000E+00   0.80086E-11   0.00000E+00   0.34474E-06
  1.739   4.130    0.00000E+00   0.19963E-10   0.00000E+00   0.79658E-11   0.00000E+00   0.34474E-06
  1.748   4.140    0.00000E+00   0.19906E-10   0.00000E+00   0.79227E-11   0.00000E+00   0.34474E-06
  1.756   4.150    0.00000E+00   0.19849E-10   0.00000E+00   0.78802E-11   0.00000E+00   0.34474E-06
  1.765   4.160    0.00000E+00   0.19792E-10   0.00000E+00   0.78372E-11   0.00000E+00   0.34474E-06
  1.773   4.170    0.00000E+00   0.19734E-10   0.00000E+00   0.77948E-11   0.00000E+00   0.34474E-06
  1.782   4.180    0.00000E+00   0.19676E-10   0.00000E+00   0.77527E-11   0.00000E+00   0.34474E-06
  1.790   4.190    0.00000E+00   0.19617E-10   0.00000E+00   0.77104E-11   0.00000E+00   0.34474E-06
  1.799   4.200    0.00000E+00   0.19558E-10   0.00000E+00   0.76686E-11   0.00000E+00   0.34474E-06
  1.807   4.210    0.00000E+00   0.19499E-10   0.00000E+00   0.76264E-11   0.00000E+00   0.34474E-06
  1.816   4.220    0.00000E+00   0.19439E-10   0.00000E+00   0.75851E-11   0.00000E+00   0.34474E-06
  1.825   4.230    0.00000E+00   0.19379E-10   0.00000E+00   0.75435E-11   0.00000E+00   0.34474E-06
  1.833   4.240    0.00000E+00   0.19319E-10   0.00000E+00   0.75021E-11   0.00000E+00   0.34475E-06
  1.842   4.250    0.00000E+00   0.19259E-10   0.00000E+00   0.74610E-11   0.00000E+00   0.34475E-06
  1.851   4.260    0.00000E+00   0.19198E-10   0.00000E+00   0.74203E-11   0.00000E+00   0.34475E-06
  1.859   4.270    0.00000E+00   0.19136E-10   0.00000E+00   0.73798E-11   0.00000E+00   0.34475E-06
  1.868   4.280    0.00000E+00   0.19075E-10   0.00000E+00   0.73391E-11   0.00000E+00   0.34475E-06
  1.877   4.290    0.00000E+00   0.19013E-10   0.00000E+00   0.72987E-11   0.00000E+00   0.34475E-06
  1.885   4.300    0.00000E+00   0.18951E-10   0.00000E+00   0.72586E-11   0.00000E+00   0.34475E-06
  1.894   4.310    0.00000E+00   0.18889E-10   0.00000E+00   0.72190E-11   0.00000E+00   0.34475E-06
  1.903   4.320    0.00000E+00   0.18826E-10   0.00000E+00   0.71793E-11   0.00000E+00   0.34475E-06
  1.912   4.330    0.00000E+00   0.18764E-10   0.00000E+00   0.71400E-11   0.00000E+00   0.34475E-06
  1.921   4.340    0.00000E+00   0.18700E-10   0.00000E+00   0.71007E-11   0.00000E+00   0.34475E-06
  1.930   4.350    0.00000E+00   0.18637E-10   0.00000E+00   0.70616E-11   0.00000E+00   0.34475E-06
  1.938   4.360    0.00000E+00   0.18573E-10   0.00000E+00   0.70229E-11   0.00000E+00   0.34475E-06
  1.947   4.370    0.00000E+00   0.18510E-10   0.00000E+00   0.69844E-11   0.00000E+00   0.34475E-06
  1.956   4.380    0.00000E+00   0.18445E-10   0.00000E+00   0.69460E-11   0.00000E+00   0.34475E-06
  1.965   4.390    0.00000E+00   0.18381E-10   0.00000E+00   0.69080E-11   0.00000E+00   0.34475E-06
  1.974   4.400    0.00000E+00   0.18317E-10   0.00000E+00   0.68705E-11   0.00000E+00   0.34475E-06
  1.983   4.410    0.00000E+00   0.18252E-10   0.00000E+00   0.68328E-11   0.00000E+00   0.34475E-06
  1.992   4.420    0.00000E+00   0.18187E-10   0.00000E+00   0.67954E-11   0.00000E+00   0.34475E-06
  2.001   4.430    0.00000E+00   0.18122E-10   0.00000E+00   0.67582E-11   0.00000E+00   0.34475E-06
  2.010   4.440    0.00000E+00   0.18057E-10   0.00000E+00   0.67218E-11   0.00000E+00   0.34476E-06
  2.019   4.450    0.00000E+00   0.17991E-10   0.00000E+00   0.66853E-11   0.00000E+00   0.34476E-06
  2.028   4.460    0.00000E+00   0.17926E-10   0.00000E+00   0.66489E-11   0.00000E+00   0.34476E-06
  2.037   4.470    0.00000E+00   0.17860E-10   0.00000E+00   0.66133E-11   0.00000E+00   0.34476E-06
  2.047   4.480    0.00000E+00   0.17794E-10   0.00000E+00   0.65779E-11   0.00000E+00   0.34476E-06
  2.056   4.490    0.00000E+00   0.17728E-10   0.00000E+00   0.65424E-11   0.00000E+00   0.34476E-06
  2.065   4.500    0.00000E+00   0.17662E-10   0.00000E+00   0.65070E-11   0.00000E+00   0.34476E-06
  2.074   4.510    0.00000E+00   0.17595E-10   0.00000E+00   0.64724E-11   0.00000E+00   0.34476E-06
  2.083   4.520    0.00000E+00   0.17529E-10   0.00000E+00   0.64380E-11   0.00000E+00   0.34476E-06
  2.093   4.530    0.00000E+00   0.17462E-10   0.00000E+00   0.64035E-11   0.00000E+00   0.34476E-06
  2.102   4.540    0.00000E+00   0.17396E-10   0.00000E+00   0.63700E-11   0.00000E+00   0.34476E-06
  2.111   4.550    0.00000E+00   0.17329E-10   0.00000E+00   0.63363E-11   0.00000E+00   0.34476E-06
  2.120   4.560    0.00000E+00   0.17262E-10   0.00000E+00   0.63029E-11   0.00000E+00   0.34476E-06
  2.130   4.570    0.00000E+00   0.17195E-10   0.00000E+00   0.62701E-11   0.00000E+00   0.34476E-06
  2.139   4.580    0.00000E+00   0.17128E-10   0.00000E+00   0.62373E-11   0.00000E+00   0.34476E-06
  2.148   4.590    0.00000E+00   0.17061E-10   0.00000E+00   0.62050E-11   0.00000E+00   0.34476E-06
  2.158   4.600    0.00000E+00   0.16994E-10   0.00000E+00   0.61731E-11   0.00000E+00   0.34476E-06
  2.167   4.610    0.00000E+00   0.16927E-10   0.00000E+00   0.61412E-11   0.00000E+00   0.34476E-06
  2.177   4.620    0.00000E+00   0.16860E-10   0.00000E+00   0.61097E-11   0.00000E+00   0.34476E-06
  2.186   4.630    0.00000E+00   0.16793E-10   0.00000E+00   0.60786E-11   0.00000E+00   0.34477E-06
  2.195   4.640    0.00000E+00   0.16726E-10   0.00000E+00   0.60479E-11   0.00000E+00   0.34477E-06
  2.205   4.650    0.00000E+00   0.16659E-10   0.00000E+00   0.60175E-11   0.00000E+00   0.34477E-06
  2.214   4.660    0.00000E+00   0.16591E-10   0.00000E+00   0.59875E-11   0.00000E+00   0.34477E-06
  2.224   4.670    0.00000E+00   0.16524E-10   0.00000E+00   0.59577E-11   0.00000E+00   0.34477E-06
  2.233   4.680    0.00000E+00   0.16457E-10   0.00000E+00   0.59285E-11   0.00000E+00   0.34477E-06
  2.243   4.690    0.00000E+00   0.16390E-10   0.00000E+00   0.58990E-11   0.00000E+00   0.34477E-06
  2.253   4.700    0.00000E+00   0.16323E-10   0.00000E+00   0.58703E-11   0.00000E+00   0.34477E-06
  2.262   4.710    0.00000E+00   0.16256E-10   0.00000E+00   0.58416E-11   0.00000E+00   0.34477E-06
  2.272   4.720    0.00000E+00   0.16189E-10   0.00000E+00   0.58135E-11   0.00000E+00   0.34477E-06
  2.281   4.730    0.00000E+00   0.16122E-10   0.00000E+00   0.57859E-11   0.00000E+00   0.34477E-06
  2.291   4.740    0.00000E+00   0.16055E-10   0.00000E+00   0.57586E-11   0.00000E+00   0.34477E-06
  2.301   4.750    0.00000E+00   0.15988E-10   0.00000E+00   0.57314E-11   0.00000E+00   0.34477E-06
  2.310   4.760    0.00000E+00   0.15922E-10   0.00000E+00   0.57048E-11   0.00000E+00   0.34477E-06
  2.320   4.770    0.00000E+00   0.15855E-10   0.00000E+00   0.56785E-11   0.00000E+00   0.34477E-06
  2.330   4.780    0.00000E+00   0.15789E-10   0.00000E+00   0.56522E-11   0.00000E+00   0.34477E-06
  2.340   4.790    0.00000E+00   0.15722E-10   0.00000E+00   0.56268E-11   0.00000E+00   0.34477E-06
  2.349   4.800    0.00000E+00   0.15656E-10   0.00000E+00   0.56014E-11   0.00000E+00   0.34477E-06
  2.359   4.810    0.00000E+00   0.15590E-10   0.00000E+00   0.55766E-11   0.00000E+00   0.34477E-06
  2.369   4.820    0.00000E+00   0.15524E-10   0.00000E+00   0.55518E-11   0.00000E+00   0.34478E-06
  2.379   4.830    0.00000E+00   0.15458E-10   0.00000E+00   0.55280E-11   0.00000E+00   0.34478E-06
  2.389   4.840    0.00000E+00   0.15392E-10   0.00000E+00   0.55037E-11   0.00000E+00   0.34478E-06
  2.399   4.850    0.00000E+00   0.15327E-10   0.00000E+00   0.54805E-11   0.00000E+00   0.34478E-06
  2.409   4.860    0.00000E+00   0.15261E-10   0.00000E+00   0.54573E-11   0.00000E+00   0.34478E-06
  2.418   4.870    0.00000E+00   0.15196E-10   0.00000E+00   0.54344E-11   0.00000E+00   0.34478E-06
  2.428   4.880    0.00000E+00   0.15131E-10   0.00000E+00   0.54119E-11   0.00000E+00   0.34478E-06
  2.438   4.890    0.00000E+00   0.15067E-10   0.00000E+00   0.53898E-11   0.00000E+00   0.34478E-06
  2.448   4.900    0.00000E+00   0.15002E-10   0.00000E+00   0.53682E-11   0.00000E+00   0.34478E-06
  2.458   4.910    0.00000E+00   0.14938E-10   0.00000E+00   0.53466E-11   0.00000E+00   0.34478E-06
  2.468   4.920    0.00000E+00   0.14873E-10   0.00000E+00   0.53258E-11   0.00000E+00   0.34478E-06
  2.478   4.930    0.00000E+00   0.14809E-10   0.00000E+00   0.53051E-11   0.00000E+00   0.34478E-06
  2.488   4.940    0.00000E+00   0.14746E-10   0.00000E+00   0.52850E-11   0.00000E+00   0.34478E-06
  2.499   4.950    0.00000E+00   0.14682E-10   0.00000E+00   0.52651E-11   0.00000E+00   0.34478E-06
  2.509   4.960    0.00000E+00   0.14619E-10   0.00000E+00   0.52455E-11   0.00000E+00   0.34478E-06
  2.519   4.970    0.00000E+00   0.14556E-10   0.00000E+00   0.52261E-11   0.00000E+00   0.34478E-06
  2.529   4.980    0.00000E+00   0.14493E-10   0.00000E+00   0.52075E-11   0.00000E+00   0.34478E-06
  2.539   4.990    0.00000E+00   0.14431E-10   0.00000E+00   0.51889E-11   0.00000E+00   0.34478E-06
