  0.000   0.010   -0.33538E+05   0.00000E+00  -0.16742E-05   0.00000E+00   0.23792E+06   0.00000E+00
  0.000   0.020   -0.33538E+05   0.00000E+00  -0.16742E-05   0.00000E+00   0.23792E+06   0.00000E+00
  0.000   0.030   -0.33538E+05   0.00000E+00  -0.16741E-05   0.00000E+00   0.23792E+06   0.00000E+00
  0.000   0.040   -0.33538E+05   0.00000E+00  -0.16740E-05   0.00000E+00   0.23792E+06   0.00000E+00
  0.000   0.050   -0.33538E+05   0.00000E+00  -0.16739E-05   0.00000E+00   0.23792E+06   0.00000E+00
  0.000   0.060   -0.33538E+05   0.00000E+00  -0.16738E-05   0.00000E+00   0.23792E+06   0.00000E+00
  0.000   0.070   -0.33539E+05   0.00000E+00  -0.16738E-05   0.00000E+00   0.23792E+06   0.00000E+00
  0.001   0.080   -0.33539E+05   0.00000E+00  -0.16738E-05   0.00000E+00   0.23792E+06   0.00000E+00
  0.001   0.090   -0.33539E+05   0.00000E+00  -0.16738E-05   0.00000E+00   0.23792E+06   0.00000E+00
  0.001   0.100   -0.33539E+05   0.00000E+00  -0.16738E-05   0.00000E+00   0.23792E+06   0.00000E+00
  0.001   0.110   -0.33539E+05   0.00000E+00  -0.16739E-05   0.00000E+00   0.23792E+06   0.00000E+00
  0.001   0.120   -0.33539E+05   0.00000E+00  -0.16740E-05   0.00000E+00   0.23793E+06   0.00000E+00
  0.002   0.130   -0.33539E+05   0.00000E+00  -0.16742E-05   0.00000E+00   0.23793E+06   0.00000E+00
  0.002   0.140   -0.33540E+05   0.00000E+00  -0.16744E-05   0.00000E+00   0.23793E+06   0.00000E+00
  0.002   0.150   -0.33540E+05   0.00000E+00  -0.16746E-05   0.00000E+00   0.23793E+06   0.00000E+00
  0.003   0.160   -0.33540E+05   0.00000E+00  -0.16749E-05   0.00000E+00   0.23793E+06   0.00000E+00
  0.003   0.170   -0.33540E+05   0.00000E+00  -0.16753E-05   0.00000E+00   0.23793E+06   0.00000E+00
  0.003   0.180   -0.33540E+05   0.00000E+00  -0.16757E-05   0.00000E+00   0.23793E+06   0.00000E+00
  0.004   0.190   -0.33541E+05   0.00000E+00  -0.16762E-05   0.00000E+00   0.23793E+06   0.00000E+00
  0.004   0.200   -0.33541E+05   0.00000E+00  -0.16767E-05   0.00000E+00   0.23793E+06   0.00000E+00
  0.004   0.210   -0.33541E+05   0.00000E+00  -0.16774E-05   0.00000E+00   0.23793E+06   0.00000E+00
  0.005   0.220   -0.33542E+05   0.00000E+00  -0.16780E-05   0.00000E+00   0.23793E+06   0.00000E+00
  0.005   0.230   -0.33542E+05   0.00000E+00  -0.16788E-05   0.00000E+00   0.23794E+06   0.00000E+00
  0.006   0.240   -0.33542E+05   0.00000E+00  -0.16796E-05   0.00000E+00   0.23794E+06   0.00000E+00
  0.006   0.250   -0.33543E+05   0.00000E+00  -0.16805E-05   0.00000E+00   0.23794E+06   0.00000E+00
  0.007   0.260   -0.33543E+05   0.00000E+00  -0.16815E-05   0.00000E+00   0.23794E+06   0.00000E+00
  0.007   0.270   -0.33544E+05   0.00000E+00  -0.16825E-05   0.00000E+00   0.23794E+06   0.00000E+00
  0.008   0.280   -0.33544E+05   0.00000E+00  -0.16836E-05   0.00000E+00   0.23794E+06   0.00000E+00
  0.009   0.290   -0.33544E+05   0.00000E+00  -0.16848E-05   0.00000E+00   0.23795E+06   0.00000E+00
  0.009   0.300   -0.33545E+05   0.00000E+00  -0.16861E-05   0.00000E+00   0.23795E+06   0.00000E+00
  0.010   0.310   -0.33545E+05   0.00000E+00  -0.16874E-05   0.00000E+00   0.23795E+06   0.00000E+00
  0.010   0.320   -0.33546E+05   0.00000E+00  -0.16889E-05   0.00000E+00   0.23795E+06   0.00000E+00
  0.011   0.330   -0.33547E+05   0.00000E+00  -0.16904E-05   0.00000E+00   0.23795E+06   0.00000E+00
  0.012   0.340   -0.33547E+05   0.00000E+00  -0.16920E-05   0.00000E+00   0.23796E+06   0.00000E+00
  0.012   0.350   -0.33548E+05   0.00000E+00  -0.16937E-05   0.00000E+00   0.23796E+06   0.00000E+00
  0.013   0.360   -0.33548E+05   0.00000E+00  -0.16955E-05   0.00000E+00   0.23796E+06   0.00000E+00
  0.014   0.370   -0.33549E+05   0.00000E+00  -0.16973E-05   0.00000E+00   0.23796E+06   0.00000E+00
  0.015   0.380   -0.33550E+05   0.00000E+00  -0.16993E-05   0.00000E+00   0.23797E+06   0.00000E+00
  0.016   0.390   -0.33550E+05   0.00000E+00  -0.17013E-05   0.00000E+00   0.23797E+06   0.00000E+00
  0.016   0.400   -0.33551E+05   0.00000E+00  -0.17034E-05   0.00000E+00   0.23797E+06   0.00000E+00
  0.017   0.410   -0.33552E+05   0.00000E+00  -0.17056E-05   0.00000E+00   0.23797E+06   0.00000E+00
  0.018   0.420   -0.33553E+05   0.00000E+00  -0.17079E-05   0.00000E+00   0.23798E+06   0.00000E+00
  0.019   0.430   -0.33554E+05   0.00000E+00  -0.17102E-05   0.00000E+00   0.23798E+06   0.00000E+00
  0.020   0.440   -0.33554E+05   0.00000E+00  -0.17127E-05   0.00000E+00   0.23798E+06   0.00000E+00
  0.021   0.450   -0.33555E+05   0.00000E+00  -0.17152E-05   0.00000E+00   0.23799E+06   0.00000E+00
  0.022   0.460   -0.33556E+05   0.00000E+00  -0.17178E-05   0.00000E+00   0.23799E+06   0.00000E+00
  0.023   0.470   -0.33557E+05   0.00000E+00  -0.17205E-05   0.00000E+00   0.23799E+06   0.00000E+00
  0.023   0.480   -0.33558E+05   0.00000E+00  -0.17233E-05   0.00000E+00   0.23800E+06   0.00000E+00
  0.024   0.490   -0.33559E+05   0.00000E+00  -0.17262E-05   0.00000E+00   0.23800E+06   0.00000E+00
  0.025   0.500   -0.33560E+05   0.00000E+00  -0.17291E-05   0.00000E+00   0.23801E+06   0.00000E+00
  0.027   0.510   -0.33561E+05   0.00000E+00  -0.17321E-05   0.00000E+00   0.23801E+06   0.00000E+00
  0.028   0.520   -0.33563E+05   0.00000E+00  -0.17352E-05   0.00000E+00   0.23802E+06   0.00000E+00
  0.029   0.530   -0.33564E+05   0.00000E+00  -0.17384E-05   0.00000E+00   0.23802E+06   0.00000E+00
  0.030   0.540   -0.33565E+05   0.00000E+00  -0.17416E-05   0.00000E+00   0.23803E+06   0.00000E+00
  0.031   0.550   -0.33566E+05   0.00000E+00  -0.17449E-05   0.00000E+00   0.23803E+06   0.00000E+00
  0.032   0.560   -0.33568E+05   0.00000E+00  -0.17483E-05   0.00000E+00   0.23804E+06   0.00000E+00
  0.033   0.570   -0.33569E+05   0.00000E+00  -0.17518E-05   0.00000E+00   0.23805E+06   0.00000E+00
  0.034   0.580   -0.33571E+05   0.00000E+00  -0.17553E-05   0.00000E+00   0.23805E+06   0.00000E+00
  0.035   0.590   -0.33572E+05   0.00000E+00  -0.17588E-05   0.00000E+00   0.23806E+06   0.00000E+00
  0.037   0.600   -0.33573E+05   0.00000E+00  -0.17625E-05   0.00000E+00   0.23806E+06   0.00000E+00
  0.038   0.610   -0.33575E+05   0.00000E+00  -0.17662E-05   0.00000E+00   0.23807E+06   0.00000E+00
  0.039   0.620   -0.33577E+05   0.00000E+00  -0.17699E-05   0.00000E+00   0.23808E+06   0.00000E+00
  0.040   0.630   -0.33578E+05   0.00000E+00  -0.17737E-05   0.00000E+00   0.23808E+06   0.00000E+00
  0.042   0.640   -0.33580E+05   0.00000E+00  -0.17776E-05   0.00000E+00   0.23809E+06   0.00000E+00
  0.043   0.650   -0.33581E+05   0.00000E+00  -0.17815E-05   0.00000E+00   0.23810E+06   0.00000E+00
  0.044   0.660   -0.33583E+05   0.00000E+00  -0.17854E-05   0.00000E+00   0.23810E+06   0.00000E+00
  0.046   0.670   -0.33585E+05   0.00000E+00  -0.17894E-05   0.00000E+00   0.23811E+06   0.00000E+00
  0.047   0.680   -0.33586E+05   0.00000E+00  -0.17935E-05   0.00000E+00   0.23812E+06   0.00000E+00
  0.049   0.690   -0.33588E+05   0.00000E+00  -0.17976E-05   0.00000E+00   0.23812E+06   0.00000E+00
  0.050   0.700   -0.33590E+05   0.00000E+00  -0.18017E-05   0.00000E+00   0.23813E+06   0.00000E+00
  0.051   0.710   -0.33592E+05   0.00000E+00  -0.18058E-05   0.00000E+00   0.23814E+06   0.00000E+00
  0.053   0.720   -0.33594E+05   0.00000E+00  -0.18100E-05   0.00000E+00   0.23814E+06   0.00000E+00
  0.054   0.730   -0.33595E+05   0.00000E+00  -0.18142E-05   0.00000E+00   0.23815E+06   0.00000E+00
  0.056   0.740   -0.33597E+05   0.00000E+00  -0.18184E-05   0.00000E+00   0.23816E+06   0.00000E+00
  0.057   0.750   -0.33599E+05   0.00000E+00  -0.18227E-05   0.00000E+00   0.23817E+06   0.00000E+00
  0.059   0.760   -0.33601E+05   0.00000E+00  -0.18270E-05   0.00000E+00   0.23817E+06   0.00000E+00
  0.060   0.770   -0.33603E+05   0.00000E+00  -0.18313E-05   0.00000E+00   0.23818E+06   0.00000E+00
  0.062   0.780   -0.33605E+05   0.00000E+00  -0.18356E-05   0.00000E+00   0.23819E+06   0.00000E+00
  0.064   0.790   -0.33607E+05   0.00000E+00  -0.18399E-05   0.00000E+00   0.23819E+06   0.00000E+00
  0.065   0.800   -0.33609E+05   0.00000E+00  -0.18442E-05   0.00000E+00   0.23820E+06   0.00000E+00
  0.067   0.810   -0.33610E+05   0.00000E+00  -0.18485E-05   0.00000E+00   0.23821E+06   0.00000E+00
  0.069   0.820   -0.33612E+05   0.00000E+00  -0.18529E-05   0.00000E+00   0.23822E+06   0.00000E+00
  0.070   0.830   -0.33614E+05   0.00000E+00  -0.18572E-05   0.00000E+00   0.23822E+06   0.00000E+00
  0.072   0.840   -0.33616E+05   0.00000E+00  -0.18615E-05   0.00000E+00   0.23823E+06   0.00000E+00
  0.074   0.850   -0.33618E+05   0.00000E+00  -0.18658E-05   0.00000E+00   0.23824E+06   0.00000E+00
  0.075   0.860   -0.33620E+05   0.00000E+00  -0.18701E-05   0.00000E+00   0.23824E+06   0.00000E+00
  0.077   0.870   -0.33622E+05   0.00000E+00  -0.18743E-05   0.00000E+00   0.23825E+06   0.00000E+00
  0.079   0.880   -0.33624E+05   0.00000E+00  -0.18786E-05   0.00000E+00   0.23825E+06   0.00000E+00
  0.081   0.890   -0.33626E+05   0.00000E+00  -0.18828E-05   0.00000E+00   0.23826E+06   0.00000E+00
  0.083   0.900   -0.33627E+05   0.00000E+00  -0.18870E-05   0.00000E+00   0.23827E+06   0.00000E+00
  0.084   0.910   -0.33629E+05   0.00000E+00  -0.18911E-05   0.00000E+00   0.23827E+06   0.00000E+00
  0.086   0.920   -0.33631E+05   0.00000E+00  -0.18952E-05   0.00000E+00   0.23828E+06   0.00000E+00
  0.088   0.930   -0.33633E+05   0.00000E+00  -0.18993E-05   0.00000E+00   0.23828E+06   0.00000E+00
  0.090   0.940   -0.33635E+05   0.00000E+00  -0.19034E-05   0.00000E+00   0.23829E+06   0.00000E+00
  0.092   0.950   -0.33636E+05   0.00000E+00  -0.19074E-05   0.00000E+00   0.23829E+06   0.00000E+00
  0.094   0.960   -0.33638E+05   0.00000E+00  -0.19113E-05   0.00000E+00   0.23830E+06   0.00000E+00
  0.096   0.970   -0.33640E+05   0.00000E+00  -0.19152E-05   0.00000E+00   0.23830E+06   0.00000E+00
  0.098   0.980   -0.33641E+05   0.00000E+00  -0.19190E-05   0.00000E+00   0.23831E+06   0.00000E+00
  0.100   0.990   -0.33643E+05   0.00000E+00  -0.19228E-05   0.00000E+00   0.23831E+06   0.00000E+00
  0.102   1.000   -0.33644E+05   0.00000E+00  -0.19265E-05   0.00000E+00   0.23831E+06   0.00000E+00
  0.104   1.010   -0.33646E+05   0.00000E+00  -0.19302E-05   0.00000E+00   0.23832E+06   0.00000E+00
  0.106   1.020   -0.33647E+05   0.00000E+00  -0.19338E-05   0.00000E+00   0.23832E+06   0.00000E+00
  0.108   1.030   -0.33649E+05   0.00000E+00  -0.19373E-05   0.00000E+00   0.23832E+06   0.00000E+00
  0.110   1.040   -0.33650E+05   0.00000E+00  -0.19407E-05   0.00000E+00   0.23833E+06   0.00000E+00
  0.112   1.050   -0.33651E+05   0.00000E+00  -0.19441E-05   0.00000E+00   0.23833E+06   0.00000E+00
  0.115   1.060   -0.33653E+05   0.00000E+00  -0.19474E-05   0.00000E+00   0.23833E+06   0.00000E+00
  0.117   1.070   -0.33654E+05   0.00000E+00  -0.19506E-05   0.00000E+00   0.23833E+06   0.00000E+00
  0.119   1.080   -0.33655E+05   0.00000E+00  -0.19538E-05   0.00000E+00   0.23833E+06   0.00000E+00
  0.121   1.090   -0.33656E+05   0.00000E+00  -0.19568E-05   0.00000E+00   0.23834E+06   0.00000E+00
  0.123   1.100   -0.33657E+05   0.00000E+00  -0.19598E-05   0.00000E+00   0.23834E+06   0.00000E+00
  0.126   1.110   -0.33658E+05   0.00000E+00  -0.19627E-05   0.00000E+00   0.23834E+06   0.00000E+00
  0.128   1.120   -0.33659E+05   0.00000E+00  -0.19655E-05   0.00000E+00   0.23834E+06   0.00000E+00
  0.130   1.130   -0.33660E+05   0.00000E+00  -0.19682E-05   0.00000E+00   0.23834E+06   0.00000E+00
  0.133   1.140   -0.33661E+05   0.00000E+00  -0.19708E-05   0.00000E+00   0.23834E+06   0.00000E+00
  0.135   1.150   -0.33661E+05   0.00000E+00  -0.19733E-05   0.00000E+00   0.23833E+06   0.00000E+00
  0.137   1.160   -0.33662E+05   0.00000E+00  -0.19757E-05   0.00000E+00   0.23833E+06   0.00000E+00
  0.140   1.170   -0.33663E+05   0.00000E+00  -0.19780E-05   0.00000E+00   0.23833E+06   0.00000E+00
  0.142   1.180   -0.33663E+05   0.00000E+00  -0.19802E-05   0.00000E+00   0.23833E+06   0.00000E+00
  0.144   1.190   -0.33664E+05   0.00000E+00  -0.19823E-05   0.00000E+00   0.23833E+06   0.00000E+00
  0.147   1.200   -0.33664E+05   0.00000E+00  -0.19843E-05   0.00000E+00   0.23832E+06   0.00000E+00
  0.149   1.210   -0.33664E+05   0.00000E+00  -0.19862E-05   0.00000E+00   0.23832E+06   0.00000E+00
  0.152   1.220   -0.33665E+05   0.00000E+00  -0.19880E-05   0.00000E+00   0.23832E+06   0.00000E+00
  0.154   1.230   -0.33665E+05   0.00000E+00  -0.19896E-05   0.00000E+00   0.23831E+06   0.00000E+00
  0.157   1.240   -0.33665E+05   0.00000E+00  -0.19912E-05   0.00000E+00   0.23831E+06   0.00000E+00
  0.159   1.250   -0.33665E+05   0.00000E+00  -0.19926E-05   0.00000E+00   0.23831E+06   0.00000E+00
  0.162   1.260   -0.33665E+05   0.00000E+00  -0.19939E-05   0.00000E+00   0.23830E+06   0.00000E+00
  0.164   1.270   -0.33665E+05   0.00000E+00  -0.19951E-05   0.00000E+00   0.23830E+06   0.00000E+00
  0.167   1.280   -0.33664E+05   0.00000E+00  -0.19962E-05   0.00000E+00   0.23829E+06   0.00000E+00
  0.170   1.290   -0.33664E+05   0.00000E+00  -0.19971E-05   0.00000E+00   0.23828E+06   0.00000E+00
  0.172   1.300   -0.33664E+05   0.00000E+00  -0.19980E-05   0.00000E+00   0.23828E+06   0.00000E+00
  0.175   1.310   -0.33663E+05   0.00000E+00  -0.19987E-05   0.00000E+00   0.23827E+06   0.00000E+00
  0.178   1.320   -0.33663E+05   0.00000E+00  -0.19992E-05   0.00000E+00   0.23826E+06   0.00000E+00
  0.180   1.330   -0.33662E+05   0.00000E+00  -0.19997E-05   0.00000E+00   0.23826E+06   0.00000E+00
  0.183   1.340   -0.33662E+05   0.00000E+00  -0.20000E-05   0.00000E+00   0.23825E+06   0.00000E+00
  0.186   1.350   -0.33661E+05   0.00000E+00  -0.20002E-05   0.00000E+00   0.23824E+06   0.00000E+00
  0.189   1.360   -0.33660E+05   0.00000E+00  -0.20003E-05   0.00000E+00   0.23823E+06   0.00000E+00
  0.191   1.370   -0.33659E+05   0.00000E+00  -0.20003E-05   0.00000E+00   0.23822E+06   0.00000E+00
  0.194   1.380   -0.33658E+05   0.00000E+00  -0.20001E-05   0.00000E+00   0.23821E+06   0.00000E+00
  0.197   1.390   -0.33657E+05   0.00000E+00  -0.19998E-05   0.00000E+00   0.23821E+06   0.00000E+00
  0.200   1.400   -0.33656E+05   0.00000E+00  -0.19994E-05   0.00000E+00   0.23820E+06   0.00000E+00
  0.203   1.410   -0.33655E+05   0.00000E+00  -0.19988E-05   0.00000E+00   0.23819E+06   0.00000E+00
  0.206   1.420   -0.33654E+05   0.00000E+00  -0.19981E-05   0.00000E+00   0.23818E+06   0.00000E+00
  0.209   1.430   -0.33652E+05   0.00000E+00  -0.19973E-05   0.00000E+00   0.23817E+06   0.00000E+00
  0.211   1.440   -0.33651E+05   0.00000E+00  -0.19964E-05   0.00000E+00   0.23815E+06   0.00000E+00
  0.214   1.450   -0.33649E+05   0.00000E+00  -0.19953E-05   0.00000E+00   0.23814E+06   0.00000E+00
  0.217   1.460   -0.33648E+05   0.00000E+00  -0.19942E-05   0.00000E+00   0.23813E+06   0.00000E+00
  0.220   1.470   -0.33646E+05   0.00000E+00  -0.19929E-05   0.00000E+00   0.23812E+06   0.00000E+00
  0.223   1.480   -0.33644E+05   0.00000E+00  -0.19914E-05   0.00000E+00   0.23811E+06   0.00000E+00
  0.226   1.490   -0.33643E+05   0.00000E+00  -0.19899E-05   0.00000E+00   0.23810E+06   0.00000E+00
  0.229   1.500   -0.33641E+05   0.00000E+00  -0.19882E-05   0.00000E+00   0.23809E+06   0.00000E+00
  0.233   1.510   -0.33639E+05   0.00000E+00  -0.19864E-05   0.00000E+00   0.23807E+06   0.00000E+00
  0.236   1.520   -0.33637E+05   0.00000E+00  -0.19845E-05   0.00000E+00   0.23806E+06   0.00000E+00
  0.239   1.530   -0.33635E+05   0.00000E+00  -0.19825E-05   0.00000E+00   0.23805E+06   0.00000E+00
  0.242   1.540   -0.33633E+05   0.00000E+00  -0.19803E-05   0.00000E+00   0.23803E+06   0.00000E+00
  0.245   1.550   -0.33631E+05   0.00000E+00  -0.19780E-05   0.00000E+00   0.23802E+06   0.00000E+00
  0.248   1.560   -0.33629E+05   0.00000E+00  -0.19756E-05   0.00000E+00   0.23801E+06   0.00000E+00
  0.251   1.570   -0.33626E+05   0.00000E+00  -0.19731E-05   0.00000E+00   0.23800E+06   0.00000E+00
  0.255   1.580   -0.33624E+05   0.00000E+00  -0.19705E-05   0.00000E+00   0.23798E+06   0.00000E+00
  0.258   1.590   -0.33622E+05   0.00000E+00  -0.19678E-05   0.00000E+00   0.23797E+06   0.00000E+00
  0.261   1.600   -0.33619E+05   0.00000E+00  -0.19650E-05   0.00000E+00   0.23796E+06   0.00000E+00
  0.264   1.610   -0.33617E+05   0.00000E+00  -0.19620E-05   0.00000E+00   0.23794E+06   0.00000E+00
  0.268   1.620   -0.33614E+05   0.00000E+00  -0.19590E-05   0.00000E+00   0.23793E+06   0.00000E+00
  0.271   1.630   -0.33612E+05   0.00000E+00  -0.19558E-05   0.00000E+00   0.23791E+06   0.00000E+00
  0.274   1.640   -0.33609E+05   0.00000E+00  -0.19526E-05   0.00000E+00   0.23790E+06   0.00000E+00
  0.278   1.650   -0.33607E+05   0.00000E+00  -0.19492E-05   0.00000E+00   0.23789E+06   0.00000E+00
  0.281   1.660   -0.33604E+05   0.00000E+00  -0.19457E-05   0.00000E+00   0.23787E+06   0.00000E+00
  0.284   1.670   -0.33601E+05   0.00000E+00  -0.19422E-05   0.00000E+00   0.23786E+06   0.00000E+00
  0.288   1.680   -0.33599E+05   0.00000E+00  -0.19385E-05   0.00000E+00   0.23785E+06   0.00000E+00
  0.291   1.690   -0.33596E+05   0.00000E+00  -0.19347E-05   0.00000E+00   0.23783E+06   0.00000E+00
  0.295   1.700   -0.33593E+05   0.00000E+00  -0.19309E-05   0.00000E+00   0.23782E+06   0.00000E+00
  0.298   1.710   -0.33590E+05   0.00000E+00  -0.19269E-05   0.00000E+00   0.23780E+06   0.00000E+00
  0.302   1.720   -0.33588E+05   0.00000E+00  -0.19229E-05   0.00000E+00   0.23779E+06   0.00000E+00
  0.305   1.730   -0.33585E+05   0.00000E+00  -0.19188E-05   0.00000E+00   0.23778E+06   0.00000E+00
  0.309   1.740   -0.33582E+05   0.00000E+00  -0.19145E-05   0.00000E+00   0.23776E+06   0.00000E+00
  0.312   1.750   -0.33579E+05   0.00000E+00  -0.19102E-05   0.00000E+00   0.23775E+06   0.00000E+00
  0.316   1.760   -0.33576E+05   0.00000E+00  -0.19058E-05   0.00000E+00   0.23774E+06   0.00000E+00
  0.319   1.770   -0.33573E+05   0.00000E+00  -0.19013E-05   0.00000E+00   0.23772E+06   0.00000E+00
  0.323   1.780   -0.33570E+05   0.00000E+00  -0.18968E-05   0.00000E+00   0.23771E+06   0.00000E+00
  0.327   1.790   -0.33567E+05   0.00000E+00  -0.18921E-05   0.00000E+00   0.23770E+06   0.00000E+00
  0.330   1.800   -0.33564E+05   0.00000E+00  -0.18874E-05   0.00000E+00   0.23768E+06   0.00000E+00
  0.334   1.810   -0.33561E+05   0.00000E+00  -0.18826E-05   0.00000E+00   0.23767E+06   0.00000E+00
  0.338   1.820   -0.33558E+05   0.00000E+00  -0.18777E-05   0.00000E+00   0.23766E+06   0.00000E+00
  0.341   1.830   -0.33555E+05   0.00000E+00  -0.18727E-05   0.00000E+00   0.23765E+06   0.00000E+00
  0.345   1.840   -0.33552E+05   0.00000E+00  -0.18677E-05   0.00000E+00   0.23763E+06   0.00000E+00
  0.349   1.850   -0.33549E+05   0.00000E+00  -0.18626E-05   0.00000E+00   0.23762E+06   0.00000E+00
  0.353   1.860   -0.33546E+05   0.00000E+00  -0.18574E-05   0.00000E+00   0.23761E+06   0.00000E+00
  0.357   1.870   -0.33543E+05   0.00000E+00  -0.18521E-05   0.00000E+00   0.23760E+06   0.00000E+00
  0.360   1.880   -0.33540E+05   0.00000E+00  -0.18468E-05   0.00000E+00   0.23758E+06   0.00000E+00
  0.364   1.890   -0.33537E+05   0.00000E+00  -0.18414E-05   0.00000E+00   0.23757E+06   0.00000E+00
  0.368   1.900   -0.33534E+05   0.00000E+00  -0.18359E-05   0.00000E+00   0.23756E+06   0.00000E+00
  0.372   1.910   -0.33531E+05   0.00000E+00  -0.18304E-05   0.00000E+00   0.23755E+06   0.00000E+00
  0.376   1.920   -0.33528E+05   0.00000E+00  -0.18248E-05   0.00000E+00   0.23754E+06   0.00000E+00
  0.380   1.930   -0.33525E+05   0.00000E+00  -0.18192E-05   0.00000E+00   0.23753E+06   0.00000E+00
  0.384   1.940   -0.33522E+05   0.00000E+00  -0.18134E-05   0.00000E+00   0.23752E+06   0.00000E+00
  0.388   1.950   -0.33519E+05   0.00000E+00  -0.18077E-05   0.00000E+00   0.23751E+06   0.00000E+00
  0.392   1.960   -0.33516E+05   0.00000E+00  -0.18018E-05   0.00000E+00   0.23750E+06   0.00000E+00
  0.396   1.970   -0.33513E+05   0.00000E+00  -0.17959E-05   0.00000E+00   0.23749E+06   0.00000E+00
  0.400   1.980   -0.33510E+05   0.00000E+00  -0.17900E-05   0.00000E+00   0.23747E+06   0.00000E+00
  0.404   1.990   -0.33507E+05   0.00000E+00  -0.17840E-05   0.00000E+00   0.23746E+06   0.00000E+00
  0.408   2.000   -0.33504E+05   0.00000E+00  -0.17779E-05   0.00000E+00   0.23746E+06   0.00000E+00
  0.412   2.010   -0.33501E+05   0.00000E+00  -0.17719E-05   0.00000E+00   0.23745E+06   0.00000E+00
  0.416   2.020   -0.33498E+05   0.00000E+00  -0.17657E-05   0.00000E+00   0.23744E+06   0.00000E+00
  0.420   2.030   -0.33496E+05   0.00000E+00  -0.17595E-05   0.00000E+00   0.23743E+06   0.00000E+00
  0.424   2.040   -0.33493E+05   0.00000E+00  -0.17532E-05   0.00000E+00   0.23742E+06   0.00000E+00
  0.429   2.050   -0.33490E+05   0.00000E+00  -0.17469E-05   0.00000E+00   0.23741E+06   0.00000E+00
  0.433   2.060   -0.33487E+05   0.00000E+00  -0.17406E-05   0.00000E+00   0.23740E+06   0.00000E+00
  0.437   2.070   -0.33484E+05   0.00000E+00  -0.17342E-05   0.00000E+00   0.23739E+06   0.00000E+00
  0.441   2.080   -0.33481E+05   0.00000E+00  -0.17278E-05   0.00000E+00   0.23738E+06   0.00000E+00
  0.445   2.090   -0.33479E+05   0.00000E+00  -0.17213E-05   0.00000E+00   0.23738E+06   0.00000E+00
  0.450   2.100   -0.33476E+05   0.00000E+00  -0.17147E-05   0.00000E+00   0.23737E+06   0.00000E+00
  0.454   2.110   -0.33473E+05   0.00000E+00  -0.17082E-05   0.00000E+00   0.23736E+06   0.00000E+00
  0.458   2.120   -0.33470E+05   0.00000E+00  -0.17016E-05   0.00000E+00   0.23735E+06   0.00000E+00
  0.463   2.130   -0.33468E+05   0.00000E+00  -0.16950E-05   0.00000E+00   0.23735E+06   0.00000E+00
  0.467   2.140   -0.33465E+05   0.00000E+00  -0.16883E-05   0.00000E+00   0.23734E+06   0.00000E+00
  0.471   2.150   -0.33462E+05   0.00000E+00  -0.16816E-05   0.00000E+00   0.23733E+06   0.00000E+00
  0.476   2.160   -0.33460E+05   0.00000E+00  -0.16748E-05   0.00000E+00   0.23733E+06   0.00000E+00
  0.480   2.170   -0.33457E+05   0.00000E+00  -0.16680E-05   0.00000E+00   0.23732E+06   0.00000E+00
  0.485   2.180   -0.33454E+05   0.00000E+00  -0.16612E-05   0.00000E+00   0.23731E+06   0.00000E+00
  0.489   2.190   -0.33452E+05   0.00000E+00  -0.16544E-05   0.00000E+00   0.23731E+06   0.00000E+00
  0.494   2.200   -0.33449E+05   0.00000E+00  -0.16475E-05   0.00000E+00   0.23730E+06   0.00000E+00
  0.498   2.210   -0.33447E+05   0.00000E+00  -0.16406E-05   0.00000E+00   0.23729E+06   0.00000E+00
  0.503   2.220   -0.33444E+05   0.00000E+00  -0.16337E-05   0.00000E+00   0.23729E+06   0.00000E+00
  0.507   2.230   -0.33442E+05   0.00000E+00  -0.16268E-05   0.00000E+00   0.23728E+06   0.00000E+00
  0.512   2.240   -0.33439E+05   0.00000E+00  -0.16198E-05   0.00000E+00   0.23728E+06   0.00000E+00
  0.516   2.250   -0.33437E+05   0.00000E+00  -0.16128E-05   0.00000E+00   0.23727E+06   0.00000E+00
  0.521   2.260   -0.33435E+05   0.00000E+00  -0.16058E-05   0.00000E+00   0.23727E+06   0.00000E+00
  0.525   2.270   -0.33432E+05   0.00000E+00  -0.15987E-05   0.00000E+00   0.23726E+06   0.00000E+00
  0.530   2.280   -0.33430E+05   0.00000E+00  -0.15917E-05   0.00000E+00   0.23726E+06   0.00000E+00
  0.535   2.290   -0.33428E+05   0.00000E+00  -0.15846E-05   0.00000E+00   0.23725E+06   0.00000E+00
  0.539   2.300   -0.33425E+05   0.00000E+00  -0.15775E-05   0.00000E+00   0.23725E+06   0.00000E+00
  0.544   2.310   -0.33423E+05   0.00000E+00  -0.15704E-05   0.00000E+00   0.23725E+06   0.00000E+00
  0.549   2.320   -0.33421E+05   0.00000E+00  -0.15633E-05   0.00000E+00   0.23724E+06   0.00000E+00
  0.554   2.330   -0.33419E+05   0.00000E+00  -0.15561E-05   0.00000E+00   0.23724E+06   0.00000E+00
  0.558   2.340   -0.33416E+05   0.00000E+00  -0.15489E-05   0.00000E+00   0.23723E+06   0.00000E+00
  0.563   2.350   -0.33414E+05   0.00000E+00  -0.15418E-05   0.00000E+00   0.23723E+06   0.00000E+00
  0.568   2.360   -0.33412E+05   0.00000E+00  -0.15346E-05   0.00000E+00   0.23723E+06   0.00000E+00
  0.573   2.370   -0.33410E+05   0.00000E+00  -0.15274E-05   0.00000E+00   0.23722E+06   0.00000E+00
  0.578   2.380   -0.33408E+05   0.00000E+00  -0.15202E-05   0.00000E+00   0.23722E+06   0.00000E+00
  0.582   2.390   -0.33406E+05   0.00000E+00  -0.15130E-05   0.00000E+00   0.23722E+06   0.00000E+00
  0.587   2.400   -0.33404E+05   0.00000E+00  -0.15058E-05   0.00000E+00   0.23721E+06   0.00000E+00
  0.592   2.410   -0.33402E+05   0.00000E+00  -0.14985E-05   0.00000E+00   0.23721E+06   0.00000E+00
  0.597   2.420   -0.33400E+05   0.00000E+00  -0.14913E-05   0.00000E+00   0.23721E+06   0.00000E+00
  0.602   2.430   -0.33398E+05   0.00000E+00  -0.14841E-05   0.00000E+00   0.23721E+06   0.00000E+00
  0.607   2.440   -0.33396E+05   0.00000E+00  -0.14768E-05   0.00000E+00   0.23720E+06   0.00000E+00
  0.612   2.450   -0.33394E+05   0.00000E+00  -0.14696E-05   0.00000E+00   0.23720E+06   0.00000E+00
  0.617   2.460   -0.33392E+05   0.00000E+00  -0.14624E-05   0.00000E+00   0.23720E+06   0.00000E+00
  0.622   2.470   -0.33390E+05   0.00000E+00  -0.14551E-05   0.00000E+00   0.23720E+06   0.00000E+00
  0.627   2.480   -0.33388E+05   0.00000E+00  -0.14479E-05   0.00000E+00   0.23719E+06   0.00000E+00
  0.632   2.490   -0.33386E+05   0.00000E+00  -0.14406E-05   0.00000E+00   0.23719E+06   0.00000E+00
  0.637   2.500   -0.33385E+05   0.00000E+00  -0.14334E-05   0.00000E+00   0.23719E+06   0.00000E+00
  0.642   2.510   -0.33383E+05   0.00000E+00  -0.14262E-05   0.00000E+00   0.23719E+06   0.00000E+00
  0.648   2.520   -0.33381E+05   0.00000E+00  -0.14189E-05   0.00000E+00   0.23719E+06   0.00000E+00
  0.653   2.530   -0.33379E+05   0.00000E+00  -0.14117E-05   0.00000E+00   0.23718E+06   0.00000E+00
  0.658   2.540   -0.33378E+05   0.00000E+00  -0.14045E-05   0.00000E+00   0.23718E+06   0.00000E+00
  0.663   2.550   -0.33376E+05   0.00000E+00  -0.13973E-05   0.00000E+00   0.23718E+06   0.00000E+00
  0.668   2.560   -0.33374E+05   0.00000E+00  -0.13901E-05   0.00000E+00   0.23718E+06   0.00000E+00
  0.674   2.570   -0.33372E+05   0.00000E+00  -0.13829E-05   0.00000E+00   0.23718E+06   0.00000E+00
  0.679   2.580   -0.33371E+05   0.00000E+00  -0.13757E-05   0.00000E+00   0.23718E+06   0.00000E+00
  0.684   2.590   -0.33369E+05   0.00000E+00  -0.13686E-05   0.00000E+00   0.23718E+06   0.00000E+00
  0.689   2.600   -0.33368E+05   0.00000E+00  -0.13614E-05   0.00000E+00   0.23718E+06   0.00000E+00
  0.695   2.610   -0.33366E+05   0.00000E+00  -0.13543E-05   0.00000E+00   0.23717E+06   0.00000E+00
  0.700   2.620   -0.33364E+05   0.00000E+00  -0.13471E-05   0.00000E+00   0.23717E+06   0.00000E+00
  0.705   2.630   -0.33363E+05   0.00000E+00  -0.13400E-05   0.00000E+00   0.23717E+06   0.00000E+00
  0.711   2.640   -0.33361E+05   0.00000E+00  -0.13329E-05   0.00000E+00   0.23717E+06   0.00000E+00
  0.716   2.650   -0.33360E+05   0.00000E+00  -0.13258E-05   0.00000E+00   0.23717E+06   0.00000E+00
  0.722   2.660   -0.33358E+05   0.00000E+00  -0.13188E-05   0.00000E+00   0.23717E+06   0.00000E+00
  0.727   2.670   -0.33357E+05   0.00000E+00  -0.13117E-05   0.00000E+00   0.23717E+06   0.00000E+00
  0.732   2.680   -0.33355E+05   0.00000E+00  -0.13047E-05   0.00000E+00   0.23717E+06   0.00000E+00
  0.738   2.690   -0.33354E+05   0.00000E+00  -0.12976E-05   0.00000E+00   0.23717E+06   0.00000E+00
  0.743   2.700   -0.33352E+05   0.00000E+00  -0.12907E-05   0.00000E+00   0.23717E+06   0.00000E+00
  0.749   2.710   -0.33351E+05   0.00000E+00  -0.12837E-05   0.00000E+00   0.23717E+06   0.00000E+00
  0.754   2.720   -0.33349E+05   0.00000E+00  -0.12767E-05   0.00000E+00   0.23717E+06   0.00000E+00
  0.760   2.730   -0.33348E+05   0.00000E+00  -0.12698E-05   0.00000E+00   0.23717E+06   0.00000E+00
  0.766   2.740   -0.33347E+05   0.00000E+00  -0.12629E-05   0.00000E+00   0.23717E+06   0.00000E+00
  0.771   2.750   -0.33345E+05   0.00000E+00  -0.12560E-05   0.00000E+00   0.23717E+06   0.00000E+00
  0.777   2.760   -0.33344E+05   0.00000E+00  -0.12491E-05   0.00000E+00   0.23717E+06   0.00000E+00
  0.782   2.770   -0.33343E+05   0.00000E+00  -0.12423E-05   0.00000E+00   0.23717E+06   0.00000E+00
  0.788   2.780   -0.33341E+05   0.00000E+00  -0.12355E-05   0.00000E+00   0.23717E+06   0.00000E+00
  0.794   2.790   -0.33340E+05   0.00000E+00  -0.12287E-05   0.00000E+00   0.23716E+06   0.00000E+00
  0.799   2.800   -0.33339E+05   0.00000E+00  -0.12219E-05   0.00000E+00   0.23716E+06   0.00000E+00
  0.805   2.810   -0.33337E+05   0.00000E+00  -0.12152E-05   0.00000E+00   0.23716E+06   0.00000E+00
  0.811   2.820   -0.33336E+05   0.00000E+00  -0.12085E-05   0.00000E+00   0.23716E+06   0.00000E+00
  0.817   2.830   -0.33335E+05   0.00000E+00  -0.12018E-05   0.00000E+00   0.23716E+06   0.00000E+00
  0.822   2.840   -0.33334E+05   0.00000E+00  -0.11952E-05   0.00000E+00   0.23716E+06   0.00000E+00
  0.828   2.850   -0.33332E+05   0.00000E+00  -0.11885E-05   0.00000E+00   0.23717E+06   0.00000E+00
  0.834   2.860   -0.33331E+05   0.00000E+00  -0.11820E-05   0.00000E+00   0.23717E+06   0.00000E+00
  0.840   2.870   -0.33330E+05   0.00000E+00  -0.11754E-05   0.00000E+00   0.23717E+06   0.00000E+00
  0.846   2.880   -0.33329E+05   0.00000E+00  -0.11689E-05   0.00000E+00   0.23717E+06   0.00000E+00
  0.852   2.890   -0.33327E+05   0.00000E+00  -0.11624E-05   0.00000E+00   0.23717E+06   0.00000E+00
  0.858   2.900   -0.33326E+05   0.00000E+00  -0.11559E-05   0.00000E+00   0.23717E+06   0.00000E+00
  0.864   2.910   -0.33325E+05   0.00000E+00  -0.11495E-05   0.00000E+00   0.23717E+06   0.00000E+00
  0.869   2.920   -0.33324E+05   0.00000E+00  -0.11431E-05   0.00000E+00   0.23717E+06   0.00000E+00
  0.875   2.930   -0.33323E+05   0.00000E+00  -0.11367E-05   0.00000E+00   0.23717E+06   0.00000E+00
  0.881   2.940   -0.33322E+05   0.00000E+00  -0.11304E-05   0.00000E+00   0.23717E+06   0.00000E+00
  0.887   2.950   -0.33321E+05   0.00000E+00  -0.11241E-05   0.00000E+00   0.23717E+06   0.00000E+00
  0.893   2.960   -0.33319E+05   0.00000E+00  -0.11178E-05   0.00000E+00   0.23717E+06   0.00000E+00
  0.899   2.970   -0.33318E+05   0.00000E+00  -0.11116E-05   0.00000E+00   0.23717E+06   0.00000E+00
  0.906   2.980   -0.33317E+05   0.00000E+00  -0.11054E-05   0.00000E+00   0.23717E+06   0.00000E+00
  0.912   2.990   -0.33316E+05   0.00000E+00  -0.10993E-05   0.00000E+00   0.23717E+06   0.00000E+00
  0.918   3.000   -0.33315E+05   0.00000E+00  -0.10932E-05   0.00000E+00   0.23717E+06   0.00000E+00
  0.924   3.010   -0.33314E+05   0.00000E+00  -0.10871E-05   0.00000E+00   0.23717E+06   0.00000E+00
  0.930   3.020   -0.33313E+05   0.00000E+00  -0.10810E-05   0.00000E+00   0.23717E+06   0.00000E+00
  0.936   3.030   -0.33312E+05   0.00000E+00  -0.10751E-05   0.00000E+00   0.23717E+06   0.00000E+00
  0.942   3.040   -0.33311E+05   0.00000E+00  -0.10691E-05   0.00000E+00   0.23717E+06   0.00000E+00
  0.949   3.050   -0.33310E+05   0.00000E+00  -0.10632E-05   0.00000E+00   0.23717E+06   0.00000E+00
  0.955   3.060   -0.33309E+05   0.00000E+00  -0.10573E-05   0.00000E+00   0.23717E+06   0.00000E+00
  0.961   3.070   -0.33308E+05   0.00000E+00  -0.10515E-05   0.00000E+00   0.23717E+06   0.00000E+00
  0.967   3.080   -0.33307E+05   0.00000E+00  -0.10457E-05   0.00000E+00   0.23717E+06   0.00000E+00
  0.974   3.090   -0.33306E+05   0.00000E+00  -0.10399E-05   0.00000E+00   0.23717E+06   0.00000E+00
  0.980   3.100   -0.33305E+05   0.00000E+00  -0.10342E-05   0.00000E+00   0.23718E+06   0.00000E+00
  0.986   3.110   -0.33304E+05   0.00000E+00  -0.10285E-05   0.00000E+00   0.23718E+06   0.00000E+00
  0.993   3.120   -0.33303E+05   0.00000E+00  -0.10229E-05   0.00000E+00   0.23718E+06   0.00000E+00
  0.999   3.130   -0.33302E+05   0.00000E+00  -0.10173E-05   0.00000E+00   0.23718E+06   0.00000E+00
  1.005   3.140   -0.33301E+05   0.00000E+00  -0.10118E-05   0.00000E+00   0.23718E+06   0.00000E+00
  1.012   3.150   -0.33300E+05   0.00000E+00  -0.10063E-05   0.00000E+00   0.23718E+06   0.00000E+00
  1.018   3.160   -0.33299E+05   0.00000E+00  -0.10008E-05   0.00000E+00   0.23718E+06   0.00000E+00
  1.025   3.170   -0.33298E+05   0.00000E+00  -0.99540E-06   0.00000E+00   0.23718E+06   0.00000E+00
  1.031   3.180   -0.33297E+05   0.00000E+00  -0.99004E-06   0.00000E+00   0.23718E+06   0.00000E+00
  1.038   3.190   -0.33297E+05   0.00000E+00  -0.98471E-06   0.00000E+00   0.23718E+06   0.00000E+00
  1.044   3.200   -0.33296E+05   0.00000E+00  -0.97944E-06   0.00000E+00   0.23718E+06   0.00000E+00
  1.051   3.210   -0.33295E+05   0.00000E+00  -0.97420E-06   0.00000E+00   0.23718E+06   0.00000E+00
  1.057   3.220   -0.33294E+05   0.00000E+00  -0.96902E-06   0.00000E+00   0.23718E+06   0.00000E+00
  1.064   3.230   -0.33293E+05   0.00000E+00  -0.96387E-06   0.00000E+00   0.23718E+06   0.00000E+00
  1.070   3.240   -0.33292E+05   0.00000E+00  -0.95878E-06   0.00000E+00   0.23718E+06   0.00000E+00
  1.077   3.250   -0.33291E+05   0.00000E+00  -0.95373E-06   0.00000E+00   0.23719E+06   0.00000E+00
  1.084   3.260   -0.33290E+05   0.00000E+00  -0.94873E-06   0.00000E+00   0.23719E+06   0.00000E+00
  1.090   3.270   -0.33290E+05   0.00000E+00  -0.94378E-06   0.00000E+00   0.23719E+06   0.00000E+00
  1.097   3.280   -0.33289E+05   0.00000E+00  -0.93887E-06   0.00000E+00   0.23719E+06   0.00000E+00
  1.104   3.290   -0.33288E+05   0.00000E+00  -0.93401E-06   0.00000E+00   0.23719E+06   0.00000E+00
  1.110   3.300   -0.33287E+05   0.00000E+00  -0.92920E-06   0.00000E+00   0.23719E+06   0.00000E+00
  1.117   3.310   -0.33286E+05   0.00000E+00  -0.92443E-06   0.00000E+00   0.23719E+06   0.00000E+00
  1.124   3.320   -0.33285E+05   0.00000E+00  -0.91972E-06   0.00000E+00   0.23719E+06   0.00000E+00
  1.131   3.330   -0.33285E+05   0.00000E+00  -0.91505E-06   0.00000E+00   0.23719E+06   0.00000E+00
  1.138   3.340   -0.33284E+05   0.00000E+00  -0.91043E-06   0.00000E+00   0.23719E+06   0.00000E+00
  1.144   3.350   -0.33283E+05   0.00000E+00  -0.90585E-06   0.00000E+00   0.23719E+06   0.00000E+00
  1.151   3.360   -0.33282E+05   0.00000E+00  -0.90133E-06   0.00000E+00   0.23719E+06   0.00000E+00
  1.158   3.370   -0.33281E+05   0.00000E+00  -0.89686E-06   0.00000E+00   0.23719E+06   0.00000E+00
  1.165   3.380   -0.33281E+05   0.00000E+00  -0.89243E-06   0.00000E+00   0.23719E+06   0.00000E+00
  1.172   3.390   -0.33280E+05   0.00000E+00  -0.88806E-06   0.00000E+00   0.23720E+06   0.00000E+00
  1.179   3.400   -0.33279E+05   0.00000E+00  -0.88374E-06   0.00000E+00   0.23720E+06   0.00000E+00
  1.186   3.410   -0.33278E+05   0.00000E+00  -0.87945E-06   0.00000E+00   0.23720E+06   0.00000E+00
  1.193   3.420   -0.33277E+05   0.00000E+00  -0.87522E-06   0.00000E+00   0.23720E+06   0.00000E+00
  1.200   3.430   -0.33277E+05   0.00000E+00  -0.87104E-06   0.00000E+00   0.23720E+06   0.00000E+00
  1.207   3.440   -0.33276E+05   0.00000E+00  -0.86692E-06   0.00000E+00   0.23720E+06   0.00000E+00
  1.214   3.450   -0.33275E+05   0.00000E+00  -0.86283E-06   0.00000E+00   0.23720E+06   0.00000E+00
  1.221   3.460   -0.33275E+05   0.00000E+00  -0.85881E-06   0.00000E+00   0.23720E+06   0.00000E+00
  1.228   3.470   -0.33274E+05   0.00000E+00  -0.85482E-06   0.00000E+00   0.23720E+06   0.00000E+00
  1.235   3.480   -0.33273E+05   0.00000E+00  -0.85089E-06   0.00000E+00   0.23720E+06   0.00000E+00
  1.242   3.490   -0.33272E+05   0.00000E+00  -0.84701E-06   0.00000E+00   0.23720E+06   0.00000E+00
  1.249   3.500   -0.33272E+05   0.00000E+00  -0.84318E-06   0.00000E+00   0.23720E+06   0.00000E+00
  1.256   3.510   -0.33271E+05   0.00000E+00  -0.83940E-06   0.00000E+00   0.23720E+06   0.00000E+00
  1.263   3.520   -0.33270E+05   0.00000E+00  -0.83567E-06   0.00000E+00   0.23721E+06   0.00000E+00
  1.271   3.530   -0.33270E+05   0.00000E+00  -0.83198E-06   0.00000E+00   0.23721E+06   0.00000E+00
  1.278   3.540   -0.33269E+05   0.00000E+00  -0.82835E-06   0.00000E+00   0.23721E+06   0.00000E+00
  1.285   3.550   -0.33268E+05   0.00000E+00  -0.82477E-06   0.00000E+00   0.23721E+06   0.00000E+00
  1.292   3.560   -0.33267E+05   0.00000E+00  -0.82123E-06   0.00000E+00   0.23721E+06   0.00000E+00
  1.300   3.570   -0.33267E+05   0.00000E+00  -0.81775E-06   0.00000E+00   0.23721E+06   0.00000E+00
  1.307   3.580   -0.33266E+05   0.00000E+00  -0.81431E-06   0.00000E+00   0.23721E+06   0.00000E+00
  1.314   3.590   -0.33265E+05   0.00000E+00  -0.81093E-06   0.00000E+00   0.23721E+06   0.00000E+00
  1.322   3.600   -0.33265E+05   0.00000E+00  -0.80760E-06   0.00000E+00   0.23721E+06   0.00000E+00
  1.329   3.610   -0.33264E+05   0.00000E+00  -0.80431E-06   0.00000E+00   0.23721E+06   0.00000E+00
  1.336   3.620   -0.33264E+05   0.00000E+00  -0.80107E-06   0.00000E+00   0.23721E+06   0.00000E+00
  1.344   3.630   -0.33263E+05   0.00000E+00  -0.79788E-06   0.00000E+00   0.23721E+06   0.00000E+00
  1.351   3.640   -0.33262E+05   0.00000E+00  -0.79475E-06   0.00000E+00   0.23722E+06   0.00000E+00
  1.359   3.650   -0.33262E+05   0.00000E+00  -0.79165E-06   0.00000E+00   0.23722E+06   0.00000E+00
  1.366   3.660   -0.33261E+05   0.00000E+00  -0.78861E-06   0.00000E+00   0.23722E+06   0.00000E+00
  1.373   3.670   -0.33260E+05   0.00000E+00  -0.78562E-06   0.00000E+00   0.23722E+06   0.00000E+00
  1.381   3.680   -0.33260E+05   0.00000E+00  -0.78268E-06   0.00000E+00   0.23722E+06   0.00000E+00
  1.388   3.690   -0.33259E+05   0.00000E+00  -0.77978E-06   0.00000E+00   0.23722E+06   0.00000E+00
  1.396   3.700   -0.33259E+05   0.00000E+00  -0.77693E-06   0.00000E+00   0.23722E+06   0.00000E+00
  1.404   3.710   -0.33258E+05   0.00000E+00  -0.77413E-06   0.00000E+00   0.23722E+06   0.00000E+00
  1.411   3.720   -0.33257E+05   0.00000E+00  -0.77138E-06   0.00000E+00   0.23722E+06   0.00000E+00
  1.419   3.730   -0.33257E+05   0.00000E+00  -0.76868E-06   0.00000E+00   0.23722E+06   0.00000E+00
  1.426   3.740   -0.33256E+05   0.00000E+00  -0.76602E-06   0.00000E+00   0.23722E+06   0.00000E+00
  1.434   3.750   -0.33256E+05   0.00000E+00  -0.76341E-06   0.00000E+00   0.23722E+06   0.00000E+00
  1.442   3.760   -0.33255E+05   0.00000E+00  -0.76085E-06   0.00000E+00   0.23722E+06   0.00000E+00
  1.449   3.770   -0.33254E+05   0.00000E+00  -0.75832E-06   0.00000E+00   0.23723E+06   0.00000E+00
  1.457   3.780   -0.33254E+05   0.00000E+00  -0.75586E-06   0.00000E+00   0.23723E+06   0.00000E+00
  1.465   3.790   -0.33253E+05   0.00000E+00  -0.75344E-06   0.00000E+00   0.23723E+06   0.00000E+00
  1.472   3.800   -0.33253E+05   0.00000E+00  -0.75106E-06   0.00000E+00   0.23723E+06   0.00000E+00
  1.480   3.810   -0.33252E+05   0.00000E+00  -0.74873E-06   0.00000E+00   0.23723E+06   0.00000E+00
  1.488   3.820   -0.33252E+05   0.00000E+00  -0.74644E-06   0.00000E+00   0.23723E+06   0.00000E+00
  1.496   3.830   -0.33251E+05   0.00000E+00  -0.74420E-06   0.00000E+00   0.23723E+06   0.00000E+00
  1.504   3.840   -0.33251E+05   0.00000E+00  -0.74201E-06   0.00000E+00   0.23723E+06   0.00000E+00
  1.511   3.850   -0.33250E+05   0.00000E+00  -0.73985E-06   0.00000E+00   0.23723E+06   0.00000E+00
  1.519   3.860   -0.33250E+05   0.00000E+00  -0.73774E-06   0.00000E+00   0.23723E+06   0.00000E+00
  1.527   3.870   -0.33249E+05   0.00000E+00  -0.73569E-06   0.00000E+00   0.23723E+06   0.00000E+00
  1.535   3.880   -0.33249E+05   0.00000E+00  -0.73367E-06   0.00000E+00   0.23723E+06   0.00000E+00
  1.543   3.890   -0.33248E+05   0.00000E+00  -0.73170E-06   0.00000E+00   0.23723E+06   0.00000E+00
  1.551   3.900   -0.33247E+05   0.00000E+00  -0.72976E-06   0.00000E+00   0.23724E+06   0.00000E+00
  1.559   3.910   -0.33247E+05   0.00000E+00  -0.72787E-06   0.00000E+00   0.23724E+06   0.00000E+00
  1.567   3.920   -0.33247E+05   0.00000E+00  -0.72603E-06   0.00000E+00   0.23724E+06   0.00000E+00
  1.575   3.930   -0.33246E+05   0.00000E+00  -0.72422E-06   0.00000E+00   0.23724E+06   0.00000E+00
  1.583   3.940   -0.33246E+05   0.00000E+00  -0.72247E-06   0.00000E+00   0.23724E+06   0.00000E+00
  1.591   3.950   -0.33245E+05   0.00000E+00  -0.72075E-06   0.00000E+00   0.23724E+06   0.00000E+00
  1.599   3.960   -0.33245E+05   0.00000E+00  -0.71907E-06   0.00000E+00   0.23724E+06   0.00000E+00
  1.607   3.970   -0.33244E+05   0.00000E+00  -0.71743E-06   0.00000E+00   0.23724E+06   0.00000E+00
  1.615   3.980   -0.33244E+05   0.00000E+00  -0.71583E-06   0.00000E+00   0.23724E+06   0.00000E+00
  1.623   3.990   -0.33243E+05   0.00000E+00  -0.71428E-06   0.00000E+00   0.23724E+06   0.00000E+00
  1.632   4.000   -0.33243E+05   0.00000E+00  -0.71277E-06   0.00000E+00   0.23724E+06   0.00000E+00
  1.640   4.010   -0.33242E+05   0.00000E+00  -0.71129E-06   0.00000E+00   0.23724E+06   0.00000E+00
  1.648   4.020   -0.33242E+05   0.00000E+00  -0.70985E-06   0.00000E+00   0.23725E+06   0.00000E+00
  1.656   4.030   -0.33241E+05   0.00000E+00  -0.70846E-06   0.00000E+00   0.23725E+06   0.00000E+00
  1.664   4.040   -0.33241E+05   0.00000E+00  -0.70710E-06   0.00000E+00   0.23725E+06   0.00000E+00
  1.673   4.050   -0.33241E+05   0.00000E+00  -0.70578E-06   0.00000E+00   0.23725E+06   0.00000E+00
  1.681   4.060   -0.33240E+05   0.00000E+00  -0.70450E-06   0.00000E+00   0.23725E+06   0.00000E+00
  1.689   4.070   -0.33240E+05   0.00000E+00  -0.70325E-06   0.00000E+00   0.23725E+06   0.00000E+00
  1.697   4.080   -0.33239E+05   0.00000E+00  -0.70205E-06   0.00000E+00   0.23725E+06   0.00000E+00
  1.706   4.090   -0.33239E+05   0.00000E+00  -0.70087E-06   0.00000E+00   0.23725E+06   0.00000E+00
  1.714   4.100   -0.33239E+05   0.00000E+00  -0.69974E-06   0.00000E+00   0.23725E+06   0.00000E+00
  1.723   4.110   -0.33238E+05   0.00000E+00  -0.69864E-06   0.00000E+00   0.23725E+06   0.00000E+00
  1.731   4.120   -0.33238E+05   0.00000E+00  -0.69757E-06   0.00000E+00   0.23725E+06   0.00000E+00
  1.739   4.130   -0.33237E+05   0.00000E+00  -0.69656E-06   0.00000E+00   0.23725E+06   0.00000E+00
  1.748   4.140   -0.33237E+05   0.00000E+00  -0.69556E-06   0.00000E+00   0.23725E+06   0.00000E+00
  1.756   4.150   -0.33237E+05   0.00000E+00  -0.69460E-06   0.00000E+00   0.23726E+06   0.00000E+00
  1.765   4.160   -0.33236E+05   0.00000E+00  -0.69367E-06   0.00000E+00   0.23726E+06   0.00000E+00
  1.773   4.170   -0.33236E+05   0.00000E+00  -0.69279E-06   0.00000E+00   0.23726E+06   0.00000E+00
  1.782   4.180   -0.33236E+05   0.00000E+00  -0.69193E-06   0.00000E+00   0.23726E+06   0.00000E+00
  1.790   4.190   -0.33235E+05   0.00000E+00  -0.69110E-06   0.00000E+00   0.23726E+06   0.00000E+00
  1.799   4.200   -0.33235E+05   0.00000E+00  -0.69031E-06   0.00000E+00   0.23726E+06   0.00000E+00
  1.807   4.210   -0.33235E+05   0.00000E+00  -0.68956E-06   0.00000E+00   0.23726E+06   0.00000E+00
  1.816   4.220   -0.33234E+05   0.00000E+00  -0.68883E-06   0.00000E+00   0.23726E+06   0.00000E+00
  1.825   4.230   -0.33234E+05   0.00000E+00  -0.68814E-06   0.00000E+00   0.23726E+06   0.00000E+00
  1.833   4.240   -0.33234E+05   0.00000E+00  -0.68748E-06   0.00000E+00   0.23726E+06   0.00000E+00
  1.842   4.250   -0.33233E+05   0.00000E+00  -0.68684E-06   0.00000E+00   0.23726E+06   0.00000E+00
  1.851   4.260   -0.33233E+05   0.00000E+00  -0.68624E-06   0.00000E+00   0.23726E+06   0.00000E+00
  1.859   4.270   -0.33233E+05   0.00000E+00  -0.68567E-06   0.00000E+00   0.23726E+06   0.00000E+00
  1.868   4.280   -0.33232E+05   0.00000E+00  -0.68512E-06   0.00000E+00   0.23727E+06   0.00000E+00
  1.877   4.290   -0.33232E+05   0.00000E+00  -0.68461E-06   0.00000E+00   0.23727E+06   0.00000E+00
  1.885   4.300   -0.33232E+05   0.00000E+00  -0.68412E-06   0.00000E+00   0.23727E+06   0.00000E+00
  1.894   4.310   -0.33231E+05   0.00000E+00  -0.68367E-06   0.00000E+00   0.23727E+06   0.00000E+00
  1.903   4.320   -0.33231E+05   0.00000E+00  -0.68324E-06   0.00000E+00   0.23727E+06   0.00000E+00
  1.912   4.330   -0.33231E+05   0.00000E+00  -0.68284E-06   0.00000E+00   0.23727E+06   0.00000E+00
  1.921   4.340   -0.33231E+05   0.00000E+00  -0.68246E-06   0.00000E+00   0.23727E+06   0.00000E+00
  1.930   4.350   -0.33230E+05   0.00000E+00  -0.68212E-06   0.00000E+00   0.23727E+06   0.00000E+00
  1.938   4.360   -0.33230E+05   0.00000E+00  -0.68180E-06   0.00000E+00   0.23727E+06   0.00000E+00
  1.947   4.370   -0.33230E+05   0.00000E+00  -0.68151E-06   0.00000E+00   0.23727E+06   0.00000E+00
  1.956   4.380   -0.33230E+05   0.00000E+00  -0.68123E-06   0.00000E+00   0.23727E+06   0.00000E+00
  1.965   4.390   -0.33229E+05   0.00000E+00  -0.68099E-06   0.00000E+00   0.23727E+06   0.00000E+00
  1.974   4.400   -0.33229E+05   0.00000E+00  -0.68077E-06   0.00000E+00   0.23727E+06   0.00000E+00
  1.983   4.410   -0.33229E+05   0.00000E+00  -0.68058E-06   0.00000E+00   0.23727E+06   0.00000E+00
  1.992   4.420   -0.33229E+05   0.00000E+00  -0.68041E-06   0.00000E+00   0.23728E+06   0.00000E+00
  2.001   4.430   -0.33229E+05   0.00000E+00  -0.68027E-06   0.00000E+00   0.23728E+06   0.00000E+00
  2.010   4.440   -0.33228E+05   0.00000E+00  -0.68014E-06   0.00000E+00   0.23728E+06   0.00000E+00
  2.019   4.450   -0.33228E+05   0.00000E+00  -0.68004E-06   0.00000E+00   0.23728E+06   0.00000E+00
  2.028   4.460   -0.33228E+05   0.00000E+00  -0.67997E-06   0.00000E+00   0.23728E+06   0.00000E+00
  2.037   4.470   -0.33228E+05   0.00000E+00  -0.67992E-06   0.00000E+00   0.23728E+06   0.00000E+00
  2.047   4.480   -0.33228E+05   0.00000E+00  -0.67988E-06   0.00000E+00   0.23728E+06   0.00000E+00
  2.056   4.490   -0.33227E+05   0.00000E+00  -0.67987E-06   0.00000E+00   0.23728E+06   0.00000E+00
  2.065   4.500   -0.33227E+05   0.00000E+00  -0.67988E-06   0.00000E+00   0.23728E+06   0.00000E+00
  2.074   4.510   -0.33227E+05   0.00000E+00  -0.67992E-06   0.00000E+00   0.23728E+06   0.00000E+00
  2.083   4.520   -0.33227E+05   0.00000E+00  -0.67997E-06   0.00000E+00   0.23728E+06   0.00000E+00
  2.093   4.530   -0.33227E+05   0.00000E+00  -0.68004E-06   0.00000E+00   0.23728E+06   0.00000E+00
  2.102   4.540   -0.33226E+05   0.00000E+00  -0.68014E-06   0.00000E+00   0.23728E+06   0.00000E+00
  2.111   4.550   -0.33226E+05   0.00000E+00  -0.68026E-06   0.00000E+00   0.23729E+06   0.00000E+00
  2.120   4.560   -0.33226E+05   0.00000E+00  -0.68039E-06   0.00000E+00   0.23729E+06   0.00000E+00
  2.130   4.570   -0.33226E+05   0.00000E+00  -0.68054E-06   0.00000E+00   0.23729E+06   0.00000E+00
  2.139   4.580   -0.33226E+05   0.00000E+00  -0.68071E-06   0.00000E+00   0.23729E+06   0.00000E+00
  2.148   4.590   -0.33226E+05   0.00000E+00  -0.68090E-06   0.00000E+00   0.23729E+06   0.00000E+00
  2.158   4.600   -0.33226E+05   0.00000E+00  -0.68110E-06   0.00000E+00   0.23729E+06   0.00000E+00
  2.167   4.610   -0.33226E+05   0.00000E+00  -0.68134E-06   0.00000E+00   0.23729E+06   0.00000E+00
  2.177   4.620   -0.33225E+05   0.00000E+00  -0.68158E-06   0.00000E+00   0.23729E+06   0.00000E+00
  2.186   4.630   -0.33225E+05   0.00000E+00  -0.68183E-06   0.00000E+00   0.23729E+06   0.00000E+00
  2.195   4.640   -0.33225E+05   0.00000E+00  -0.68211E-06   0.00000E+00   0.23729E+06   0.00000E+00
  2.205   4.650   -0.33225E+05   0.00000E+00  -0.68240E-06   0.00000E+00   0.23729E+06   0.00000E+00
  2.214   4.660   -0.33225E+05   0.00000E+00  -0.68271E-06   0.00000E+00   0.23729E+06   0.00000E+00
  2.224   4.670   -0.33225E+05   0.00000E+00  -0.68304E-06   0.00000E+00   0.23729E+06   0.00000E+00
  2.233   4.680   -0.33225E+05   0.00000E+00  -0.68338E-06   0.00000E+00   0.23729E+06   0.00000E+00
  2.243   4.690   -0.33225E+05   0.00000E+00  -0.68374E-06   0.00000E+00   0.23730E+06   0.00000E+00
  2.253   4.700   -0.33225E+05   0.00000E+00  -0.68411E-06   0.00000E+00   0.23730E+06   0.00000E+00
  2.262   4.710   -0.33225E+05   0.00000E+00  -0.68449E-06   0.00000E+00   0.23730E+06   0.00000E+00
  2.272   4.720   -0.33225E+05   0.00000E+00  -0.68489E-06   0.00000E+00   0.23730E+06   0.00000E+00
  2.281   4.730   -0.33224E+05   0.00000E+00  -0.68531E-06   0.00000E+00   0.23730E+06   0.00000E+00
  2.291   4.740   -0.33224E+05   0.00000E+00  -0.68573E-06   0.00000E+00   0.23730E+06   0.00000E+00
  2.301   4.750   -0.33224E+05   0.00000E+00  -0.68618E-06   0.00000E+00   0.23730E+06   0.00000E+00
  2.310   4.760   -0.33224E+05   0.00000E+00  -0.68663E-06   0.00000E+00   0.23730E+06   0.00000E+00
  2.320   4.770   -0.33224E+05   0.00000E+00  -0.68709E-06   0.00000E+00   0.23730E+06   0.00000E+00
  2.330   4.780   -0.33224E+05   0.00000E+00  -0.68758E-06   0.00000E+00   0.23730E+06   0.00000E+00
  2.340   4.790   -0.33224E+05   0.00000E+00  -0.68808E-06   0.00000E+00   0.23730E+06   0.00000E+00
  2.349   4.800   -0.33224E+05   0.00000E+00  -0.68858E-06   0.00000E+00   0.23730E+06   0.00000E+00
  2.359   4.810   -0.33224E+05   0.00000E+00  -0.68909E-06   0.00000E+00   0.23730E+06   0.00000E+00
  2.369   4.820   -0.33224E+05   0.00000E+00  -0.68963E-06   0.00000E+00   0.23730E+06   0.00000E+00
  2.379   4.830   -0.33224E+05   0.00000E+00  -0.69017E-06   0.00000E+00   0.23730E+06   0.00000E+00
  2.389   4.840   -0.33224E+05   0.00000E+00  -0.69072E-06   0.00000E+00   0.23731E+06   0.00000E+00
  2.399   4.850   -0.33224E+05   0.00000E+00  -0.69129E-06   0.00000E+00   0.23731E+06   0.00000E+00
  2.409   4.860   -0.33224E+05   0.00000E+00  -0.69186E-06   0.00000E+00   0.23731E+06   0.00000E+00
  2.418   4.870   -0.33224E+05   0.00000E+00  -0.69245E-06   0.00000E+00   0.23731E+06   0.00000E+00
  2.428   4.880   -0.33224E+05   0.00000E+00  -0.69305E-06   0.00000E+00   0.23731E+06   0.00000E+00
  2.438   4.890   -0.33224E+05   0.00000E+00  -0.69365E-06   0.00000E+00   0.23731E+06   0.00000E+00
  2.448   4.900   -0.33224E+05   0.00000E+00  -0.69427E-06   0.00000E+00   0.23731E+06   0.00000E+00
  2.458   4.910   -0.33224E+05   0.00000E+00  -0.69489E-06   0.00000E+00   0.23731E+06   0.00000E+00
  2.468   4.920   -0.33224E+05   0.00000E+00  -0.69553E-06   0.00000E+00   0.23731E+06   0.00000E+00
  2.478   4.930   -0.33224E+05   0.00000E+00  -0.69617E-06   0.00000E+00   0.23731E+06   0.00000E+00
  2.488   4.940   -0.33224E+05   0.00000E+00  -0.69682E-06   0.00000E+00   0.23731E+06   0.00000E+00
  2.499   4.950   -0.33224E+05   0.00000E+00  -0.69748E-06   0.00000E+00   0.23731E+06   0.00000E+00
  2.509   4.960   -0.33224E+05   0.00000E+00  -0.69816E-06   0.00000E+00   0.23731E+06   0.00000E+00
  2.519   4.970   -0.33224E+05   0.00000E+00  -0.69884E-06   0.00000E+00   0.23731E+06   0.00000E+00
  2.529   4.980   -0.33224E+05   0.00000E+00  -0.69953E-06   0.00000E+00   0.23731E+06   0.00000E+00
  2.539   4.990   -0.33225E+05   0.00000E+00  -0.70022E-06   0.00000E+00   0.23732E+06   0.00000E+00
