  0.000   0.010    0.00000E+00   0.60624E+04   0.00000E+00   0.33538E+05   0.00000E+00   0.10885E-10
  0.000   0.020    0.00000E+00   0.60624E+04   0.00000E+00   0.33538E+05   0.00000E+00   0.10885E-10
  0.000   0.030    0.00000E+00   0.60625E+04   0.00000E+00   0.33538E+05   0.00000E+00   0.10885E-10
  0.000   0.040    0.00000E+00   0.60625E+04   0.00000E+00   0.33538E+05   0.00000E+00   0.10885E-10
  0.000   0.050    0.00000E+00   0.60625E+04   0.00000E+00   0.33538E+05   0.00000E+00   0.10885E-10
  0.000   0.060    0.00000E+00   0.60625E+04   0.00000E+00   0.33538E+05   0.00000E+00   0.10885E-10
  0.000   0.070    0.00000E+00   0.60626E+04   0.00000E+00   0.33538E+05   0.00000E+00   0.10885E-10
  0.001   0.080    0.00000E+00   0.60626E+04   0.00000E+00   0.33538E+05   0.00000E+00   0.10885E-10
  0.001   0.090    0.00000E+00   0.60626E+04   0.00000E+00   0.33538E+05   0.00000E+00   0.10885E-10
  0.001   0.100    0.00000E+00   0.60627E+04   0.00000E+00   0.33538E+05   0.00000E+00   0.10885E-10
  0.001   0.110    0.00000E+00   0.60627E+04   0.00000E+00   0.33539E+05   0.00000E+00   0.10886E-10
  0.001   0.120    0.00000E+00   0.60628E+04   0.00000E+00   0.33539E+05   0.00000E+00   0.10886E-10
  0.002   0.130    0.00000E+00   0.60629E+04   0.00000E+00   0.33539E+05   0.00000E+00   0.10886E-10
  0.002   0.140    0.00000E+00   0.60629E+04   0.00000E+00   0.33539E+05   0.00000E+00   0.10886E-10
  0.002   0.150    0.00000E+00   0.60630E+04   0.00000E+00   0.33539E+05   0.00000E+00   0.10886E-10
  0.003   0.160    0.00000E+00   0.60631E+04   0.00000E+00   0.33540E+05   0.00000E+00   0.10887E-10
  0.003   0.170    0.00000E+00   0.60632E+04   0.00000E+00   0.33540E+05   0.00000E+00   0.10887E-10
  0.003   0.180    0.00000E+00   0.60633E+04   0.00000E+00   0.33540E+05   0.00000E+00   0.10887E-10
  0.004   0.190    0.00000E+00   0.60633E+04   0.00000E+00   0.33540E+05   0.00000E+00   0.10887E-10
  0.004   0.200    0.00000E+00   0.60634E+04   0.00000E+00   0.33541E+05   0.00000E+00   0.10888E-10
  0.004   0.210    0.00000E+00   0.60636E+04   0.00000E+00   0.33541E+05   0.00000E+00   0.10888E-10
  0.005   0.220    0.00000E+00   0.60637E+04   0.00000E+00   0.33541E+05   0.00000E+00   0.10888E-10
  0.005   0.230    0.00000E+00   0.60638E+04   0.00000E+00   0.33541E+05   0.00000E+00   0.10888E-10
  0.006   0.240    0.00000E+00   0.60639E+04   0.00000E+00   0.33542E+05   0.00000E+00   0.10889E-10
  0.006   0.250    0.00000E+00   0.60640E+04   0.00000E+00   0.33542E+05   0.00000E+00   0.10889E-10
  0.007   0.260    0.00000E+00   0.60642E+04   0.00000E+00   0.33543E+05   0.00000E+00   0.10889E-10
  0.007   0.270    0.00000E+00   0.60643E+04   0.00000E+00   0.33543E+05   0.00000E+00   0.10890E-10
  0.008   0.280    0.00000E+00   0.60645E+04   0.00000E+00   0.33544E+05   0.00000E+00   0.10890E-10
  0.009   0.290    0.00000E+00   0.60646E+04   0.00000E+00   0.33544E+05   0.00000E+00   0.10891E-10
  0.009   0.300    0.00000E+00   0.60648E+04   0.00000E+00   0.33544E+05   0.00000E+00   0.10891E-10
  0.010   0.310    0.00000E+00   0.60650E+04   0.00000E+00   0.33545E+05   0.00000E+00   0.10892E-10
  0.010   0.320    0.00000E+00   0.60651E+04   0.00000E+00   0.33546E+05   0.00000E+00   0.10892E-10
  0.011   0.330    0.00000E+00   0.60653E+04   0.00000E+00   0.33546E+05   0.00000E+00   0.10892E-10
  0.012   0.340    0.00000E+00   0.60655E+04   0.00000E+00   0.33547E+05   0.00000E+00   0.10893E-10
  0.012   0.350    0.00000E+00   0.60657E+04   0.00000E+00   0.33547E+05   0.00000E+00   0.10893E-10
  0.013   0.360    0.00000E+00   0.60659E+04   0.00000E+00   0.33548E+05   0.00000E+00   0.10894E-10
  0.014   0.370    0.00000E+00   0.60661E+04   0.00000E+00   0.33549E+05   0.00000E+00   0.10895E-10
  0.015   0.380    0.00000E+00   0.60664E+04   0.00000E+00   0.33549E+05   0.00000E+00   0.10895E-10
  0.016   0.390    0.00000E+00   0.60666E+04   0.00000E+00   0.33550E+05   0.00000E+00   0.10896E-10
  0.016   0.400    0.00000E+00   0.60668E+04   0.00000E+00   0.33551E+05   0.00000E+00   0.10896E-10
  0.017   0.410    0.00000E+00   0.60671E+04   0.00000E+00   0.33551E+05   0.00000E+00   0.10897E-10
  0.018   0.420    0.00000E+00   0.60673E+04   0.00000E+00   0.33552E+05   0.00000E+00   0.10898E-10
  0.019   0.430    0.00000E+00   0.60676E+04   0.00000E+00   0.33553E+05   0.00000E+00   0.10898E-10
  0.020   0.440    0.00000E+00   0.60679E+04   0.00000E+00   0.33554E+05   0.00000E+00   0.10899E-10
  0.021   0.450    0.00000E+00   0.60681E+04   0.00000E+00   0.33555E+05   0.00000E+00   0.10900E-10
  0.022   0.460    0.00000E+00   0.60684E+04   0.00000E+00   0.33556E+05   0.00000E+00   0.10900E-10
  0.023   0.470    0.00000E+00   0.60687E+04   0.00000E+00   0.33557E+05   0.00000E+00   0.10901E-10
  0.023   0.480    0.00000E+00   0.60690E+04   0.00000E+00   0.33558E+05   0.00000E+00   0.10902E-10
  0.024   0.490    0.00000E+00   0.60694E+04   0.00000E+00   0.33559E+05   0.00000E+00   0.10903E-10
  0.025   0.500    0.00000E+00   0.60697E+04   0.00000E+00   0.33560E+05   0.00000E+00   0.10903E-10
  0.027   0.510    0.00000E+00   0.60700E+04   0.00000E+00   0.33561E+05   0.00000E+00   0.10904E-10
  0.028   0.520    0.00000E+00   0.60704E+04   0.00000E+00   0.33562E+05   0.00000E+00   0.10905E-10
  0.029   0.530    0.00000E+00   0.60707E+04   0.00000E+00   0.33563E+05   0.00000E+00   0.10906E-10
  0.030   0.540    0.00000E+00   0.60711E+04   0.00000E+00   0.33565E+05   0.00000E+00   0.10907E-10
  0.031   0.550    0.00000E+00   0.60715E+04   0.00000E+00   0.33566E+05   0.00000E+00   0.10908E-10
  0.032   0.560    0.00000E+00   0.60719E+04   0.00000E+00   0.33567E+05   0.00000E+00   0.10909E-10
  0.033   0.570    0.00000E+00   0.60723E+04   0.00000E+00   0.33569E+05   0.00000E+00   0.10910E-10
  0.034   0.580    0.00000E+00   0.60727E+04   0.00000E+00   0.33570E+05   0.00000E+00   0.10911E-10
  0.035   0.590    0.00000E+00   0.60732E+04   0.00000E+00   0.33572E+05   0.00000E+00   0.10911E-10
  0.037   0.600    0.00000E+00   0.60736E+04   0.00000E+00   0.33573E+05   0.00000E+00   0.10913E-10
  0.038   0.610    0.00000E+00   0.60741E+04   0.00000E+00   0.33575E+05   0.00000E+00   0.10914E-10
  0.039   0.620    0.00000E+00   0.60745E+04   0.00000E+00   0.33576E+05   0.00000E+00   0.10915E-10
  0.040   0.630    0.00000E+00   0.60750E+04   0.00000E+00   0.33578E+05   0.00000E+00   0.10916E-10
  0.042   0.640    0.00000E+00   0.60755E+04   0.00000E+00   0.33579E+05   0.00000E+00   0.10917E-10
  0.043   0.650    0.00000E+00   0.60760E+04   0.00000E+00   0.33581E+05   0.00000E+00   0.10918E-10
  0.044   0.660    0.00000E+00   0.60765E+04   0.00000E+00   0.33583E+05   0.00000E+00   0.10919E-10
  0.046   0.670    0.00000E+00   0.60770E+04   0.00000E+00   0.33584E+05   0.00000E+00   0.10920E-10
  0.047   0.680    0.00000E+00   0.60775E+04   0.00000E+00   0.33586E+05   0.00000E+00   0.10921E-10
  0.049   0.690    0.00000E+00   0.60780E+04   0.00000E+00   0.33588E+05   0.00000E+00   0.10923E-10
  0.050   0.700    0.00000E+00   0.60786E+04   0.00000E+00   0.33590E+05   0.00000E+00   0.10924E-10
  0.051   0.710    0.00000E+00   0.60791E+04   0.00000E+00   0.33591E+05   0.00000E+00   0.10925E-10
  0.053   0.720    0.00000E+00   0.60797E+04   0.00000E+00   0.33593E+05   0.00000E+00   0.10926E-10
  0.054   0.730    0.00000E+00   0.60802E+04   0.00000E+00   0.33595E+05   0.00000E+00   0.10928E-10
  0.056   0.740    0.00000E+00   0.60808E+04   0.00000E+00   0.33597E+05   0.00000E+00   0.10929E-10
  0.057   0.750    0.00000E+00   0.60814E+04   0.00000E+00   0.33599E+05   0.00000E+00   0.10930E-10
  0.059   0.760    0.00000E+00   0.60820E+04   0.00000E+00   0.33601E+05   0.00000E+00   0.10932E-10
  0.060   0.770    0.00000E+00   0.60826E+04   0.00000E+00   0.33603E+05   0.00000E+00   0.10933E-10
  0.062   0.780    0.00000E+00   0.60832E+04   0.00000E+00   0.33604E+05   0.00000E+00   0.10935E-10
  0.064   0.790    0.00000E+00   0.60838E+04   0.00000E+00   0.33606E+05   0.00000E+00   0.10936E-10
  0.065   0.800    0.00000E+00   0.60844E+04   0.00000E+00   0.33608E+05   0.00000E+00   0.10938E-10
  0.067   0.810    0.00000E+00   0.60850E+04   0.00000E+00   0.33610E+05   0.00000E+00   0.10939E-10
  0.069   0.820    0.00000E+00   0.60857E+04   0.00000E+00   0.33612E+05   0.00000E+00   0.10941E-10
  0.070   0.830    0.00000E+00   0.60863E+04   0.00000E+00   0.33614E+05   0.00000E+00   0.10942E-10
  0.072   0.840    0.00000E+00   0.60869E+04   0.00000E+00   0.33616E+05   0.00000E+00   0.10944E-10
  0.074   0.850    0.00000E+00   0.60876E+04   0.00000E+00   0.33618E+05   0.00000E+00   0.10945E-10
  0.075   0.860    0.00000E+00   0.60882E+04   0.00000E+00   0.33620E+05   0.00000E+00   0.10947E-10
  0.077   0.870    0.00000E+00   0.60889E+04   0.00000E+00   0.33622E+05   0.00000E+00   0.10949E-10
  0.079   0.880    0.00000E+00   0.60895E+04   0.00000E+00   0.33624E+05   0.00000E+00   0.10950E-10
  0.081   0.890    0.00000E+00   0.60902E+04   0.00000E+00   0.33625E+05   0.00000E+00   0.10952E-10
  0.083   0.900    0.00000E+00   0.60908E+04   0.00000E+00   0.33627E+05   0.00000E+00   0.10954E-10
  0.084   0.910    0.00000E+00   0.60915E+04   0.00000E+00   0.33629E+05   0.00000E+00   0.10955E-10
  0.086   0.920    0.00000E+00   0.60922E+04   0.00000E+00   0.33631E+05   0.00000E+00   0.10957E-10
  0.088   0.930    0.00000E+00   0.60928E+04   0.00000E+00   0.33633E+05   0.00000E+00   0.10959E-10
  0.090   0.940    0.00000E+00   0.60935E+04   0.00000E+00   0.33634E+05   0.00000E+00   0.10961E-10
  0.092   0.950    0.00000E+00   0.60942E+04   0.00000E+00   0.33636E+05   0.00000E+00   0.10963E-10
  0.094   0.960    0.00000E+00   0.60948E+04   0.00000E+00   0.33638E+05   0.00000E+00   0.10964E-10
  0.096   0.970    0.00000E+00   0.60955E+04   0.00000E+00   0.33640E+05   0.00000E+00   0.10966E-10
  0.098   0.980    0.00000E+00   0.60962E+04   0.00000E+00   0.33641E+05   0.00000E+00   0.10968E-10
  0.100   0.990    0.00000E+00   0.60968E+04   0.00000E+00   0.33643E+05   0.00000E+00   0.10970E-10
  0.102   1.000    0.00000E+00   0.60975E+04   0.00000E+00   0.33644E+05   0.00000E+00   0.10972E-10
  0.104   1.010    0.00000E+00   0.60981E+04   0.00000E+00   0.33646E+05   0.00000E+00   0.10974E-10
  0.106   1.020    0.00000E+00   0.60988E+04   0.00000E+00   0.33647E+05   0.00000E+00   0.10976E-10
  0.108   1.030    0.00000E+00   0.60994E+04   0.00000E+00   0.33649E+05   0.00000E+00   0.10978E-10
  0.110   1.040    0.00000E+00   0.61001E+04   0.00000E+00   0.33650E+05   0.00000E+00   0.10980E-10
  0.112   1.050    0.00000E+00   0.61007E+04   0.00000E+00   0.33651E+05   0.00000E+00   0.10982E-10
  0.115   1.060    0.00000E+00   0.61014E+04   0.00000E+00   0.33653E+05   0.00000E+00   0.10984E-10
  0.117   1.070    0.00000E+00   0.61020E+04   0.00000E+00   0.33654E+05   0.00000E+00   0.10986E-10
  0.119   1.080    0.00000E+00   0.61026E+04   0.00000E+00   0.33655E+05   0.00000E+00   0.10988E-10
  0.121   1.090    0.00000E+00   0.61033E+04   0.00000E+00   0.33656E+05   0.00000E+00   0.10990E-10
  0.123   1.100    0.00000E+00   0.61039E+04   0.00000E+00   0.33657E+05   0.00000E+00   0.10992E-10
  0.126   1.110    0.00000E+00   0.61045E+04   0.00000E+00   0.33658E+05   0.00000E+00   0.10994E-10
  0.128   1.120    0.00000E+00   0.61051E+04   0.00000E+00   0.33659E+05   0.00000E+00   0.10996E-10
  0.130   1.130    0.00000E+00   0.61057E+04   0.00000E+00   0.33660E+05   0.00000E+00   0.10998E-10
  0.133   1.140    0.00000E+00   0.61063E+04   0.00000E+00   0.33661E+05   0.00000E+00   0.11000E-10
  0.135   1.150    0.00000E+00   0.61069E+04   0.00000E+00   0.33661E+05   0.00000E+00   0.11002E-10
  0.137   1.160    0.00000E+00   0.61074E+04   0.00000E+00   0.33662E+05   0.00000E+00   0.11005E-10
  0.140   1.170    0.00000E+00   0.61080E+04   0.00000E+00   0.33663E+05   0.00000E+00   0.11007E-10
  0.142   1.180    0.00000E+00   0.61085E+04   0.00000E+00   0.33663E+05   0.00000E+00   0.11009E-10
  0.144   1.190    0.00000E+00   0.61091E+04   0.00000E+00   0.33664E+05   0.00000E+00   0.11011E-10
  0.147   1.200    0.00000E+00   0.61096E+04   0.00000E+00   0.33664E+05   0.00000E+00   0.11013E-10
  0.149   1.210    0.00000E+00   0.61101E+04   0.00000E+00   0.33664E+05   0.00000E+00   0.11015E-10
  0.152   1.220    0.00000E+00   0.61107E+04   0.00000E+00   0.33665E+05   0.00000E+00   0.11017E-10
  0.154   1.230    0.00000E+00   0.61112E+04   0.00000E+00   0.33665E+05   0.00000E+00   0.11020E-10
  0.157   1.240    0.00000E+00   0.61117E+04   0.00000E+00   0.33665E+05   0.00000E+00   0.11022E-10
  0.159   1.250    0.00000E+00   0.61121E+04   0.00000E+00   0.33665E+05   0.00000E+00   0.11024E-10
  0.162   1.260    0.00000E+00   0.61126E+04   0.00000E+00   0.33665E+05   0.00000E+00   0.11026E-10
  0.164   1.270    0.00000E+00   0.61131E+04   0.00000E+00   0.33665E+05   0.00000E+00   0.11028E-10
  0.167   1.280    0.00000E+00   0.61135E+04   0.00000E+00   0.33665E+05   0.00000E+00   0.11031E-10
  0.170   1.290    0.00000E+00   0.61139E+04   0.00000E+00   0.33664E+05   0.00000E+00   0.11033E-10
  0.172   1.300    0.00000E+00   0.61143E+04   0.00000E+00   0.33664E+05   0.00000E+00   0.11035E-10
  0.175   1.310    0.00000E+00   0.61147E+04   0.00000E+00   0.33664E+05   0.00000E+00   0.11037E-10
  0.178   1.320    0.00000E+00   0.61151E+04   0.00000E+00   0.33663E+05   0.00000E+00   0.11039E-10
  0.180   1.330    0.00000E+00   0.61155E+04   0.00000E+00   0.33662E+05   0.00000E+00   0.11042E-10
  0.183   1.340    0.00000E+00   0.61159E+04   0.00000E+00   0.33662E+05   0.00000E+00   0.11044E-10
  0.186   1.350    0.00000E+00   0.61162E+04   0.00000E+00   0.33661E+05   0.00000E+00   0.11046E-10
  0.189   1.360    0.00000E+00   0.61166E+04   0.00000E+00   0.33660E+05   0.00000E+00   0.11048E-10
  0.191   1.370    0.00000E+00   0.61169E+04   0.00000E+00   0.33659E+05   0.00000E+00   0.11050E-10
  0.194   1.380    0.00000E+00   0.61172E+04   0.00000E+00   0.33658E+05   0.00000E+00   0.11053E-10
  0.197   1.390    0.00000E+00   0.61175E+04   0.00000E+00   0.33657E+05   0.00000E+00   0.11055E-10
  0.200   1.400    0.00000E+00   0.61178E+04   0.00000E+00   0.33656E+05   0.00000E+00   0.11057E-10
  0.203   1.410    0.00000E+00   0.61181E+04   0.00000E+00   0.33655E+05   0.00000E+00   0.11059E-10
  0.206   1.420    0.00000E+00   0.61183E+04   0.00000E+00   0.33654E+05   0.00000E+00   0.11061E-10
  0.209   1.430    0.00000E+00   0.61185E+04   0.00000E+00   0.33652E+05   0.00000E+00   0.11063E-10
  0.211   1.440    0.00000E+00   0.61188E+04   0.00000E+00   0.33651E+05   0.00000E+00   0.11066E-10
  0.214   1.450    0.00000E+00   0.61190E+04   0.00000E+00   0.33649E+05   0.00000E+00   0.11068E-10
  0.217   1.460    0.00000E+00   0.61192E+04   0.00000E+00   0.33648E+05   0.00000E+00   0.11070E-10
  0.220   1.470    0.00000E+00   0.61193E+04   0.00000E+00   0.33646E+05   0.00000E+00   0.11072E-10
  0.223   1.480    0.00000E+00   0.61195E+04   0.00000E+00   0.33645E+05   0.00000E+00   0.11074E-10
  0.226   1.490    0.00000E+00   0.61197E+04   0.00000E+00   0.33643E+05   0.00000E+00   0.11076E-10
  0.229   1.500    0.00000E+00   0.61198E+04   0.00000E+00   0.33641E+05   0.00000E+00   0.11078E-10
  0.233   1.510    0.00000E+00   0.61199E+04   0.00000E+00   0.33639E+05   0.00000E+00   0.11080E-10
  0.236   1.520    0.00000E+00   0.61200E+04   0.00000E+00   0.33637E+05   0.00000E+00   0.11082E-10
  0.239   1.530    0.00000E+00   0.61201E+04   0.00000E+00   0.33635E+05   0.00000E+00   0.11084E-10
  0.242   1.540    0.00000E+00   0.61202E+04   0.00000E+00   0.33633E+05   0.00000E+00   0.11086E-10
  0.245   1.550    0.00000E+00   0.61202E+04   0.00000E+00   0.33631E+05   0.00000E+00   0.11088E-10
  0.248   1.560    0.00000E+00   0.61203E+04   0.00000E+00   0.33629E+05   0.00000E+00   0.11090E-10
  0.251   1.570    0.00000E+00   0.61203E+04   0.00000E+00   0.33627E+05   0.00000E+00   0.11092E-10
  0.255   1.580    0.00000E+00   0.61203E+04   0.00000E+00   0.33624E+05   0.00000E+00   0.11094E-10
  0.258   1.590    0.00000E+00   0.61204E+04   0.00000E+00   0.33622E+05   0.00000E+00   0.11096E-10
  0.261   1.600    0.00000E+00   0.61203E+04   0.00000E+00   0.33619E+05   0.00000E+00   0.11098E-10
  0.264   1.610    0.00000E+00   0.61203E+04   0.00000E+00   0.33617E+05   0.00000E+00   0.11100E-10
  0.268   1.620    0.00000E+00   0.61203E+04   0.00000E+00   0.33615E+05   0.00000E+00   0.11102E-10
  0.271   1.630    0.00000E+00   0.61202E+04   0.00000E+00   0.33612E+05   0.00000E+00   0.11104E-10
  0.274   1.640    0.00000E+00   0.61202E+04   0.00000E+00   0.33609E+05   0.00000E+00   0.11106E-10
  0.278   1.650    0.00000E+00   0.61201E+04   0.00000E+00   0.33607E+05   0.00000E+00   0.11108E-10
  0.281   1.660    0.00000E+00   0.61200E+04   0.00000E+00   0.33604E+05   0.00000E+00   0.11109E-10
  0.284   1.670    0.00000E+00   0.61199E+04   0.00000E+00   0.33602E+05   0.00000E+00   0.11111E-10
  0.288   1.680    0.00000E+00   0.61198E+04   0.00000E+00   0.33599E+05   0.00000E+00   0.11113E-10
  0.291   1.690    0.00000E+00   0.61197E+04   0.00000E+00   0.33596E+05   0.00000E+00   0.11115E-10
  0.295   1.700    0.00000E+00   0.61195E+04   0.00000E+00   0.33593E+05   0.00000E+00   0.11116E-10
  0.298   1.710    0.00000E+00   0.61194E+04   0.00000E+00   0.33590E+05   0.00000E+00   0.11118E-10
  0.302   1.720    0.00000E+00   0.61192E+04   0.00000E+00   0.33588E+05   0.00000E+00   0.11119E-10
  0.305   1.730    0.00000E+00   0.61190E+04   0.00000E+00   0.33585E+05   0.00000E+00   0.11121E-10
  0.309   1.740    0.00000E+00   0.61189E+04   0.00000E+00   0.33582E+05   0.00000E+00   0.11123E-10
  0.312   1.750    0.00000E+00   0.61187E+04   0.00000E+00   0.33579E+05   0.00000E+00   0.11124E-10
  0.316   1.760    0.00000E+00   0.61185E+04   0.00000E+00   0.33576E+05   0.00000E+00   0.11126E-10
  0.319   1.770    0.00000E+00   0.61182E+04   0.00000E+00   0.33573E+05   0.00000E+00   0.11127E-10
  0.323   1.780    0.00000E+00   0.61180E+04   0.00000E+00   0.33570E+05   0.00000E+00   0.11129E-10
  0.327   1.790    0.00000E+00   0.61178E+04   0.00000E+00   0.33567E+05   0.00000E+00   0.11130E-10
  0.330   1.800    0.00000E+00   0.61175E+04   0.00000E+00   0.33564E+05   0.00000E+00   0.11132E-10
  0.334   1.810    0.00000E+00   0.61173E+04   0.00000E+00   0.33561E+05   0.00000E+00   0.11133E-10
  0.338   1.820    0.00000E+00   0.61170E+04   0.00000E+00   0.33558E+05   0.00000E+00   0.11134E-10
  0.341   1.830    0.00000E+00   0.61167E+04   0.00000E+00   0.33555E+05   0.00000E+00   0.11135E-10
  0.345   1.840    0.00000E+00   0.61164E+04   0.00000E+00   0.33552E+05   0.00000E+00   0.11137E-10
  0.349   1.850    0.00000E+00   0.61161E+04   0.00000E+00   0.33549E+05   0.00000E+00   0.11138E-10
  0.353   1.860    0.00000E+00   0.61158E+04   0.00000E+00   0.33546E+05   0.00000E+00   0.11139E-10
  0.357   1.870    0.00000E+00   0.61155E+04   0.00000E+00   0.33543E+05   0.00000E+00   0.11140E-10
  0.360   1.880    0.00000E+00   0.61152E+04   0.00000E+00   0.33540E+05   0.00000E+00   0.11141E-10
  0.364   1.890    0.00000E+00   0.61148E+04   0.00000E+00   0.33537E+05   0.00000E+00   0.11142E-10
  0.368   1.900    0.00000E+00   0.61145E+04   0.00000E+00   0.33534E+05   0.00000E+00   0.11144E-10
  0.372   1.910    0.00000E+00   0.61142E+04   0.00000E+00   0.33531E+05   0.00000E+00   0.11145E-10
  0.376   1.920    0.00000E+00   0.61138E+04   0.00000E+00   0.33528E+05   0.00000E+00   0.11145E-10
  0.380   1.930    0.00000E+00   0.61134E+04   0.00000E+00   0.33525E+05   0.00000E+00   0.11146E-10
  0.384   1.940    0.00000E+00   0.61131E+04   0.00000E+00   0.33522E+05   0.00000E+00   0.11147E-10
  0.388   1.950    0.00000E+00   0.61127E+04   0.00000E+00   0.33519E+05   0.00000E+00   0.11148E-10
  0.392   1.960    0.00000E+00   0.61123E+04   0.00000E+00   0.33516E+05   0.00000E+00   0.11149E-10
  0.396   1.970    0.00000E+00   0.61119E+04   0.00000E+00   0.33513E+05   0.00000E+00   0.11150E-10
  0.400   1.980    0.00000E+00   0.61115E+04   0.00000E+00   0.33510E+05   0.00000E+00   0.11150E-10
  0.404   1.990    0.00000E+00   0.61111E+04   0.00000E+00   0.33507E+05   0.00000E+00   0.11151E-10
  0.408   2.000    0.00000E+00   0.61107E+04   0.00000E+00   0.33504E+05   0.00000E+00   0.11152E-10
  0.412   2.010    0.00000E+00   0.61103E+04   0.00000E+00   0.33501E+05   0.00000E+00   0.11152E-10
  0.416   2.020    0.00000E+00   0.61099E+04   0.00000E+00   0.33498E+05   0.00000E+00   0.11153E-10
  0.420   2.030    0.00000E+00   0.61094E+04   0.00000E+00   0.33495E+05   0.00000E+00   0.11153E-10
  0.424   2.040    0.00000E+00   0.61090E+04   0.00000E+00   0.33492E+05   0.00000E+00   0.11154E-10
  0.429   2.050    0.00000E+00   0.61085E+04   0.00000E+00   0.33489E+05   0.00000E+00   0.11154E-10
  0.433   2.060    0.00000E+00   0.61081E+04   0.00000E+00   0.33487E+05   0.00000E+00   0.11154E-10
  0.437   2.070    0.00000E+00   0.61076E+04   0.00000E+00   0.33484E+05   0.00000E+00   0.11155E-10
  0.441   2.080    0.00000E+00   0.61072E+04   0.00000E+00   0.33481E+05   0.00000E+00   0.11155E-10
  0.445   2.090    0.00000E+00   0.61067E+04   0.00000E+00   0.33478E+05   0.00000E+00   0.11155E-10
  0.450   2.100    0.00000E+00   0.61063E+04   0.00000E+00   0.33475E+05   0.00000E+00   0.11155E-10
  0.454   2.110    0.00000E+00   0.61058E+04   0.00000E+00   0.33473E+05   0.00000E+00   0.11155E-10
  0.458   2.120    0.00000E+00   0.61053E+04   0.00000E+00   0.33470E+05   0.00000E+00   0.11155E-10
  0.463   2.130    0.00000E+00   0.61048E+04   0.00000E+00   0.33467E+05   0.00000E+00   0.11155E-10
  0.467   2.140    0.00000E+00   0.61043E+04   0.00000E+00   0.33465E+05   0.00000E+00   0.11155E-10
  0.471   2.150    0.00000E+00   0.61039E+04   0.00000E+00   0.33462E+05   0.00000E+00   0.11155E-10
  0.476   2.160    0.00000E+00   0.61034E+04   0.00000E+00   0.33459E+05   0.00000E+00   0.11155E-10
  0.480   2.170    0.00000E+00   0.61029E+04   0.00000E+00   0.33457E+05   0.00000E+00   0.11155E-10
  0.485   2.180    0.00000E+00   0.61024E+04   0.00000E+00   0.33454E+05   0.00000E+00   0.11154E-10
  0.489   2.190    0.00000E+00   0.61019E+04   0.00000E+00   0.33452E+05   0.00000E+00   0.11154E-10
  0.494   2.200    0.00000E+00   0.61013E+04   0.00000E+00   0.33449E+05   0.00000E+00   0.11154E-10
  0.498   2.210    0.00000E+00   0.61008E+04   0.00000E+00   0.33447E+05   0.00000E+00   0.11153E-10
  0.503   2.220    0.00000E+00   0.61003E+04   0.00000E+00   0.33444E+05   0.00000E+00   0.11153E-10
  0.507   2.230    0.00000E+00   0.60998E+04   0.00000E+00   0.33442E+05   0.00000E+00   0.11152E-10
  0.512   2.240    0.00000E+00   0.60993E+04   0.00000E+00   0.33439E+05   0.00000E+00   0.11152E-10
  0.516   2.250    0.00000E+00   0.60987E+04   0.00000E+00   0.33437E+05   0.00000E+00   0.11151E-10
  0.521   2.260    0.00000E+00   0.60982E+04   0.00000E+00   0.33434E+05   0.00000E+00   0.11150E-10
  0.525   2.270    0.00000E+00   0.60977E+04   0.00000E+00   0.33432E+05   0.00000E+00   0.11149E-10
  0.530   2.280    0.00000E+00   0.60971E+04   0.00000E+00   0.33430E+05   0.00000E+00   0.11149E-10
  0.535   2.290    0.00000E+00   0.60966E+04   0.00000E+00   0.33427E+05   0.00000E+00   0.11148E-10
  0.539   2.300    0.00000E+00   0.60960E+04   0.00000E+00   0.33425E+05   0.00000E+00   0.11147E-10
  0.544   2.310    0.00000E+00   0.60955E+04   0.00000E+00   0.33423E+05   0.00000E+00   0.11146E-10
  0.549   2.320    0.00000E+00   0.60949E+04   0.00000E+00   0.33420E+05   0.00000E+00   0.11144E-10
  0.554   2.330    0.00000E+00   0.60944E+04   0.00000E+00   0.33418E+05   0.00000E+00   0.11143E-10
  0.558   2.340    0.00000E+00   0.60938E+04   0.00000E+00   0.33416E+05   0.00000E+00   0.11142E-10
  0.563   2.350    0.00000E+00   0.60933E+04   0.00000E+00   0.33414E+05   0.00000E+00   0.11141E-10
  0.568   2.360    0.00000E+00   0.60927E+04   0.00000E+00   0.33412E+05   0.00000E+00   0.11140E-10
  0.573   2.370    0.00000E+00   0.60921E+04   0.00000E+00   0.33410E+05   0.00000E+00   0.11138E-10
  0.578   2.380    0.00000E+00   0.60915E+04   0.00000E+00   0.33408E+05   0.00000E+00   0.11137E-10
  0.582   2.390    0.00000E+00   0.60910E+04   0.00000E+00   0.33405E+05   0.00000E+00   0.11135E-10
  0.587   2.400    0.00000E+00   0.60904E+04   0.00000E+00   0.33403E+05   0.00000E+00   0.11134E-10
  0.592   2.410    0.00000E+00   0.60898E+04   0.00000E+00   0.33401E+05   0.00000E+00   0.11132E-10
  0.597   2.420    0.00000E+00   0.60892E+04   0.00000E+00   0.33399E+05   0.00000E+00   0.11130E-10
  0.602   2.430    0.00000E+00   0.60886E+04   0.00000E+00   0.33397E+05   0.00000E+00   0.11128E-10
  0.607   2.440    0.00000E+00   0.60880E+04   0.00000E+00   0.33395E+05   0.00000E+00   0.11126E-10
  0.612   2.450    0.00000E+00   0.60875E+04   0.00000E+00   0.33394E+05   0.00000E+00   0.11125E-10
  0.617   2.460    0.00000E+00   0.60869E+04   0.00000E+00   0.33392E+05   0.00000E+00   0.11123E-10
  0.622   2.470    0.00000E+00   0.60863E+04   0.00000E+00   0.33390E+05   0.00000E+00   0.11121E-10
  0.627   2.480    0.00000E+00   0.60857E+04   0.00000E+00   0.33388E+05   0.00000E+00   0.11118E-10
  0.632   2.490    0.00000E+00   0.60851E+04   0.00000E+00   0.33386E+05   0.00000E+00   0.11116E-10
  0.637   2.500    0.00000E+00   0.60844E+04   0.00000E+00   0.33384E+05   0.00000E+00   0.11114E-10
  0.642   2.510    0.00000E+00   0.60838E+04   0.00000E+00   0.33382E+05   0.00000E+00   0.11112E-10
  0.648   2.520    0.00000E+00   0.60832E+04   0.00000E+00   0.33381E+05   0.00000E+00   0.11109E-10
  0.653   2.530    0.00000E+00   0.60826E+04   0.00000E+00   0.33379E+05   0.00000E+00   0.11107E-10
  0.658   2.540    0.00000E+00   0.60820E+04   0.00000E+00   0.33377E+05   0.00000E+00   0.11104E-10
  0.663   2.550    0.00000E+00   0.60814E+04   0.00000E+00   0.33375E+05   0.00000E+00   0.11102E-10
  0.668   2.560    0.00000E+00   0.60807E+04   0.00000E+00   0.33374E+05   0.00000E+00   0.11099E-10
  0.674   2.570    0.00000E+00   0.60801E+04   0.00000E+00   0.33372E+05   0.00000E+00   0.11096E-10
  0.679   2.580    0.00000E+00   0.60795E+04   0.00000E+00   0.33370E+05   0.00000E+00   0.11094E-10
  0.684   2.590    0.00000E+00   0.60788E+04   0.00000E+00   0.33369E+05   0.00000E+00   0.11091E-10
  0.689   2.600    0.00000E+00   0.60782E+04   0.00000E+00   0.33367E+05   0.00000E+00   0.11088E-10
  0.695   2.610    0.00000E+00   0.60776E+04   0.00000E+00   0.33365E+05   0.00000E+00   0.11085E-10
  0.700   2.620    0.00000E+00   0.60769E+04   0.00000E+00   0.33364E+05   0.00000E+00   0.11082E-10
  0.705   2.630    0.00000E+00   0.60763E+04   0.00000E+00   0.33362E+05   0.00000E+00   0.11079E-10
  0.711   2.640    0.00000E+00   0.60756E+04   0.00000E+00   0.33361E+05   0.00000E+00   0.11075E-10
  0.716   2.650    0.00000E+00   0.60750E+04   0.00000E+00   0.33359E+05   0.00000E+00   0.11072E-10
  0.722   2.660    0.00000E+00   0.60743E+04   0.00000E+00   0.33358E+05   0.00000E+00   0.11069E-10
  0.727   2.670    0.00000E+00   0.60737E+04   0.00000E+00   0.33356E+05   0.00000E+00   0.11065E-10
  0.732   2.680    0.00000E+00   0.60730E+04   0.00000E+00   0.33355E+05   0.00000E+00   0.11062E-10
  0.738   2.690    0.00000E+00   0.60723E+04   0.00000E+00   0.33353E+05   0.00000E+00   0.11058E-10
  0.743   2.700    0.00000E+00   0.60717E+04   0.00000E+00   0.33352E+05   0.00000E+00   0.11055E-10
  0.749   2.710    0.00000E+00   0.60710E+04   0.00000E+00   0.33350E+05   0.00000E+00   0.11051E-10
  0.754   2.720    0.00000E+00   0.60703E+04   0.00000E+00   0.33349E+05   0.00000E+00   0.11047E-10
  0.760   2.730    0.00000E+00   0.60696E+04   0.00000E+00   0.33348E+05   0.00000E+00   0.11044E-10
  0.766   2.740    0.00000E+00   0.60690E+04   0.00000E+00   0.33346E+05   0.00000E+00   0.11040E-10
  0.771   2.750    0.00000E+00   0.60683E+04   0.00000E+00   0.33345E+05   0.00000E+00   0.11036E-10
  0.777   2.760    0.00000E+00   0.60676E+04   0.00000E+00   0.33343E+05   0.00000E+00   0.11032E-10
  0.782   2.770    0.00000E+00   0.60669E+04   0.00000E+00   0.33342E+05   0.00000E+00   0.11028E-10
  0.788   2.780    0.00000E+00   0.60662E+04   0.00000E+00   0.33341E+05   0.00000E+00   0.11023E-10
  0.794   2.790    0.00000E+00   0.60655E+04   0.00000E+00   0.33340E+05   0.00000E+00   0.11019E-10
  0.799   2.800    0.00000E+00   0.60648E+04   0.00000E+00   0.33338E+05   0.00000E+00   0.11015E-10
  0.805   2.810    0.00000E+00   0.60641E+04   0.00000E+00   0.33337E+05   0.00000E+00   0.11011E-10
  0.811   2.820    0.00000E+00   0.60634E+04   0.00000E+00   0.33336E+05   0.00000E+00   0.11006E-10
  0.817   2.830    0.00000E+00   0.60627E+04   0.00000E+00   0.33334E+05   0.00000E+00   0.11002E-10
  0.822   2.840    0.00000E+00   0.60620E+04   0.00000E+00   0.33333E+05   0.00000E+00   0.10997E-10
  0.828   2.850    0.00000E+00   0.60612E+04   0.00000E+00   0.33332E+05   0.00000E+00   0.10992E-10
  0.834   2.860    0.00000E+00   0.60605E+04   0.00000E+00   0.33331E+05   0.00000E+00   0.10988E-10
  0.840   2.870    0.00000E+00   0.60598E+04   0.00000E+00   0.33329E+05   0.00000E+00   0.10983E-10
  0.846   2.880    0.00000E+00   0.60591E+04   0.00000E+00   0.33328E+05   0.00000E+00   0.10978E-10
  0.852   2.890    0.00000E+00   0.60583E+04   0.00000E+00   0.33327E+05   0.00000E+00   0.10973E-10
  0.858   2.900    0.00000E+00   0.60576E+04   0.00000E+00   0.33326E+05   0.00000E+00   0.10968E-10
  0.864   2.910    0.00000E+00   0.60569E+04   0.00000E+00   0.33325E+05   0.00000E+00   0.10963E-10
  0.869   2.920    0.00000E+00   0.60561E+04   0.00000E+00   0.33324E+05   0.00000E+00   0.10958E-10
  0.875   2.930    0.00000E+00   0.60554E+04   0.00000E+00   0.33322E+05   0.00000E+00   0.10953E-10
  0.881   2.940    0.00000E+00   0.60546E+04   0.00000E+00   0.33321E+05   0.00000E+00   0.10948E-10
  0.887   2.950    0.00000E+00   0.60539E+04   0.00000E+00   0.33320E+05   0.00000E+00   0.10942E-10
  0.893   2.960    0.00000E+00   0.60531E+04   0.00000E+00   0.33319E+05   0.00000E+00   0.10937E-10
  0.899   2.970    0.00000E+00   0.60524E+04   0.00000E+00   0.33318E+05   0.00000E+00   0.10932E-10
  0.906   2.980    0.00000E+00   0.60516E+04   0.00000E+00   0.33317E+05   0.00000E+00   0.10926E-10
  0.912   2.990    0.00000E+00   0.60509E+04   0.00000E+00   0.33316E+05   0.00000E+00   0.10921E-10
  0.918   3.000    0.00000E+00   0.60501E+04   0.00000E+00   0.33315E+05   0.00000E+00   0.10915E-10
  0.924   3.010    0.00000E+00   0.60493E+04   0.00000E+00   0.33314E+05   0.00000E+00   0.10909E-10
  0.930   3.020    0.00000E+00   0.60485E+04   0.00000E+00   0.33313E+05   0.00000E+00   0.10904E-10
  0.936   3.030    0.00000E+00   0.60478E+04   0.00000E+00   0.33312E+05   0.00000E+00   0.10898E-10
  0.942   3.040    0.00000E+00   0.60470E+04   0.00000E+00   0.33311E+05   0.00000E+00   0.10892E-10
  0.949   3.050    0.00000E+00   0.60462E+04   0.00000E+00   0.33309E+05   0.00000E+00   0.10886E-10
  0.955   3.060    0.00000E+00   0.60454E+04   0.00000E+00   0.33308E+05   0.00000E+00   0.10880E-10
  0.961   3.070    0.00000E+00   0.60446E+04   0.00000E+00   0.33307E+05   0.00000E+00   0.10874E-10
  0.967   3.080    0.00000E+00   0.60438E+04   0.00000E+00   0.33306E+05   0.00000E+00   0.10868E-10
  0.974   3.090    0.00000E+00   0.60430E+04   0.00000E+00   0.33305E+05   0.00000E+00   0.10862E-10
  0.980   3.100    0.00000E+00   0.60422E+04   0.00000E+00   0.33304E+05   0.00000E+00   0.10855E-10
  0.986   3.110    0.00000E+00   0.60414E+04   0.00000E+00   0.33304E+05   0.00000E+00   0.10849E-10
  0.993   3.120    0.00000E+00   0.60406E+04   0.00000E+00   0.33303E+05   0.00000E+00   0.10843E-10
  0.999   3.130    0.00000E+00   0.60398E+04   0.00000E+00   0.33302E+05   0.00000E+00   0.10836E-10
  1.005   3.140    0.00000E+00   0.60390E+04   0.00000E+00   0.33301E+05   0.00000E+00   0.10830E-10
  1.012   3.150    0.00000E+00   0.60381E+04   0.00000E+00   0.33300E+05   0.00000E+00   0.10824E-10
  1.018   3.160    0.00000E+00   0.60373E+04   0.00000E+00   0.33299E+05   0.00000E+00   0.10817E-10
  1.025   3.170    0.00000E+00   0.60365E+04   0.00000E+00   0.33298E+05   0.00000E+00   0.10810E-10
  1.031   3.180    0.00000E+00   0.60357E+04   0.00000E+00   0.33297E+05   0.00000E+00   0.10804E-10
  1.038   3.190    0.00000E+00   0.60348E+04   0.00000E+00   0.33296E+05   0.00000E+00   0.10797E-10
  1.044   3.200    0.00000E+00   0.60340E+04   0.00000E+00   0.33295E+05   0.00000E+00   0.10790E-10
  1.051   3.210    0.00000E+00   0.60331E+04   0.00000E+00   0.33294E+05   0.00000E+00   0.10783E-10
  1.057   3.220    0.00000E+00   0.60323E+04   0.00000E+00   0.33293E+05   0.00000E+00   0.10776E-10
  1.064   3.230    0.00000E+00   0.60314E+04   0.00000E+00   0.33292E+05   0.00000E+00   0.10770E-10
  1.070   3.240    0.00000E+00   0.60306E+04   0.00000E+00   0.33292E+05   0.00000E+00   0.10763E-10
  1.077   3.250    0.00000E+00   0.60297E+04   0.00000E+00   0.33291E+05   0.00000E+00   0.10756E-10
  1.084   3.260    0.00000E+00   0.60289E+04   0.00000E+00   0.33290E+05   0.00000E+00   0.10749E-10
  1.090   3.270    0.00000E+00   0.60280E+04   0.00000E+00   0.33289E+05   0.00000E+00   0.10741E-10
  1.097   3.280    0.00000E+00   0.60271E+04   0.00000E+00   0.33288E+05   0.00000E+00   0.10734E-10
  1.104   3.290    0.00000E+00   0.60263E+04   0.00000E+00   0.33287E+05   0.00000E+00   0.10727E-10
  1.110   3.300    0.00000E+00   0.60254E+04   0.00000E+00   0.33286E+05   0.00000E+00   0.10720E-10
  1.117   3.310    0.00000E+00   0.60245E+04   0.00000E+00   0.33286E+05   0.00000E+00   0.10713E-10
  1.124   3.320    0.00000E+00   0.60236E+04   0.00000E+00   0.33285E+05   0.00000E+00   0.10705E-10
  1.131   3.330    0.00000E+00   0.60228E+04   0.00000E+00   0.33284E+05   0.00000E+00   0.10698E-10
  1.138   3.340    0.00000E+00   0.60219E+04   0.00000E+00   0.33283E+05   0.00000E+00   0.10690E-10
  1.144   3.350    0.00000E+00   0.60210E+04   0.00000E+00   0.33282E+05   0.00000E+00   0.10683E-10
  1.151   3.360    0.00000E+00   0.60201E+04   0.00000E+00   0.33282E+05   0.00000E+00   0.10675E-10
  1.158   3.370    0.00000E+00   0.60192E+04   0.00000E+00   0.33281E+05   0.00000E+00   0.10668E-10
  1.165   3.380    0.00000E+00   0.60183E+04   0.00000E+00   0.33280E+05   0.00000E+00   0.10660E-10
  1.172   3.390    0.00000E+00   0.60174E+04   0.00000E+00   0.33279E+05   0.00000E+00   0.10653E-10
  1.179   3.400    0.00000E+00   0.60165E+04   0.00000E+00   0.33278E+05   0.00000E+00   0.10645E-10
  1.186   3.410    0.00000E+00   0.60156E+04   0.00000E+00   0.33278E+05   0.00000E+00   0.10637E-10
  1.193   3.420    0.00000E+00   0.60146E+04   0.00000E+00   0.33277E+05   0.00000E+00   0.10630E-10
  1.200   3.430    0.00000E+00   0.60137E+04   0.00000E+00   0.33276E+05   0.00000E+00   0.10622E-10
  1.207   3.440    0.00000E+00   0.60128E+04   0.00000E+00   0.33275E+05   0.00000E+00   0.10614E-10
  1.214   3.450    0.00000E+00   0.60119E+04   0.00000E+00   0.33275E+05   0.00000E+00   0.10606E-10
  1.221   3.460    0.00000E+00   0.60109E+04   0.00000E+00   0.33274E+05   0.00000E+00   0.10598E-10
  1.228   3.470    0.00000E+00   0.60100E+04   0.00000E+00   0.33273E+05   0.00000E+00   0.10591E-10
  1.235   3.480    0.00000E+00   0.60091E+04   0.00000E+00   0.33272E+05   0.00000E+00   0.10583E-10
  1.242   3.490    0.00000E+00   0.60081E+04   0.00000E+00   0.33272E+05   0.00000E+00   0.10575E-10
  1.249   3.500    0.00000E+00   0.60072E+04   0.00000E+00   0.33271E+05   0.00000E+00   0.10567E-10
  1.256   3.510    0.00000E+00   0.60063E+04   0.00000E+00   0.33270E+05   0.00000E+00   0.10559E-10
  1.263   3.520    0.00000E+00   0.60053E+04   0.00000E+00   0.33269E+05   0.00000E+00   0.10551E-10
  1.271   3.530    0.00000E+00   0.60044E+04   0.00000E+00   0.33269E+05   0.00000E+00   0.10543E-10
  1.278   3.540    0.00000E+00   0.60034E+04   0.00000E+00   0.33268E+05   0.00000E+00   0.10535E-10
  1.285   3.550    0.00000E+00   0.60025E+04   0.00000E+00   0.33267E+05   0.00000E+00   0.10527E-10
  1.292   3.560    0.00000E+00   0.60015E+04   0.00000E+00   0.33267E+05   0.00000E+00   0.10519E-10
  1.300   3.570    0.00000E+00   0.60005E+04   0.00000E+00   0.33266E+05   0.00000E+00   0.10511E-10
  1.307   3.580    0.00000E+00   0.59996E+04   0.00000E+00   0.33265E+05   0.00000E+00   0.10503E-10
  1.314   3.590    0.00000E+00   0.59986E+04   0.00000E+00   0.33265E+05   0.00000E+00   0.10494E-10
  1.322   3.600    0.00000E+00   0.59976E+04   0.00000E+00   0.33264E+05   0.00000E+00   0.10486E-10
  1.329   3.610    0.00000E+00   0.59967E+04   0.00000E+00   0.33263E+05   0.00000E+00   0.10478E-10
  1.336   3.620    0.00000E+00   0.59957E+04   0.00000E+00   0.33263E+05   0.00000E+00   0.10470E-10
  1.344   3.630    0.00000E+00   0.59947E+04   0.00000E+00   0.33262E+05   0.00000E+00   0.10462E-10
  1.351   3.640    0.00000E+00   0.59937E+04   0.00000E+00   0.33261E+05   0.00000E+00   0.10454E-10
  1.359   3.650    0.00000E+00   0.59927E+04   0.00000E+00   0.33261E+05   0.00000E+00   0.10446E-10
  1.366   3.660    0.00000E+00   0.59918E+04   0.00000E+00   0.33260E+05   0.00000E+00   0.10437E-10
  1.373   3.670    0.00000E+00   0.59908E+04   0.00000E+00   0.33259E+05   0.00000E+00   0.10429E-10
  1.381   3.680    0.00000E+00   0.59898E+04   0.00000E+00   0.33259E+05   0.00000E+00   0.10421E-10
  1.388   3.690    0.00000E+00   0.59888E+04   0.00000E+00   0.33258E+05   0.00000E+00   0.10413E-10
  1.396   3.700    0.00000E+00   0.59878E+04   0.00000E+00   0.33258E+05   0.00000E+00   0.10405E-10
  1.404   3.710    0.00000E+00   0.59868E+04   0.00000E+00   0.33257E+05   0.00000E+00   0.10396E-10
  1.411   3.720    0.00000E+00   0.59858E+04   0.00000E+00   0.33256E+05   0.00000E+00   0.10388E-10
  1.419   3.730    0.00000E+00   0.59848E+04   0.00000E+00   0.33256E+05   0.00000E+00   0.10380E-10
  1.426   3.740    0.00000E+00   0.59838E+04   0.00000E+00   0.33255E+05   0.00000E+00   0.10372E-10
  1.434   3.750    0.00000E+00   0.59828E+04   0.00000E+00   0.33255E+05   0.00000E+00   0.10364E-10
  1.442   3.760    0.00000E+00   0.59817E+04   0.00000E+00   0.33254E+05   0.00000E+00   0.10355E-10
  1.449   3.770    0.00000E+00   0.59807E+04   0.00000E+00   0.33253E+05   0.00000E+00   0.10347E-10
  1.457   3.780    0.00000E+00   0.59797E+04   0.00000E+00   0.33253E+05   0.00000E+00   0.10339E-10
  1.465   3.790    0.00000E+00   0.59787E+04   0.00000E+00   0.33252E+05   0.00000E+00   0.10331E-10
  1.472   3.800    0.00000E+00   0.59777E+04   0.00000E+00   0.33252E+05   0.00000E+00   0.10323E-10
  1.480   3.810    0.00000E+00   0.59767E+04   0.00000E+00   0.33251E+05   0.00000E+00   0.10315E-10
  1.488   3.820    0.00000E+00   0.59756E+04   0.00000E+00   0.33251E+05   0.00000E+00   0.10307E-10
  1.496   3.830    0.00000E+00   0.59746E+04   0.00000E+00   0.33250E+05   0.00000E+00   0.10299E-10
  1.504   3.840    0.00000E+00   0.59736E+04   0.00000E+00   0.33250E+05   0.00000E+00   0.10291E-10
  1.511   3.850    0.00000E+00   0.59726E+04   0.00000E+00   0.33249E+05   0.00000E+00   0.10282E-10
  1.519   3.860    0.00000E+00   0.59715E+04   0.00000E+00   0.33248E+05   0.00000E+00   0.10274E-10
  1.527   3.870    0.00000E+00   0.59705E+04   0.00000E+00   0.33248E+05   0.00000E+00   0.10266E-10
  1.535   3.880    0.00000E+00   0.59695E+04   0.00000E+00   0.33247E+05   0.00000E+00   0.10258E-10
  1.543   3.890    0.00000E+00   0.59684E+04   0.00000E+00   0.33247E+05   0.00000E+00   0.10251E-10
  1.551   3.900    0.00000E+00   0.59674E+04   0.00000E+00   0.33246E+05   0.00000E+00   0.10243E-10
  1.559   3.910    0.00000E+00   0.59664E+04   0.00000E+00   0.33246E+05   0.00000E+00   0.10235E-10
  1.567   3.920    0.00000E+00   0.59653E+04   0.00000E+00   0.33245E+05   0.00000E+00   0.10227E-10
  1.575   3.930    0.00000E+00   0.59643E+04   0.00000E+00   0.33245E+05   0.00000E+00   0.10219E-10
  1.583   3.940    0.00000E+00   0.59632E+04   0.00000E+00   0.33244E+05   0.00000E+00   0.10211E-10
  1.591   3.950    0.00000E+00   0.59622E+04   0.00000E+00   0.33244E+05   0.00000E+00   0.10203E-10
  1.599   3.960    0.00000E+00   0.59611E+04   0.00000E+00   0.33243E+05   0.00000E+00   0.10196E-10
  1.607   3.970    0.00000E+00   0.59601E+04   0.00000E+00   0.33243E+05   0.00000E+00   0.10188E-10
  1.615   3.980    0.00000E+00   0.59591E+04   0.00000E+00   0.33242E+05   0.00000E+00   0.10180E-10
  1.623   3.990    0.00000E+00   0.59580E+04   0.00000E+00   0.33242E+05   0.00000E+00   0.10173E-10
  1.632   4.000    0.00000E+00   0.59570E+04   0.00000E+00   0.33242E+05   0.00000E+00   0.10165E-10
  1.640   4.010    0.00000E+00   0.59559E+04   0.00000E+00   0.33241E+05   0.00000E+00   0.10157E-10
  1.648   4.020    0.00000E+00   0.59549E+04   0.00000E+00   0.33241E+05   0.00000E+00   0.10150E-10
  1.656   4.030    0.00000E+00   0.59538E+04   0.00000E+00   0.33240E+05   0.00000E+00   0.10142E-10
  1.664   4.040    0.00000E+00   0.59528E+04   0.00000E+00   0.33240E+05   0.00000E+00   0.10135E-10
  1.673   4.050    0.00000E+00   0.59517E+04   0.00000E+00   0.33239E+05   0.00000E+00   0.10128E-10
  1.681   4.060    0.00000E+00   0.59507E+04   0.00000E+00   0.33239E+05   0.00000E+00   0.10120E-10
  1.689   4.070    0.00000E+00   0.59496E+04   0.00000E+00   0.33238E+05   0.00000E+00   0.10113E-10
  1.697   4.080    0.00000E+00   0.59486E+04   0.00000E+00   0.33238E+05   0.00000E+00   0.10106E-10
  1.706   4.090    0.00000E+00   0.59475E+04   0.00000E+00   0.33238E+05   0.00000E+00   0.10099E-10
  1.714   4.100    0.00000E+00   0.59465E+04   0.00000E+00   0.33237E+05   0.00000E+00   0.10091E-10
  1.723   4.110    0.00000E+00   0.59454E+04   0.00000E+00   0.33237E+05   0.00000E+00   0.10084E-10
  1.731   4.120    0.00000E+00   0.59444E+04   0.00000E+00   0.33236E+05   0.00000E+00   0.10077E-10
  1.739   4.130    0.00000E+00   0.59433E+04   0.00000E+00   0.33236E+05   0.00000E+00   0.10070E-10
  1.748   4.140    0.00000E+00   0.59422E+04   0.00000E+00   0.33236E+05   0.00000E+00   0.10063E-10
  1.756   4.150    0.00000E+00   0.59412E+04   0.00000E+00   0.33235E+05   0.00000E+00   0.10057E-10
  1.765   4.160    0.00000E+00   0.59401E+04   0.00000E+00   0.33235E+05   0.00000E+00   0.10050E-10
  1.773   4.170    0.00000E+00   0.59391E+04   0.00000E+00   0.33235E+05   0.00000E+00   0.10043E-10
  1.782   4.180    0.00000E+00   0.59380E+04   0.00000E+00   0.33234E+05   0.00000E+00   0.10036E-10
  1.790   4.190    0.00000E+00   0.59370E+04   0.00000E+00   0.33234E+05   0.00000E+00   0.10030E-10
  1.799   4.200    0.00000E+00   0.59359E+04   0.00000E+00   0.33233E+05   0.00000E+00   0.10023E-10
  1.807   4.210    0.00000E+00   0.59349E+04   0.00000E+00   0.33233E+05   0.00000E+00   0.10017E-10
  1.816   4.220    0.00000E+00   0.59338E+04   0.00000E+00   0.33233E+05   0.00000E+00   0.10010E-10
  1.825   4.230    0.00000E+00   0.59328E+04   0.00000E+00   0.33232E+05   0.00000E+00   0.10004E-10
  1.833   4.240    0.00000E+00   0.59318E+04   0.00000E+00   0.33232E+05   0.00000E+00   0.99977E-11
  1.842   4.250    0.00000E+00   0.59307E+04   0.00000E+00   0.33232E+05   0.00000E+00   0.99915E-11
  1.851   4.260    0.00000E+00   0.59297E+04   0.00000E+00   0.33231E+05   0.00000E+00   0.99853E-11
  1.859   4.270    0.00000E+00   0.59286E+04   0.00000E+00   0.33231E+05   0.00000E+00   0.99793E-11
  1.868   4.280    0.00000E+00   0.59276E+04   0.00000E+00   0.33231E+05   0.00000E+00   0.99733E-11
  1.877   4.290    0.00000E+00   0.59265E+04   0.00000E+00   0.33231E+05   0.00000E+00   0.99673E-11
  1.885   4.300    0.00000E+00   0.59255E+04   0.00000E+00   0.33230E+05   0.00000E+00   0.99615E-11
  1.894   4.310    0.00000E+00   0.59245E+04   0.00000E+00   0.33230E+05   0.00000E+00   0.99557E-11
  1.903   4.320    0.00000E+00   0.59234E+04   0.00000E+00   0.33230E+05   0.00000E+00   0.99500E-11
  1.912   4.330    0.00000E+00   0.59224E+04   0.00000E+00   0.33229E+05   0.00000E+00   0.99443E-11
  1.921   4.340    0.00000E+00   0.59214E+04   0.00000E+00   0.33229E+05   0.00000E+00   0.99387E-11
  1.930   4.350    0.00000E+00   0.59203E+04   0.00000E+00   0.33229E+05   0.00000E+00   0.99333E-11
  1.938   4.360    0.00000E+00   0.59193E+04   0.00000E+00   0.33229E+05   0.00000E+00   0.99279E-11
  1.947   4.370    0.00000E+00   0.59183E+04   0.00000E+00   0.33228E+05   0.00000E+00   0.99226E-11
  1.956   4.380    0.00000E+00   0.59173E+04   0.00000E+00   0.33228E+05   0.00000E+00   0.99173E-11
  1.965   4.390    0.00000E+00   0.59162E+04   0.00000E+00   0.33228E+05   0.00000E+00   0.99121E-11
  1.974   4.400    0.00000E+00   0.59152E+04   0.00000E+00   0.33228E+05   0.00000E+00   0.99071E-11
  1.983   4.410    0.00000E+00   0.59142E+04   0.00000E+00   0.33227E+05   0.00000E+00   0.99021E-11
  1.992   4.420    0.00000E+00   0.59132E+04   0.00000E+00   0.33227E+05   0.00000E+00   0.98971E-11
  2.001   4.430    0.00000E+00   0.59122E+04   0.00000E+00   0.33227E+05   0.00000E+00   0.98923E-11
  2.010   4.440    0.00000E+00   0.59112E+04   0.00000E+00   0.33227E+05   0.00000E+00   0.98875E-11
  2.019   4.450    0.00000E+00   0.59102E+04   0.00000E+00   0.33226E+05   0.00000E+00   0.98829E-11
  2.028   4.460    0.00000E+00   0.59092E+04   0.00000E+00   0.33226E+05   0.00000E+00   0.98783E-11
  2.037   4.470    0.00000E+00   0.59082E+04   0.00000E+00   0.33226E+05   0.00000E+00   0.98738E-11
  2.047   4.480    0.00000E+00   0.59072E+04   0.00000E+00   0.33226E+05   0.00000E+00   0.98694E-11
  2.056   4.490    0.00000E+00   0.59062E+04   0.00000E+00   0.33226E+05   0.00000E+00   0.98651E-11
  2.065   4.500    0.00000E+00   0.59052E+04   0.00000E+00   0.33225E+05   0.00000E+00   0.98608E-11
  2.074   4.510    0.00000E+00   0.59042E+04   0.00000E+00   0.33225E+05   0.00000E+00   0.98567E-11
  2.083   4.520    0.00000E+00   0.59032E+04   0.00000E+00   0.33225E+05   0.00000E+00   0.98526E-11
  2.093   4.530    0.00000E+00   0.59022E+04   0.00000E+00   0.33225E+05   0.00000E+00   0.98486E-11
  2.102   4.540    0.00000E+00   0.59012E+04   0.00000E+00   0.33225E+05   0.00000E+00   0.98447E-11
  2.111   4.550    0.00000E+00   0.59003E+04   0.00000E+00   0.33225E+05   0.00000E+00   0.98409E-11
  2.120   4.560    0.00000E+00   0.58993E+04   0.00000E+00   0.33224E+05   0.00000E+00   0.98372E-11
  2.130   4.570    0.00000E+00   0.58983E+04   0.00000E+00   0.33224E+05   0.00000E+00   0.98336E-11
  2.139   4.580    0.00000E+00   0.58973E+04   0.00000E+00   0.33224E+05   0.00000E+00   0.98301E-11
  2.148   4.590    0.00000E+00   0.58964E+04   0.00000E+00   0.33224E+05   0.00000E+00   0.98266E-11
  2.158   4.600    0.00000E+00   0.58954E+04   0.00000E+00   0.33224E+05   0.00000E+00   0.98233E-11
  2.167   4.610    0.00000E+00   0.58945E+04   0.00000E+00   0.33224E+05   0.00000E+00   0.98200E-11
  2.177   4.620    0.00000E+00   0.58935E+04   0.00000E+00   0.33224E+05   0.00000E+00   0.98169E-11
  2.186   4.630    0.00000E+00   0.58926E+04   0.00000E+00   0.33223E+05   0.00000E+00   0.98138E-11
  2.195   4.640    0.00000E+00   0.58916E+04   0.00000E+00   0.33223E+05   0.00000E+00   0.98108E-11
  2.205   4.650    0.00000E+00   0.58907E+04   0.00000E+00   0.33223E+05   0.00000E+00   0.98079E-11
  2.214   4.660    0.00000E+00   0.58898E+04   0.00000E+00   0.33223E+05   0.00000E+00   0.98051E-11
  2.224   4.670    0.00000E+00   0.58888E+04   0.00000E+00   0.33223E+05   0.00000E+00   0.98024E-11
  2.233   4.680    0.00000E+00   0.58879E+04   0.00000E+00   0.33223E+05   0.00000E+00   0.97998E-11
  2.243   4.690    0.00000E+00   0.58870E+04   0.00000E+00   0.33223E+05   0.00000E+00   0.97972E-11
  2.253   4.700    0.00000E+00   0.58861E+04   0.00000E+00   0.33223E+05   0.00000E+00   0.97948E-11
  2.262   4.710    0.00000E+00   0.58852E+04   0.00000E+00   0.33223E+05   0.00000E+00   0.97924E-11
  2.272   4.720    0.00000E+00   0.58843E+04   0.00000E+00   0.33223E+05   0.00000E+00   0.97902E-11
  2.281   4.730    0.00000E+00   0.58834E+04   0.00000E+00   0.33223E+05   0.00000E+00   0.97880E-11
  2.291   4.740    0.00000E+00   0.58825E+04   0.00000E+00   0.33222E+05   0.00000E+00   0.97859E-11
  2.301   4.750    0.00000E+00   0.58816E+04   0.00000E+00   0.33222E+05   0.00000E+00   0.97839E-11
  2.310   4.760    0.00000E+00   0.58807E+04   0.00000E+00   0.33222E+05   0.00000E+00   0.97820E-11
  2.320   4.770    0.00000E+00   0.58798E+04   0.00000E+00   0.33222E+05   0.00000E+00   0.97802E-11
  2.330   4.780    0.00000E+00   0.58790E+04   0.00000E+00   0.33222E+05   0.00000E+00   0.97785E-11
  2.340   4.790    0.00000E+00   0.58781E+04   0.00000E+00   0.33222E+05   0.00000E+00   0.97769E-11
  2.349   4.800    0.00000E+00   0.58772E+04   0.00000E+00   0.33222E+05   0.00000E+00   0.97753E-11
  2.359   4.810    0.00000E+00   0.58764E+04   0.00000E+00   0.33222E+05   0.00000E+00   0.97739E-11
  2.369   4.820    0.00000E+00   0.58755E+04   0.00000E+00   0.33222E+05   0.00000E+00   0.97725E-11
  2.379   4.830    0.00000E+00   0.58747E+04   0.00000E+00   0.33222E+05   0.00000E+00   0.97712E-11
  2.389   4.840    0.00000E+00   0.58738E+04   0.00000E+00   0.33222E+05   0.00000E+00   0.97700E-11
  2.399   4.850    0.00000E+00   0.58730E+04   0.00000E+00   0.33222E+05   0.00000E+00   0.97689E-11
  2.409   4.860    0.00000E+00   0.58721E+04   0.00000E+00   0.33222E+05   0.00000E+00   0.97679E-11
  2.418   4.870    0.00000E+00   0.58713E+04   0.00000E+00   0.33222E+05   0.00000E+00   0.97670E-11
  2.428   4.880    0.00000E+00   0.58705E+04   0.00000E+00   0.33222E+05   0.00000E+00   0.97661E-11
  2.438   4.890    0.00000E+00   0.58697E+04   0.00000E+00   0.33222E+05   0.00000E+00   0.97654E-11
  2.448   4.900    0.00000E+00   0.58689E+04   0.00000E+00   0.33222E+05   0.00000E+00   0.97647E-11
  2.458   4.910    0.00000E+00   0.58681E+04   0.00000E+00   0.33222E+05   0.00000E+00   0.97641E-11
  2.468   4.920    0.00000E+00   0.58673E+04   0.00000E+00   0.33222E+05   0.00000E+00   0.97636E-11
  2.478   4.930    0.00000E+00   0.58665E+04   0.00000E+00   0.33222E+05   0.00000E+00   0.97632E-11
  2.488   4.940    0.00000E+00   0.58657E+04   0.00000E+00   0.33222E+05   0.00000E+00   0.97628E-11
  2.499   4.950    0.00000E+00   0.58649E+04   0.00000E+00   0.33222E+05   0.00000E+00   0.97626E-11
  2.509   4.960    0.00000E+00   0.58642E+04   0.00000E+00   0.33222E+05   0.00000E+00   0.97624E-11
  2.519   4.970    0.00000E+00   0.58634E+04   0.00000E+00   0.33222E+05   0.00000E+00   0.97623E-11
  2.529   4.980    0.00000E+00   0.58626E+04   0.00000E+00   0.33222E+05   0.00000E+00   0.97623E-11
  2.539   4.990    0.00000E+00   0.58619E+04   0.00000E+00   0.33222E+05   0.00000E+00   0.97624E-11
