  0.000   0.010    0.70846E-06   0.00000E+00   0.19399E+03   0.00000E+00   0.54452E-06   0.00000E+00
  0.000   0.020    0.70847E-06   0.00000E+00   0.19399E+03   0.00000E+00   0.54451E-06   0.00000E+00
  0.000   0.030    0.70848E-06   0.00000E+00   0.19399E+03   0.00000E+00   0.54448E-06   0.00000E+00
  0.000   0.040    0.70851E-06   0.00000E+00   0.19400E+03   0.00000E+00   0.54446E-06   0.00000E+00
  0.000   0.050    0.70854E-06   0.00000E+00   0.19400E+03   0.00000E+00   0.54441E-06   0.00000E+00
  0.000   0.060    0.70858E-06   0.00000E+00   0.19401E+03   0.00000E+00   0.54438E-06   0.00000E+00
  0.000   0.070    0.70862E-06   0.00000E+00   0.19401E+03   0.00000E+00   0.54432E-06   0.00000E+00
  0.001   0.080    0.70867E-06   0.00000E+00   0.19402E+03   0.00000E+00   0.54425E-06   0.00000E+00
  0.001   0.090    0.70873E-06   0.00000E+00   0.19402E+03   0.00000E+00   0.54418E-06   0.00000E+00
  0.001   0.100    0.70880E-06   0.00000E+00   0.19403E+03   0.00000E+00   0.54410E-06   0.00000E+00
  0.001   0.110    0.70887E-06   0.00000E+00   0.19404E+03   0.00000E+00   0.54401E-06   0.00000E+00
  0.001   0.120    0.70895E-06   0.00000E+00   0.19404E+03   0.00000E+00   0.54391E-06   0.00000E+00
  0.002   0.130    0.70903E-06   0.00000E+00   0.19405E+03   0.00000E+00   0.54380E-06   0.00000E+00
  0.002   0.140    0.70913E-06   0.00000E+00   0.19405E+03   0.00000E+00   0.54369E-06   0.00000E+00
  0.002   0.150    0.70923E-06   0.00000E+00   0.19406E+03   0.00000E+00   0.54357E-06   0.00000E+00
  0.003   0.160    0.70934E-06   0.00000E+00   0.19406E+03   0.00000E+00   0.54343E-06   0.00000E+00
  0.003   0.170    0.70945E-06   0.00000E+00   0.19407E+03   0.00000E+00   0.54329E-06   0.00000E+00
  0.003   0.180    0.70957E-06   0.00000E+00   0.19407E+03   0.00000E+00   0.54314E-06   0.00000E+00
  0.004   0.190    0.70970E-06   0.00000E+00   0.19408E+03   0.00000E+00   0.54298E-06   0.00000E+00
  0.004   0.200    0.70984E-06   0.00000E+00   0.19408E+03   0.00000E+00   0.54282E-06   0.00000E+00
  0.004   0.210    0.70998E-06   0.00000E+00   0.19408E+03   0.00000E+00   0.54264E-06   0.00000E+00
  0.005   0.220    0.71013E-06   0.00000E+00   0.19409E+03   0.00000E+00   0.54246E-06   0.00000E+00
  0.005   0.230    0.71029E-06   0.00000E+00   0.19409E+03   0.00000E+00   0.54227E-06   0.00000E+00
  0.006   0.240    0.71045E-06   0.00000E+00   0.19409E+03   0.00000E+00   0.54207E-06   0.00000E+00
  0.006   0.250    0.71062E-06   0.00000E+00   0.19409E+03   0.00000E+00   0.54186E-06   0.00000E+00
  0.007   0.260    0.71080E-06   0.00000E+00   0.19409E+03   0.00000E+00   0.54164E-06   0.00000E+00
  0.007   0.270    0.71099E-06   0.00000E+00   0.19410E+03   0.00000E+00   0.54141E-06   0.00000E+00
  0.008   0.280    0.71118E-06   0.00000E+00   0.19410E+03   0.00000E+00   0.54117E-06   0.00000E+00
  0.009   0.290    0.71138E-06   0.00000E+00   0.19410E+03   0.00000E+00   0.54093E-06   0.00000E+00
  0.009   0.300    0.71159E-06   0.00000E+00   0.19410E+03   0.00000E+00   0.54067E-06   0.00000E+00
  0.010   0.310    0.71180E-06   0.00000E+00   0.19410E+03   0.00000E+00   0.54040E-06   0.00000E+00
  0.010   0.320    0.71203E-06   0.00000E+00   0.19410E+03   0.00000E+00   0.54012E-06   0.00000E+00
  0.011   0.330    0.71226E-06   0.00000E+00   0.19410E+03   0.00000E+00   0.53983E-06   0.00000E+00
  0.012   0.340    0.71250E-06   0.00000E+00   0.19410E+03   0.00000E+00   0.53953E-06   0.00000E+00
  0.012   0.350    0.71274E-06   0.00000E+00   0.19410E+03   0.00000E+00   0.53922E-06   0.00000E+00
  0.013   0.360    0.71300E-06   0.00000E+00   0.19410E+03   0.00000E+00   0.53889E-06   0.00000E+00
  0.014   0.370    0.71326E-06   0.00000E+00   0.19410E+03   0.00000E+00   0.53856E-06   0.00000E+00
  0.015   0.380    0.71353E-06   0.00000E+00   0.19410E+03   0.00000E+00   0.53821E-06   0.00000E+00
  0.016   0.390    0.71381E-06   0.00000E+00   0.19410E+03   0.00000E+00   0.53786E-06   0.00000E+00
  0.016   0.400    0.71409E-06   0.00000E+00   0.19410E+03   0.00000E+00   0.53749E-06   0.00000E+00
  0.017   0.410    0.71439E-06   0.00000E+00   0.19410E+03   0.00000E+00   0.53711E-06   0.00000E+00
  0.018   0.420    0.71469E-06   0.00000E+00   0.19410E+03   0.00000E+00   0.53672E-06   0.00000E+00
  0.019   0.430    0.71500E-06   0.00000E+00   0.19411E+03   0.00000E+00   0.53632E-06   0.00000E+00
  0.020   0.440    0.71532E-06   0.00000E+00   0.19411E+03   0.00000E+00   0.53591E-06   0.00000E+00
  0.021   0.450    0.71565E-06   0.00000E+00   0.19411E+03   0.00000E+00   0.53548E-06   0.00000E+00
  0.022   0.460    0.71598E-06   0.00000E+00   0.19412E+03   0.00000E+00   0.53504E-06   0.00000E+00
  0.023   0.470    0.71633E-06   0.00000E+00   0.19412E+03   0.00000E+00   0.53460E-06   0.00000E+00
  0.023   0.480    0.71668E-06   0.00000E+00   0.19413E+03   0.00000E+00   0.53414E-06   0.00000E+00
  0.024   0.490    0.71704E-06   0.00000E+00   0.19414E+03   0.00000E+00   0.53367E-06   0.00000E+00
  0.025   0.500    0.71741E-06   0.00000E+00   0.19414E+03   0.00000E+00   0.53319E-06   0.00000E+00
  0.027   0.510    0.71779E-06   0.00000E+00   0.19415E+03   0.00000E+00   0.53270E-06   0.00000E+00
  0.028   0.520    0.71818E-06   0.00000E+00   0.19416E+03   0.00000E+00   0.53219E-06   0.00000E+00
  0.029   0.530    0.71857E-06   0.00000E+00   0.19417E+03   0.00000E+00   0.53168E-06   0.00000E+00
  0.030   0.540    0.71898E-06   0.00000E+00   0.19419E+03   0.00000E+00   0.53115E-06   0.00000E+00
  0.031   0.550    0.71939E-06   0.00000E+00   0.19420E+03   0.00000E+00   0.53060E-06   0.00000E+00
  0.032   0.560    0.71982E-06   0.00000E+00   0.19422E+03   0.00000E+00   0.53004E-06   0.00000E+00
  0.033   0.570    0.72025E-06   0.00000E+00   0.19423E+03   0.00000E+00   0.52946E-06   0.00000E+00
  0.034   0.580    0.72070E-06   0.00000E+00   0.19425E+03   0.00000E+00   0.52887E-06   0.00000E+00
  0.035   0.590    0.72115E-06   0.00000E+00   0.19427E+03   0.00000E+00   0.52827E-06   0.00000E+00
  0.037   0.600    0.72161E-06   0.00000E+00   0.19429E+03   0.00000E+00   0.52765E-06   0.00000E+00
  0.038   0.610    0.72209E-06   0.00000E+00   0.19432E+03   0.00000E+00   0.52701E-06   0.00000E+00
  0.039   0.620    0.72257E-06   0.00000E+00   0.19434E+03   0.00000E+00   0.52636E-06   0.00000E+00
  0.040   0.630    0.72307E-06   0.00000E+00   0.19437E+03   0.00000E+00   0.52568E-06   0.00000E+00
  0.042   0.640    0.72357E-06   0.00000E+00   0.19440E+03   0.00000E+00   0.52500E-06   0.00000E+00
  0.043   0.650    0.72408E-06   0.00000E+00   0.19443E+03   0.00000E+00   0.52429E-06   0.00000E+00
  0.044   0.660    0.72461E-06   0.00000E+00   0.19446E+03   0.00000E+00   0.52357E-06   0.00000E+00
  0.046   0.670    0.72514E-06   0.00000E+00   0.19449E+03   0.00000E+00   0.52283E-06   0.00000E+00
  0.047   0.680    0.72569E-06   0.00000E+00   0.19453E+03   0.00000E+00   0.52208E-06   0.00000E+00
  0.049   0.690    0.72625E-06   0.00000E+00   0.19456E+03   0.00000E+00   0.52130E-06   0.00000E+00
  0.050   0.700    0.72682E-06   0.00000E+00   0.19460E+03   0.00000E+00   0.52052E-06   0.00000E+00
  0.051   0.710    0.72739E-06   0.00000E+00   0.19465E+03   0.00000E+00   0.51971E-06   0.00000E+00
  0.053   0.720    0.72799E-06   0.00000E+00   0.19469E+03   0.00000E+00   0.51889E-06   0.00000E+00
  0.054   0.730    0.72859E-06   0.00000E+00   0.19473E+03   0.00000E+00   0.51804E-06   0.00000E+00
  0.056   0.740    0.72920E-06   0.00000E+00   0.19478E+03   0.00000E+00   0.51719E-06   0.00000E+00
  0.057   0.750    0.72982E-06   0.00000E+00   0.19483E+03   0.00000E+00   0.51631E-06   0.00000E+00
  0.059   0.760    0.73046E-06   0.00000E+00   0.19488E+03   0.00000E+00   0.51542E-06   0.00000E+00
  0.060   0.770    0.73110E-06   0.00000E+00   0.19493E+03   0.00000E+00   0.51452E-06   0.00000E+00
  0.062   0.780    0.73176E-06   0.00000E+00   0.19499E+03   0.00000E+00   0.51359E-06   0.00000E+00
  0.064   0.790    0.73243E-06   0.00000E+00   0.19504E+03   0.00000E+00   0.51265E-06   0.00000E+00
  0.065   0.800    0.73311E-06   0.00000E+00   0.19510E+03   0.00000E+00   0.51169E-06   0.00000E+00
  0.067   0.810    0.73380E-06   0.00000E+00   0.19516E+03   0.00000E+00   0.51072E-06   0.00000E+00
  0.069   0.820    0.73450E-06   0.00000E+00   0.19522E+03   0.00000E+00   0.50973E-06   0.00000E+00
  0.070   0.830    0.73522E-06   0.00000E+00   0.19528E+03   0.00000E+00   0.50872E-06   0.00000E+00
  0.072   0.840    0.73595E-06   0.00000E+00   0.19534E+03   0.00000E+00   0.50770E-06   0.00000E+00
  0.074   0.850    0.73669E-06   0.00000E+00   0.19540E+03   0.00000E+00   0.50665E-06   0.00000E+00
  0.075   0.860    0.73744E-06   0.00000E+00   0.19547E+03   0.00000E+00   0.50560E-06   0.00000E+00
  0.077   0.870    0.73820E-06   0.00000E+00   0.19553E+03   0.00000E+00   0.50453E-06   0.00000E+00
  0.079   0.880    0.73898E-06   0.00000E+00   0.19560E+03   0.00000E+00   0.50344E-06   0.00000E+00
  0.081   0.890    0.73976E-06   0.00000E+00   0.19567E+03   0.00000E+00   0.50234E-06   0.00000E+00
  0.083   0.900    0.74056E-06   0.00000E+00   0.19574E+03   0.00000E+00   0.50122E-06   0.00000E+00
  0.084   0.910    0.74138E-06   0.00000E+00   0.19580E+03   0.00000E+00   0.50008E-06   0.00000E+00
  0.086   0.920    0.74220E-06   0.00000E+00   0.19587E+03   0.00000E+00   0.49893E-06   0.00000E+00
  0.088   0.930    0.74304E-06   0.00000E+00   0.19594E+03   0.00000E+00   0.49776E-06   0.00000E+00
  0.090   0.940    0.74389E-06   0.00000E+00   0.19602E+03   0.00000E+00   0.49658E-06   0.00000E+00
  0.092   0.950    0.74475E-06   0.00000E+00   0.19609E+03   0.00000E+00   0.49538E-06   0.00000E+00
  0.094   0.960    0.74562E-06   0.00000E+00   0.19616E+03   0.00000E+00   0.49416E-06   0.00000E+00
  0.096   0.970    0.74651E-06   0.00000E+00   0.19623E+03   0.00000E+00   0.49293E-06   0.00000E+00
  0.098   0.980    0.74740E-06   0.00000E+00   0.19630E+03   0.00000E+00   0.49169E-06   0.00000E+00
  0.100   0.990    0.74832E-06   0.00000E+00   0.19637E+03   0.00000E+00   0.49043E-06   0.00000E+00
  0.102   1.000    0.74924E-06   0.00000E+00   0.19644E+03   0.00000E+00   0.48915E-06   0.00000E+00
  0.104   1.010    0.75018E-06   0.00000E+00   0.19652E+03   0.00000E+00   0.48787E-06   0.00000E+00
  0.106   1.020    0.75112E-06   0.00000E+00   0.19659E+03   0.00000E+00   0.48656E-06   0.00000E+00
  0.108   1.030    0.75209E-06   0.00000E+00   0.19666E+03   0.00000E+00   0.48525E-06   0.00000E+00
  0.110   1.040    0.75306E-06   0.00000E+00   0.19673E+03   0.00000E+00   0.48392E-06   0.00000E+00
  0.112   1.050    0.75405E-06   0.00000E+00   0.19680E+03   0.00000E+00   0.48257E-06   0.00000E+00
  0.115   1.060    0.75505E-06   0.00000E+00   0.19687E+03   0.00000E+00   0.48122E-06   0.00000E+00
  0.117   1.070    0.75606E-06   0.00000E+00   0.19694E+03   0.00000E+00   0.47985E-06   0.00000E+00
  0.119   1.080    0.75708E-06   0.00000E+00   0.19700E+03   0.00000E+00   0.47847E-06   0.00000E+00
  0.121   1.090    0.75812E-06   0.00000E+00   0.19707E+03   0.00000E+00   0.47708E-06   0.00000E+00
  0.123   1.100    0.75917E-06   0.00000E+00   0.19714E+03   0.00000E+00   0.47567E-06   0.00000E+00
  0.126   1.110    0.76023E-06   0.00000E+00   0.19720E+03   0.00000E+00   0.47426E-06   0.00000E+00
  0.128   1.120    0.76131E-06   0.00000E+00   0.19726E+03   0.00000E+00   0.47284E-06   0.00000E+00
  0.130   1.130    0.76240E-06   0.00000E+00   0.19733E+03   0.00000E+00   0.47141E-06   0.00000E+00
  0.133   1.140    0.76350E-06   0.00000E+00   0.19739E+03   0.00000E+00   0.46996E-06   0.00000E+00
  0.135   1.150    0.76461E-06   0.00000E+00   0.19745E+03   0.00000E+00   0.46851E-06   0.00000E+00
  0.137   1.160    0.76574E-06   0.00000E+00   0.19750E+03   0.00000E+00   0.46705E-06   0.00000E+00
  0.140   1.170    0.76687E-06   0.00000E+00   0.19756E+03   0.00000E+00   0.46558E-06   0.00000E+00
  0.142   1.180    0.76802E-06   0.00000E+00   0.19761E+03   0.00000E+00   0.46410E-06   0.00000E+00
  0.144   1.190    0.76919E-06   0.00000E+00   0.19766E+03   0.00000E+00   0.46262E-06   0.00000E+00
  0.147   1.200    0.77036E-06   0.00000E+00   0.19772E+03   0.00000E+00   0.46113E-06   0.00000E+00
  0.149   1.210    0.77155E-06   0.00000E+00   0.19776E+03   0.00000E+00   0.45964E-06   0.00000E+00
  0.152   1.220    0.77275E-06   0.00000E+00   0.19781E+03   0.00000E+00   0.45814E-06   0.00000E+00
  0.154   1.230    0.77396E-06   0.00000E+00   0.19785E+03   0.00000E+00   0.45663E-06   0.00000E+00
  0.157   1.240    0.77519E-06   0.00000E+00   0.19790E+03   0.00000E+00   0.45512E-06   0.00000E+00
  0.159   1.250    0.77643E-06   0.00000E+00   0.19794E+03   0.00000E+00   0.45361E-06   0.00000E+00
  0.162   1.260    0.77768E-06   0.00000E+00   0.19797E+03   0.00000E+00   0.45209E-06   0.00000E+00
  0.164   1.270    0.77894E-06   0.00000E+00   0.19801E+03   0.00000E+00   0.45057E-06   0.00000E+00
  0.167   1.280    0.78021E-06   0.00000E+00   0.19804E+03   0.00000E+00   0.44905E-06   0.00000E+00
  0.170   1.290    0.78150E-06   0.00000E+00   0.19807E+03   0.00000E+00   0.44752E-06   0.00000E+00
  0.172   1.300    0.78279E-06   0.00000E+00   0.19810E+03   0.00000E+00   0.44599E-06   0.00000E+00
  0.175   1.310    0.78410E-06   0.00000E+00   0.19813E+03   0.00000E+00   0.44447E-06   0.00000E+00
  0.178   1.320    0.78543E-06   0.00000E+00   0.19815E+03   0.00000E+00   0.44293E-06   0.00000E+00
  0.180   1.330    0.78676E-06   0.00000E+00   0.19817E+03   0.00000E+00   0.44141E-06   0.00000E+00
  0.183   1.340    0.78810E-06   0.00000E+00   0.19819E+03   0.00000E+00   0.43988E-06   0.00000E+00
  0.186   1.350    0.78946E-06   0.00000E+00   0.19820E+03   0.00000E+00   0.43835E-06   0.00000E+00
  0.189   1.360    0.79083E-06   0.00000E+00   0.19821E+03   0.00000E+00   0.43683E-06   0.00000E+00
  0.191   1.370    0.79221E-06   0.00000E+00   0.19822E+03   0.00000E+00   0.43530E-06   0.00000E+00
  0.194   1.380    0.79360E-06   0.00000E+00   0.19823E+03   0.00000E+00   0.43378E-06   0.00000E+00
  0.197   1.390    0.79500E-06   0.00000E+00   0.19824E+03   0.00000E+00   0.43226E-06   0.00000E+00
  0.200   1.400    0.79642E-06   0.00000E+00   0.19824E+03   0.00000E+00   0.43075E-06   0.00000E+00
  0.203   1.410    0.79784E-06   0.00000E+00   0.19824E+03   0.00000E+00   0.42923E-06   0.00000E+00
  0.206   1.420    0.79928E-06   0.00000E+00   0.19824E+03   0.00000E+00   0.42772E-06   0.00000E+00
  0.209   1.430    0.80072E-06   0.00000E+00   0.19823E+03   0.00000E+00   0.42622E-06   0.00000E+00
  0.211   1.440    0.80218E-06   0.00000E+00   0.19822E+03   0.00000E+00   0.42473E-06   0.00000E+00
  0.214   1.450    0.80365E-06   0.00000E+00   0.19821E+03   0.00000E+00   0.42323E-06   0.00000E+00
  0.217   1.460    0.80513E-06   0.00000E+00   0.19820E+03   0.00000E+00   0.42175E-06   0.00000E+00
  0.220   1.470    0.80662E-06   0.00000E+00   0.19819E+03   0.00000E+00   0.42027E-06   0.00000E+00
  0.223   1.480    0.80812E-06   0.00000E+00   0.19817E+03   0.00000E+00   0.41880E-06   0.00000E+00
  0.226   1.490    0.80963E-06   0.00000E+00   0.19815E+03   0.00000E+00   0.41734E-06   0.00000E+00
  0.229   1.500    0.81115E-06   0.00000E+00   0.19813E+03   0.00000E+00   0.41588E-06   0.00000E+00
  0.233   1.510    0.81268E-06   0.00000E+00   0.19810E+03   0.00000E+00   0.41444E-06   0.00000E+00
  0.236   1.520    0.81422E-06   0.00000E+00   0.19808E+03   0.00000E+00   0.41300E-06   0.00000E+00
  0.239   1.530    0.81577E-06   0.00000E+00   0.19805E+03   0.00000E+00   0.41158E-06   0.00000E+00
  0.242   1.540    0.81733E-06   0.00000E+00   0.19801E+03   0.00000E+00   0.41016E-06   0.00000E+00
  0.245   1.550    0.81891E-06   0.00000E+00   0.19798E+03   0.00000E+00   0.40876E-06   0.00000E+00
  0.248   1.560    0.82048E-06   0.00000E+00   0.19795E+03   0.00000E+00   0.40736E-06   0.00000E+00
  0.251   1.570    0.82207E-06   0.00000E+00   0.19791E+03   0.00000E+00   0.40598E-06   0.00000E+00
  0.255   1.580    0.82367E-06   0.00000E+00   0.19787E+03   0.00000E+00   0.40461E-06   0.00000E+00
  0.258   1.590    0.82528E-06   0.00000E+00   0.19783E+03   0.00000E+00   0.40326E-06   0.00000E+00
  0.261   1.600    0.82690E-06   0.00000E+00   0.19778E+03   0.00000E+00   0.40191E-06   0.00000E+00
  0.264   1.610    0.82852E-06   0.00000E+00   0.19774E+03   0.00000E+00   0.40059E-06   0.00000E+00
  0.268   1.620    0.83016E-06   0.00000E+00   0.19769E+03   0.00000E+00   0.39928E-06   0.00000E+00
  0.271   1.630    0.83180E-06   0.00000E+00   0.19764E+03   0.00000E+00   0.39798E-06   0.00000E+00
  0.274   1.640    0.83345E-06   0.00000E+00   0.19759E+03   0.00000E+00   0.39670E-06   0.00000E+00
  0.278   1.650    0.83511E-06   0.00000E+00   0.19753E+03   0.00000E+00   0.39543E-06   0.00000E+00
  0.281   1.660    0.83677E-06   0.00000E+00   0.19748E+03   0.00000E+00   0.39418E-06   0.00000E+00
  0.284   1.670    0.83845E-06   0.00000E+00   0.19742E+03   0.00000E+00   0.39295E-06   0.00000E+00
  0.288   1.680    0.84013E-06   0.00000E+00   0.19736E+03   0.00000E+00   0.39173E-06   0.00000E+00
  0.291   1.690    0.84182E-06   0.00000E+00   0.19730E+03   0.00000E+00   0.39053E-06   0.00000E+00
  0.295   1.700    0.84352E-06   0.00000E+00   0.19724E+03   0.00000E+00   0.38936E-06   0.00000E+00
  0.298   1.710    0.84522E-06   0.00000E+00   0.19718E+03   0.00000E+00   0.38820E-06   0.00000E+00
  0.302   1.720    0.84693E-06   0.00000E+00   0.19711E+03   0.00000E+00   0.38706E-06   0.00000E+00
  0.305   1.730    0.84865E-06   0.00000E+00   0.19705E+03   0.00000E+00   0.38593E-06   0.00000E+00
  0.309   1.740    0.85038E-06   0.00000E+00   0.19698E+03   0.00000E+00   0.38483E-06   0.00000E+00
  0.312   1.750    0.85211E-06   0.00000E+00   0.19691E+03   0.00000E+00   0.38376E-06   0.00000E+00
  0.316   1.760    0.85384E-06   0.00000E+00   0.19684E+03   0.00000E+00   0.38270E-06   0.00000E+00
  0.319   1.770    0.85559E-06   0.00000E+00   0.19677E+03   0.00000E+00   0.38166E-06   0.00000E+00
  0.323   1.780    0.85733E-06   0.00000E+00   0.19669E+03   0.00000E+00   0.38064E-06   0.00000E+00
  0.327   1.790    0.85909E-06   0.00000E+00   0.19662E+03   0.00000E+00   0.37965E-06   0.00000E+00
  0.330   1.800    0.86085E-06   0.00000E+00   0.19655E+03   0.00000E+00   0.37867E-06   0.00000E+00
  0.334   1.810    0.86261E-06   0.00000E+00   0.19647E+03   0.00000E+00   0.37773E-06   0.00000E+00
  0.338   1.820    0.86438E-06   0.00000E+00   0.19639E+03   0.00000E+00   0.37680E-06   0.00000E+00
  0.341   1.830    0.86615E-06   0.00000E+00   0.19631E+03   0.00000E+00   0.37590E-06   0.00000E+00
  0.345   1.840    0.86793E-06   0.00000E+00   0.19623E+03   0.00000E+00   0.37502E-06   0.00000E+00
  0.349   1.850    0.86971E-06   0.00000E+00   0.19615E+03   0.00000E+00   0.37416E-06   0.00000E+00
  0.353   1.860    0.87150E-06   0.00000E+00   0.19607E+03   0.00000E+00   0.37333E-06   0.00000E+00
  0.357   1.870    0.87329E-06   0.00000E+00   0.19599E+03   0.00000E+00   0.37253E-06   0.00000E+00
  0.360   1.880    0.87508E-06   0.00000E+00   0.19591E+03   0.00000E+00   0.37175E-06   0.00000E+00
  0.364   1.890    0.87688E-06   0.00000E+00   0.19582E+03   0.00000E+00   0.37099E-06   0.00000E+00
  0.368   1.900    0.87868E-06   0.00000E+00   0.19574E+03   0.00000E+00   0.37026E-06   0.00000E+00
  0.372   1.910    0.88048E-06   0.00000E+00   0.19565E+03   0.00000E+00   0.36955E-06   0.00000E+00
  0.376   1.920    0.88229E-06   0.00000E+00   0.19556E+03   0.00000E+00   0.36887E-06   0.00000E+00
  0.380   1.930    0.88410E-06   0.00000E+00   0.19548E+03   0.00000E+00   0.36822E-06   0.00000E+00
  0.384   1.940    0.88591E-06   0.00000E+00   0.19539E+03   0.00000E+00   0.36759E-06   0.00000E+00
  0.388   1.950    0.88772E-06   0.00000E+00   0.19530E+03   0.00000E+00   0.36699E-06   0.00000E+00
  0.392   1.960    0.88953E-06   0.00000E+00   0.19521E+03   0.00000E+00   0.36641E-06   0.00000E+00
  0.396   1.970    0.89134E-06   0.00000E+00   0.19512E+03   0.00000E+00   0.36587E-06   0.00000E+00
  0.400   1.980    0.89316E-06   0.00000E+00   0.19503E+03   0.00000E+00   0.36534E-06   0.00000E+00
  0.404   1.990    0.89497E-06   0.00000E+00   0.19494E+03   0.00000E+00   0.36485E-06   0.00000E+00
  0.408   2.000    0.89679E-06   0.00000E+00   0.19485E+03   0.00000E+00   0.36438E-06   0.00000E+00
  0.412   2.010    0.89861E-06   0.00000E+00   0.19476E+03   0.00000E+00   0.36394E-06   0.00000E+00
  0.416   2.020    0.90042E-06   0.00000E+00   0.19466E+03   0.00000E+00   0.36352E-06   0.00000E+00
  0.420   2.030    0.90224E-06   0.00000E+00   0.19457E+03   0.00000E+00   0.36313E-06   0.00000E+00
  0.424   2.040    0.90405E-06   0.00000E+00   0.19448E+03   0.00000E+00   0.36277E-06   0.00000E+00
  0.429   2.050    0.90587E-06   0.00000E+00   0.19438E+03   0.00000E+00   0.36244E-06   0.00000E+00
  0.433   2.060    0.90768E-06   0.00000E+00   0.19429E+03   0.00000E+00   0.36214E-06   0.00000E+00
  0.437   2.070    0.90949E-06   0.00000E+00   0.19419E+03   0.00000E+00   0.36186E-06   0.00000E+00
  0.441   2.080    0.91130E-06   0.00000E+00   0.19410E+03   0.00000E+00   0.36161E-06   0.00000E+00
  0.445   2.090    0.91311E-06   0.00000E+00   0.19400E+03   0.00000E+00   0.36138E-06   0.00000E+00
  0.450   2.100    0.91491E-06   0.00000E+00   0.19391E+03   0.00000E+00   0.36119E-06   0.00000E+00
  0.454   2.110    0.91672E-06   0.00000E+00   0.19381E+03   0.00000E+00   0.36103E-06   0.00000E+00
  0.458   2.120    0.91852E-06   0.00000E+00   0.19372E+03   0.00000E+00   0.36088E-06   0.00000E+00
  0.463   2.130    0.92031E-06   0.00000E+00   0.19362E+03   0.00000E+00   0.36077E-06   0.00000E+00
  0.467   2.140    0.92211E-06   0.00000E+00   0.19352E+03   0.00000E+00   0.36069E-06   0.00000E+00
  0.471   2.150    0.92390E-06   0.00000E+00   0.19343E+03   0.00000E+00   0.36063E-06   0.00000E+00
  0.476   2.160    0.92568E-06   0.00000E+00   0.19333E+03   0.00000E+00   0.36061E-06   0.00000E+00
  0.480   2.170    0.92746E-06   0.00000E+00   0.19323E+03   0.00000E+00   0.36060E-06   0.00000E+00
  0.485   2.180    0.92924E-06   0.00000E+00   0.19313E+03   0.00000E+00   0.36063E-06   0.00000E+00
  0.489   2.190    0.93101E-06   0.00000E+00   0.19304E+03   0.00000E+00   0.36069E-06   0.00000E+00
  0.494   2.200    0.93277E-06   0.00000E+00   0.19294E+03   0.00000E+00   0.36077E-06   0.00000E+00
  0.498   2.210    0.93453E-06   0.00000E+00   0.19284E+03   0.00000E+00   0.36088E-06   0.00000E+00
  0.503   2.220    0.93628E-06   0.00000E+00   0.19274E+03   0.00000E+00   0.36102E-06   0.00000E+00
  0.507   2.230    0.93803E-06   0.00000E+00   0.19265E+03   0.00000E+00   0.36119E-06   0.00000E+00
  0.512   2.240    0.93977E-06   0.00000E+00   0.19255E+03   0.00000E+00   0.36138E-06   0.00000E+00
  0.516   2.250    0.94150E-06   0.00000E+00   0.19245E+03   0.00000E+00   0.36160E-06   0.00000E+00
  0.521   2.260    0.94323E-06   0.00000E+00   0.19235E+03   0.00000E+00   0.36185E-06   0.00000E+00
  0.525   2.270    0.94494E-06   0.00000E+00   0.19226E+03   0.00000E+00   0.36213E-06   0.00000E+00
  0.530   2.280    0.94665E-06   0.00000E+00   0.19216E+03   0.00000E+00   0.36244E-06   0.00000E+00
  0.535   2.290    0.94835E-06   0.00000E+00   0.19206E+03   0.00000E+00   0.36277E-06   0.00000E+00
  0.539   2.300    0.95005E-06   0.00000E+00   0.19196E+03   0.00000E+00   0.36313E-06   0.00000E+00
  0.544   2.310    0.95173E-06   0.00000E+00   0.19186E+03   0.00000E+00   0.36352E-06   0.00000E+00
  0.549   2.320    0.95340E-06   0.00000E+00   0.19177E+03   0.00000E+00   0.36394E-06   0.00000E+00
  0.554   2.330    0.95507E-06   0.00000E+00   0.19167E+03   0.00000E+00   0.36438E-06   0.00000E+00
  0.558   2.340    0.95672E-06   0.00000E+00   0.19157E+03   0.00000E+00   0.36485E-06   0.00000E+00
  0.563   2.350    0.95836E-06   0.00000E+00   0.19148E+03   0.00000E+00   0.36535E-06   0.00000E+00
  0.568   2.360    0.95999E-06   0.00000E+00   0.19138E+03   0.00000E+00   0.36588E-06   0.00000E+00
  0.573   2.370    0.96161E-06   0.00000E+00   0.19128E+03   0.00000E+00   0.36643E-06   0.00000E+00
  0.578   2.380    0.96322E-06   0.00000E+00   0.19118E+03   0.00000E+00   0.36701E-06   0.00000E+00
  0.582   2.390    0.96482E-06   0.00000E+00   0.19109E+03   0.00000E+00   0.36763E-06   0.00000E+00
  0.587   2.400    0.96640E-06   0.00000E+00   0.19099E+03   0.00000E+00   0.36827E-06   0.00000E+00
  0.592   2.410    0.96797E-06   0.00000E+00   0.19090E+03   0.00000E+00   0.36893E-06   0.00000E+00
  0.597   2.420    0.96953E-06   0.00000E+00   0.19080E+03   0.00000E+00   0.36963E-06   0.00000E+00
  0.602   2.430    0.97108E-06   0.00000E+00   0.19070E+03   0.00000E+00   0.37034E-06   0.00000E+00
  0.607   2.440    0.97261E-06   0.00000E+00   0.19061E+03   0.00000E+00   0.37109E-06   0.00000E+00
  0.612   2.450    0.97412E-06   0.00000E+00   0.19051E+03   0.00000E+00   0.37187E-06   0.00000E+00
  0.617   2.460    0.97562E-06   0.00000E+00   0.19042E+03   0.00000E+00   0.37268E-06   0.00000E+00
  0.622   2.470    0.97711E-06   0.00000E+00   0.19032E+03   0.00000E+00   0.37351E-06   0.00000E+00
  0.627   2.480    0.97858E-06   0.00000E+00   0.19023E+03   0.00000E+00   0.37437E-06   0.00000E+00
  0.632   2.490    0.98003E-06   0.00000E+00   0.19013E+03   0.00000E+00   0.37525E-06   0.00000E+00
  0.637   2.500    0.98147E-06   0.00000E+00   0.19004E+03   0.00000E+00   0.37617E-06   0.00000E+00
  0.642   2.510    0.98289E-06   0.00000E+00   0.18995E+03   0.00000E+00   0.37712E-06   0.00000E+00
  0.648   2.520    0.98430E-06   0.00000E+00   0.18985E+03   0.00000E+00   0.37809E-06   0.00000E+00
  0.653   2.530    0.98568E-06   0.00000E+00   0.18976E+03   0.00000E+00   0.37909E-06   0.00000E+00
  0.658   2.540    0.98705E-06   0.00000E+00   0.18967E+03   0.00000E+00   0.38011E-06   0.00000E+00
  0.663   2.550    0.98840E-06   0.00000E+00   0.18958E+03   0.00000E+00   0.38117E-06   0.00000E+00
  0.668   2.560    0.98973E-06   0.00000E+00   0.18948E+03   0.00000E+00   0.38225E-06   0.00000E+00
  0.674   2.570    0.99104E-06   0.00000E+00   0.18939E+03   0.00000E+00   0.38336E-06   0.00000E+00
  0.679   2.580    0.99234E-06   0.00000E+00   0.18930E+03   0.00000E+00   0.38450E-06   0.00000E+00
  0.684   2.590    0.99361E-06   0.00000E+00   0.18921E+03   0.00000E+00   0.38567E-06   0.00000E+00
  0.689   2.600    0.99486E-06   0.00000E+00   0.18912E+03   0.00000E+00   0.38687E-06   0.00000E+00
  0.695   2.610    0.99609E-06   0.00000E+00   0.18903E+03   0.00000E+00   0.38809E-06   0.00000E+00
  0.700   2.620    0.99730E-06   0.00000E+00   0.18894E+03   0.00000E+00   0.38934E-06   0.00000E+00
  0.705   2.630    0.99848E-06   0.00000E+00   0.18885E+03   0.00000E+00   0.39063E-06   0.00000E+00
  0.711   2.640    0.99965E-06   0.00000E+00   0.18876E+03   0.00000E+00   0.39193E-06   0.00000E+00
  0.716   2.650    0.10008E-05   0.00000E+00   0.18867E+03   0.00000E+00   0.39327E-06   0.00000E+00
  0.722   2.660    0.10019E-05   0.00000E+00   0.18858E+03   0.00000E+00   0.39464E-06   0.00000E+00
  0.727   2.670    0.10030E-05   0.00000E+00   0.18850E+03   0.00000E+00   0.39603E-06   0.00000E+00
  0.732   2.680    0.10041E-05   0.00000E+00   0.18841E+03   0.00000E+00   0.39745E-06   0.00000E+00
  0.738   2.690    0.10051E-05   0.00000E+00   0.18832E+03   0.00000E+00   0.39891E-06   0.00000E+00
  0.743   2.700    0.10061E-05   0.00000E+00   0.18824E+03   0.00000E+00   0.40039E-06   0.00000E+00
  0.749   2.710    0.10071E-05   0.00000E+00   0.18815E+03   0.00000E+00   0.40190E-06   0.00000E+00
  0.754   2.720    0.10081E-05   0.00000E+00   0.18806E+03   0.00000E+00   0.40343E-06   0.00000E+00
  0.760   2.730    0.10091E-05   0.00000E+00   0.18798E+03   0.00000E+00   0.40500E-06   0.00000E+00
  0.766   2.740    0.10100E-05   0.00000E+00   0.18789E+03   0.00000E+00   0.40659E-06   0.00000E+00
  0.771   2.750    0.10109E-05   0.00000E+00   0.18781E+03   0.00000E+00   0.40822E-06   0.00000E+00
  0.777   2.760    0.10117E-05   0.00000E+00   0.18773E+03   0.00000E+00   0.40987E-06   0.00000E+00
  0.782   2.770    0.10126E-05   0.00000E+00   0.18764E+03   0.00000E+00   0.41155E-06   0.00000E+00
  0.788   2.780    0.10134E-05   0.00000E+00   0.18756E+03   0.00000E+00   0.41326E-06   0.00000E+00
  0.794   2.790    0.10141E-05   0.00000E+00   0.18748E+03   0.00000E+00   0.41500E-06   0.00000E+00
  0.799   2.800    0.10149E-05   0.00000E+00   0.18740E+03   0.00000E+00   0.41677E-06   0.00000E+00
  0.805   2.810    0.10156E-05   0.00000E+00   0.18732E+03   0.00000E+00   0.41857E-06   0.00000E+00
  0.811   2.820    0.10163E-05   0.00000E+00   0.18724E+03   0.00000E+00   0.42040E-06   0.00000E+00
  0.817   2.830    0.10169E-05   0.00000E+00   0.18716E+03   0.00000E+00   0.42225E-06   0.00000E+00
  0.822   2.840    0.10176E-05   0.00000E+00   0.18708E+03   0.00000E+00   0.42414E-06   0.00000E+00
  0.828   2.850    0.10182E-05   0.00000E+00   0.18700E+03   0.00000E+00   0.42605E-06   0.00000E+00
  0.834   2.860    0.10187E-05   0.00000E+00   0.18692E+03   0.00000E+00   0.42800E-06   0.00000E+00
  0.840   2.870    0.10193E-05   0.00000E+00   0.18684E+03   0.00000E+00   0.42997E-06   0.00000E+00
  0.846   2.880    0.10198E-05   0.00000E+00   0.18676E+03   0.00000E+00   0.43197E-06   0.00000E+00
  0.852   2.890    0.10202E-05   0.00000E+00   0.18669E+03   0.00000E+00   0.43401E-06   0.00000E+00
  0.858   2.900    0.10206E-05   0.00000E+00   0.18661E+03   0.00000E+00   0.43607E-06   0.00000E+00
  0.864   2.910    0.10210E-05   0.00000E+00   0.18653E+03   0.00000E+00   0.43816E-06   0.00000E+00
  0.869   2.920    0.10214E-05   0.00000E+00   0.18646E+03   0.00000E+00   0.44028E-06   0.00000E+00
  0.875   2.930    0.10217E-05   0.00000E+00   0.18639E+03   0.00000E+00   0.44243E-06   0.00000E+00
  0.881   2.940    0.10220E-05   0.00000E+00   0.18631E+03   0.00000E+00   0.44460E-06   0.00000E+00
  0.887   2.950    0.10223E-05   0.00000E+00   0.18624E+03   0.00000E+00   0.44681E-06   0.00000E+00
  0.893   2.960    0.10225E-05   0.00000E+00   0.18616E+03   0.00000E+00   0.44905E-06   0.00000E+00
  0.899   2.970    0.10227E-05   0.00000E+00   0.18609E+03   0.00000E+00   0.45132E-06   0.00000E+00
  0.906   2.980    0.10228E-05   0.00000E+00   0.18602E+03   0.00000E+00   0.45361E-06   0.00000E+00
  0.912   2.990    0.10229E-05   0.00000E+00   0.18595E+03   0.00000E+00   0.45594E-06   0.00000E+00
  0.918   3.000    0.10230E-05   0.00000E+00   0.18588E+03   0.00000E+00   0.45829E-06   0.00000E+00
  0.924   3.010    0.10230E-05   0.00000E+00   0.18581E+03   0.00000E+00   0.46068E-06   0.00000E+00
  0.930   3.020    0.10230E-05   0.00000E+00   0.18574E+03   0.00000E+00   0.46309E-06   0.00000E+00
  0.936   3.030    0.10230E-05   0.00000E+00   0.18567E+03   0.00000E+00   0.46554E-06   0.00000E+00
  0.942   3.040    0.10229E-05   0.00000E+00   0.18560E+03   0.00000E+00   0.46801E-06   0.00000E+00
  0.949   3.050    0.10228E-05   0.00000E+00   0.18554E+03   0.00000E+00   0.47051E-06   0.00000E+00
  0.955   3.060    0.10226E-05   0.00000E+00   0.18547E+03   0.00000E+00   0.47304E-06   0.00000E+00
  0.961   3.070    0.10224E-05   0.00000E+00   0.18540E+03   0.00000E+00   0.47559E-06   0.00000E+00
  0.967   3.080    0.10221E-05   0.00000E+00   0.18534E+03   0.00000E+00   0.47818E-06   0.00000E+00
  0.974   3.090    0.10219E-05   0.00000E+00   0.18527E+03   0.00000E+00   0.48080E-06   0.00000E+00
  0.980   3.100    0.10215E-05   0.00000E+00   0.18521E+03   0.00000E+00   0.48344E-06   0.00000E+00
  0.986   3.110    0.10212E-05   0.00000E+00   0.18514E+03   0.00000E+00   0.48612E-06   0.00000E+00
  0.993   3.120    0.10207E-05   0.00000E+00   0.18508E+03   0.00000E+00   0.48882E-06   0.00000E+00
  0.999   3.130    0.10203E-05   0.00000E+00   0.18502E+03   0.00000E+00   0.49155E-06   0.00000E+00
  1.005   3.140    0.10198E-05   0.00000E+00   0.18495E+03   0.00000E+00   0.49431E-06   0.00000E+00
  1.012   3.150    0.10192E-05   0.00000E+00   0.18489E+03   0.00000E+00   0.49710E-06   0.00000E+00
  1.018   3.160    0.10187E-05   0.00000E+00   0.18483E+03   0.00000E+00   0.49991E-06   0.00000E+00
  1.025   3.170    0.10180E-05   0.00000E+00   0.18477E+03   0.00000E+00   0.50276E-06   0.00000E+00
  1.031   3.180    0.10173E-05   0.00000E+00   0.18471E+03   0.00000E+00   0.50563E-06   0.00000E+00
  1.038   3.190    0.10166E-05   0.00000E+00   0.18465E+03   0.00000E+00   0.50853E-06   0.00000E+00
  1.044   3.200    0.10159E-05   0.00000E+00   0.18460E+03   0.00000E+00   0.51146E-06   0.00000E+00
  1.051   3.210    0.10150E-05   0.00000E+00   0.18454E+03   0.00000E+00   0.51441E-06   0.00000E+00
  1.057   3.220    0.10142E-05   0.00000E+00   0.18448E+03   0.00000E+00   0.51739E-06   0.00000E+00
  1.064   3.230    0.10133E-05   0.00000E+00   0.18442E+03   0.00000E+00   0.52040E-06   0.00000E+00
  1.070   3.240    0.10123E-05   0.00000E+00   0.18437E+03   0.00000E+00   0.52344E-06   0.00000E+00
  1.077   3.250    0.10113E-05   0.00000E+00   0.18431E+03   0.00000E+00   0.52650E-06   0.00000E+00
  1.084   3.260    0.10103E-05   0.00000E+00   0.18426E+03   0.00000E+00   0.52959E-06   0.00000E+00
  1.090   3.270    0.10092E-05   0.00000E+00   0.18421E+03   0.00000E+00   0.53271E-06   0.00000E+00
  1.097   3.280    0.10081E-05   0.00000E+00   0.18415E+03   0.00000E+00   0.53586E-06   0.00000E+00
  1.104   3.290    0.10069E-05   0.00000E+00   0.18410E+03   0.00000E+00   0.53902E-06   0.00000E+00
  1.110   3.300    0.10056E-05   0.00000E+00   0.18405E+03   0.00000E+00   0.54222E-06   0.00000E+00
  1.117   3.310    0.10044E-05   0.00000E+00   0.18400E+03   0.00000E+00   0.54544E-06   0.00000E+00
  1.124   3.320    0.10030E-05   0.00000E+00   0.18395E+03   0.00000E+00   0.54869E-06   0.00000E+00
  1.131   3.330    0.10017E-05   0.00000E+00   0.18390E+03   0.00000E+00   0.55196E-06   0.00000E+00
  1.138   3.340    0.10002E-05   0.00000E+00   0.18385E+03   0.00000E+00   0.55526E-06   0.00000E+00
  1.144   3.350    0.99875E-06   0.00000E+00   0.18380E+03   0.00000E+00   0.55858E-06   0.00000E+00
  1.151   3.360    0.99723E-06   0.00000E+00   0.18375E+03   0.00000E+00   0.56193E-06   0.00000E+00
  1.158   3.370    0.99565E-06   0.00000E+00   0.18370E+03   0.00000E+00   0.56530E-06   0.00000E+00
  1.165   3.380    0.99402E-06   0.00000E+00   0.18366E+03   0.00000E+00   0.56869E-06   0.00000E+00
  1.172   3.390    0.99235E-06   0.00000E+00   0.18361E+03   0.00000E+00   0.57211E-06   0.00000E+00
  1.179   3.400    0.99062E-06   0.00000E+00   0.18356E+03   0.00000E+00   0.57556E-06   0.00000E+00
  1.186   3.410    0.98884E-06   0.00000E+00   0.18352E+03   0.00000E+00   0.57902E-06   0.00000E+00
  1.193   3.420    0.98701E-06   0.00000E+00   0.18347E+03   0.00000E+00   0.58251E-06   0.00000E+00
  1.200   3.430    0.98513E-06   0.00000E+00   0.18343E+03   0.00000E+00   0.58603E-06   0.00000E+00
  1.207   3.440    0.98320E-06   0.00000E+00   0.18339E+03   0.00000E+00   0.58956E-06   0.00000E+00
  1.214   3.450    0.98122E-06   0.00000E+00   0.18335E+03   0.00000E+00   0.59312E-06   0.00000E+00
  1.221   3.460    0.97919E-06   0.00000E+00   0.18330E+03   0.00000E+00   0.59670E-06   0.00000E+00
  1.228   3.470    0.97711E-06   0.00000E+00   0.18326E+03   0.00000E+00   0.60030E-06   0.00000E+00
  1.235   3.480    0.97497E-06   0.00000E+00   0.18322E+03   0.00000E+00   0.60393E-06   0.00000E+00
  1.242   3.490    0.97278E-06   0.00000E+00   0.18318E+03   0.00000E+00   0.60757E-06   0.00000E+00
  1.249   3.500    0.97055E-06   0.00000E+00   0.18314E+03   0.00000E+00   0.61123E-06   0.00000E+00
  1.256   3.510    0.96826E-06   0.00000E+00   0.18310E+03   0.00000E+00   0.61492E-06   0.00000E+00
  1.263   3.520    0.96591E-06   0.00000E+00   0.18307E+03   0.00000E+00   0.61863E-06   0.00000E+00
  1.271   3.530    0.96352E-06   0.00000E+00   0.18303E+03   0.00000E+00   0.62235E-06   0.00000E+00
  1.278   3.540    0.96107E-06   0.00000E+00   0.18299E+03   0.00000E+00   0.62610E-06   0.00000E+00
  1.285   3.550    0.95857E-06   0.00000E+00   0.18296E+03   0.00000E+00   0.62986E-06   0.00000E+00
  1.292   3.560    0.95602E-06   0.00000E+00   0.18292E+03   0.00000E+00   0.63365E-06   0.00000E+00
  1.300   3.570    0.95342E-06   0.00000E+00   0.18288E+03   0.00000E+00   0.63745E-06   0.00000E+00
  1.307   3.580    0.95076E-06   0.00000E+00   0.18285E+03   0.00000E+00   0.64127E-06   0.00000E+00
  1.314   3.590    0.94805E-06   0.00000E+00   0.18282E+03   0.00000E+00   0.64510E-06   0.00000E+00
  1.322   3.600    0.94529E-06   0.00000E+00   0.18278E+03   0.00000E+00   0.64896E-06   0.00000E+00
  1.329   3.610    0.94248E-06   0.00000E+00   0.18275E+03   0.00000E+00   0.65283E-06   0.00000E+00
  1.336   3.620    0.93961E-06   0.00000E+00   0.18272E+03   0.00000E+00   0.65671E-06   0.00000E+00
  1.344   3.630    0.93669E-06   0.00000E+00   0.18269E+03   0.00000E+00   0.66062E-06   0.00000E+00
  1.351   3.640    0.93372E-06   0.00000E+00   0.18266E+03   0.00000E+00   0.66454E-06   0.00000E+00
  1.359   3.650    0.93070E-06   0.00000E+00   0.18263E+03   0.00000E+00   0.66847E-06   0.00000E+00
  1.366   3.660    0.92762E-06   0.00000E+00   0.18260E+03   0.00000E+00   0.67242E-06   0.00000E+00
  1.373   3.670    0.92450E-06   0.00000E+00   0.18257E+03   0.00000E+00   0.67639E-06   0.00000E+00
  1.381   3.680    0.92131E-06   0.00000E+00   0.18254E+03   0.00000E+00   0.68036E-06   0.00000E+00
  1.388   3.690    0.91808E-06   0.00000E+00   0.18251E+03   0.00000E+00   0.68435E-06   0.00000E+00
  1.396   3.700    0.91480E-06   0.00000E+00   0.18248E+03   0.00000E+00   0.68836E-06   0.00000E+00
  1.404   3.710    0.91146E-06   0.00000E+00   0.18246E+03   0.00000E+00   0.69238E-06   0.00000E+00
  1.411   3.720    0.90807E-06   0.00000E+00   0.18243E+03   0.00000E+00   0.69641E-06   0.00000E+00
  1.419   3.730    0.90463E-06   0.00000E+00   0.18240E+03   0.00000E+00   0.70045E-06   0.00000E+00
  1.426   3.740    0.90114E-06   0.00000E+00   0.18238E+03   0.00000E+00   0.70451E-06   0.00000E+00
  1.434   3.750    0.89759E-06   0.00000E+00   0.18235E+03   0.00000E+00   0.70857E-06   0.00000E+00
  1.442   3.760    0.89400E-06   0.00000E+00   0.18233E+03   0.00000E+00   0.71265E-06   0.00000E+00
  1.449   3.770    0.89035E-06   0.00000E+00   0.18231E+03   0.00000E+00   0.71673E-06   0.00000E+00
  1.457   3.780    0.88665E-06   0.00000E+00   0.18228E+03   0.00000E+00   0.72083E-06   0.00000E+00
  1.465   3.790    0.88291E-06   0.00000E+00   0.18226E+03   0.00000E+00   0.72493E-06   0.00000E+00
  1.472   3.800    0.87911E-06   0.00000E+00   0.18224E+03   0.00000E+00   0.72905E-06   0.00000E+00
  1.480   3.810    0.87526E-06   0.00000E+00   0.18222E+03   0.00000E+00   0.73317E-06   0.00000E+00
  1.488   3.820    0.87136E-06   0.00000E+00   0.18220E+03   0.00000E+00   0.73730E-06   0.00000E+00
  1.496   3.830    0.86740E-06   0.00000E+00   0.18218E+03   0.00000E+00   0.74143E-06   0.00000E+00
  1.504   3.840    0.86340E-06   0.00000E+00   0.18216E+03   0.00000E+00   0.74558E-06   0.00000E+00
  1.511   3.850    0.85935E-06   0.00000E+00   0.18214E+03   0.00000E+00   0.74973E-06   0.00000E+00
  1.519   3.860    0.85525E-06   0.00000E+00   0.18212E+03   0.00000E+00   0.75389E-06   0.00000E+00
  1.527   3.870    0.85111E-06   0.00000E+00   0.18210E+03   0.00000E+00   0.75805E-06   0.00000E+00
  1.535   3.880    0.84691E-06   0.00000E+00   0.18208E+03   0.00000E+00   0.76222E-06   0.00000E+00
  1.543   3.890    0.84266E-06   0.00000E+00   0.18207E+03   0.00000E+00   0.76639E-06   0.00000E+00
  1.551   3.900    0.83837E-06   0.00000E+00   0.18205E+03   0.00000E+00   0.77056E-06   0.00000E+00
  1.559   3.910    0.83402E-06   0.00000E+00   0.18203E+03   0.00000E+00   0.77474E-06   0.00000E+00
  1.567   3.920    0.82963E-06   0.00000E+00   0.18202E+03   0.00000E+00   0.77892E-06   0.00000E+00
  1.575   3.930    0.82519E-06   0.00000E+00   0.18200E+03   0.00000E+00   0.78310E-06   0.00000E+00
  1.583   3.940    0.82071E-06   0.00000E+00   0.18199E+03   0.00000E+00   0.78729E-06   0.00000E+00
  1.591   3.950    0.81618E-06   0.00000E+00   0.18197E+03   0.00000E+00   0.79148E-06   0.00000E+00
  1.599   3.960    0.81160E-06   0.00000E+00   0.18196E+03   0.00000E+00   0.79567E-06   0.00000E+00
  1.607   3.970    0.80698E-06   0.00000E+00   0.18194E+03   0.00000E+00   0.79986E-06   0.00000E+00
  1.615   3.980    0.80231E-06   0.00000E+00   0.18193E+03   0.00000E+00   0.80405E-06   0.00000E+00
  1.623   3.990    0.79759E-06   0.00000E+00   0.18192E+03   0.00000E+00   0.80823E-06   0.00000E+00
  1.632   4.000    0.79284E-06   0.00000E+00   0.18191E+03   0.00000E+00   0.81242E-06   0.00000E+00
  1.640   4.010    0.78803E-06   0.00000E+00   0.18190E+03   0.00000E+00   0.81661E-06   0.00000E+00
  1.648   4.020    0.78318E-06   0.00000E+00   0.18188E+03   0.00000E+00   0.82079E-06   0.00000E+00
  1.656   4.030    0.77829E-06   0.00000E+00   0.18187E+03   0.00000E+00   0.82497E-06   0.00000E+00
  1.664   4.040    0.77336E-06   0.00000E+00   0.18186E+03   0.00000E+00   0.82915E-06   0.00000E+00
  1.673   4.050    0.76839E-06   0.00000E+00   0.18185E+03   0.00000E+00   0.83332E-06   0.00000E+00
  1.681   4.060    0.76337E-06   0.00000E+00   0.18184E+03   0.00000E+00   0.83749E-06   0.00000E+00
  1.689   4.070    0.75831E-06   0.00000E+00   0.18184E+03   0.00000E+00   0.84166E-06   0.00000E+00
  1.697   4.080    0.75321E-06   0.00000E+00   0.18183E+03   0.00000E+00   0.84582E-06   0.00000E+00
  1.706   4.090    0.74807E-06   0.00000E+00   0.18182E+03   0.00000E+00   0.84998E-06   0.00000E+00
  1.714   4.100    0.74289E-06   0.00000E+00   0.18181E+03   0.00000E+00   0.85412E-06   0.00000E+00
  1.723   4.110    0.73767E-06   0.00000E+00   0.18180E+03   0.00000E+00   0.85827E-06   0.00000E+00
  1.731   4.120    0.73241E-06   0.00000E+00   0.18180E+03   0.00000E+00   0.86240E-06   0.00000E+00
  1.739   4.130    0.72711E-06   0.00000E+00   0.18179E+03   0.00000E+00   0.86653E-06   0.00000E+00
  1.748   4.140    0.72178E-06   0.00000E+00   0.18178E+03   0.00000E+00   0.87065E-06   0.00000E+00
  1.756   4.150    0.71640E-06   0.00000E+00   0.18178E+03   0.00000E+00   0.87475E-06   0.00000E+00
  1.765   4.160    0.71100E-06   0.00000E+00   0.18177E+03   0.00000E+00   0.87886E-06   0.00000E+00
  1.773   4.170    0.70555E-06   0.00000E+00   0.18177E+03   0.00000E+00   0.88295E-06   0.00000E+00
  1.782   4.180    0.70007E-06   0.00000E+00   0.18176E+03   0.00000E+00   0.88703E-06   0.00000E+00
  1.790   4.190    0.69456E-06   0.00000E+00   0.18176E+03   0.00000E+00   0.89110E-06   0.00000E+00
  1.799   4.200    0.68901E-06   0.00000E+00   0.18175E+03   0.00000E+00   0.89516E-06   0.00000E+00
  1.807   4.210    0.68343E-06   0.00000E+00   0.18175E+03   0.00000E+00   0.89920E-06   0.00000E+00
  1.816   4.220    0.67781E-06   0.00000E+00   0.18175E+03   0.00000E+00   0.90324E-06   0.00000E+00
  1.825   4.230    0.67216E-06   0.00000E+00   0.18174E+03   0.00000E+00   0.90726E-06   0.00000E+00
  1.833   4.240    0.66648E-06   0.00000E+00   0.18174E+03   0.00000E+00   0.91127E-06   0.00000E+00
  1.842   4.250    0.66077E-06   0.00000E+00   0.18174E+03   0.00000E+00   0.91527E-06   0.00000E+00
  1.851   4.260    0.65503E-06   0.00000E+00   0.18174E+03   0.00000E+00   0.91925E-06   0.00000E+00
  1.859   4.270    0.64926E-06   0.00000E+00   0.18174E+03   0.00000E+00   0.92321E-06   0.00000E+00
  1.868   4.280    0.64347E-06   0.00000E+00   0.18174E+03   0.00000E+00   0.92716E-06   0.00000E+00
  1.877   4.290    0.63764E-06   0.00000E+00   0.18173E+03   0.00000E+00   0.93110E-06   0.00000E+00
  1.885   4.300    0.63179E-06   0.00000E+00   0.18173E+03   0.00000E+00   0.93502E-06   0.00000E+00
  1.894   4.310    0.62591E-06   0.00000E+00   0.18173E+03   0.00000E+00   0.93892E-06   0.00000E+00
  1.903   4.320    0.62000E-06   0.00000E+00   0.18173E+03   0.00000E+00   0.94281E-06   0.00000E+00
  1.912   4.330    0.61407E-06   0.00000E+00   0.18173E+03   0.00000E+00   0.94668E-06   0.00000E+00
  1.921   4.340    0.60811E-06   0.00000E+00   0.18173E+03   0.00000E+00   0.95053E-06   0.00000E+00
  1.930   4.350    0.60213E-06   0.00000E+00   0.18174E+03   0.00000E+00   0.95436E-06   0.00000E+00
  1.938   4.360    0.59613E-06   0.00000E+00   0.18174E+03   0.00000E+00   0.95817E-06   0.00000E+00
  1.947   4.370    0.59011E-06   0.00000E+00   0.18174E+03   0.00000E+00   0.96197E-06   0.00000E+00
  1.956   4.380    0.58406E-06   0.00000E+00   0.18174E+03   0.00000E+00   0.96574E-06   0.00000E+00
  1.965   4.390    0.57799E-06   0.00000E+00   0.18174E+03   0.00000E+00   0.96950E-06   0.00000E+00
  1.974   4.400    0.57191E-06   0.00000E+00   0.18174E+03   0.00000E+00   0.97323E-06   0.00000E+00
  1.983   4.410    0.56580E-06   0.00000E+00   0.18175E+03   0.00000E+00   0.97695E-06   0.00000E+00
  1.992   4.420    0.55968E-06   0.00000E+00   0.18175E+03   0.00000E+00   0.98064E-06   0.00000E+00
  2.001   4.430    0.55353E-06   0.00000E+00   0.18175E+03   0.00000E+00   0.98431E-06   0.00000E+00
  2.010   4.440    0.54738E-06   0.00000E+00   0.18176E+03   0.00000E+00   0.98796E-06   0.00000E+00
  2.019   4.450    0.54120E-06   0.00000E+00   0.18176E+03   0.00000E+00   0.99159E-06   0.00000E+00
  2.028   4.460    0.53501E-06   0.00000E+00   0.18177E+03   0.00000E+00   0.99519E-06   0.00000E+00
  2.037   4.470    0.52881E-06   0.00000E+00   0.18177E+03   0.00000E+00   0.99876E-06   0.00000E+00
  2.047   4.480    0.52259E-06   0.00000E+00   0.18177E+03   0.00000E+00   0.10023E-05   0.00000E+00
  2.056   4.490    0.51636E-06   0.00000E+00   0.18178E+03   0.00000E+00   0.10059E-05   0.00000E+00
  2.065   4.500    0.51012E-06   0.00000E+00   0.18178E+03   0.00000E+00   0.10094E-05   0.00000E+00
  2.074   4.510    0.50387E-06   0.00000E+00   0.18179E+03   0.00000E+00   0.10128E-05   0.00000E+00
  2.083   4.520    0.49761E-06   0.00000E+00   0.18179E+03   0.00000E+00   0.10163E-05   0.00000E+00
  2.093   4.530    0.49133E-06   0.00000E+00   0.18180E+03   0.00000E+00   0.10197E-05   0.00000E+00
  2.102   4.540    0.48505E-06   0.00000E+00   0.18181E+03   0.00000E+00   0.10231E-05   0.00000E+00
  2.111   4.550    0.47877E-06   0.00000E+00   0.18181E+03   0.00000E+00   0.10265E-05   0.00000E+00
  2.120   4.560    0.47247E-06   0.00000E+00   0.18182E+03   0.00000E+00   0.10299E-05   0.00000E+00
  2.130   4.570    0.46617E-06   0.00000E+00   0.18182E+03   0.00000E+00   0.10332E-05   0.00000E+00
  2.139   4.580    0.45986E-06   0.00000E+00   0.18183E+03   0.00000E+00   0.10365E-05   0.00000E+00
  2.148   4.590    0.45355E-06   0.00000E+00   0.18184E+03   0.00000E+00   0.10398E-05   0.00000E+00
  2.158   4.600    0.44724E-06   0.00000E+00   0.18185E+03   0.00000E+00   0.10430E-05   0.00000E+00
  2.167   4.610    0.44092E-06   0.00000E+00   0.18185E+03   0.00000E+00   0.10462E-05   0.00000E+00
  2.177   4.620    0.43461E-06   0.00000E+00   0.18186E+03   0.00000E+00   0.10494E-05   0.00000E+00
  2.186   4.630    0.42829E-06   0.00000E+00   0.18187E+03   0.00000E+00   0.10526E-05   0.00000E+00
  2.195   4.640    0.42197E-06   0.00000E+00   0.18188E+03   0.00000E+00   0.10557E-05   0.00000E+00
  2.205   4.650    0.41565E-06   0.00000E+00   0.18188E+03   0.00000E+00   0.10588E-05   0.00000E+00
  2.214   4.660    0.40933E-06   0.00000E+00   0.18189E+03   0.00000E+00   0.10619E-05   0.00000E+00
  2.224   4.670    0.40302E-06   0.00000E+00   0.18190E+03   0.00000E+00   0.10649E-05   0.00000E+00
  2.233   4.680    0.39670E-06   0.00000E+00   0.18191E+03   0.00000E+00   0.10679E-05   0.00000E+00
  2.243   4.690    0.39040E-06   0.00000E+00   0.18192E+03   0.00000E+00   0.10709E-05   0.00000E+00
  2.253   4.700    0.38409E-06   0.00000E+00   0.18193E+03   0.00000E+00   0.10739E-05   0.00000E+00
  2.262   4.710    0.37780E-06   0.00000E+00   0.18194E+03   0.00000E+00   0.10768E-05   0.00000E+00
  2.272   4.720    0.37150E-06   0.00000E+00   0.18195E+03   0.00000E+00   0.10797E-05   0.00000E+00
  2.281   4.730    0.36522E-06   0.00000E+00   0.18195E+03   0.00000E+00   0.10826E-05   0.00000E+00
  2.291   4.740    0.35894E-06   0.00000E+00   0.18196E+03   0.00000E+00   0.10854E-05   0.00000E+00
  2.301   4.750    0.35268E-06   0.00000E+00   0.18197E+03   0.00000E+00   0.10882E-05   0.00000E+00
  2.310   4.760    0.34642E-06   0.00000E+00   0.18198E+03   0.00000E+00   0.10910E-05   0.00000E+00
  2.320   4.770    0.34017E-06   0.00000E+00   0.18199E+03   0.00000E+00   0.10937E-05   0.00000E+00
  2.330   4.780    0.33394E-06   0.00000E+00   0.18200E+03   0.00000E+00   0.10964E-05   0.00000E+00
  2.340   4.790    0.32772E-06   0.00000E+00   0.18201E+03   0.00000E+00   0.10991E-05   0.00000E+00
  2.349   4.800    0.32151E-06   0.00000E+00   0.18202E+03   0.00000E+00   0.11017E-05   0.00000E+00
  2.359   4.810    0.31531E-06   0.00000E+00   0.18204E+03   0.00000E+00   0.11043E-05   0.00000E+00
  2.369   4.820    0.30913E-06   0.00000E+00   0.18205E+03   0.00000E+00   0.11069E-05   0.00000E+00
  2.379   4.830    0.30296E-06   0.00000E+00   0.18206E+03   0.00000E+00   0.11094E-05   0.00000E+00
  2.389   4.840    0.29681E-06   0.00000E+00   0.18207E+03   0.00000E+00   0.11119E-05   0.00000E+00
  2.399   4.850    0.29067E-06   0.00000E+00   0.18208E+03   0.00000E+00   0.11144E-05   0.00000E+00
  2.409   4.860    0.28455E-06   0.00000E+00   0.18209E+03   0.00000E+00   0.11169E-05   0.00000E+00
  2.418   4.870    0.27845E-06   0.00000E+00   0.18210E+03   0.00000E+00   0.11193E-05   0.00000E+00
  2.428   4.880    0.27237E-06   0.00000E+00   0.18211E+03   0.00000E+00   0.11217E-05   0.00000E+00
  2.438   4.890    0.26631E-06   0.00000E+00   0.18212E+03   0.00000E+00   0.11240E-05   0.00000E+00
  2.448   4.900    0.26027E-06   0.00000E+00   0.18214E+03   0.00000E+00   0.11263E-05   0.00000E+00
  2.458   4.910    0.25425E-06   0.00000E+00   0.18215E+03   0.00000E+00   0.11286E-05   0.00000E+00
  2.468   4.920    0.24825E-06   0.00000E+00   0.18216E+03   0.00000E+00   0.11309E-05   0.00000E+00
  2.478   4.930    0.24228E-06   0.00000E+00   0.18217E+03   0.00000E+00   0.11331E-05   0.00000E+00
  2.488   4.940    0.23632E-06   0.00000E+00   0.18218E+03   0.00000E+00   0.11353E-05   0.00000E+00
  2.499   4.950    0.23039E-06   0.00000E+00   0.18219E+03   0.00000E+00   0.11374E-05   0.00000E+00
  2.509   4.960    0.22449E-06   0.00000E+00   0.18221E+03   0.00000E+00   0.11395E-05   0.00000E+00
  2.519   4.970    0.21861E-06   0.00000E+00   0.18222E+03   0.00000E+00   0.11416E-05   0.00000E+00
  2.529   4.980    0.21275E-06   0.00000E+00   0.18223E+03   0.00000E+00   0.11437E-05   0.00000E+00
  2.539   4.990    0.20692E-06   0.00000E+00   0.18224E+03   0.00000E+00   0.11457E-05   0.00000E+00
