  0.000   0.010    0.60625E+04   0.00000E+00   0.16216E-05   0.00000E+00  -0.33538E+05   0.00000E+00
  0.000   0.020    0.60625E+04   0.00000E+00   0.16216E-05   0.00000E+00  -0.33538E+05   0.00000E+00
  0.000   0.030    0.60625E+04   0.00000E+00   0.16215E-05   0.00000E+00  -0.33538E+05   0.00000E+00
  0.000   0.040    0.60625E+04   0.00000E+00   0.16214E-05   0.00000E+00  -0.33538E+05   0.00000E+00
  0.000   0.050    0.60625E+04   0.00000E+00   0.16213E-05   0.00000E+00  -0.33539E+05   0.00000E+00
  0.000   0.060    0.60626E+04   0.00000E+00   0.16212E-05   0.00000E+00  -0.33539E+05   0.00000E+00
  0.000   0.070    0.60626E+04   0.00000E+00   0.16212E-05   0.00000E+00  -0.33539E+05   0.00000E+00
  0.001   0.080    0.60626E+04   0.00000E+00   0.16212E-05   0.00000E+00  -0.33539E+05   0.00000E+00
  0.001   0.090    0.60627E+04   0.00000E+00   0.16212E-05   0.00000E+00  -0.33539E+05   0.00000E+00
  0.001   0.100    0.60627E+04   0.00000E+00   0.16212E-05   0.00000E+00  -0.33539E+05   0.00000E+00
  0.001   0.110    0.60628E+04   0.00000E+00   0.16212E-05   0.00000E+00  -0.33539E+05   0.00000E+00
  0.001   0.120    0.60629E+04   0.00000E+00   0.16213E-05   0.00000E+00  -0.33539E+05   0.00000E+00
  0.002   0.130    0.60629E+04   0.00000E+00   0.16215E-05   0.00000E+00  -0.33540E+05   0.00000E+00
  0.002   0.140    0.60630E+04   0.00000E+00   0.16216E-05   0.00000E+00  -0.33540E+05   0.00000E+00
  0.002   0.150    0.60631E+04   0.00000E+00   0.16218E-05   0.00000E+00  -0.33540E+05   0.00000E+00
  0.003   0.160    0.60631E+04   0.00000E+00   0.16221E-05   0.00000E+00  -0.33540E+05   0.00000E+00
  0.003   0.170    0.60632E+04   0.00000E+00   0.16224E-05   0.00000E+00  -0.33540E+05   0.00000E+00
  0.003   0.180    0.60633E+04   0.00000E+00   0.16228E-05   0.00000E+00  -0.33541E+05   0.00000E+00
  0.004   0.190    0.60634E+04   0.00000E+00   0.16232E-05   0.00000E+00  -0.33541E+05   0.00000E+00
  0.004   0.200    0.60635E+04   0.00000E+00   0.16237E-05   0.00000E+00  -0.33541E+05   0.00000E+00
  0.004   0.210    0.60636E+04   0.00000E+00   0.16242E-05   0.00000E+00  -0.33541E+05   0.00000E+00
  0.005   0.220    0.60637E+04   0.00000E+00   0.16248E-05   0.00000E+00  -0.33542E+05   0.00000E+00
  0.005   0.230    0.60638E+04   0.00000E+00   0.16255E-05   0.00000E+00  -0.33542E+05   0.00000E+00
  0.006   0.240    0.60640E+04   0.00000E+00   0.16262E-05   0.00000E+00  -0.33542E+05   0.00000E+00
  0.006   0.250    0.60641E+04   0.00000E+00   0.16270E-05   0.00000E+00  -0.33543E+05   0.00000E+00
  0.007   0.260    0.60642E+04   0.00000E+00   0.16279E-05   0.00000E+00  -0.33543E+05   0.00000E+00
  0.007   0.270    0.60644E+04   0.00000E+00   0.16288E-05   0.00000E+00  -0.33544E+05   0.00000E+00
  0.008   0.280    0.60645E+04   0.00000E+00   0.16298E-05   0.00000E+00  -0.33544E+05   0.00000E+00
  0.009   0.290    0.60647E+04   0.00000E+00   0.16308E-05   0.00000E+00  -0.33545E+05   0.00000E+00
  0.009   0.300    0.60648E+04   0.00000E+00   0.16320E-05   0.00000E+00  -0.33545E+05   0.00000E+00
  0.010   0.310    0.60650E+04   0.00000E+00   0.16332E-05   0.00000E+00  -0.33546E+05   0.00000E+00
  0.010   0.320    0.60652E+04   0.00000E+00   0.16345E-05   0.00000E+00  -0.33546E+05   0.00000E+00
  0.011   0.330    0.60654E+04   0.00000E+00   0.16358E-05   0.00000E+00  -0.33547E+05   0.00000E+00
  0.012   0.340    0.60656E+04   0.00000E+00   0.16373E-05   0.00000E+00  -0.33547E+05   0.00000E+00
  0.012   0.350    0.60658E+04   0.00000E+00   0.16388E-05   0.00000E+00  -0.33548E+05   0.00000E+00
  0.013   0.360    0.60660E+04   0.00000E+00   0.16403E-05   0.00000E+00  -0.33549E+05   0.00000E+00
  0.014   0.370    0.60662E+04   0.00000E+00   0.16420E-05   0.00000E+00  -0.33549E+05   0.00000E+00
  0.015   0.380    0.60664E+04   0.00000E+00   0.16437E-05   0.00000E+00  -0.33550E+05   0.00000E+00
  0.016   0.390    0.60666E+04   0.00000E+00   0.16455E-05   0.00000E+00  -0.33551E+05   0.00000E+00
  0.016   0.400    0.60669E+04   0.00000E+00   0.16474E-05   0.00000E+00  -0.33551E+05   0.00000E+00
  0.017   0.410    0.60671E+04   0.00000E+00   0.16494E-05   0.00000E+00  -0.33552E+05   0.00000E+00
  0.018   0.420    0.60674E+04   0.00000E+00   0.16514E-05   0.00000E+00  -0.33553E+05   0.00000E+00
  0.019   0.430    0.60676E+04   0.00000E+00   0.16535E-05   0.00000E+00  -0.33554E+05   0.00000E+00
  0.020   0.440    0.60679E+04   0.00000E+00   0.16557E-05   0.00000E+00  -0.33555E+05   0.00000E+00
  0.021   0.450    0.60682E+04   0.00000E+00   0.16580E-05   0.00000E+00  -0.33555E+05   0.00000E+00
  0.022   0.460    0.60685E+04   0.00000E+00   0.16603E-05   0.00000E+00  -0.33556E+05   0.00000E+00
  0.023   0.470    0.60688E+04   0.00000E+00   0.16627E-05   0.00000E+00  -0.33557E+05   0.00000E+00
  0.023   0.480    0.60691E+04   0.00000E+00   0.16652E-05   0.00000E+00  -0.33558E+05   0.00000E+00
  0.024   0.490    0.60694E+04   0.00000E+00   0.16677E-05   0.00000E+00  -0.33559E+05   0.00000E+00
  0.025   0.500    0.60697E+04   0.00000E+00   0.16704E-05   0.00000E+00  -0.33560E+05   0.00000E+00
  0.027   0.510    0.60701E+04   0.00000E+00   0.16730E-05   0.00000E+00  -0.33562E+05   0.00000E+00
  0.028   0.520    0.60704E+04   0.00000E+00   0.16758E-05   0.00000E+00  -0.33563E+05   0.00000E+00
  0.029   0.530    0.60708E+04   0.00000E+00   0.16786E-05   0.00000E+00  -0.33564E+05   0.00000E+00
  0.030   0.540    0.60712E+04   0.00000E+00   0.16815E-05   0.00000E+00  -0.33565E+05   0.00000E+00
  0.031   0.550    0.60716E+04   0.00000E+00   0.16844E-05   0.00000E+00  -0.33567E+05   0.00000E+00
  0.032   0.560    0.60720E+04   0.00000E+00   0.16874E-05   0.00000E+00  -0.33568E+05   0.00000E+00
  0.033   0.570    0.60724E+04   0.00000E+00   0.16905E-05   0.00000E+00  -0.33569E+05   0.00000E+00
  0.034   0.580    0.60728E+04   0.00000E+00   0.16936E-05   0.00000E+00  -0.33571E+05   0.00000E+00
  0.035   0.590    0.60732E+04   0.00000E+00   0.16968E-05   0.00000E+00  -0.33572E+05   0.00000E+00
  0.037   0.600    0.60737E+04   0.00000E+00   0.17000E-05   0.00000E+00  -0.33574E+05   0.00000E+00
  0.038   0.610    0.60741E+04   0.00000E+00   0.17033E-05   0.00000E+00  -0.33575E+05   0.00000E+00
  0.039   0.620    0.60746E+04   0.00000E+00   0.17066E-05   0.00000E+00  -0.33577E+05   0.00000E+00
  0.040   0.630    0.60750E+04   0.00000E+00   0.17100E-05   0.00000E+00  -0.33578E+05   0.00000E+00
  0.042   0.640    0.60755E+04   0.00000E+00   0.17134E-05   0.00000E+00  -0.33580E+05   0.00000E+00
  0.043   0.650    0.60760E+04   0.00000E+00   0.17169E-05   0.00000E+00  -0.33582E+05   0.00000E+00
  0.044   0.660    0.60765E+04   0.00000E+00   0.17204E-05   0.00000E+00  -0.33583E+05   0.00000E+00
  0.046   0.670    0.60770E+04   0.00000E+00   0.17239E-05   0.00000E+00  -0.33585E+05   0.00000E+00
  0.047   0.680    0.60775E+04   0.00000E+00   0.17275E-05   0.00000E+00  -0.33587E+05   0.00000E+00
  0.049   0.690    0.60781E+04   0.00000E+00   0.17311E-05   0.00000E+00  -0.33588E+05   0.00000E+00
  0.050   0.700    0.60786E+04   0.00000E+00   0.17347E-05   0.00000E+00  -0.33590E+05   0.00000E+00
  0.051   0.710    0.60792E+04   0.00000E+00   0.17384E-05   0.00000E+00  -0.33592E+05   0.00000E+00
  0.053   0.720    0.60797E+04   0.00000E+00   0.17421E-05   0.00000E+00  -0.33594E+05   0.00000E+00
  0.054   0.730    0.60803E+04   0.00000E+00   0.17458E-05   0.00000E+00  -0.33596E+05   0.00000E+00
  0.056   0.740    0.60809E+04   0.00000E+00   0.17495E-05   0.00000E+00  -0.33598E+05   0.00000E+00
  0.057   0.750    0.60814E+04   0.00000E+00   0.17533E-05   0.00000E+00  -0.33599E+05   0.00000E+00
  0.059   0.760    0.60820E+04   0.00000E+00   0.17571E-05   0.00000E+00  -0.33601E+05   0.00000E+00
  0.060   0.770    0.60826E+04   0.00000E+00   0.17609E-05   0.00000E+00  -0.33603E+05   0.00000E+00
  0.062   0.780    0.60832E+04   0.00000E+00   0.17647E-05   0.00000E+00  -0.33605E+05   0.00000E+00
  0.064   0.790    0.60838E+04   0.00000E+00   0.17685E-05   0.00000E+00  -0.33607E+05   0.00000E+00
  0.065   0.800    0.60845E+04   0.00000E+00   0.17723E-05   0.00000E+00  -0.33609E+05   0.00000E+00
  0.067   0.810    0.60851E+04   0.00000E+00   0.17761E-05   0.00000E+00  -0.33611E+05   0.00000E+00
  0.069   0.820    0.60857E+04   0.00000E+00   0.17799E-05   0.00000E+00  -0.33613E+05   0.00000E+00
  0.070   0.830    0.60863E+04   0.00000E+00   0.17837E-05   0.00000E+00  -0.33615E+05   0.00000E+00
  0.072   0.840    0.60870E+04   0.00000E+00   0.17875E-05   0.00000E+00  -0.33617E+05   0.00000E+00
  0.074   0.850    0.60876E+04   0.00000E+00   0.17913E-05   0.00000E+00  -0.33619E+05   0.00000E+00
  0.075   0.860    0.60883E+04   0.00000E+00   0.17951E-05   0.00000E+00  -0.33620E+05   0.00000E+00
  0.077   0.870    0.60889E+04   0.00000E+00   0.17988E-05   0.00000E+00  -0.33622E+05   0.00000E+00
  0.079   0.880    0.60896E+04   0.00000E+00   0.18026E-05   0.00000E+00  -0.33624E+05   0.00000E+00
  0.081   0.890    0.60902E+04   0.00000E+00   0.18063E-05   0.00000E+00  -0.33626E+05   0.00000E+00
  0.083   0.900    0.60909E+04   0.00000E+00   0.18100E-05   0.00000E+00  -0.33628E+05   0.00000E+00
  0.084   0.910    0.60916E+04   0.00000E+00   0.18136E-05   0.00000E+00  -0.33630E+05   0.00000E+00
  0.086   0.920    0.60922E+04   0.00000E+00   0.18173E-05   0.00000E+00  -0.33632E+05   0.00000E+00
  0.088   0.930    0.60929E+04   0.00000E+00   0.18209E-05   0.00000E+00  -0.33633E+05   0.00000E+00
  0.090   0.940    0.60936E+04   0.00000E+00   0.18245E-05   0.00000E+00  -0.33635E+05   0.00000E+00
  0.092   0.950    0.60942E+04   0.00000E+00   0.18280E-05   0.00000E+00  -0.33637E+05   0.00000E+00
  0.094   0.960    0.60949E+04   0.00000E+00   0.18315E-05   0.00000E+00  -0.33639E+05   0.00000E+00
  0.096   0.970    0.60956E+04   0.00000E+00   0.18349E-05   0.00000E+00  -0.33640E+05   0.00000E+00
  0.098   0.980    0.60962E+04   0.00000E+00   0.18383E-05   0.00000E+00  -0.33642E+05   0.00000E+00
  0.100   0.990    0.60969E+04   0.00000E+00   0.18417E-05   0.00000E+00  -0.33643E+05   0.00000E+00
  0.102   1.000    0.60975E+04   0.00000E+00   0.18450E-05   0.00000E+00  -0.33645E+05   0.00000E+00
  0.104   1.010    0.60982E+04   0.00000E+00   0.18483E-05   0.00000E+00  -0.33646E+05   0.00000E+00
  0.106   1.020    0.60989E+04   0.00000E+00   0.18515E-05   0.00000E+00  -0.33648E+05   0.00000E+00
  0.108   1.030    0.60995E+04   0.00000E+00   0.18547E-05   0.00000E+00  -0.33649E+05   0.00000E+00
  0.110   1.040    0.61002E+04   0.00000E+00   0.18578E-05   0.00000E+00  -0.33651E+05   0.00000E+00
  0.112   1.050    0.61008E+04   0.00000E+00   0.18608E-05   0.00000E+00  -0.33652E+05   0.00000E+00
  0.115   1.060    0.61014E+04   0.00000E+00   0.18638E-05   0.00000E+00  -0.33653E+05   0.00000E+00
  0.117   1.070    0.61021E+04   0.00000E+00   0.18667E-05   0.00000E+00  -0.33654E+05   0.00000E+00
  0.119   1.080    0.61027E+04   0.00000E+00   0.18696E-05   0.00000E+00  -0.33656E+05   0.00000E+00
  0.121   1.090    0.61033E+04   0.00000E+00   0.18724E-05   0.00000E+00  -0.33657E+05   0.00000E+00
  0.123   1.100    0.61039E+04   0.00000E+00   0.18751E-05   0.00000E+00  -0.33658E+05   0.00000E+00
  0.126   1.110    0.61045E+04   0.00000E+00   0.18778E-05   0.00000E+00  -0.33659E+05   0.00000E+00
  0.128   1.120    0.61052E+04   0.00000E+00   0.18804E-05   0.00000E+00  -0.33660E+05   0.00000E+00
  0.130   1.130    0.61057E+04   0.00000E+00   0.18829E-05   0.00000E+00  -0.33661E+05   0.00000E+00
  0.133   1.140    0.61063E+04   0.00000E+00   0.18854E-05   0.00000E+00  -0.33661E+05   0.00000E+00
  0.135   1.150    0.61069E+04   0.00000E+00   0.18877E-05   0.00000E+00  -0.33662E+05   0.00000E+00
  0.137   1.160    0.61075E+04   0.00000E+00   0.18900E-05   0.00000E+00  -0.33663E+05   0.00000E+00
  0.140   1.170    0.61080E+04   0.00000E+00   0.18923E-05   0.00000E+00  -0.33663E+05   0.00000E+00
  0.142   1.180    0.61086E+04   0.00000E+00   0.18944E-05   0.00000E+00  -0.33664E+05   0.00000E+00
  0.144   1.190    0.61091E+04   0.00000E+00   0.18965E-05   0.00000E+00  -0.33664E+05   0.00000E+00
  0.147   1.200    0.61097E+04   0.00000E+00   0.18985E-05   0.00000E+00  -0.33665E+05   0.00000E+00
  0.149   1.210    0.61102E+04   0.00000E+00   0.19004E-05   0.00000E+00  -0.33665E+05   0.00000E+00
  0.152   1.220    0.61107E+04   0.00000E+00   0.19022E-05   0.00000E+00  -0.33665E+05   0.00000E+00
  0.154   1.230    0.61112E+04   0.00000E+00   0.19039E-05   0.00000E+00  -0.33665E+05   0.00000E+00
  0.157   1.240    0.61117E+04   0.00000E+00   0.19056E-05   0.00000E+00  -0.33666E+05   0.00000E+00
  0.159   1.250    0.61122E+04   0.00000E+00   0.19072E-05   0.00000E+00  -0.33666E+05   0.00000E+00
  0.162   1.260    0.61127E+04   0.00000E+00   0.19086E-05   0.00000E+00  -0.33666E+05   0.00000E+00
  0.164   1.270    0.61131E+04   0.00000E+00   0.19100E-05   0.00000E+00  -0.33665E+05   0.00000E+00
  0.167   1.280    0.61136E+04   0.00000E+00   0.19113E-05   0.00000E+00  -0.33665E+05   0.00000E+00
  0.170   1.290    0.61140E+04   0.00000E+00   0.19125E-05   0.00000E+00  -0.33665E+05   0.00000E+00
  0.172   1.300    0.61144E+04   0.00000E+00   0.19137E-05   0.00000E+00  -0.33665E+05   0.00000E+00
  0.175   1.310    0.61148E+04   0.00000E+00   0.19147E-05   0.00000E+00  -0.33664E+05   0.00000E+00
  0.178   1.320    0.61152E+04   0.00000E+00   0.19156E-05   0.00000E+00  -0.33664E+05   0.00000E+00
  0.180   1.330    0.61156E+04   0.00000E+00   0.19165E-05   0.00000E+00  -0.33663E+05   0.00000E+00
  0.183   1.340    0.61159E+04   0.00000E+00   0.19172E-05   0.00000E+00  -0.33662E+05   0.00000E+00
  0.186   1.350    0.61163E+04   0.00000E+00   0.19179E-05   0.00000E+00  -0.33662E+05   0.00000E+00
  0.189   1.360    0.61166E+04   0.00000E+00   0.19184E-05   0.00000E+00  -0.33661E+05   0.00000E+00
  0.191   1.370    0.61170E+04   0.00000E+00   0.19189E-05   0.00000E+00  -0.33660E+05   0.00000E+00
  0.194   1.380    0.61173E+04   0.00000E+00   0.19193E-05   0.00000E+00  -0.33659E+05   0.00000E+00
  0.197   1.390    0.61176E+04   0.00000E+00   0.19195E-05   0.00000E+00  -0.33658E+05   0.00000E+00
  0.200   1.400    0.61178E+04   0.00000E+00   0.19197E-05   0.00000E+00  -0.33657E+05   0.00000E+00
  0.203   1.410    0.61181E+04   0.00000E+00   0.19198E-05   0.00000E+00  -0.33656E+05   0.00000E+00
  0.206   1.420    0.61184E+04   0.00000E+00   0.19198E-05   0.00000E+00  -0.33654E+05   0.00000E+00
  0.209   1.430    0.61186E+04   0.00000E+00   0.19197E-05   0.00000E+00  -0.33653E+05   0.00000E+00
  0.211   1.440    0.61188E+04   0.00000E+00   0.19195E-05   0.00000E+00  -0.33652E+05   0.00000E+00
  0.214   1.450    0.61190E+04   0.00000E+00   0.19192E-05   0.00000E+00  -0.33650E+05   0.00000E+00
  0.217   1.460    0.61192E+04   0.00000E+00   0.19189E-05   0.00000E+00  -0.33648E+05   0.00000E+00
  0.220   1.470    0.61194E+04   0.00000E+00   0.19184E-05   0.00000E+00  -0.33647E+05   0.00000E+00
  0.223   1.480    0.61196E+04   0.00000E+00   0.19178E-05   0.00000E+00  -0.33645E+05   0.00000E+00
  0.226   1.490    0.61197E+04   0.00000E+00   0.19172E-05   0.00000E+00  -0.33643E+05   0.00000E+00
  0.229   1.500    0.61198E+04   0.00000E+00   0.19164E-05   0.00000E+00  -0.33642E+05   0.00000E+00
  0.233   1.510    0.61200E+04   0.00000E+00   0.19156E-05   0.00000E+00  -0.33640E+05   0.00000E+00
  0.236   1.520    0.61201E+04   0.00000E+00   0.19147E-05   0.00000E+00  -0.33638E+05   0.00000E+00
  0.239   1.530    0.61202E+04   0.00000E+00   0.19137E-05   0.00000E+00  -0.33636E+05   0.00000E+00
  0.242   1.540    0.61202E+04   0.00000E+00   0.19125E-05   0.00000E+00  -0.33634E+05   0.00000E+00
  0.245   1.550    0.61203E+04   0.00000E+00   0.19113E-05   0.00000E+00  -0.33632E+05   0.00000E+00
  0.248   1.560    0.61204E+04   0.00000E+00   0.19101E-05   0.00000E+00  -0.33629E+05   0.00000E+00
  0.251   1.570    0.61204E+04   0.00000E+00   0.19087E-05   0.00000E+00  -0.33627E+05   0.00000E+00
  0.255   1.580    0.61204E+04   0.00000E+00   0.19072E-05   0.00000E+00  -0.33625E+05   0.00000E+00
  0.258   1.590    0.61204E+04   0.00000E+00   0.19057E-05   0.00000E+00  -0.33622E+05   0.00000E+00
  0.261   1.600    0.61204E+04   0.00000E+00   0.19041E-05   0.00000E+00  -0.33620E+05   0.00000E+00
  0.264   1.610    0.61204E+04   0.00000E+00   0.19024E-05   0.00000E+00  -0.33618E+05   0.00000E+00
  0.268   1.620    0.61203E+04   0.00000E+00   0.19006E-05   0.00000E+00  -0.33615E+05   0.00000E+00
  0.271   1.630    0.61203E+04   0.00000E+00   0.18987E-05   0.00000E+00  -0.33613E+05   0.00000E+00
  0.274   1.640    0.61202E+04   0.00000E+00   0.18968E-05   0.00000E+00  -0.33610E+05   0.00000E+00
  0.278   1.650    0.61202E+04   0.00000E+00   0.18947E-05   0.00000E+00  -0.33607E+05   0.00000E+00
  0.281   1.660    0.61201E+04   0.00000E+00   0.18926E-05   0.00000E+00  -0.33605E+05   0.00000E+00
  0.284   1.670    0.61200E+04   0.00000E+00   0.18904E-05   0.00000E+00  -0.33602E+05   0.00000E+00
  0.288   1.680    0.61199E+04   0.00000E+00   0.18881E-05   0.00000E+00  -0.33599E+05   0.00000E+00
  0.291   1.690    0.61197E+04   0.00000E+00   0.18858E-05   0.00000E+00  -0.33597E+05   0.00000E+00
  0.295   1.700    0.61196E+04   0.00000E+00   0.18834E-05   0.00000E+00  -0.33594E+05   0.00000E+00
  0.298   1.710    0.61194E+04   0.00000E+00   0.18809E-05   0.00000E+00  -0.33591E+05   0.00000E+00
  0.302   1.720    0.61193E+04   0.00000E+00   0.18783E-05   0.00000E+00  -0.33588E+05   0.00000E+00
  0.305   1.730    0.61191E+04   0.00000E+00   0.18757E-05   0.00000E+00  -0.33585E+05   0.00000E+00
  0.309   1.740    0.61189E+04   0.00000E+00   0.18729E-05   0.00000E+00  -0.33582E+05   0.00000E+00
  0.312   1.750    0.61187E+04   0.00000E+00   0.18702E-05   0.00000E+00  -0.33580E+05   0.00000E+00
  0.316   1.760    0.61185E+04   0.00000E+00   0.18673E-05   0.00000E+00  -0.33577E+05   0.00000E+00
  0.319   1.770    0.61183E+04   0.00000E+00   0.18644E-05   0.00000E+00  -0.33574E+05   0.00000E+00
  0.323   1.780    0.61181E+04   0.00000E+00   0.18614E-05   0.00000E+00  -0.33571E+05   0.00000E+00
  0.327   1.790    0.61178E+04   0.00000E+00   0.18583E-05   0.00000E+00  -0.33568E+05   0.00000E+00
  0.330   1.800    0.61176E+04   0.00000E+00   0.18552E-05   0.00000E+00  -0.33565E+05   0.00000E+00
  0.334   1.810    0.61173E+04   0.00000E+00   0.18520E-05   0.00000E+00  -0.33562E+05   0.00000E+00
  0.338   1.820    0.61170E+04   0.00000E+00   0.18487E-05   0.00000E+00  -0.33559E+05   0.00000E+00
  0.341   1.830    0.61168E+04   0.00000E+00   0.18454E-05   0.00000E+00  -0.33556E+05   0.00000E+00
  0.345   1.840    0.61165E+04   0.00000E+00   0.18420E-05   0.00000E+00  -0.33553E+05   0.00000E+00
  0.349   1.850    0.61162E+04   0.00000E+00   0.18385E-05   0.00000E+00  -0.33550E+05   0.00000E+00
  0.353   1.860    0.61159E+04   0.00000E+00   0.18350E-05   0.00000E+00  -0.33547E+05   0.00000E+00
  0.357   1.870    0.61156E+04   0.00000E+00   0.18314E-05   0.00000E+00  -0.33544E+05   0.00000E+00
  0.360   1.880    0.61152E+04   0.00000E+00   0.18277E-05   0.00000E+00  -0.33541E+05   0.00000E+00
  0.364   1.890    0.61149E+04   0.00000E+00   0.18240E-05   0.00000E+00  -0.33538E+05   0.00000E+00
  0.368   1.900    0.61146E+04   0.00000E+00   0.18202E-05   0.00000E+00  -0.33535E+05   0.00000E+00
  0.372   1.910    0.61142E+04   0.00000E+00   0.18164E-05   0.00000E+00  -0.33531E+05   0.00000E+00
  0.376   1.920    0.61139E+04   0.00000E+00   0.18125E-05   0.00000E+00  -0.33528E+05   0.00000E+00
  0.380   1.930    0.61135E+04   0.00000E+00   0.18085E-05   0.00000E+00  -0.33525E+05   0.00000E+00
  0.384   1.940    0.61131E+04   0.00000E+00   0.18045E-05   0.00000E+00  -0.33522E+05   0.00000E+00
  0.388   1.950    0.61127E+04   0.00000E+00   0.18005E-05   0.00000E+00  -0.33519E+05   0.00000E+00
  0.392   1.960    0.61124E+04   0.00000E+00   0.17963E-05   0.00000E+00  -0.33516E+05   0.00000E+00
  0.396   1.970    0.61120E+04   0.00000E+00   0.17921E-05   0.00000E+00  -0.33513E+05   0.00000E+00
  0.400   1.980    0.61116E+04   0.00000E+00   0.17879E-05   0.00000E+00  -0.33510E+05   0.00000E+00
  0.404   1.990    0.61112E+04   0.00000E+00   0.17836E-05   0.00000E+00  -0.33508E+05   0.00000E+00
  0.408   2.000    0.61108E+04   0.00000E+00   0.17793E-05   0.00000E+00  -0.33505E+05   0.00000E+00
  0.412   2.010    0.61103E+04   0.00000E+00   0.17749E-05   0.00000E+00  -0.33502E+05   0.00000E+00
  0.416   2.020    0.61099E+04   0.00000E+00   0.17704E-05   0.00000E+00  -0.33499E+05   0.00000E+00
  0.420   2.030    0.61095E+04   0.00000E+00   0.17659E-05   0.00000E+00  -0.33496E+05   0.00000E+00
  0.424   2.040    0.61090E+04   0.00000E+00   0.17613E-05   0.00000E+00  -0.33493E+05   0.00000E+00
  0.429   2.050    0.61086E+04   0.00000E+00   0.17567E-05   0.00000E+00  -0.33490E+05   0.00000E+00
  0.433   2.060    0.61082E+04   0.00000E+00   0.17521E-05   0.00000E+00  -0.33487E+05   0.00000E+00
  0.437   2.070    0.61077E+04   0.00000E+00   0.17473E-05   0.00000E+00  -0.33484E+05   0.00000E+00
  0.441   2.080    0.61072E+04   0.00000E+00   0.17426E-05   0.00000E+00  -0.33482E+05   0.00000E+00
  0.445   2.090    0.61068E+04   0.00000E+00   0.17378E-05   0.00000E+00  -0.33479E+05   0.00000E+00
  0.450   2.100    0.61063E+04   0.00000E+00   0.17329E-05   0.00000E+00  -0.33476E+05   0.00000E+00
  0.454   2.110    0.61058E+04   0.00000E+00   0.17280E-05   0.00000E+00  -0.33473E+05   0.00000E+00
  0.458   2.120    0.61054E+04   0.00000E+00   0.17230E-05   0.00000E+00  -0.33471E+05   0.00000E+00
  0.463   2.130    0.61049E+04   0.00000E+00   0.17180E-05   0.00000E+00  -0.33468E+05   0.00000E+00
  0.467   2.140    0.61044E+04   0.00000E+00   0.17130E-05   0.00000E+00  -0.33465E+05   0.00000E+00
  0.471   2.150    0.61039E+04   0.00000E+00   0.17079E-05   0.00000E+00  -0.33463E+05   0.00000E+00
  0.476   2.160    0.61034E+04   0.00000E+00   0.17027E-05   0.00000E+00  -0.33460E+05   0.00000E+00
  0.480   2.170    0.61029E+04   0.00000E+00   0.16975E-05   0.00000E+00  -0.33457E+05   0.00000E+00
  0.485   2.180    0.61024E+04   0.00000E+00   0.16923E-05   0.00000E+00  -0.33455E+05   0.00000E+00
  0.489   2.190    0.61019E+04   0.00000E+00   0.16870E-05   0.00000E+00  -0.33452E+05   0.00000E+00
  0.494   2.200    0.61014E+04   0.00000E+00   0.16817E-05   0.00000E+00  -0.33450E+05   0.00000E+00
  0.498   2.210    0.61009E+04   0.00000E+00   0.16764E-05   0.00000E+00  -0.33447E+05   0.00000E+00
  0.503   2.220    0.61004E+04   0.00000E+00   0.16710E-05   0.00000E+00  -0.33445E+05   0.00000E+00
  0.507   2.230    0.60998E+04   0.00000E+00   0.16655E-05   0.00000E+00  -0.33442E+05   0.00000E+00
  0.512   2.240    0.60993E+04   0.00000E+00   0.16600E-05   0.00000E+00  -0.33440E+05   0.00000E+00
  0.516   2.250    0.60988E+04   0.00000E+00   0.16545E-05   0.00000E+00  -0.33437E+05   0.00000E+00
  0.521   2.260    0.60983E+04   0.00000E+00   0.16490E-05   0.00000E+00  -0.33435E+05   0.00000E+00
  0.525   2.270    0.60977E+04   0.00000E+00   0.16434E-05   0.00000E+00  -0.33433E+05   0.00000E+00
  0.530   2.280    0.60972E+04   0.00000E+00   0.16378E-05   0.00000E+00  -0.33430E+05   0.00000E+00
  0.535   2.290    0.60966E+04   0.00000E+00   0.16321E-05   0.00000E+00  -0.33428E+05   0.00000E+00
  0.539   2.300    0.60961E+04   0.00000E+00   0.16264E-05   0.00000E+00  -0.33426E+05   0.00000E+00
  0.544   2.310    0.60955E+04   0.00000E+00   0.16207E-05   0.00000E+00  -0.33423E+05   0.00000E+00
  0.549   2.320    0.60950E+04   0.00000E+00   0.16149E-05   0.00000E+00  -0.33421E+05   0.00000E+00
  0.554   2.330    0.60944E+04   0.00000E+00   0.16091E-05   0.00000E+00  -0.33419E+05   0.00000E+00
  0.558   2.340    0.60939E+04   0.00000E+00   0.16033E-05   0.00000E+00  -0.33417E+05   0.00000E+00
  0.563   2.350    0.60933E+04   0.00000E+00   0.15974E-05   0.00000E+00  -0.33415E+05   0.00000E+00
  0.568   2.360    0.60927E+04   0.00000E+00   0.15915E-05   0.00000E+00  -0.33412E+05   0.00000E+00
  0.573   2.370    0.60922E+04   0.00000E+00   0.15856E-05   0.00000E+00  -0.33410E+05   0.00000E+00
  0.578   2.380    0.60916E+04   0.00000E+00   0.15796E-05   0.00000E+00  -0.33408E+05   0.00000E+00
  0.582   2.390    0.60910E+04   0.00000E+00   0.15736E-05   0.00000E+00  -0.33406E+05   0.00000E+00
  0.587   2.400    0.60904E+04   0.00000E+00   0.15676E-05   0.00000E+00  -0.33404E+05   0.00000E+00
  0.592   2.410    0.60899E+04   0.00000E+00   0.15616E-05   0.00000E+00  -0.33402E+05   0.00000E+00
  0.597   2.420    0.60893E+04   0.00000E+00   0.15555E-05   0.00000E+00  -0.33400E+05   0.00000E+00
  0.602   2.430    0.60887E+04   0.00000E+00   0.15495E-05   0.00000E+00  -0.33398E+05   0.00000E+00
  0.607   2.440    0.60881E+04   0.00000E+00   0.15433E-05   0.00000E+00  -0.33396E+05   0.00000E+00
  0.612   2.450    0.60875E+04   0.00000E+00   0.15372E-05   0.00000E+00  -0.33394E+05   0.00000E+00
  0.617   2.460    0.60869E+04   0.00000E+00   0.15310E-05   0.00000E+00  -0.33392E+05   0.00000E+00
  0.622   2.470    0.60863E+04   0.00000E+00   0.15249E-05   0.00000E+00  -0.33390E+05   0.00000E+00
  0.627   2.480    0.60857E+04   0.00000E+00   0.15187E-05   0.00000E+00  -0.33388E+05   0.00000E+00
  0.632   2.490    0.60851E+04   0.00000E+00   0.15124E-05   0.00000E+00  -0.33387E+05   0.00000E+00
  0.637   2.500    0.60845E+04   0.00000E+00   0.15062E-05   0.00000E+00  -0.33385E+05   0.00000E+00
  0.642   2.510    0.60839E+04   0.00000E+00   0.15000E-05   0.00000E+00  -0.33383E+05   0.00000E+00
  0.648   2.520    0.60833E+04   0.00000E+00   0.14937E-05   0.00000E+00  -0.33381E+05   0.00000E+00
  0.653   2.530    0.60827E+04   0.00000E+00   0.14874E-05   0.00000E+00  -0.33379E+05   0.00000E+00
  0.658   2.540    0.60820E+04   0.00000E+00   0.14811E-05   0.00000E+00  -0.33378E+05   0.00000E+00
  0.663   2.550    0.60814E+04   0.00000E+00   0.14747E-05   0.00000E+00  -0.33376E+05   0.00000E+00
  0.668   2.560    0.60808E+04   0.00000E+00   0.14684E-05   0.00000E+00  -0.33374E+05   0.00000E+00
  0.674   2.570    0.60802E+04   0.00000E+00   0.14621E-05   0.00000E+00  -0.33373E+05   0.00000E+00
  0.679   2.580    0.60795E+04   0.00000E+00   0.14557E-05   0.00000E+00  -0.33371E+05   0.00000E+00
  0.684   2.590    0.60789E+04   0.00000E+00   0.14493E-05   0.00000E+00  -0.33369E+05   0.00000E+00
  0.689   2.600    0.60783E+04   0.00000E+00   0.14429E-05   0.00000E+00  -0.33368E+05   0.00000E+00
  0.695   2.610    0.60776E+04   0.00000E+00   0.14365E-05   0.00000E+00  -0.33366E+05   0.00000E+00
  0.700   2.620    0.60770E+04   0.00000E+00   0.14301E-05   0.00000E+00  -0.33365E+05   0.00000E+00
  0.705   2.630    0.60763E+04   0.00000E+00   0.14237E-05   0.00000E+00  -0.33363E+05   0.00000E+00
  0.711   2.640    0.60757E+04   0.00000E+00   0.14172E-05   0.00000E+00  -0.33361E+05   0.00000E+00
  0.716   2.650    0.60750E+04   0.00000E+00   0.14108E-05   0.00000E+00  -0.33360E+05   0.00000E+00
  0.722   2.660    0.60744E+04   0.00000E+00   0.14044E-05   0.00000E+00  -0.33358E+05   0.00000E+00
  0.727   2.670    0.60737E+04   0.00000E+00   0.13979E-05   0.00000E+00  -0.33357E+05   0.00000E+00
  0.732   2.680    0.60730E+04   0.00000E+00   0.13915E-05   0.00000E+00  -0.33355E+05   0.00000E+00
  0.738   2.690    0.60724E+04   0.00000E+00   0.13850E-05   0.00000E+00  -0.33354E+05   0.00000E+00
  0.743   2.700    0.60717E+04   0.00000E+00   0.13785E-05   0.00000E+00  -0.33352E+05   0.00000E+00
  0.749   2.710    0.60710E+04   0.00000E+00   0.13721E-05   0.00000E+00  -0.33351E+05   0.00000E+00
  0.754   2.720    0.60704E+04   0.00000E+00   0.13656E-05   0.00000E+00  -0.33350E+05   0.00000E+00
  0.760   2.730    0.60697E+04   0.00000E+00   0.13591E-05   0.00000E+00  -0.33348E+05   0.00000E+00
  0.766   2.740    0.60690E+04   0.00000E+00   0.13526E-05   0.00000E+00  -0.33347E+05   0.00000E+00
  0.771   2.750    0.60683E+04   0.00000E+00   0.13462E-05   0.00000E+00  -0.33345E+05   0.00000E+00
  0.777   2.760    0.60676E+04   0.00000E+00   0.13397E-05   0.00000E+00  -0.33344E+05   0.00000E+00
  0.782   2.770    0.60669E+04   0.00000E+00   0.13332E-05   0.00000E+00  -0.33343E+05   0.00000E+00
  0.788   2.780    0.60663E+04   0.00000E+00   0.13268E-05   0.00000E+00  -0.33341E+05   0.00000E+00
  0.794   2.790    0.60656E+04   0.00000E+00   0.13203E-05   0.00000E+00  -0.33340E+05   0.00000E+00
  0.799   2.800    0.60649E+04   0.00000E+00   0.13138E-05   0.00000E+00  -0.33339E+05   0.00000E+00
  0.805   2.810    0.60642E+04   0.00000E+00   0.13074E-05   0.00000E+00  -0.33338E+05   0.00000E+00
  0.811   2.820    0.60634E+04   0.00000E+00   0.13009E-05   0.00000E+00  -0.33336E+05   0.00000E+00
  0.817   2.830    0.60627E+04   0.00000E+00   0.12945E-05   0.00000E+00  -0.33335E+05   0.00000E+00
  0.822   2.840    0.60620E+04   0.00000E+00   0.12880E-05   0.00000E+00  -0.33334E+05   0.00000E+00
  0.828   2.850    0.60613E+04   0.00000E+00   0.12816E-05   0.00000E+00  -0.33333E+05   0.00000E+00
  0.834   2.860    0.60606E+04   0.00000E+00   0.12752E-05   0.00000E+00  -0.33331E+05   0.00000E+00
  0.840   2.870    0.60599E+04   0.00000E+00   0.12687E-05   0.00000E+00  -0.33330E+05   0.00000E+00
  0.846   2.880    0.60591E+04   0.00000E+00   0.12623E-05   0.00000E+00  -0.33329E+05   0.00000E+00
  0.852   2.890    0.60584E+04   0.00000E+00   0.12559E-05   0.00000E+00  -0.33328E+05   0.00000E+00
  0.858   2.900    0.60577E+04   0.00000E+00   0.12495E-05   0.00000E+00  -0.33327E+05   0.00000E+00
  0.864   2.910    0.60569E+04   0.00000E+00   0.12432E-05   0.00000E+00  -0.33325E+05   0.00000E+00
  0.869   2.920    0.60562E+04   0.00000E+00   0.12368E-05   0.00000E+00  -0.33324E+05   0.00000E+00
  0.875   2.930    0.60554E+04   0.00000E+00   0.12304E-05   0.00000E+00  -0.33323E+05   0.00000E+00
  0.881   2.940    0.60547E+04   0.00000E+00   0.12241E-05   0.00000E+00  -0.33322E+05   0.00000E+00
  0.887   2.950    0.60539E+04   0.00000E+00   0.12178E-05   0.00000E+00  -0.33321E+05   0.00000E+00
  0.893   2.960    0.60532E+04   0.00000E+00   0.12115E-05   0.00000E+00  -0.33320E+05   0.00000E+00
  0.899   2.970    0.60524E+04   0.00000E+00   0.12052E-05   0.00000E+00  -0.33319E+05   0.00000E+00
  0.906   2.980    0.60517E+04   0.00000E+00   0.11989E-05   0.00000E+00  -0.33317E+05   0.00000E+00
  0.912   2.990    0.60509E+04   0.00000E+00   0.11926E-05   0.00000E+00  -0.33316E+05   0.00000E+00
  0.918   3.000    0.60501E+04   0.00000E+00   0.11864E-05   0.00000E+00  -0.33315E+05   0.00000E+00
  0.924   3.010    0.60494E+04   0.00000E+00   0.11801E-05   0.00000E+00  -0.33314E+05   0.00000E+00
  0.930   3.020    0.60486E+04   0.00000E+00   0.11739E-05   0.00000E+00  -0.33313E+05   0.00000E+00
  0.936   3.030    0.60478E+04   0.00000E+00   0.11677E-05   0.00000E+00  -0.33312E+05   0.00000E+00
  0.942   3.040    0.60470E+04   0.00000E+00   0.11615E-05   0.00000E+00  -0.33311E+05   0.00000E+00
  0.949   3.050    0.60462E+04   0.00000E+00   0.11554E-05   0.00000E+00  -0.33310E+05   0.00000E+00
  0.955   3.060    0.60455E+04   0.00000E+00   0.11493E-05   0.00000E+00  -0.33309E+05   0.00000E+00
  0.961   3.070    0.60447E+04   0.00000E+00   0.11432E-05   0.00000E+00  -0.33308E+05   0.00000E+00
  0.967   3.080    0.60439E+04   0.00000E+00   0.11371E-05   0.00000E+00  -0.33307E+05   0.00000E+00
  0.974   3.090    0.60431E+04   0.00000E+00   0.11310E-05   0.00000E+00  -0.33306E+05   0.00000E+00
  0.980   3.100    0.60423E+04   0.00000E+00   0.11250E-05   0.00000E+00  -0.33305E+05   0.00000E+00
  0.986   3.110    0.60415E+04   0.00000E+00   0.11189E-05   0.00000E+00  -0.33304E+05   0.00000E+00
  0.993   3.120    0.60406E+04   0.00000E+00   0.11130E-05   0.00000E+00  -0.33303E+05   0.00000E+00
  0.999   3.130    0.60398E+04   0.00000E+00   0.11070E-05   0.00000E+00  -0.33302E+05   0.00000E+00
  1.005   3.140    0.60390E+04   0.00000E+00   0.11010E-05   0.00000E+00  -0.33301E+05   0.00000E+00
  1.012   3.150    0.60382E+04   0.00000E+00   0.10951E-05   0.00000E+00  -0.33300E+05   0.00000E+00
  1.018   3.160    0.60374E+04   0.00000E+00   0.10892E-05   0.00000E+00  -0.33299E+05   0.00000E+00
  1.025   3.170    0.60365E+04   0.00000E+00   0.10834E-05   0.00000E+00  -0.33298E+05   0.00000E+00
  1.031   3.180    0.60357E+04   0.00000E+00   0.10776E-05   0.00000E+00  -0.33298E+05   0.00000E+00
  1.038   3.190    0.60349E+04   0.00000E+00   0.10718E-05   0.00000E+00  -0.33297E+05   0.00000E+00
  1.044   3.200    0.60340E+04   0.00000E+00   0.10660E-05   0.00000E+00  -0.33296E+05   0.00000E+00
  1.051   3.210    0.60332E+04   0.00000E+00   0.10602E-05   0.00000E+00  -0.33295E+05   0.00000E+00
  1.057   3.220    0.60323E+04   0.00000E+00   0.10545E-05   0.00000E+00  -0.33294E+05   0.00000E+00
  1.064   3.230    0.60315E+04   0.00000E+00   0.10488E-05   0.00000E+00  -0.33293E+05   0.00000E+00
  1.070   3.240    0.60306E+04   0.00000E+00   0.10432E-05   0.00000E+00  -0.33292E+05   0.00000E+00
  1.077   3.250    0.60298E+04   0.00000E+00   0.10376E-05   0.00000E+00  -0.33291E+05   0.00000E+00
  1.084   3.260    0.60289E+04   0.00000E+00   0.10320E-05   0.00000E+00  -0.33290E+05   0.00000E+00
  1.090   3.270    0.60281E+04   0.00000E+00   0.10265E-05   0.00000E+00  -0.33290E+05   0.00000E+00
  1.097   3.280    0.60272E+04   0.00000E+00   0.10209E-05   0.00000E+00  -0.33289E+05   0.00000E+00
  1.104   3.290    0.60263E+04   0.00000E+00   0.10155E-05   0.00000E+00  -0.33288E+05   0.00000E+00
  1.110   3.300    0.60255E+04   0.00000E+00   0.10100E-05   0.00000E+00  -0.33287E+05   0.00000E+00
  1.117   3.310    0.60246E+04   0.00000E+00   0.10046E-05   0.00000E+00  -0.33286E+05   0.00000E+00
  1.124   3.320    0.60237E+04   0.00000E+00   0.99922E-06   0.00000E+00  -0.33285E+05   0.00000E+00
  1.131   3.330    0.60228E+04   0.00000E+00   0.99388E-06   0.00000E+00  -0.33285E+05   0.00000E+00
  1.138   3.340    0.60219E+04   0.00000E+00   0.98858E-06   0.00000E+00  -0.33284E+05   0.00000E+00
  1.144   3.350    0.60210E+04   0.00000E+00   0.98331E-06   0.00000E+00  -0.33283E+05   0.00000E+00
  1.151   3.360    0.60201E+04   0.00000E+00   0.97809E-06   0.00000E+00  -0.33282E+05   0.00000E+00
  1.158   3.370    0.60192E+04   0.00000E+00   0.97290E-06   0.00000E+00  -0.33281E+05   0.00000E+00
  1.165   3.380    0.60183E+04   0.00000E+00   0.96775E-06   0.00000E+00  -0.33281E+05   0.00000E+00
  1.172   3.390    0.60174E+04   0.00000E+00   0.96264E-06   0.00000E+00  -0.33280E+05   0.00000E+00
  1.179   3.400    0.60165E+04   0.00000E+00   0.95757E-06   0.00000E+00  -0.33279E+05   0.00000E+00
  1.186   3.410    0.60156E+04   0.00000E+00   0.95253E-06   0.00000E+00  -0.33278E+05   0.00000E+00
  1.193   3.420    0.60147E+04   0.00000E+00   0.94754E-06   0.00000E+00  -0.33277E+05   0.00000E+00
  1.200   3.430    0.60138E+04   0.00000E+00   0.94259E-06   0.00000E+00  -0.33277E+05   0.00000E+00
  1.207   3.440    0.60129E+04   0.00000E+00   0.93768E-06   0.00000E+00  -0.33276E+05   0.00000E+00
  1.214   3.450    0.60119E+04   0.00000E+00   0.93281E-06   0.00000E+00  -0.33275E+05   0.00000E+00
  1.221   3.460    0.60110E+04   0.00000E+00   0.92799E-06   0.00000E+00  -0.33274E+05   0.00000E+00
  1.228   3.470    0.60101E+04   0.00000E+00   0.92320E-06   0.00000E+00  -0.33274E+05   0.00000E+00
  1.235   3.480    0.60091E+04   0.00000E+00   0.91846E-06   0.00000E+00  -0.33273E+05   0.00000E+00
  1.242   3.490    0.60082E+04   0.00000E+00   0.91376E-06   0.00000E+00  -0.33272E+05   0.00000E+00
  1.249   3.500    0.60073E+04   0.00000E+00   0.90911E-06   0.00000E+00  -0.33272E+05   0.00000E+00
  1.256   3.510    0.60063E+04   0.00000E+00   0.90449E-06   0.00000E+00  -0.33271E+05   0.00000E+00
  1.263   3.520    0.60054E+04   0.00000E+00   0.89993E-06   0.00000E+00  -0.33270E+05   0.00000E+00
  1.271   3.530    0.60044E+04   0.00000E+00   0.89540E-06   0.00000E+00  -0.33269E+05   0.00000E+00
  1.278   3.540    0.60035E+04   0.00000E+00   0.89092E-06   0.00000E+00  -0.33269E+05   0.00000E+00
  1.285   3.550    0.60025E+04   0.00000E+00   0.88649E-06   0.00000E+00  -0.33268E+05   0.00000E+00
  1.292   3.560    0.60016E+04   0.00000E+00   0.88210E-06   0.00000E+00  -0.33267E+05   0.00000E+00
  1.300   3.570    0.60006E+04   0.00000E+00   0.87775E-06   0.00000E+00  -0.33267E+05   0.00000E+00
  1.307   3.580    0.59996E+04   0.00000E+00   0.87345E-06   0.00000E+00  -0.33266E+05   0.00000E+00
  1.314   3.590    0.59987E+04   0.00000E+00   0.86920E-06   0.00000E+00  -0.33265E+05   0.00000E+00
  1.322   3.600    0.59977E+04   0.00000E+00   0.86499E-06   0.00000E+00  -0.33265E+05   0.00000E+00
  1.329   3.610    0.59967E+04   0.00000E+00   0.86082E-06   0.00000E+00  -0.33264E+05   0.00000E+00
  1.336   3.620    0.59957E+04   0.00000E+00   0.85671E-06   0.00000E+00  -0.33263E+05   0.00000E+00
  1.344   3.630    0.59948E+04   0.00000E+00   0.85264E-06   0.00000E+00  -0.33263E+05   0.00000E+00
  1.351   3.640    0.59938E+04   0.00000E+00   0.84861E-06   0.00000E+00  -0.33262E+05   0.00000E+00
  1.359   3.650    0.59928E+04   0.00000E+00   0.84464E-06   0.00000E+00  -0.33261E+05   0.00000E+00
  1.366   3.660    0.59918E+04   0.00000E+00   0.84070E-06   0.00000E+00  -0.33261E+05   0.00000E+00
  1.373   3.670    0.59908E+04   0.00000E+00   0.83682E-06   0.00000E+00  -0.33260E+05   0.00000E+00
  1.381   3.680    0.59898E+04   0.00000E+00   0.83299E-06   0.00000E+00  -0.33259E+05   0.00000E+00
  1.388   3.690    0.59888E+04   0.00000E+00   0.82920E-06   0.00000E+00  -0.33259E+05   0.00000E+00
  1.396   3.700    0.59878E+04   0.00000E+00   0.82545E-06   0.00000E+00  -0.33258E+05   0.00000E+00
  1.404   3.710    0.59868E+04   0.00000E+00   0.82176E-06   0.00000E+00  -0.33258E+05   0.00000E+00
  1.411   3.720    0.59858E+04   0.00000E+00   0.81811E-06   0.00000E+00  -0.33257E+05   0.00000E+00
  1.419   3.730    0.59848E+04   0.00000E+00   0.81451E-06   0.00000E+00  -0.33256E+05   0.00000E+00
  1.426   3.740    0.59838E+04   0.00000E+00   0.81096E-06   0.00000E+00  -0.33256E+05   0.00000E+00
  1.434   3.750    0.59828E+04   0.00000E+00   0.80746E-06   0.00000E+00  -0.33255E+05   0.00000E+00
  1.442   3.760    0.59818E+04   0.00000E+00   0.80400E-06   0.00000E+00  -0.33255E+05   0.00000E+00
  1.449   3.770    0.59808E+04   0.00000E+00   0.80059E-06   0.00000E+00  -0.33254E+05   0.00000E+00
  1.457   3.780    0.59798E+04   0.00000E+00   0.79723E-06   0.00000E+00  -0.33253E+05   0.00000E+00
  1.465   3.790    0.59788E+04   0.00000E+00   0.79392E-06   0.00000E+00  -0.33253E+05   0.00000E+00
  1.472   3.800    0.59777E+04   0.00000E+00   0.79065E-06   0.00000E+00  -0.33252E+05   0.00000E+00
  1.480   3.810    0.59767E+04   0.00000E+00   0.78744E-06   0.00000E+00  -0.33252E+05   0.00000E+00
  1.488   3.820    0.59757E+04   0.00000E+00   0.78426E-06   0.00000E+00  -0.33251E+05   0.00000E+00
  1.496   3.830    0.59747E+04   0.00000E+00   0.78114E-06   0.00000E+00  -0.33251E+05   0.00000E+00
  1.504   3.840    0.59736E+04   0.00000E+00   0.77807E-06   0.00000E+00  -0.33250E+05   0.00000E+00
  1.511   3.850    0.59726E+04   0.00000E+00   0.77504E-06   0.00000E+00  -0.33250E+05   0.00000E+00
  1.519   3.860    0.59716E+04   0.00000E+00   0.77206E-06   0.00000E+00  -0.33249E+05   0.00000E+00
  1.527   3.870    0.59706E+04   0.00000E+00   0.76913E-06   0.00000E+00  -0.33249E+05   0.00000E+00
  1.535   3.880    0.59695E+04   0.00000E+00   0.76624E-06   0.00000E+00  -0.33248E+05   0.00000E+00
  1.543   3.890    0.59685E+04   0.00000E+00   0.76340E-06   0.00000E+00  -0.33248E+05   0.00000E+00
  1.551   3.900    0.59675E+04   0.00000E+00   0.76061E-06   0.00000E+00  -0.33247E+05   0.00000E+00
  1.559   3.910    0.59664E+04   0.00000E+00   0.75787E-06   0.00000E+00  -0.33246E+05   0.00000E+00
  1.567   3.920    0.59654E+04   0.00000E+00   0.75517E-06   0.00000E+00  -0.33246E+05   0.00000E+00
  1.575   3.930    0.59643E+04   0.00000E+00   0.75252E-06   0.00000E+00  -0.33245E+05   0.00000E+00
  1.583   3.940    0.59633E+04   0.00000E+00   0.74991E-06   0.00000E+00  -0.33245E+05   0.00000E+00
  1.591   3.950    0.59622E+04   0.00000E+00   0.74735E-06   0.00000E+00  -0.33245E+05   0.00000E+00
  1.599   3.960    0.59612E+04   0.00000E+00   0.74484E-06   0.00000E+00  -0.33244E+05   0.00000E+00
  1.607   3.970    0.59602E+04   0.00000E+00   0.74238E-06   0.00000E+00  -0.33244E+05   0.00000E+00
  1.615   3.980    0.59591E+04   0.00000E+00   0.73996E-06   0.00000E+00  -0.33243E+05   0.00000E+00
  1.623   3.990    0.59581E+04   0.00000E+00   0.73758E-06   0.00000E+00  -0.33243E+05   0.00000E+00
  1.632   4.000    0.59570E+04   0.00000E+00   0.73525E-06   0.00000E+00  -0.33242E+05   0.00000E+00
  1.640   4.010    0.59560E+04   0.00000E+00   0.73296E-06   0.00000E+00  -0.33242E+05   0.00000E+00
  1.648   4.020    0.59549E+04   0.00000E+00   0.73072E-06   0.00000E+00  -0.33241E+05   0.00000E+00
  1.656   4.030    0.59539E+04   0.00000E+00   0.72853E-06   0.00000E+00  -0.33241E+05   0.00000E+00
  1.664   4.040    0.59528E+04   0.00000E+00   0.72638E-06   0.00000E+00  -0.33240E+05   0.00000E+00
  1.673   4.050    0.59518E+04   0.00000E+00   0.72427E-06   0.00000E+00  -0.33240E+05   0.00000E+00
  1.681   4.060    0.59507E+04   0.00000E+00   0.72221E-06   0.00000E+00  -0.33240E+05   0.00000E+00
  1.689   4.070    0.59497E+04   0.00000E+00   0.72019E-06   0.00000E+00  -0.33239E+05   0.00000E+00
  1.697   4.080    0.59486E+04   0.00000E+00   0.71821E-06   0.00000E+00  -0.33239E+05   0.00000E+00
  1.706   4.090    0.59476E+04   0.00000E+00   0.71628E-06   0.00000E+00  -0.33238E+05   0.00000E+00
  1.714   4.100    0.59465E+04   0.00000E+00   0.71439E-06   0.00000E+00  -0.33238E+05   0.00000E+00
  1.723   4.110    0.59455E+04   0.00000E+00   0.71254E-06   0.00000E+00  -0.33237E+05   0.00000E+00
  1.731   4.120    0.59444E+04   0.00000E+00   0.71073E-06   0.00000E+00  -0.33237E+05   0.00000E+00
  1.739   4.130    0.59434E+04   0.00000E+00   0.70897E-06   0.00000E+00  -0.33237E+05   0.00000E+00
  1.748   4.140    0.59423E+04   0.00000E+00   0.70725E-06   0.00000E+00  -0.33236E+05   0.00000E+00
  1.756   4.150    0.59413E+04   0.00000E+00   0.70557E-06   0.00000E+00  -0.33236E+05   0.00000E+00
  1.765   4.160    0.59402E+04   0.00000E+00   0.70393E-06   0.00000E+00  -0.33236E+05   0.00000E+00
  1.773   4.170    0.59392E+04   0.00000E+00   0.70233E-06   0.00000E+00  -0.33235E+05   0.00000E+00
  1.782   4.180    0.59381E+04   0.00000E+00   0.70077E-06   0.00000E+00  -0.33235E+05   0.00000E+00
  1.790   4.190    0.59371E+04   0.00000E+00   0.69925E-06   0.00000E+00  -0.33234E+05   0.00000E+00
  1.799   4.200    0.59360E+04   0.00000E+00   0.69777E-06   0.00000E+00  -0.33234E+05   0.00000E+00
  1.807   4.210    0.59350E+04   0.00000E+00   0.69632E-06   0.00000E+00  -0.33234E+05   0.00000E+00
  1.816   4.220    0.59339E+04   0.00000E+00   0.69492E-06   0.00000E+00  -0.33233E+05   0.00000E+00
  1.825   4.230    0.59329E+04   0.00000E+00   0.69356E-06   0.00000E+00  -0.33233E+05   0.00000E+00
  1.833   4.240    0.59318E+04   0.00000E+00   0.69223E-06   0.00000E+00  -0.33233E+05   0.00000E+00
  1.842   4.250    0.59308E+04   0.00000E+00   0.69094E-06   0.00000E+00  -0.33232E+05   0.00000E+00
  1.851   4.260    0.59297E+04   0.00000E+00   0.68969E-06   0.00000E+00  -0.33232E+05   0.00000E+00
  1.859   4.270    0.59287E+04   0.00000E+00   0.68848E-06   0.00000E+00  -0.33232E+05   0.00000E+00
  1.868   4.280    0.59276E+04   0.00000E+00   0.68730E-06   0.00000E+00  -0.33231E+05   0.00000E+00
  1.877   4.290    0.59266E+04   0.00000E+00   0.68616E-06   0.00000E+00  -0.33231E+05   0.00000E+00
  1.885   4.300    0.59256E+04   0.00000E+00   0.68505E-06   0.00000E+00  -0.33231E+05   0.00000E+00
  1.894   4.310    0.59245E+04   0.00000E+00   0.68398E-06   0.00000E+00  -0.33231E+05   0.00000E+00
  1.903   4.320    0.59235E+04   0.00000E+00   0.68294E-06   0.00000E+00  -0.33230E+05   0.00000E+00
  1.912   4.330    0.59225E+04   0.00000E+00   0.68194E-06   0.00000E+00  -0.33230E+05   0.00000E+00
  1.921   4.340    0.59214E+04   0.00000E+00   0.68097E-06   0.00000E+00  -0.33230E+05   0.00000E+00
  1.930   4.350    0.59204E+04   0.00000E+00   0.68004E-06   0.00000E+00  -0.33229E+05   0.00000E+00
  1.938   4.360    0.59194E+04   0.00000E+00   0.67914E-06   0.00000E+00  -0.33229E+05   0.00000E+00
  1.947   4.370    0.59183E+04   0.00000E+00   0.67827E-06   0.00000E+00  -0.33229E+05   0.00000E+00
  1.956   4.380    0.59173E+04   0.00000E+00   0.67744E-06   0.00000E+00  -0.33229E+05   0.00000E+00
  1.965   4.390    0.59163E+04   0.00000E+00   0.67663E-06   0.00000E+00  -0.33228E+05   0.00000E+00
  1.974   4.400    0.59153E+04   0.00000E+00   0.67586E-06   0.00000E+00  -0.33228E+05   0.00000E+00
  1.983   4.410    0.59143E+04   0.00000E+00   0.67512E-06   0.00000E+00  -0.33228E+05   0.00000E+00
  1.992   4.420    0.59132E+04   0.00000E+00   0.67441E-06   0.00000E+00  -0.33228E+05   0.00000E+00
  2.001   4.430    0.59122E+04   0.00000E+00   0.67373E-06   0.00000E+00  -0.33227E+05   0.00000E+00
  2.010   4.440    0.59112E+04   0.00000E+00   0.67308E-06   0.00000E+00  -0.33227E+05   0.00000E+00
  2.019   4.450    0.59102E+04   0.00000E+00   0.67246E-06   0.00000E+00  -0.33227E+05   0.00000E+00
  2.028   4.460    0.59092E+04   0.00000E+00   0.67187E-06   0.00000E+00  -0.33227E+05   0.00000E+00
  2.037   4.470    0.59082E+04   0.00000E+00   0.67131E-06   0.00000E+00  -0.33227E+05   0.00000E+00
  2.047   4.480    0.59072E+04   0.00000E+00   0.67077E-06   0.00000E+00  -0.33226E+05   0.00000E+00
  2.056   4.490    0.59062E+04   0.00000E+00   0.67027E-06   0.00000E+00  -0.33226E+05   0.00000E+00
  2.065   4.500    0.59052E+04   0.00000E+00   0.66979E-06   0.00000E+00  -0.33226E+05   0.00000E+00
  2.074   4.510    0.59042E+04   0.00000E+00   0.66933E-06   0.00000E+00  -0.33226E+05   0.00000E+00
  2.083   4.520    0.59032E+04   0.00000E+00   0.66891E-06   0.00000E+00  -0.33226E+05   0.00000E+00
  2.093   4.530    0.59023E+04   0.00000E+00   0.66851E-06   0.00000E+00  -0.33226E+05   0.00000E+00
  2.102   4.540    0.59013E+04   0.00000E+00   0.66814E-06   0.00000E+00  -0.33225E+05   0.00000E+00
  2.111   4.550    0.59003E+04   0.00000E+00   0.66779E-06   0.00000E+00  -0.33225E+05   0.00000E+00
  2.120   4.560    0.58993E+04   0.00000E+00   0.66746E-06   0.00000E+00  -0.33225E+05   0.00000E+00
  2.130   4.570    0.58984E+04   0.00000E+00   0.66716E-06   0.00000E+00  -0.33225E+05   0.00000E+00
  2.139   4.580    0.58974E+04   0.00000E+00   0.66689E-06   0.00000E+00  -0.33225E+05   0.00000E+00
  2.148   4.590    0.58964E+04   0.00000E+00   0.66664E-06   0.00000E+00  -0.33225E+05   0.00000E+00
  2.158   4.600    0.58955E+04   0.00000E+00   0.66641E-06   0.00000E+00  -0.33224E+05   0.00000E+00
  2.167   4.610    0.58945E+04   0.00000E+00   0.66620E-06   0.00000E+00  -0.33224E+05   0.00000E+00
  2.177   4.620    0.58936E+04   0.00000E+00   0.66602E-06   0.00000E+00  -0.33224E+05   0.00000E+00
  2.186   4.630    0.58926E+04   0.00000E+00   0.66585E-06   0.00000E+00  -0.33224E+05   0.00000E+00
  2.195   4.640    0.58917E+04   0.00000E+00   0.66571E-06   0.00000E+00  -0.33224E+05   0.00000E+00
  2.205   4.650    0.58908E+04   0.00000E+00   0.66560E-06   0.00000E+00  -0.33224E+05   0.00000E+00
  2.214   4.660    0.58898E+04   0.00000E+00   0.66550E-06   0.00000E+00  -0.33224E+05   0.00000E+00
  2.224   4.670    0.58889E+04   0.00000E+00   0.66542E-06   0.00000E+00  -0.33224E+05   0.00000E+00
  2.233   4.680    0.58880E+04   0.00000E+00   0.66536E-06   0.00000E+00  -0.33224E+05   0.00000E+00
  2.243   4.690    0.58871E+04   0.00000E+00   0.66532E-06   0.00000E+00  -0.33223E+05   0.00000E+00
  2.253   4.700    0.58861E+04   0.00000E+00   0.66530E-06   0.00000E+00  -0.33223E+05   0.00000E+00
  2.262   4.710    0.58852E+04   0.00000E+00   0.66530E-06   0.00000E+00  -0.33223E+05   0.00000E+00
  2.272   4.720    0.58843E+04   0.00000E+00   0.66532E-06   0.00000E+00  -0.33223E+05   0.00000E+00
  2.281   4.730    0.58834E+04   0.00000E+00   0.66535E-06   0.00000E+00  -0.33223E+05   0.00000E+00
  2.291   4.740    0.58825E+04   0.00000E+00   0.66541E-06   0.00000E+00  -0.33223E+05   0.00000E+00
  2.301   4.750    0.58817E+04   0.00000E+00   0.66548E-06   0.00000E+00  -0.33223E+05   0.00000E+00
  2.310   4.760    0.58808E+04   0.00000E+00   0.66556E-06   0.00000E+00  -0.33223E+05   0.00000E+00
  2.320   4.770    0.58799E+04   0.00000E+00   0.66567E-06   0.00000E+00  -0.33223E+05   0.00000E+00
  2.330   4.780    0.58790E+04   0.00000E+00   0.66579E-06   0.00000E+00  -0.33223E+05   0.00000E+00
  2.340   4.790    0.58781E+04   0.00000E+00   0.66592E-06   0.00000E+00  -0.33223E+05   0.00000E+00
  2.349   4.800    0.58773E+04   0.00000E+00   0.66607E-06   0.00000E+00  -0.33223E+05   0.00000E+00
  2.359   4.810    0.58764E+04   0.00000E+00   0.66624E-06   0.00000E+00  -0.33223E+05   0.00000E+00
  2.369   4.820    0.58756E+04   0.00000E+00   0.66642E-06   0.00000E+00  -0.33223E+05   0.00000E+00
  2.379   4.830    0.58747E+04   0.00000E+00   0.66661E-06   0.00000E+00  -0.33223E+05   0.00000E+00
  2.389   4.840    0.58739E+04   0.00000E+00   0.66682E-06   0.00000E+00  -0.33223E+05   0.00000E+00
  2.399   4.850    0.58730E+04   0.00000E+00   0.66705E-06   0.00000E+00  -0.33223E+05   0.00000E+00
  2.409   4.860    0.58722E+04   0.00000E+00   0.66728E-06   0.00000E+00  -0.33223E+05   0.00000E+00
  2.418   4.870    0.58714E+04   0.00000E+00   0.66753E-06   0.00000E+00  -0.33223E+05   0.00000E+00
  2.428   4.880    0.58706E+04   0.00000E+00   0.66779E-06   0.00000E+00  -0.33223E+05   0.00000E+00
  2.438   4.890    0.58697E+04   0.00000E+00   0.66807E-06   0.00000E+00  -0.33223E+05   0.00000E+00
  2.448   4.900    0.58689E+04   0.00000E+00   0.66835E-06   0.00000E+00  -0.33223E+05   0.00000E+00
  2.458   4.910    0.58681E+04   0.00000E+00   0.66865E-06   0.00000E+00  -0.33223E+05   0.00000E+00
  2.468   4.920    0.58673E+04   0.00000E+00   0.66896E-06   0.00000E+00  -0.33223E+05   0.00000E+00
  2.478   4.930    0.58665E+04   0.00000E+00   0.66928E-06   0.00000E+00  -0.33223E+05   0.00000E+00
  2.488   4.940    0.58658E+04   0.00000E+00   0.66962E-06   0.00000E+00  -0.33223E+05   0.00000E+00
  2.499   4.950    0.58650E+04   0.00000E+00   0.66996E-06   0.00000E+00  -0.33223E+05   0.00000E+00
  2.509   4.960    0.58642E+04   0.00000E+00   0.67031E-06   0.00000E+00  -0.33223E+05   0.00000E+00
  2.519   4.970    0.58634E+04   0.00000E+00   0.67067E-06   0.00000E+00  -0.33223E+05   0.00000E+00
  2.529   4.980    0.58627E+04   0.00000E+00   0.67105E-06   0.00000E+00  -0.33223E+05   0.00000E+00
  2.539   4.990    0.58619E+04   0.00000E+00   0.67143E-06   0.00000E+00  -0.33223E+05   0.00000E+00
