  0.000   0.010    0.00000E+00   0.33538E+05   0.00000E+00   0.23792E+06   0.00000E+00   0.11837E-10
  0.000   0.020    0.00000E+00   0.33538E+05   0.00000E+00   0.23792E+06   0.00000E+00   0.11837E-10
  0.000   0.030    0.00000E+00   0.33538E+05   0.00000E+00   0.23792E+06   0.00000E+00   0.11837E-10
  0.000   0.040    0.00000E+00   0.33538E+05   0.00000E+00   0.23792E+06   0.00000E+00   0.11837E-10
  0.000   0.050    0.00000E+00   0.33538E+05   0.00000E+00   0.23792E+06   0.00000E+00   0.11837E-10
  0.000   0.060    0.00000E+00   0.33538E+05   0.00000E+00   0.23792E+06   0.00000E+00   0.11837E-10
  0.000   0.070    0.00000E+00   0.33538E+05   0.00000E+00   0.23792E+06   0.00000E+00   0.11838E-10
  0.001   0.080    0.00000E+00   0.33538E+05   0.00000E+00   0.23792E+06   0.00000E+00   0.11838E-10
  0.001   0.090    0.00000E+00   0.33538E+05   0.00000E+00   0.23792E+06   0.00000E+00   0.11838E-10
  0.001   0.100    0.00000E+00   0.33538E+05   0.00000E+00   0.23792E+06   0.00000E+00   0.11838E-10
  0.001   0.110    0.00000E+00   0.33538E+05   0.00000E+00   0.23792E+06   0.00000E+00   0.11839E-10
  0.001   0.120    0.00000E+00   0.33539E+05   0.00000E+00   0.23792E+06   0.00000E+00   0.11839E-10
  0.002   0.130    0.00000E+00   0.33539E+05   0.00000E+00   0.23792E+06   0.00000E+00   0.11839E-10
  0.002   0.140    0.00000E+00   0.33539E+05   0.00000E+00   0.23792E+06   0.00000E+00   0.11840E-10
  0.002   0.150    0.00000E+00   0.33539E+05   0.00000E+00   0.23792E+06   0.00000E+00   0.11840E-10
  0.003   0.160    0.00000E+00   0.33539E+05   0.00000E+00   0.23792E+06   0.00000E+00   0.11841E-10
  0.003   0.170    0.00000E+00   0.33540E+05   0.00000E+00   0.23792E+06   0.00000E+00   0.11841E-10
  0.003   0.180    0.00000E+00   0.33540E+05   0.00000E+00   0.23792E+06   0.00000E+00   0.11842E-10
  0.004   0.190    0.00000E+00   0.33540E+05   0.00000E+00   0.23792E+06   0.00000E+00   0.11842E-10
  0.004   0.200    0.00000E+00   0.33540E+05   0.00000E+00   0.23793E+06   0.00000E+00   0.11843E-10
  0.004   0.210    0.00000E+00   0.33541E+05   0.00000E+00   0.23793E+06   0.00000E+00   0.11844E-10
  0.005   0.220    0.00000E+00   0.33541E+05   0.00000E+00   0.23793E+06   0.00000E+00   0.11845E-10
  0.005   0.230    0.00000E+00   0.33541E+05   0.00000E+00   0.23793E+06   0.00000E+00   0.11845E-10
  0.006   0.240    0.00000E+00   0.33542E+05   0.00000E+00   0.23793E+06   0.00000E+00   0.11846E-10
  0.006   0.250    0.00000E+00   0.33542E+05   0.00000E+00   0.23793E+06   0.00000E+00   0.11847E-10
  0.007   0.260    0.00000E+00   0.33542E+05   0.00000E+00   0.23793E+06   0.00000E+00   0.11848E-10
  0.007   0.270    0.00000E+00   0.33543E+05   0.00000E+00   0.23793E+06   0.00000E+00   0.11849E-10
  0.008   0.280    0.00000E+00   0.33543E+05   0.00000E+00   0.23794E+06   0.00000E+00   0.11850E-10
  0.009   0.290    0.00000E+00   0.33544E+05   0.00000E+00   0.23794E+06   0.00000E+00   0.11851E-10
  0.009   0.300    0.00000E+00   0.33544E+05   0.00000E+00   0.23794E+06   0.00000E+00   0.11852E-10
  0.010   0.310    0.00000E+00   0.33545E+05   0.00000E+00   0.23794E+06   0.00000E+00   0.11853E-10
  0.010   0.320    0.00000E+00   0.33545E+05   0.00000E+00   0.23794E+06   0.00000E+00   0.11854E-10
  0.011   0.330    0.00000E+00   0.33546E+05   0.00000E+00   0.23795E+06   0.00000E+00   0.11855E-10
  0.012   0.340    0.00000E+00   0.33547E+05   0.00000E+00   0.23795E+06   0.00000E+00   0.11856E-10
  0.012   0.350    0.00000E+00   0.33547E+05   0.00000E+00   0.23795E+06   0.00000E+00   0.11857E-10
  0.013   0.360    0.00000E+00   0.33548E+05   0.00000E+00   0.23795E+06   0.00000E+00   0.11859E-10
  0.014   0.370    0.00000E+00   0.33548E+05   0.00000E+00   0.23796E+06   0.00000E+00   0.11860E-10
  0.015   0.380    0.00000E+00   0.33549E+05   0.00000E+00   0.23796E+06   0.00000E+00   0.11861E-10
  0.016   0.390    0.00000E+00   0.33550E+05   0.00000E+00   0.23796E+06   0.00000E+00   0.11863E-10
  0.016   0.400    0.00000E+00   0.33551E+05   0.00000E+00   0.23796E+06   0.00000E+00   0.11864E-10
  0.017   0.410    0.00000E+00   0.33551E+05   0.00000E+00   0.23797E+06   0.00000E+00   0.11866E-10
  0.018   0.420    0.00000E+00   0.33552E+05   0.00000E+00   0.23797E+06   0.00000E+00   0.11867E-10
  0.019   0.430    0.00000E+00   0.33553E+05   0.00000E+00   0.23797E+06   0.00000E+00   0.11869E-10
  0.020   0.440    0.00000E+00   0.33554E+05   0.00000E+00   0.23798E+06   0.00000E+00   0.11871E-10
  0.021   0.450    0.00000E+00   0.33555E+05   0.00000E+00   0.23798E+06   0.00000E+00   0.11872E-10
  0.022   0.460    0.00000E+00   0.33556E+05   0.00000E+00   0.23798E+06   0.00000E+00   0.11874E-10
  0.023   0.470    0.00000E+00   0.33557E+05   0.00000E+00   0.23799E+06   0.00000E+00   0.11876E-10
  0.023   0.480    0.00000E+00   0.33558E+05   0.00000E+00   0.23799E+06   0.00000E+00   0.11878E-10
  0.024   0.490    0.00000E+00   0.33559E+05   0.00000E+00   0.23800E+06   0.00000E+00   0.11880E-10
  0.025   0.500    0.00000E+00   0.33560E+05   0.00000E+00   0.23800E+06   0.00000E+00   0.11882E-10
  0.027   0.510    0.00000E+00   0.33561E+05   0.00000E+00   0.23801E+06   0.00000E+00   0.11884E-10
  0.028   0.520    0.00000E+00   0.33562E+05   0.00000E+00   0.23801E+06   0.00000E+00   0.11886E-10
  0.029   0.530    0.00000E+00   0.33563E+05   0.00000E+00   0.23802E+06   0.00000E+00   0.11888E-10
  0.030   0.540    0.00000E+00   0.33564E+05   0.00000E+00   0.23802E+06   0.00000E+00   0.11890E-10
  0.031   0.550    0.00000E+00   0.33566E+05   0.00000E+00   0.23803E+06   0.00000E+00   0.11893E-10
  0.032   0.560    0.00000E+00   0.33567E+05   0.00000E+00   0.23803E+06   0.00000E+00   0.11895E-10
  0.033   0.570    0.00000E+00   0.33568E+05   0.00000E+00   0.23804E+06   0.00000E+00   0.11897E-10
  0.034   0.580    0.00000E+00   0.33570E+05   0.00000E+00   0.23804E+06   0.00000E+00   0.11900E-10
  0.035   0.590    0.00000E+00   0.33571E+05   0.00000E+00   0.23805E+06   0.00000E+00   0.11902E-10
  0.037   0.600    0.00000E+00   0.33573E+05   0.00000E+00   0.23806E+06   0.00000E+00   0.11905E-10
  0.038   0.610    0.00000E+00   0.33574E+05   0.00000E+00   0.23806E+06   0.00000E+00   0.11908E-10
  0.039   0.620    0.00000E+00   0.33576E+05   0.00000E+00   0.23807E+06   0.00000E+00   0.11910E-10
  0.040   0.630    0.00000E+00   0.33577E+05   0.00000E+00   0.23808E+06   0.00000E+00   0.11913E-10
  0.042   0.640    0.00000E+00   0.33579E+05   0.00000E+00   0.23808E+06   0.00000E+00   0.11916E-10
  0.043   0.650    0.00000E+00   0.33581E+05   0.00000E+00   0.23809E+06   0.00000E+00   0.11919E-10
  0.044   0.660    0.00000E+00   0.33582E+05   0.00000E+00   0.23810E+06   0.00000E+00   0.11922E-10
  0.046   0.670    0.00000E+00   0.33584E+05   0.00000E+00   0.23810E+06   0.00000E+00   0.11925E-10
  0.047   0.680    0.00000E+00   0.33586E+05   0.00000E+00   0.23811E+06   0.00000E+00   0.11928E-10
  0.049   0.690    0.00000E+00   0.33588E+05   0.00000E+00   0.23812E+06   0.00000E+00   0.11931E-10
  0.050   0.700    0.00000E+00   0.33589E+05   0.00000E+00   0.23812E+06   0.00000E+00   0.11934E-10
  0.051   0.710    0.00000E+00   0.33591E+05   0.00000E+00   0.23813E+06   0.00000E+00   0.11937E-10
  0.053   0.720    0.00000E+00   0.33593E+05   0.00000E+00   0.23814E+06   0.00000E+00   0.11940E-10
  0.054   0.730    0.00000E+00   0.33595E+05   0.00000E+00   0.23814E+06   0.00000E+00   0.11944E-10
  0.056   0.740    0.00000E+00   0.33597E+05   0.00000E+00   0.23815E+06   0.00000E+00   0.11947E-10
  0.057   0.750    0.00000E+00   0.33598E+05   0.00000E+00   0.23816E+06   0.00000E+00   0.11951E-10
  0.059   0.760    0.00000E+00   0.33600E+05   0.00000E+00   0.23817E+06   0.00000E+00   0.11954E-10
  0.060   0.770    0.00000E+00   0.33602E+05   0.00000E+00   0.23817E+06   0.00000E+00   0.11957E-10
  0.062   0.780    0.00000E+00   0.33604E+05   0.00000E+00   0.23818E+06   0.00000E+00   0.11961E-10
  0.064   0.790    0.00000E+00   0.33606E+05   0.00000E+00   0.23819E+06   0.00000E+00   0.11965E-10
  0.065   0.800    0.00000E+00   0.33608E+05   0.00000E+00   0.23819E+06   0.00000E+00   0.11968E-10
  0.067   0.810    0.00000E+00   0.33610E+05   0.00000E+00   0.23820E+06   0.00000E+00   0.11972E-10
  0.069   0.820    0.00000E+00   0.33612E+05   0.00000E+00   0.23821E+06   0.00000E+00   0.11976E-10
  0.070   0.830    0.00000E+00   0.33614E+05   0.00000E+00   0.23822E+06   0.00000E+00   0.11979E-10
  0.072   0.840    0.00000E+00   0.33616E+05   0.00000E+00   0.23822E+06   0.00000E+00   0.11983E-10
  0.074   0.850    0.00000E+00   0.33618E+05   0.00000E+00   0.23823E+06   0.00000E+00   0.11987E-10
  0.075   0.860    0.00000E+00   0.33619E+05   0.00000E+00   0.23824E+06   0.00000E+00   0.11991E-10
  0.077   0.870    0.00000E+00   0.33621E+05   0.00000E+00   0.23824E+06   0.00000E+00   0.11995E-10
  0.079   0.880    0.00000E+00   0.33623E+05   0.00000E+00   0.23825E+06   0.00000E+00   0.11999E-10
  0.081   0.890    0.00000E+00   0.33625E+05   0.00000E+00   0.23825E+06   0.00000E+00   0.12003E-10
  0.083   0.900    0.00000E+00   0.33627E+05   0.00000E+00   0.23826E+06   0.00000E+00   0.12007E-10
  0.084   0.910    0.00000E+00   0.33629E+05   0.00000E+00   0.23827E+06   0.00000E+00   0.12011E-10
  0.086   0.920    0.00000E+00   0.33630E+05   0.00000E+00   0.23827E+06   0.00000E+00   0.12015E-10
  0.088   0.930    0.00000E+00   0.33632E+05   0.00000E+00   0.23828E+06   0.00000E+00   0.12019E-10
  0.090   0.940    0.00000E+00   0.33634E+05   0.00000E+00   0.23828E+06   0.00000E+00   0.12023E-10
  0.092   0.950    0.00000E+00   0.33636E+05   0.00000E+00   0.23829E+06   0.00000E+00   0.12027E-10
  0.094   0.960    0.00000E+00   0.33637E+05   0.00000E+00   0.23829E+06   0.00000E+00   0.12031E-10
  0.096   0.970    0.00000E+00   0.33639E+05   0.00000E+00   0.23830E+06   0.00000E+00   0.12035E-10
  0.098   0.980    0.00000E+00   0.33641E+05   0.00000E+00   0.23830E+06   0.00000E+00   0.12039E-10
  0.100   0.990    0.00000E+00   0.33642E+05   0.00000E+00   0.23830E+06   0.00000E+00   0.12043E-10
  0.102   1.000    0.00000E+00   0.33644E+05   0.00000E+00   0.23831E+06   0.00000E+00   0.12047E-10
  0.104   1.010    0.00000E+00   0.33645E+05   0.00000E+00   0.23831E+06   0.00000E+00   0.12051E-10
  0.106   1.020    0.00000E+00   0.33647E+05   0.00000E+00   0.23831E+06   0.00000E+00   0.12055E-10
  0.108   1.030    0.00000E+00   0.33648E+05   0.00000E+00   0.23832E+06   0.00000E+00   0.12059E-10
  0.110   1.040    0.00000E+00   0.33649E+05   0.00000E+00   0.23832E+06   0.00000E+00   0.12063E-10
  0.112   1.050    0.00000E+00   0.33651E+05   0.00000E+00   0.23832E+06   0.00000E+00   0.12067E-10
  0.115   1.060    0.00000E+00   0.33652E+05   0.00000E+00   0.23832E+06   0.00000E+00   0.12071E-10
  0.117   1.070    0.00000E+00   0.33653E+05   0.00000E+00   0.23833E+06   0.00000E+00   0.12075E-10
  0.119   1.080    0.00000E+00   0.33654E+05   0.00000E+00   0.23833E+06   0.00000E+00   0.12079E-10
  0.121   1.090    0.00000E+00   0.33656E+05   0.00000E+00   0.23833E+06   0.00000E+00   0.12083E-10
  0.123   1.100    0.00000E+00   0.33657E+05   0.00000E+00   0.23833E+06   0.00000E+00   0.12086E-10
  0.126   1.110    0.00000E+00   0.33658E+05   0.00000E+00   0.23833E+06   0.00000E+00   0.12090E-10
  0.128   1.120    0.00000E+00   0.33658E+05   0.00000E+00   0.23833E+06   0.00000E+00   0.12094E-10
  0.130   1.130    0.00000E+00   0.33659E+05   0.00000E+00   0.23833E+06   0.00000E+00   0.12098E-10
  0.133   1.140    0.00000E+00   0.33660E+05   0.00000E+00   0.23833E+06   0.00000E+00   0.12101E-10
  0.135   1.150    0.00000E+00   0.33661E+05   0.00000E+00   0.23833E+06   0.00000E+00   0.12105E-10
  0.137   1.160    0.00000E+00   0.33661E+05   0.00000E+00   0.23833E+06   0.00000E+00   0.12109E-10
  0.140   1.170    0.00000E+00   0.33662E+05   0.00000E+00   0.23832E+06   0.00000E+00   0.12112E-10
  0.142   1.180    0.00000E+00   0.33663E+05   0.00000E+00   0.23832E+06   0.00000E+00   0.12115E-10
  0.144   1.190    0.00000E+00   0.33663E+05   0.00000E+00   0.23832E+06   0.00000E+00   0.12119E-10
  0.147   1.200    0.00000E+00   0.33663E+05   0.00000E+00   0.23832E+06   0.00000E+00   0.12122E-10
  0.149   1.210    0.00000E+00   0.33664E+05   0.00000E+00   0.23831E+06   0.00000E+00   0.12125E-10
  0.152   1.220    0.00000E+00   0.33664E+05   0.00000E+00   0.23831E+06   0.00000E+00   0.12128E-10
  0.154   1.230    0.00000E+00   0.33664E+05   0.00000E+00   0.23831E+06   0.00000E+00   0.12132E-10
  0.157   1.240    0.00000E+00   0.33664E+05   0.00000E+00   0.23830E+06   0.00000E+00   0.12134E-10
  0.159   1.250    0.00000E+00   0.33664E+05   0.00000E+00   0.23830E+06   0.00000E+00   0.12137E-10
  0.162   1.260    0.00000E+00   0.33664E+05   0.00000E+00   0.23829E+06   0.00000E+00   0.12140E-10
  0.164   1.270    0.00000E+00   0.33664E+05   0.00000E+00   0.23829E+06   0.00000E+00   0.12143E-10
  0.167   1.280    0.00000E+00   0.33664E+05   0.00000E+00   0.23828E+06   0.00000E+00   0.12146E-10
  0.170   1.290    0.00000E+00   0.33664E+05   0.00000E+00   0.23828E+06   0.00000E+00   0.12148E-10
  0.172   1.300    0.00000E+00   0.33663E+05   0.00000E+00   0.23827E+06   0.00000E+00   0.12151E-10
  0.175   1.310    0.00000E+00   0.33663E+05   0.00000E+00   0.23826E+06   0.00000E+00   0.12153E-10
  0.178   1.320    0.00000E+00   0.33662E+05   0.00000E+00   0.23826E+06   0.00000E+00   0.12155E-10
  0.180   1.330    0.00000E+00   0.33662E+05   0.00000E+00   0.23825E+06   0.00000E+00   0.12157E-10
  0.183   1.340    0.00000E+00   0.33661E+05   0.00000E+00   0.23824E+06   0.00000E+00   0.12160E-10
  0.186   1.350    0.00000E+00   0.33660E+05   0.00000E+00   0.23823E+06   0.00000E+00   0.12162E-10
  0.189   1.360    0.00000E+00   0.33659E+05   0.00000E+00   0.23823E+06   0.00000E+00   0.12163E-10
  0.191   1.370    0.00000E+00   0.33658E+05   0.00000E+00   0.23822E+06   0.00000E+00   0.12165E-10
  0.194   1.380    0.00000E+00   0.33658E+05   0.00000E+00   0.23821E+06   0.00000E+00   0.12167E-10
  0.197   1.390    0.00000E+00   0.33656E+05   0.00000E+00   0.23820E+06   0.00000E+00   0.12168E-10
  0.200   1.400    0.00000E+00   0.33655E+05   0.00000E+00   0.23819E+06   0.00000E+00   0.12170E-10
  0.203   1.410    0.00000E+00   0.33654E+05   0.00000E+00   0.23818E+06   0.00000E+00   0.12171E-10
  0.206   1.420    0.00000E+00   0.33653E+05   0.00000E+00   0.23817E+06   0.00000E+00   0.12172E-10
  0.209   1.430    0.00000E+00   0.33652E+05   0.00000E+00   0.23816E+06   0.00000E+00   0.12173E-10
  0.211   1.440    0.00000E+00   0.33650E+05   0.00000E+00   0.23815E+06   0.00000E+00   0.12174E-10
  0.214   1.450    0.00000E+00   0.33649E+05   0.00000E+00   0.23814E+06   0.00000E+00   0.12175E-10
  0.217   1.460    0.00000E+00   0.33647E+05   0.00000E+00   0.23813E+06   0.00000E+00   0.12176E-10
  0.220   1.470    0.00000E+00   0.33645E+05   0.00000E+00   0.23811E+06   0.00000E+00   0.12177E-10
  0.223   1.480    0.00000E+00   0.33644E+05   0.00000E+00   0.23810E+06   0.00000E+00   0.12177E-10
  0.226   1.490    0.00000E+00   0.33642E+05   0.00000E+00   0.23809E+06   0.00000E+00   0.12177E-10
  0.229   1.500    0.00000E+00   0.33640E+05   0.00000E+00   0.23808E+06   0.00000E+00   0.12178E-10
  0.233   1.510    0.00000E+00   0.33638E+05   0.00000E+00   0.23807E+06   0.00000E+00   0.12178E-10
  0.236   1.520    0.00000E+00   0.33636E+05   0.00000E+00   0.23805E+06   0.00000E+00   0.12178E-10
  0.239   1.530    0.00000E+00   0.33634E+05   0.00000E+00   0.23804E+06   0.00000E+00   0.12178E-10
  0.242   1.540    0.00000E+00   0.33632E+05   0.00000E+00   0.23803E+06   0.00000E+00   0.12177E-10
  0.245   1.550    0.00000E+00   0.33630E+05   0.00000E+00   0.23802E+06   0.00000E+00   0.12177E-10
  0.248   1.560    0.00000E+00   0.33628E+05   0.00000E+00   0.23800E+06   0.00000E+00   0.12177E-10
  0.251   1.570    0.00000E+00   0.33626E+05   0.00000E+00   0.23799E+06   0.00000E+00   0.12176E-10
  0.255   1.580    0.00000E+00   0.33623E+05   0.00000E+00   0.23798E+06   0.00000E+00   0.12175E-10
  0.258   1.590    0.00000E+00   0.33621E+05   0.00000E+00   0.23796E+06   0.00000E+00   0.12174E-10
  0.261   1.600    0.00000E+00   0.33619E+05   0.00000E+00   0.23795E+06   0.00000E+00   0.12173E-10
  0.264   1.610    0.00000E+00   0.33616E+05   0.00000E+00   0.23794E+06   0.00000E+00   0.12172E-10
  0.268   1.620    0.00000E+00   0.33614E+05   0.00000E+00   0.23792E+06   0.00000E+00   0.12171E-10
  0.271   1.630    0.00000E+00   0.33611E+05   0.00000E+00   0.23791E+06   0.00000E+00   0.12170E-10
  0.274   1.640    0.00000E+00   0.33609E+05   0.00000E+00   0.23789E+06   0.00000E+00   0.12168E-10
  0.278   1.650    0.00000E+00   0.33606E+05   0.00000E+00   0.23788E+06   0.00000E+00   0.12167E-10
  0.281   1.660    0.00000E+00   0.33604E+05   0.00000E+00   0.23787E+06   0.00000E+00   0.12165E-10
  0.284   1.670    0.00000E+00   0.33601E+05   0.00000E+00   0.23785E+06   0.00000E+00   0.12163E-10
  0.288   1.680    0.00000E+00   0.33598E+05   0.00000E+00   0.23784E+06   0.00000E+00   0.12161E-10
  0.291   1.690    0.00000E+00   0.33595E+05   0.00000E+00   0.23783E+06   0.00000E+00   0.12159E-10
  0.295   1.700    0.00000E+00   0.33593E+05   0.00000E+00   0.23781E+06   0.00000E+00   0.12157E-10
  0.298   1.710    0.00000E+00   0.33590E+05   0.00000E+00   0.23780E+06   0.00000E+00   0.12155E-10
  0.302   1.720    0.00000E+00   0.33587E+05   0.00000E+00   0.23778E+06   0.00000E+00   0.12152E-10
  0.305   1.730    0.00000E+00   0.33584E+05   0.00000E+00   0.23777E+06   0.00000E+00   0.12150E-10
  0.309   1.740    0.00000E+00   0.33581E+05   0.00000E+00   0.23776E+06   0.00000E+00   0.12147E-10
  0.312   1.750    0.00000E+00   0.33578E+05   0.00000E+00   0.23774E+06   0.00000E+00   0.12144E-10
  0.316   1.760    0.00000E+00   0.33575E+05   0.00000E+00   0.23773E+06   0.00000E+00   0.12141E-10
  0.319   1.770    0.00000E+00   0.33573E+05   0.00000E+00   0.23772E+06   0.00000E+00   0.12138E-10
  0.323   1.780    0.00000E+00   0.33570E+05   0.00000E+00   0.23770E+06   0.00000E+00   0.12135E-10
  0.327   1.790    0.00000E+00   0.33567E+05   0.00000E+00   0.23769E+06   0.00000E+00   0.12132E-10
  0.330   1.800    0.00000E+00   0.33564E+05   0.00000E+00   0.23768E+06   0.00000E+00   0.12128E-10
  0.334   1.810    0.00000E+00   0.33561E+05   0.00000E+00   0.23766E+06   0.00000E+00   0.12125E-10
  0.338   1.820    0.00000E+00   0.33558E+05   0.00000E+00   0.23765E+06   0.00000E+00   0.12121E-10
  0.341   1.830    0.00000E+00   0.33555E+05   0.00000E+00   0.23764E+06   0.00000E+00   0.12118E-10
  0.345   1.840    0.00000E+00   0.33552E+05   0.00000E+00   0.23763E+06   0.00000E+00   0.12114E-10
  0.349   1.850    0.00000E+00   0.33549E+05   0.00000E+00   0.23761E+06   0.00000E+00   0.12110E-10
  0.353   1.860    0.00000E+00   0.33546E+05   0.00000E+00   0.23760E+06   0.00000E+00   0.12106E-10
  0.357   1.870    0.00000E+00   0.33543E+05   0.00000E+00   0.23759E+06   0.00000E+00   0.12102E-10
  0.360   1.880    0.00000E+00   0.33540E+05   0.00000E+00   0.23758E+06   0.00000E+00   0.12098E-10
  0.364   1.890    0.00000E+00   0.33536E+05   0.00000E+00   0.23757E+06   0.00000E+00   0.12093E-10
  0.368   1.900    0.00000E+00   0.33533E+05   0.00000E+00   0.23755E+06   0.00000E+00   0.12089E-10
  0.372   1.910    0.00000E+00   0.33530E+05   0.00000E+00   0.23754E+06   0.00000E+00   0.12084E-10
  0.376   1.920    0.00000E+00   0.33527E+05   0.00000E+00   0.23753E+06   0.00000E+00   0.12080E-10
  0.380   1.930    0.00000E+00   0.33524E+05   0.00000E+00   0.23752E+06   0.00000E+00   0.12075E-10
  0.384   1.940    0.00000E+00   0.33521E+05   0.00000E+00   0.23751E+06   0.00000E+00   0.12070E-10
  0.388   1.950    0.00000E+00   0.33518E+05   0.00000E+00   0.23750E+06   0.00000E+00   0.12065E-10
  0.392   1.960    0.00000E+00   0.33515E+05   0.00000E+00   0.23749E+06   0.00000E+00   0.12060E-10
  0.396   1.970    0.00000E+00   0.33512E+05   0.00000E+00   0.23748E+06   0.00000E+00   0.12055E-10
  0.400   1.980    0.00000E+00   0.33510E+05   0.00000E+00   0.23747E+06   0.00000E+00   0.12050E-10
  0.404   1.990    0.00000E+00   0.33507E+05   0.00000E+00   0.23746E+06   0.00000E+00   0.12045E-10
  0.408   2.000    0.00000E+00   0.33504E+05   0.00000E+00   0.23745E+06   0.00000E+00   0.12039E-10
  0.412   2.010    0.00000E+00   0.33501E+05   0.00000E+00   0.23744E+06   0.00000E+00   0.12034E-10
  0.416   2.020    0.00000E+00   0.33498E+05   0.00000E+00   0.23743E+06   0.00000E+00   0.12028E-10
  0.420   2.030    0.00000E+00   0.33495E+05   0.00000E+00   0.23742E+06   0.00000E+00   0.12023E-10
  0.424   2.040    0.00000E+00   0.33492E+05   0.00000E+00   0.23741E+06   0.00000E+00   0.12017E-10
  0.429   2.050    0.00000E+00   0.33489E+05   0.00000E+00   0.23740E+06   0.00000E+00   0.12011E-10
  0.433   2.060    0.00000E+00   0.33486E+05   0.00000E+00   0.23739E+06   0.00000E+00   0.12005E-10
  0.437   2.070    0.00000E+00   0.33484E+05   0.00000E+00   0.23739E+06   0.00000E+00   0.11999E-10
  0.441   2.080    0.00000E+00   0.33481E+05   0.00000E+00   0.23738E+06   0.00000E+00   0.11993E-10
  0.445   2.090    0.00000E+00   0.33478E+05   0.00000E+00   0.23737E+06   0.00000E+00   0.11987E-10
  0.450   2.100    0.00000E+00   0.33475E+05   0.00000E+00   0.23736E+06   0.00000E+00   0.11981E-10
  0.454   2.110    0.00000E+00   0.33472E+05   0.00000E+00   0.23735E+06   0.00000E+00   0.11975E-10
  0.458   2.120    0.00000E+00   0.33470E+05   0.00000E+00   0.23735E+06   0.00000E+00   0.11968E-10
  0.463   2.130    0.00000E+00   0.33467E+05   0.00000E+00   0.23734E+06   0.00000E+00   0.11962E-10
  0.467   2.140    0.00000E+00   0.33464E+05   0.00000E+00   0.23733E+06   0.00000E+00   0.11955E-10
  0.471   2.150    0.00000E+00   0.33462E+05   0.00000E+00   0.23733E+06   0.00000E+00   0.11949E-10
  0.476   2.160    0.00000E+00   0.33459E+05   0.00000E+00   0.23732E+06   0.00000E+00   0.11942E-10
  0.480   2.170    0.00000E+00   0.33456E+05   0.00000E+00   0.23731E+06   0.00000E+00   0.11935E-10
  0.485   2.180    0.00000E+00   0.33454E+05   0.00000E+00   0.23731E+06   0.00000E+00   0.11929E-10
  0.489   2.190    0.00000E+00   0.33451E+05   0.00000E+00   0.23730E+06   0.00000E+00   0.11922E-10
  0.494   2.200    0.00000E+00   0.33449E+05   0.00000E+00   0.23729E+06   0.00000E+00   0.11915E-10
  0.498   2.210    0.00000E+00   0.33446E+05   0.00000E+00   0.23729E+06   0.00000E+00   0.11908E-10
  0.503   2.220    0.00000E+00   0.33444E+05   0.00000E+00   0.23728E+06   0.00000E+00   0.11901E-10
  0.507   2.230    0.00000E+00   0.33441E+05   0.00000E+00   0.23728E+06   0.00000E+00   0.11894E-10
  0.512   2.240    0.00000E+00   0.33439E+05   0.00000E+00   0.23727E+06   0.00000E+00   0.11887E-10
  0.516   2.250    0.00000E+00   0.33436E+05   0.00000E+00   0.23727E+06   0.00000E+00   0.11879E-10
  0.521   2.260    0.00000E+00   0.33434E+05   0.00000E+00   0.23726E+06   0.00000E+00   0.11872E-10
  0.525   2.270    0.00000E+00   0.33432E+05   0.00000E+00   0.23726E+06   0.00000E+00   0.11865E-10
  0.530   2.280    0.00000E+00   0.33429E+05   0.00000E+00   0.23725E+06   0.00000E+00   0.11857E-10
  0.535   2.290    0.00000E+00   0.33427E+05   0.00000E+00   0.23725E+06   0.00000E+00   0.11850E-10
  0.539   2.300    0.00000E+00   0.33425E+05   0.00000E+00   0.23724E+06   0.00000E+00   0.11842E-10
  0.544   2.310    0.00000E+00   0.33422E+05   0.00000E+00   0.23724E+06   0.00000E+00   0.11835E-10
  0.549   2.320    0.00000E+00   0.33420E+05   0.00000E+00   0.23723E+06   0.00000E+00   0.11827E-10
  0.554   2.330    0.00000E+00   0.33418E+05   0.00000E+00   0.23723E+06   0.00000E+00   0.11820E-10
  0.558   2.340    0.00000E+00   0.33416E+05   0.00000E+00   0.23723E+06   0.00000E+00   0.11812E-10
  0.563   2.350    0.00000E+00   0.33414E+05   0.00000E+00   0.23722E+06   0.00000E+00   0.11804E-10
  0.568   2.360    0.00000E+00   0.33412E+05   0.00000E+00   0.23722E+06   0.00000E+00   0.11796E-10
  0.573   2.370    0.00000E+00   0.33409E+05   0.00000E+00   0.23722E+06   0.00000E+00   0.11789E-10
  0.578   2.380    0.00000E+00   0.33407E+05   0.00000E+00   0.23721E+06   0.00000E+00   0.11781E-10
  0.582   2.390    0.00000E+00   0.33405E+05   0.00000E+00   0.23721E+06   0.00000E+00   0.11773E-10
  0.587   2.400    0.00000E+00   0.33403E+05   0.00000E+00   0.23721E+06   0.00000E+00   0.11765E-10
  0.592   2.410    0.00000E+00   0.33401E+05   0.00000E+00   0.23720E+06   0.00000E+00   0.11757E-10
  0.597   2.420    0.00000E+00   0.33399E+05   0.00000E+00   0.23720E+06   0.00000E+00   0.11749E-10
  0.602   2.430    0.00000E+00   0.33397E+05   0.00000E+00   0.23720E+06   0.00000E+00   0.11741E-10
  0.607   2.440    0.00000E+00   0.33395E+05   0.00000E+00   0.23720E+06   0.00000E+00   0.11732E-10
  0.612   2.450    0.00000E+00   0.33393E+05   0.00000E+00   0.23719E+06   0.00000E+00   0.11724E-10
  0.617   2.460    0.00000E+00   0.33391E+05   0.00000E+00   0.23719E+06   0.00000E+00   0.11716E-10
  0.622   2.470    0.00000E+00   0.33390E+05   0.00000E+00   0.23719E+06   0.00000E+00   0.11708E-10
  0.627   2.480    0.00000E+00   0.33388E+05   0.00000E+00   0.23719E+06   0.00000E+00   0.11700E-10
  0.632   2.490    0.00000E+00   0.33386E+05   0.00000E+00   0.23718E+06   0.00000E+00   0.11691E-10
  0.637   2.500    0.00000E+00   0.33384E+05   0.00000E+00   0.23718E+06   0.00000E+00   0.11683E-10
  0.642   2.510    0.00000E+00   0.33382E+05   0.00000E+00   0.23718E+06   0.00000E+00   0.11675E-10
  0.648   2.520    0.00000E+00   0.33380E+05   0.00000E+00   0.23718E+06   0.00000E+00   0.11666E-10
  0.653   2.530    0.00000E+00   0.33379E+05   0.00000E+00   0.23718E+06   0.00000E+00   0.11658E-10
  0.658   2.540    0.00000E+00   0.33377E+05   0.00000E+00   0.23718E+06   0.00000E+00   0.11649E-10
  0.663   2.550    0.00000E+00   0.33375E+05   0.00000E+00   0.23717E+06   0.00000E+00   0.11641E-10
  0.668   2.560    0.00000E+00   0.33373E+05   0.00000E+00   0.23717E+06   0.00000E+00   0.11632E-10
  0.674   2.570    0.00000E+00   0.33372E+05   0.00000E+00   0.23717E+06   0.00000E+00   0.11624E-10
  0.679   2.580    0.00000E+00   0.33370E+05   0.00000E+00   0.23717E+06   0.00000E+00   0.11615E-10
  0.684   2.590    0.00000E+00   0.33368E+05   0.00000E+00   0.23717E+06   0.00000E+00   0.11607E-10
  0.689   2.600    0.00000E+00   0.33367E+05   0.00000E+00   0.23717E+06   0.00000E+00   0.11598E-10
  0.695   2.610    0.00000E+00   0.33365E+05   0.00000E+00   0.23717E+06   0.00000E+00   0.11590E-10
  0.700   2.620    0.00000E+00   0.33364E+05   0.00000E+00   0.23717E+06   0.00000E+00   0.11581E-10
  0.705   2.630    0.00000E+00   0.33362E+05   0.00000E+00   0.23717E+06   0.00000E+00   0.11572E-10
  0.711   2.640    0.00000E+00   0.33361E+05   0.00000E+00   0.23716E+06   0.00000E+00   0.11564E-10
  0.716   2.650    0.00000E+00   0.33359E+05   0.00000E+00   0.23716E+06   0.00000E+00   0.11555E-10
  0.722   2.660    0.00000E+00   0.33358E+05   0.00000E+00   0.23716E+06   0.00000E+00   0.11546E-10
  0.727   2.670    0.00000E+00   0.33356E+05   0.00000E+00   0.23716E+06   0.00000E+00   0.11537E-10
  0.732   2.680    0.00000E+00   0.33355E+05   0.00000E+00   0.23716E+06   0.00000E+00   0.11529E-10
  0.738   2.690    0.00000E+00   0.33353E+05   0.00000E+00   0.23716E+06   0.00000E+00   0.11520E-10
  0.743   2.700    0.00000E+00   0.33352E+05   0.00000E+00   0.23716E+06   0.00000E+00   0.11511E-10
  0.749   2.710    0.00000E+00   0.33350E+05   0.00000E+00   0.23716E+06   0.00000E+00   0.11502E-10
  0.754   2.720    0.00000E+00   0.33349E+05   0.00000E+00   0.23716E+06   0.00000E+00   0.11494E-10
  0.760   2.730    0.00000E+00   0.33347E+05   0.00000E+00   0.23716E+06   0.00000E+00   0.11485E-10
  0.766   2.740    0.00000E+00   0.33346E+05   0.00000E+00   0.23716E+06   0.00000E+00   0.11476E-10
  0.771   2.750    0.00000E+00   0.33345E+05   0.00000E+00   0.23716E+06   0.00000E+00   0.11467E-10
  0.777   2.760    0.00000E+00   0.33343E+05   0.00000E+00   0.23716E+06   0.00000E+00   0.11458E-10
  0.782   2.770    0.00000E+00   0.33342E+05   0.00000E+00   0.23716E+06   0.00000E+00   0.11450E-10
  0.788   2.780    0.00000E+00   0.33341E+05   0.00000E+00   0.23716E+06   0.00000E+00   0.11441E-10
  0.794   2.790    0.00000E+00   0.33339E+05   0.00000E+00   0.23716E+06   0.00000E+00   0.11432E-10
  0.799   2.800    0.00000E+00   0.33338E+05   0.00000E+00   0.23716E+06   0.00000E+00   0.11423E-10
  0.805   2.810    0.00000E+00   0.33337E+05   0.00000E+00   0.23716E+06   0.00000E+00   0.11414E-10
  0.811   2.820    0.00000E+00   0.33335E+05   0.00000E+00   0.23716E+06   0.00000E+00   0.11405E-10
  0.817   2.830    0.00000E+00   0.33334E+05   0.00000E+00   0.23716E+06   0.00000E+00   0.11397E-10
  0.822   2.840    0.00000E+00   0.33333E+05   0.00000E+00   0.23716E+06   0.00000E+00   0.11388E-10
  0.828   2.850    0.00000E+00   0.33332E+05   0.00000E+00   0.23716E+06   0.00000E+00   0.11379E-10
  0.834   2.860    0.00000E+00   0.33330E+05   0.00000E+00   0.23716E+06   0.00000E+00   0.11370E-10
  0.840   2.870    0.00000E+00   0.33329E+05   0.00000E+00   0.23716E+06   0.00000E+00   0.11361E-10
  0.846   2.880    0.00000E+00   0.33328E+05   0.00000E+00   0.23716E+06   0.00000E+00   0.11352E-10
  0.852   2.890    0.00000E+00   0.33327E+05   0.00000E+00   0.23716E+06   0.00000E+00   0.11344E-10
  0.858   2.900    0.00000E+00   0.33326E+05   0.00000E+00   0.23716E+06   0.00000E+00   0.11335E-10
  0.864   2.910    0.00000E+00   0.33325E+05   0.00000E+00   0.23716E+06   0.00000E+00   0.11326E-10
  0.869   2.920    0.00000E+00   0.33323E+05   0.00000E+00   0.23716E+06   0.00000E+00   0.11317E-10
  0.875   2.930    0.00000E+00   0.33322E+05   0.00000E+00   0.23716E+06   0.00000E+00   0.11308E-10
  0.881   2.940    0.00000E+00   0.33321E+05   0.00000E+00   0.23716E+06   0.00000E+00   0.11299E-10
  0.887   2.950    0.00000E+00   0.33320E+05   0.00000E+00   0.23716E+06   0.00000E+00   0.11291E-10
  0.893   2.960    0.00000E+00   0.33319E+05   0.00000E+00   0.23716E+06   0.00000E+00   0.11282E-10
  0.899   2.970    0.00000E+00   0.33318E+05   0.00000E+00   0.23716E+06   0.00000E+00   0.11273E-10
  0.906   2.980    0.00000E+00   0.33317E+05   0.00000E+00   0.23716E+06   0.00000E+00   0.11264E-10
  0.912   2.990    0.00000E+00   0.33316E+05   0.00000E+00   0.23716E+06   0.00000E+00   0.11256E-10
  0.918   3.000    0.00000E+00   0.33315E+05   0.00000E+00   0.23716E+06   0.00000E+00   0.11247E-10
  0.924   3.010    0.00000E+00   0.33313E+05   0.00000E+00   0.23716E+06   0.00000E+00   0.11238E-10
  0.930   3.020    0.00000E+00   0.33312E+05   0.00000E+00   0.23716E+06   0.00000E+00   0.11230E-10
  0.936   3.030    0.00000E+00   0.33311E+05   0.00000E+00   0.23716E+06   0.00000E+00   0.11221E-10
  0.942   3.040    0.00000E+00   0.33310E+05   0.00000E+00   0.23716E+06   0.00000E+00   0.11212E-10
  0.949   3.050    0.00000E+00   0.33309E+05   0.00000E+00   0.23717E+06   0.00000E+00   0.11204E-10
  0.955   3.060    0.00000E+00   0.33308E+05   0.00000E+00   0.23717E+06   0.00000E+00   0.11195E-10
  0.961   3.070    0.00000E+00   0.33307E+05   0.00000E+00   0.23717E+06   0.00000E+00   0.11186E-10
  0.967   3.080    0.00000E+00   0.33306E+05   0.00000E+00   0.23717E+06   0.00000E+00   0.11178E-10
  0.974   3.090    0.00000E+00   0.33305E+05   0.00000E+00   0.23717E+06   0.00000E+00   0.11169E-10
  0.980   3.100    0.00000E+00   0.33304E+05   0.00000E+00   0.23717E+06   0.00000E+00   0.11161E-10
  0.986   3.110    0.00000E+00   0.33303E+05   0.00000E+00   0.23717E+06   0.00000E+00   0.11152E-10
  0.993   3.120    0.00000E+00   0.33302E+05   0.00000E+00   0.23717E+06   0.00000E+00   0.11144E-10
  0.999   3.130    0.00000E+00   0.33301E+05   0.00000E+00   0.23717E+06   0.00000E+00   0.11135E-10
  1.005   3.140    0.00000E+00   0.33301E+05   0.00000E+00   0.23717E+06   0.00000E+00   0.11127E-10
  1.012   3.150    0.00000E+00   0.33300E+05   0.00000E+00   0.23717E+06   0.00000E+00   0.11119E-10
  1.018   3.160    0.00000E+00   0.33299E+05   0.00000E+00   0.23717E+06   0.00000E+00   0.11110E-10
  1.025   3.170    0.00000E+00   0.33298E+05   0.00000E+00   0.23717E+06   0.00000E+00   0.11102E-10
  1.031   3.180    0.00000E+00   0.33297E+05   0.00000E+00   0.23717E+06   0.00000E+00   0.11094E-10
  1.038   3.190    0.00000E+00   0.33296E+05   0.00000E+00   0.23717E+06   0.00000E+00   0.11085E-10
  1.044   3.200    0.00000E+00   0.33295E+05   0.00000E+00   0.23717E+06   0.00000E+00   0.11077E-10
  1.051   3.210    0.00000E+00   0.33294E+05   0.00000E+00   0.23718E+06   0.00000E+00   0.11069E-10
  1.057   3.220    0.00000E+00   0.33293E+05   0.00000E+00   0.23718E+06   0.00000E+00   0.11061E-10
  1.064   3.230    0.00000E+00   0.33292E+05   0.00000E+00   0.23718E+06   0.00000E+00   0.11053E-10
  1.070   3.240    0.00000E+00   0.33291E+05   0.00000E+00   0.23718E+06   0.00000E+00   0.11044E-10
  1.077   3.250    0.00000E+00   0.33291E+05   0.00000E+00   0.23718E+06   0.00000E+00   0.11036E-10
  1.084   3.260    0.00000E+00   0.33290E+05   0.00000E+00   0.23718E+06   0.00000E+00   0.11028E-10
  1.090   3.270    0.00000E+00   0.33289E+05   0.00000E+00   0.23718E+06   0.00000E+00   0.11020E-10
  1.097   3.280    0.00000E+00   0.33288E+05   0.00000E+00   0.23718E+06   0.00000E+00   0.11012E-10
  1.104   3.290    0.00000E+00   0.33287E+05   0.00000E+00   0.23718E+06   0.00000E+00   0.11004E-10
  1.110   3.300    0.00000E+00   0.33286E+05   0.00000E+00   0.23718E+06   0.00000E+00   0.10997E-10
  1.117   3.310    0.00000E+00   0.33286E+05   0.00000E+00   0.23718E+06   0.00000E+00   0.10989E-10
  1.124   3.320    0.00000E+00   0.33285E+05   0.00000E+00   0.23718E+06   0.00000E+00   0.10981E-10
  1.131   3.330    0.00000E+00   0.33284E+05   0.00000E+00   0.23718E+06   0.00000E+00   0.10973E-10
  1.138   3.340    0.00000E+00   0.33283E+05   0.00000E+00   0.23718E+06   0.00000E+00   0.10965E-10
  1.144   3.350    0.00000E+00   0.33282E+05   0.00000E+00   0.23719E+06   0.00000E+00   0.10958E-10
  1.151   3.360    0.00000E+00   0.33282E+05   0.00000E+00   0.23719E+06   0.00000E+00   0.10950E-10
  1.158   3.370    0.00000E+00   0.33281E+05   0.00000E+00   0.23719E+06   0.00000E+00   0.10943E-10
  1.165   3.380    0.00000E+00   0.33280E+05   0.00000E+00   0.23719E+06   0.00000E+00   0.10935E-10
  1.172   3.390    0.00000E+00   0.33279E+05   0.00000E+00   0.23719E+06   0.00000E+00   0.10928E-10
  1.179   3.400    0.00000E+00   0.33278E+05   0.00000E+00   0.23719E+06   0.00000E+00   0.10920E-10
  1.186   3.410    0.00000E+00   0.33278E+05   0.00000E+00   0.23719E+06   0.00000E+00   0.10913E-10
  1.193   3.420    0.00000E+00   0.33277E+05   0.00000E+00   0.23719E+06   0.00000E+00   0.10905E-10
  1.200   3.430    0.00000E+00   0.33276E+05   0.00000E+00   0.23719E+06   0.00000E+00   0.10898E-10
  1.207   3.440    0.00000E+00   0.33275E+05   0.00000E+00   0.23719E+06   0.00000E+00   0.10891E-10
  1.214   3.450    0.00000E+00   0.33275E+05   0.00000E+00   0.23719E+06   0.00000E+00   0.10884E-10
  1.221   3.460    0.00000E+00   0.33274E+05   0.00000E+00   0.23719E+06   0.00000E+00   0.10877E-10
  1.228   3.470    0.00000E+00   0.33273E+05   0.00000E+00   0.23719E+06   0.00000E+00   0.10870E-10
  1.235   3.480    0.00000E+00   0.33272E+05   0.00000E+00   0.23720E+06   0.00000E+00   0.10863E-10
  1.242   3.490    0.00000E+00   0.33272E+05   0.00000E+00   0.23720E+06   0.00000E+00   0.10856E-10
  1.249   3.500    0.00000E+00   0.33271E+05   0.00000E+00   0.23720E+06   0.00000E+00   0.10849E-10
  1.256   3.510    0.00000E+00   0.33270E+05   0.00000E+00   0.23720E+06   0.00000E+00   0.10842E-10
  1.263   3.520    0.00000E+00   0.33270E+05   0.00000E+00   0.23720E+06   0.00000E+00   0.10835E-10
  1.271   3.530    0.00000E+00   0.33269E+05   0.00000E+00   0.23720E+06   0.00000E+00   0.10828E-10
  1.278   3.540    0.00000E+00   0.33268E+05   0.00000E+00   0.23720E+06   0.00000E+00   0.10822E-10
  1.285   3.550    0.00000E+00   0.33268E+05   0.00000E+00   0.23720E+06   0.00000E+00   0.10815E-10
  1.292   3.560    0.00000E+00   0.33267E+05   0.00000E+00   0.23720E+06   0.00000E+00   0.10808E-10
  1.300   3.570    0.00000E+00   0.33266E+05   0.00000E+00   0.23720E+06   0.00000E+00   0.10802E-10
  1.307   3.580    0.00000E+00   0.33266E+05   0.00000E+00   0.23720E+06   0.00000E+00   0.10796E-10
  1.314   3.590    0.00000E+00   0.33265E+05   0.00000E+00   0.23720E+06   0.00000E+00   0.10789E-10
  1.322   3.600    0.00000E+00   0.33264E+05   0.00000E+00   0.23721E+06   0.00000E+00   0.10783E-10
  1.329   3.610    0.00000E+00   0.33264E+05   0.00000E+00   0.23721E+06   0.00000E+00   0.10777E-10
  1.336   3.620    0.00000E+00   0.33263E+05   0.00000E+00   0.23721E+06   0.00000E+00   0.10770E-10
  1.344   3.630    0.00000E+00   0.33262E+05   0.00000E+00   0.23721E+06   0.00000E+00   0.10764E-10
  1.351   3.640    0.00000E+00   0.33262E+05   0.00000E+00   0.23721E+06   0.00000E+00   0.10758E-10
  1.359   3.650    0.00000E+00   0.33261E+05   0.00000E+00   0.23721E+06   0.00000E+00   0.10752E-10
  1.366   3.660    0.00000E+00   0.33260E+05   0.00000E+00   0.23721E+06   0.00000E+00   0.10746E-10
  1.373   3.670    0.00000E+00   0.33260E+05   0.00000E+00   0.23721E+06   0.00000E+00   0.10740E-10
  1.381   3.680    0.00000E+00   0.33259E+05   0.00000E+00   0.23721E+06   0.00000E+00   0.10735E-10
  1.388   3.690    0.00000E+00   0.33258E+05   0.00000E+00   0.23721E+06   0.00000E+00   0.10729E-10
  1.396   3.700    0.00000E+00   0.33258E+05   0.00000E+00   0.23721E+06   0.00000E+00   0.10723E-10
  1.404   3.710    0.00000E+00   0.33257E+05   0.00000E+00   0.23721E+06   0.00000E+00   0.10718E-10
  1.411   3.720    0.00000E+00   0.33257E+05   0.00000E+00   0.23721E+06   0.00000E+00   0.10712E-10
  1.419   3.730    0.00000E+00   0.33256E+05   0.00000E+00   0.23722E+06   0.00000E+00   0.10707E-10
  1.426   3.740    0.00000E+00   0.33256E+05   0.00000E+00   0.23722E+06   0.00000E+00   0.10701E-10
  1.434   3.750    0.00000E+00   0.33255E+05   0.00000E+00   0.23722E+06   0.00000E+00   0.10696E-10
  1.442   3.760    0.00000E+00   0.33254E+05   0.00000E+00   0.23722E+06   0.00000E+00   0.10691E-10
  1.449   3.770    0.00000E+00   0.33254E+05   0.00000E+00   0.23722E+06   0.00000E+00   0.10686E-10
  1.457   3.780    0.00000E+00   0.33253E+05   0.00000E+00   0.23722E+06   0.00000E+00   0.10680E-10
  1.465   3.790    0.00000E+00   0.33253E+05   0.00000E+00   0.23722E+06   0.00000E+00   0.10675E-10
  1.472   3.800    0.00000E+00   0.33252E+05   0.00000E+00   0.23722E+06   0.00000E+00   0.10670E-10
  1.480   3.810    0.00000E+00   0.33252E+05   0.00000E+00   0.23722E+06   0.00000E+00   0.10666E-10
  1.488   3.820    0.00000E+00   0.33251E+05   0.00000E+00   0.23722E+06   0.00000E+00   0.10661E-10
  1.496   3.830    0.00000E+00   0.33250E+05   0.00000E+00   0.23722E+06   0.00000E+00   0.10656E-10
  1.504   3.840    0.00000E+00   0.33250E+05   0.00000E+00   0.23722E+06   0.00000E+00   0.10651E-10
  1.511   3.850    0.00000E+00   0.33249E+05   0.00000E+00   0.23723E+06   0.00000E+00   0.10647E-10
  1.519   3.860    0.00000E+00   0.33249E+05   0.00000E+00   0.23723E+06   0.00000E+00   0.10642E-10
  1.527   3.870    0.00000E+00   0.33248E+05   0.00000E+00   0.23723E+06   0.00000E+00   0.10638E-10
  1.535   3.880    0.00000E+00   0.33248E+05   0.00000E+00   0.23723E+06   0.00000E+00   0.10633E-10
  1.543   3.890    0.00000E+00   0.33247E+05   0.00000E+00   0.23723E+06   0.00000E+00   0.10629E-10
  1.551   3.900    0.00000E+00   0.33247E+05   0.00000E+00   0.23723E+06   0.00000E+00   0.10625E-10
  1.559   3.910    0.00000E+00   0.33246E+05   0.00000E+00   0.23723E+06   0.00000E+00   0.10621E-10
  1.567   3.920    0.00000E+00   0.33246E+05   0.00000E+00   0.23723E+06   0.00000E+00   0.10617E-10
  1.575   3.930    0.00000E+00   0.33245E+05   0.00000E+00   0.23723E+06   0.00000E+00   0.10613E-10
  1.583   3.940    0.00000E+00   0.33245E+05   0.00000E+00   0.23723E+06   0.00000E+00   0.10609E-10
  1.591   3.950    0.00000E+00   0.33244E+05   0.00000E+00   0.23723E+06   0.00000E+00   0.10605E-10
  1.599   3.960    0.00000E+00   0.33244E+05   0.00000E+00   0.23723E+06   0.00000E+00   0.10601E-10
  1.607   3.970    0.00000E+00   0.33244E+05   0.00000E+00   0.23723E+06   0.00000E+00   0.10598E-10
  1.615   3.980    0.00000E+00   0.33243E+05   0.00000E+00   0.23724E+06   0.00000E+00   0.10594E-10
  1.623   3.990    0.00000E+00   0.33243E+05   0.00000E+00   0.23724E+06   0.00000E+00   0.10590E-10
  1.632   4.000    0.00000E+00   0.33242E+05   0.00000E+00   0.23724E+06   0.00000E+00   0.10587E-10
  1.640   4.010    0.00000E+00   0.33242E+05   0.00000E+00   0.23724E+06   0.00000E+00   0.10584E-10
  1.648   4.020    0.00000E+00   0.33241E+05   0.00000E+00   0.23724E+06   0.00000E+00   0.10580E-10
  1.656   4.030    0.00000E+00   0.33241E+05   0.00000E+00   0.23724E+06   0.00000E+00   0.10577E-10
  1.664   4.040    0.00000E+00   0.33240E+05   0.00000E+00   0.23724E+06   0.00000E+00   0.10574E-10
  1.673   4.050    0.00000E+00   0.33240E+05   0.00000E+00   0.23724E+06   0.00000E+00   0.10571E-10
  1.681   4.060    0.00000E+00   0.33240E+05   0.00000E+00   0.23724E+06   0.00000E+00   0.10568E-10
  1.689   4.070    0.00000E+00   0.33239E+05   0.00000E+00   0.23724E+06   0.00000E+00   0.10565E-10
  1.697   4.080    0.00000E+00   0.33239E+05   0.00000E+00   0.23724E+06   0.00000E+00   0.10562E-10
  1.706   4.090    0.00000E+00   0.33238E+05   0.00000E+00   0.23724E+06   0.00000E+00   0.10559E-10
  1.714   4.100    0.00000E+00   0.33238E+05   0.00000E+00   0.23724E+06   0.00000E+00   0.10557E-10
  1.723   4.110    0.00000E+00   0.33238E+05   0.00000E+00   0.23725E+06   0.00000E+00   0.10554E-10
  1.731   4.120    0.00000E+00   0.33237E+05   0.00000E+00   0.23725E+06   0.00000E+00   0.10552E-10
  1.739   4.130    0.00000E+00   0.33237E+05   0.00000E+00   0.23725E+06   0.00000E+00   0.10549E-10
  1.748   4.140    0.00000E+00   0.33236E+05   0.00000E+00   0.23725E+06   0.00000E+00   0.10547E-10
  1.756   4.150    0.00000E+00   0.33236E+05   0.00000E+00   0.23725E+06   0.00000E+00   0.10545E-10
  1.765   4.160    0.00000E+00   0.33236E+05   0.00000E+00   0.23725E+06   0.00000E+00   0.10542E-10
  1.773   4.170    0.00000E+00   0.33235E+05   0.00000E+00   0.23725E+06   0.00000E+00   0.10540E-10
  1.782   4.180    0.00000E+00   0.33235E+05   0.00000E+00   0.23725E+06   0.00000E+00   0.10538E-10
  1.790   4.190    0.00000E+00   0.33235E+05   0.00000E+00   0.23725E+06   0.00000E+00   0.10536E-10
  1.799   4.200    0.00000E+00   0.33234E+05   0.00000E+00   0.23725E+06   0.00000E+00   0.10534E-10
  1.807   4.210    0.00000E+00   0.33234E+05   0.00000E+00   0.23725E+06   0.00000E+00   0.10533E-10
  1.816   4.220    0.00000E+00   0.33234E+05   0.00000E+00   0.23725E+06   0.00000E+00   0.10531E-10
  1.825   4.230    0.00000E+00   0.33233E+05   0.00000E+00   0.23725E+06   0.00000E+00   0.10529E-10
  1.833   4.240    0.00000E+00   0.33233E+05   0.00000E+00   0.23726E+06   0.00000E+00   0.10528E-10
  1.842   4.250    0.00000E+00   0.33233E+05   0.00000E+00   0.23726E+06   0.00000E+00   0.10526E-10
  1.851   4.260    0.00000E+00   0.33232E+05   0.00000E+00   0.23726E+06   0.00000E+00   0.10525E-10
  1.859   4.270    0.00000E+00   0.33232E+05   0.00000E+00   0.23726E+06   0.00000E+00   0.10523E-10
  1.868   4.280    0.00000E+00   0.33232E+05   0.00000E+00   0.23726E+06   0.00000E+00   0.10522E-10
  1.877   4.290    0.00000E+00   0.33231E+05   0.00000E+00   0.23726E+06   0.00000E+00   0.10521E-10
  1.885   4.300    0.00000E+00   0.33231E+05   0.00000E+00   0.23726E+06   0.00000E+00   0.10520E-10
  1.894   4.310    0.00000E+00   0.33231E+05   0.00000E+00   0.23726E+06   0.00000E+00   0.10518E-10
  1.903   4.320    0.00000E+00   0.33231E+05   0.00000E+00   0.23726E+06   0.00000E+00   0.10518E-10
  1.912   4.330    0.00000E+00   0.33230E+05   0.00000E+00   0.23726E+06   0.00000E+00   0.10517E-10
  1.921   4.340    0.00000E+00   0.33230E+05   0.00000E+00   0.23726E+06   0.00000E+00   0.10516E-10
  1.930   4.350    0.00000E+00   0.33230E+05   0.00000E+00   0.23726E+06   0.00000E+00   0.10515E-10
  1.938   4.360    0.00000E+00   0.33230E+05   0.00000E+00   0.23726E+06   0.00000E+00   0.10514E-10
  1.947   4.370    0.00000E+00   0.33229E+05   0.00000E+00   0.23727E+06   0.00000E+00   0.10514E-10
  1.956   4.380    0.00000E+00   0.33229E+05   0.00000E+00   0.23727E+06   0.00000E+00   0.10513E-10
  1.965   4.390    0.00000E+00   0.33229E+05   0.00000E+00   0.23727E+06   0.00000E+00   0.10513E-10
  1.974   4.400    0.00000E+00   0.33229E+05   0.00000E+00   0.23727E+06   0.00000E+00   0.10512E-10
  1.983   4.410    0.00000E+00   0.33228E+05   0.00000E+00   0.23727E+06   0.00000E+00   0.10512E-10
  1.992   4.420    0.00000E+00   0.33228E+05   0.00000E+00   0.23727E+06   0.00000E+00   0.10511E-10
  2.001   4.430    0.00000E+00   0.33228E+05   0.00000E+00   0.23727E+06   0.00000E+00   0.10511E-10
  2.010   4.440    0.00000E+00   0.33228E+05   0.00000E+00   0.23727E+06   0.00000E+00   0.10511E-10
  2.019   4.450    0.00000E+00   0.33227E+05   0.00000E+00   0.23727E+06   0.00000E+00   0.10511E-10
  2.028   4.460    0.00000E+00   0.33227E+05   0.00000E+00   0.23727E+06   0.00000E+00   0.10511E-10
  2.037   4.470    0.00000E+00   0.33227E+05   0.00000E+00   0.23727E+06   0.00000E+00   0.10511E-10
  2.047   4.480    0.00000E+00   0.33227E+05   0.00000E+00   0.23727E+06   0.00000E+00   0.10511E-10
  2.056   4.490    0.00000E+00   0.33227E+05   0.00000E+00   0.23727E+06   0.00000E+00   0.10511E-10
  2.065   4.500    0.00000E+00   0.33227E+05   0.00000E+00   0.23727E+06   0.00000E+00   0.10512E-10
  2.074   4.510    0.00000E+00   0.33226E+05   0.00000E+00   0.23728E+06   0.00000E+00   0.10512E-10
  2.083   4.520    0.00000E+00   0.33226E+05   0.00000E+00   0.23728E+06   0.00000E+00   0.10512E-10
  2.093   4.530    0.00000E+00   0.33226E+05   0.00000E+00   0.23728E+06   0.00000E+00   0.10513E-10
  2.102   4.540    0.00000E+00   0.33226E+05   0.00000E+00   0.23728E+06   0.00000E+00   0.10513E-10
  2.111   4.550    0.00000E+00   0.33226E+05   0.00000E+00   0.23728E+06   0.00000E+00   0.10514E-10
  2.120   4.560    0.00000E+00   0.33226E+05   0.00000E+00   0.23728E+06   0.00000E+00   0.10514E-10
  2.130   4.570    0.00000E+00   0.33225E+05   0.00000E+00   0.23728E+06   0.00000E+00   0.10515E-10
  2.139   4.580    0.00000E+00   0.33225E+05   0.00000E+00   0.23728E+06   0.00000E+00   0.10516E-10
  2.148   4.590    0.00000E+00   0.33225E+05   0.00000E+00   0.23728E+06   0.00000E+00   0.10516E-10
  2.158   4.600    0.00000E+00   0.33225E+05   0.00000E+00   0.23728E+06   0.00000E+00   0.10517E-10
  2.167   4.610    0.00000E+00   0.33225E+05   0.00000E+00   0.23728E+06   0.00000E+00   0.10518E-10
  2.177   4.620    0.00000E+00   0.33225E+05   0.00000E+00   0.23728E+06   0.00000E+00   0.10519E-10
  2.186   4.630    0.00000E+00   0.33225E+05   0.00000E+00   0.23728E+06   0.00000E+00   0.10520E-10
  2.195   4.640    0.00000E+00   0.33225E+05   0.00000E+00   0.23728E+06   0.00000E+00   0.10521E-10
  2.205   4.650    0.00000E+00   0.33224E+05   0.00000E+00   0.23729E+06   0.00000E+00   0.10522E-10
  2.214   4.660    0.00000E+00   0.33224E+05   0.00000E+00   0.23729E+06   0.00000E+00   0.10524E-10
  2.224   4.670    0.00000E+00   0.33224E+05   0.00000E+00   0.23729E+06   0.00000E+00   0.10525E-10
  2.233   4.680    0.00000E+00   0.33224E+05   0.00000E+00   0.23729E+06   0.00000E+00   0.10526E-10
  2.243   4.690    0.00000E+00   0.33224E+05   0.00000E+00   0.23729E+06   0.00000E+00   0.10527E-10
  2.253   4.700    0.00000E+00   0.33224E+05   0.00000E+00   0.23729E+06   0.00000E+00   0.10529E-10
  2.262   4.710    0.00000E+00   0.33224E+05   0.00000E+00   0.23729E+06   0.00000E+00   0.10530E-10
  2.272   4.720    0.00000E+00   0.33224E+05   0.00000E+00   0.23729E+06   0.00000E+00   0.10532E-10
  2.281   4.730    0.00000E+00   0.33224E+05   0.00000E+00   0.23729E+06   0.00000E+00   0.10533E-10
  2.291   4.740    0.00000E+00   0.33224E+05   0.00000E+00   0.23729E+06   0.00000E+00   0.10535E-10
  2.301   4.750    0.00000E+00   0.33224E+05   0.00000E+00   0.23729E+06   0.00000E+00   0.10537E-10
  2.310   4.760    0.00000E+00   0.33224E+05   0.00000E+00   0.23729E+06   0.00000E+00   0.10538E-10
  2.320   4.770    0.00000E+00   0.33224E+05   0.00000E+00   0.23729E+06   0.00000E+00   0.10540E-10
  2.330   4.780    0.00000E+00   0.33224E+05   0.00000E+00   0.23729E+06   0.00000E+00   0.10542E-10
  2.340   4.790    0.00000E+00   0.33224E+05   0.00000E+00   0.23730E+06   0.00000E+00   0.10543E-10
  2.349   4.800    0.00000E+00   0.33224E+05   0.00000E+00   0.23730E+06   0.00000E+00   0.10545E-10
  2.359   4.810    0.00000E+00   0.33224E+05   0.00000E+00   0.23730E+06   0.00000E+00   0.10547E-10
  2.369   4.820    0.00000E+00   0.33224E+05   0.00000E+00   0.23730E+06   0.00000E+00   0.10549E-10
  2.379   4.830    0.00000E+00   0.33223E+05   0.00000E+00   0.23730E+06   0.00000E+00   0.10551E-10
  2.389   4.840    0.00000E+00   0.33223E+05   0.00000E+00   0.23730E+06   0.00000E+00   0.10553E-10
  2.399   4.850    0.00000E+00   0.33223E+05   0.00000E+00   0.23730E+06   0.00000E+00   0.10555E-10
  2.409   4.860    0.00000E+00   0.33223E+05   0.00000E+00   0.23730E+06   0.00000E+00   0.10557E-10
  2.418   4.870    0.00000E+00   0.33223E+05   0.00000E+00   0.23730E+06   0.00000E+00   0.10559E-10
  2.428   4.880    0.00000E+00   0.33223E+05   0.00000E+00   0.23730E+06   0.00000E+00   0.10561E-10
  2.438   4.890    0.00000E+00   0.33224E+05   0.00000E+00   0.23730E+06   0.00000E+00   0.10564E-10
  2.448   4.900    0.00000E+00   0.33224E+05   0.00000E+00   0.23730E+06   0.00000E+00   0.10566E-10
  2.458   4.910    0.00000E+00   0.33224E+05   0.00000E+00   0.23730E+06   0.00000E+00   0.10568E-10
  2.468   4.920    0.00000E+00   0.33224E+05   0.00000E+00   0.23730E+06   0.00000E+00   0.10571E-10
  2.478   4.930    0.00000E+00   0.33224E+05   0.00000E+00   0.23730E+06   0.00000E+00   0.10573E-10
  2.488   4.940    0.00000E+00   0.33224E+05   0.00000E+00   0.23731E+06   0.00000E+00   0.10575E-10
  2.499   4.950    0.00000E+00   0.33224E+05   0.00000E+00   0.23731E+06   0.00000E+00   0.10578E-10
  2.509   4.960    0.00000E+00   0.33224E+05   0.00000E+00   0.23731E+06   0.00000E+00   0.10580E-10
  2.519   4.970    0.00000E+00   0.33224E+05   0.00000E+00   0.23731E+06   0.00000E+00   0.10582E-10
  2.529   4.980    0.00000E+00   0.33224E+05   0.00000E+00   0.23731E+06   0.00000E+00   0.10585E-10
  2.539   4.990    0.00000E+00   0.33224E+05   0.00000E+00   0.23731E+06   0.00000E+00   0.10587E-10
