  0.000   0.010    0.00000E+00  -0.65185E-26   0.00000E+00  -0.49172E-26   0.00000E+00   0.72628E-28
  0.000   0.020    0.00000E+00   0.37336E-25   0.00000E+00   0.78738E-24   0.00000E+00  -0.34611E-27
  0.000   0.030    0.00000E+00   0.24544E-23   0.00000E+00   0.13882E-22   0.00000E+00  -0.25330E-27
  0.000   0.040    0.00000E+00   0.19003E-22   0.00000E+00   0.10400E-21   0.00000E+00  -0.12769E-29
  0.000   0.050    0.00000E+00   0.88705E-22   0.00000E+00   0.49731E-21   0.00000E+00  -0.57568E-26
  0.000   0.060    0.00000E+00   0.31871E-21   0.00000E+00   0.17812E-20   0.00000E+00   0.31153E-26
  0.000   0.070    0.00000E+00   0.93509E-21   0.00000E+00   0.52383E-20   0.00000E+00  -0.99396E-26
  0.001   0.080    0.00000E+00   0.23857E-20   0.00000E+00   0.13316E-19   0.00000E+00  -0.13086E-25
  0.001   0.090    0.00000E+00   0.54271E-20   0.00000E+00   0.30308E-19   0.00000E+00  -0.47160E-25
  0.001   0.100    0.00000E+00   0.11360E-19   0.00000E+00   0.63303E-19   0.00000E+00   0.84025E-25
  0.001   0.110    0.00000E+00   0.22086E-19   0.00000E+00   0.12315E-18   0.00000E+00   0.65610E-25
  0.001   0.120    0.00000E+00   0.40562E-19   0.00000E+00   0.22600E-18   0.00000E+00   0.20490E-25
  0.002   0.130    0.00000E+00   0.70942E-19   0.00000E+00   0.39510E-18   0.00000E+00   0.35655E-24
  0.002   0.140    0.00000E+00   0.11899E-18   0.00000E+00   0.66229E-18   0.00000E+00  -0.10625E-24
  0.002   0.150    0.00000E+00   0.19250E-18   0.00000E+00   0.10712E-17   0.00000E+00   0.19485E-24
  0.003   0.160    0.00000E+00   0.30184E-18   0.00000E+00   0.16788E-17   0.00000E+00  -0.24790E-24
  0.003   0.170    0.00000E+00   0.46049E-18   0.00000E+00   0.25597E-17   0.00000E+00  -0.14031E-24
  0.003   0.180    0.00000E+00   0.68557E-18   0.00000E+00   0.38088E-17   0.00000E+00   0.13869E-24
  0.004   0.190    0.00000E+00   0.99871E-18   0.00000E+00   0.55453E-17   0.00000E+00  -0.55431E-24
  0.004   0.200    0.00000E+00   0.14269E-17   0.00000E+00   0.79171E-17   0.00000E+00   0.20334E-24
  0.004   0.210    0.00000E+00   0.20028E-17   0.00000E+00   0.11105E-16   0.00000E+00   0.80882E-24
  0.005   0.220    0.00000E+00   0.27665E-17   0.00000E+00   0.15329E-16   0.00000E+00  -0.19886E-24
  0.005   0.230    0.00000E+00   0.37662E-17   0.00000E+00   0.20852E-16   0.00000E+00  -0.59515E-27
  0.006   0.240    0.00000E+00   0.50590E-17   0.00000E+00   0.27989E-16   0.00000E+00  -0.17591E-24
  0.006   0.250    0.00000E+00   0.67123E-17   0.00000E+00   0.37106E-16   0.00000E+00  -0.26341E-24
  0.007   0.260    0.00000E+00   0.88063E-17   0.00000E+00   0.48640E-16   0.00000E+00  -0.10895E-24
  0.007   0.270    0.00000E+00   0.11433E-16   0.00000E+00   0.63091E-16   0.00000E+00  -0.34256E-24
  0.008   0.280    0.00000E+00   0.14699E-16   0.00000E+00   0.81041E-16   0.00000E+00  -0.59568E-24
  0.009   0.290    0.00000E+00   0.18728E-16   0.00000E+00   0.10316E-15   0.00000E+00   0.63034E-24
  0.009   0.300    0.00000E+00   0.23661E-16   0.00000E+00   0.13020E-15   0.00000E+00   0.23219E-24
  0.010   0.310    0.00000E+00   0.29657E-16   0.00000E+00   0.16303E-15   0.00000E+00   0.16072E-24
  0.010   0.320    0.00000E+00   0.36899E-16   0.00000E+00   0.20263E-15   0.00000E+00  -0.71783E-24
  0.011   0.330    0.00000E+00   0.45592E-16   0.00000E+00   0.25009E-15   0.00000E+00   0.38219E-23
  0.012   0.340    0.00000E+00   0.55965E-16   0.00000E+00   0.30665E-15   0.00000E+00   0.17257E-23
  0.012   0.350    0.00000E+00   0.68276E-16   0.00000E+00   0.37367E-15   0.00000E+00   0.23036E-23
  0.013   0.360    0.00000E+00   0.82811E-16   0.00000E+00   0.45267E-15   0.00000E+00  -0.18555E-23
  0.014   0.370    0.00000E+00   0.99887E-16   0.00000E+00   0.54535E-15   0.00000E+00  -0.45593E-24
  0.015   0.380    0.00000E+00   0.11985E-15   0.00000E+00   0.65354E-15   0.00000E+00  -0.10695E-23
  0.016   0.390    0.00000E+00   0.14310E-15   0.00000E+00   0.77931E-15   0.00000E+00   0.12424E-23
  0.016   0.400    0.00000E+00   0.17006E-15   0.00000E+00   0.92486E-15   0.00000E+00   0.15063E-23
  0.017   0.410    0.00000E+00   0.20119E-15   0.00000E+00   0.10927E-14   0.00000E+00   0.62417E-24
  0.018   0.420    0.00000E+00   0.23700E-15   0.00000E+00   0.12853E-14   0.00000E+00  -0.91053E-25
  0.019   0.430    0.00000E+00   0.27804E-15   0.00000E+00   0.15058E-14   0.00000E+00  -0.59191E-23
  0.020   0.440    0.00000E+00   0.32493E-15   0.00000E+00   0.17571E-14   0.00000E+00   0.26898E-23
  0.021   0.450    0.00000E+00   0.37831E-15   0.00000E+00   0.20427E-14   0.00000E+00   0.20474E-23
  0.022   0.460    0.00000E+00   0.43890E-15   0.00000E+00   0.23662E-14   0.00000E+00  -0.33276E-23
  0.023   0.470    0.00000E+00   0.50745E-15   0.00000E+00   0.27314E-14   0.00000E+00  -0.22930E-23
  0.023   0.480    0.00000E+00   0.58478E-15   0.00000E+00   0.31426E-14   0.00000E+00  -0.33425E-23
  0.024   0.490    0.00000E+00   0.67179E-15   0.00000E+00   0.36042E-14   0.00000E+00  -0.12534E-23
  0.025   0.500    0.00000E+00   0.76941E-15   0.00000E+00   0.41209E-14   0.00000E+00  -0.56347E-23
  0.027   0.510    0.00000E+00   0.87866E-15   0.00000E+00   0.46980E-14   0.00000E+00   0.11768E-23
  0.028   0.520    0.00000E+00   0.10006E-14   0.00000E+00   0.53406E-14   0.00000E+00   0.45894E-23
  0.029   0.530    0.00000E+00   0.11365E-14   0.00000E+00   0.60546E-14   0.00000E+00   0.51455E-23
  0.030   0.540    0.00000E+00   0.12874E-14   0.00000E+00   0.68460E-14   0.00000E+00   0.51290E-23
  0.031   0.550    0.00000E+00   0.14547E-14   0.00000E+00   0.77213E-14   0.00000E+00  -0.81618E-23
  0.032   0.560    0.00000E+00   0.16398E-14   0.00000E+00   0.86871E-14   0.00000E+00   0.38183E-23
  0.033   0.570    0.00000E+00   0.18441E-14   0.00000E+00   0.97505E-14   0.00000E+00   0.40903E-23
  0.034   0.580    0.00000E+00   0.20692E-14   0.00000E+00   0.10919E-13   0.00000E+00  -0.22386E-23
  0.035   0.590    0.00000E+00   0.23168E-14   0.00000E+00   0.12201E-13   0.00000E+00   0.28795E-23
  0.037   0.600    0.00000E+00   0.25885E-14   0.00000E+00   0.13603E-13   0.00000E+00   0.86332E-23
  0.038   0.610    0.00000E+00   0.28861E-14   0.00000E+00   0.15135E-13   0.00000E+00   0.94145E-23
  0.039   0.620    0.00000E+00   0.32116E-14   0.00000E+00   0.16806E-13   0.00000E+00  -0.69066E-23
  0.040   0.630    0.00000E+00   0.35670E-14   0.00000E+00   0.18625E-13   0.00000E+00   0.72428E-24
  0.042   0.640    0.00000E+00   0.39543E-14   0.00000E+00   0.20602E-13   0.00000E+00   0.46308E-23
  0.043   0.650    0.00000E+00   0.43758E-14   0.00000E+00   0.22746E-13   0.00000E+00   0.42111E-23
  0.044   0.660    0.00000E+00   0.48337E-14   0.00000E+00   0.25069E-13   0.00000E+00  -0.14069E-22
  0.046   0.670    0.00000E+00   0.53304E-14   0.00000E+00   0.27581E-13   0.00000E+00  -0.11565E-22
  0.047   0.680    0.00000E+00   0.58685E-14   0.00000E+00   0.30293E-13   0.00000E+00  -0.20737E-23
  0.049   0.690    0.00000E+00   0.64506E-14   0.00000E+00   0.33217E-13   0.00000E+00   0.13745E-22
  0.050   0.700    0.00000E+00   0.70793E-14   0.00000E+00   0.36365E-13   0.00000E+00  -0.79573E-23
  0.051   0.710    0.00000E+00   0.77575E-14   0.00000E+00   0.39750E-13   0.00000E+00  -0.16755E-23
  0.053   0.720    0.00000E+00   0.84880E-14   0.00000E+00   0.43383E-13   0.00000E+00  -0.16190E-22
  0.054   0.730    0.00000E+00   0.92740E-14   0.00000E+00   0.47278E-13   0.00000E+00   0.64472E-23
  0.056   0.740    0.00000E+00   0.10119E-13   0.00000E+00   0.51449E-13   0.00000E+00  -0.25831E-22
  0.057   0.750    0.00000E+00   0.11025E-13   0.00000E+00   0.55909E-13   0.00000E+00   0.92678E-23
  0.059   0.760    0.00000E+00   0.11997E-13   0.00000E+00   0.60672E-13   0.00000E+00   0.19676E-22
  0.060   0.770    0.00000E+00   0.13037E-13   0.00000E+00   0.65754E-13   0.00000E+00  -0.12292E-22
  0.062   0.780    0.00000E+00   0.14150E-13   0.00000E+00   0.71167E-13   0.00000E+00   0.12665E-22
  0.064   0.790    0.00000E+00   0.15338E-13   0.00000E+00   0.76928E-13   0.00000E+00   0.39821E-23
  0.065   0.800    0.00000E+00   0.16607E-13   0.00000E+00   0.83051E-13   0.00000E+00   0.13960E-22
  0.067   0.810    0.00000E+00   0.17959E-13   0.00000E+00   0.89553E-13   0.00000E+00  -0.15602E-24
  0.069   0.820    0.00000E+00   0.19399E-13   0.00000E+00   0.96449E-13   0.00000E+00   0.30232E-22
  0.070   0.830    0.00000E+00   0.20931E-13   0.00000E+00   0.10376E-12   0.00000E+00   0.44393E-22
  0.072   0.840    0.00000E+00   0.22559E-13   0.00000E+00   0.11149E-12   0.00000E+00  -0.11070E-22
  0.074   0.850    0.00000E+00   0.24287E-13   0.00000E+00   0.11966E-12   0.00000E+00   0.22453E-22
  0.075   0.860    0.00000E+00   0.26121E-13   0.00000E+00   0.12830E-12   0.00000E+00   0.22148E-22
  0.077   0.870    0.00000E+00   0.28064E-13   0.00000E+00   0.13741E-12   0.00000E+00  -0.69562E-23
  0.079   0.880    0.00000E+00   0.30122E-13   0.00000E+00   0.14701E-12   0.00000E+00   0.20007E-22
  0.081   0.890    0.00000E+00   0.32299E-13   0.00000E+00   0.15713E-12   0.00000E+00   0.23039E-22
  0.083   0.900    0.00000E+00   0.34600E-13   0.00000E+00   0.16777E-12   0.00000E+00   0.30465E-22
  0.084   0.910    0.00000E+00   0.37031E-13   0.00000E+00   0.17896E-12   0.00000E+00   0.65582E-22
  0.086   0.920    0.00000E+00   0.39596E-13   0.00000E+00   0.19071E-12   0.00000E+00   0.45135E-22
  0.088   0.930    0.00000E+00   0.42300E-13   0.00000E+00   0.20304E-12   0.00000E+00   0.43140E-22
  0.090   0.940    0.00000E+00   0.45149E-13   0.00000E+00   0.21597E-12   0.00000E+00   0.74645E-22
  0.092   0.950    0.00000E+00   0.48149E-13   0.00000E+00   0.22952E-12   0.00000E+00   0.10324E-21
  0.094   0.960    0.00000E+00   0.51304E-13   0.00000E+00   0.24370E-12   0.00000E+00   0.14164E-21
  0.096   0.970    0.00000E+00   0.54621E-13   0.00000E+00   0.25852E-12   0.00000E+00   0.16536E-21
  0.098   0.980    0.00000E+00   0.58105E-13   0.00000E+00   0.27402E-12   0.00000E+00   0.17694E-21
  0.100   0.990    0.00000E+00   0.61763E-13   0.00000E+00   0.29020E-12   0.00000E+00   0.18474E-21
  0.102   1.000    0.00000E+00   0.65599E-13   0.00000E+00   0.30708E-12   0.00000E+00   0.26421E-21
  0.104   1.010    0.00000E+00   0.69621E-13   0.00000E+00   0.32469E-12   0.00000E+00   0.29008E-21
  0.106   1.020    0.00000E+00   0.73833E-13   0.00000E+00   0.34303E-12   0.00000E+00   0.32593E-21
  0.108   1.030    0.00000E+00   0.78243E-13   0.00000E+00   0.36212E-12   0.00000E+00   0.39086E-21
  0.110   1.040    0.00000E+00   0.82857E-13   0.00000E+00   0.38198E-12   0.00000E+00   0.46319E-21
  0.112   1.050    0.00000E+00   0.87680E-13   0.00000E+00   0.40263E-12   0.00000E+00   0.52495E-21
  0.115   1.060    0.00000E+00   0.92720E-13   0.00000E+00   0.42409E-12   0.00000E+00   0.65787E-21
  0.117   1.070    0.00000E+00   0.97983E-13   0.00000E+00   0.44636E-12   0.00000E+00   0.70041E-21
  0.119   1.080    0.00000E+00   0.10348E-12   0.00000E+00   0.46947E-12   0.00000E+00   0.83857E-21
  0.121   1.090    0.00000E+00   0.10920E-12   0.00000E+00   0.49342E-12   0.00000E+00   0.10092E-20
  0.123   1.100    0.00000E+00   0.11518E-12   0.00000E+00   0.51825E-12   0.00000E+00   0.11352E-20
  0.126   1.110    0.00000E+00   0.12140E-12   0.00000E+00   0.54395E-12   0.00000E+00   0.13274E-20
  0.128   1.120    0.00000E+00   0.12787E-12   0.00000E+00   0.57055E-12   0.00000E+00   0.15259E-20
  0.130   1.130    0.00000E+00   0.13461E-12   0.00000E+00   0.59806E-12   0.00000E+00   0.17787E-20
  0.133   1.140    0.00000E+00   0.14163E-12   0.00000E+00   0.62649E-12   0.00000E+00   0.20255E-20
  0.135   1.150    0.00000E+00   0.14891E-12   0.00000E+00   0.65585E-12   0.00000E+00   0.23194E-20
  0.137   1.160    0.00000E+00   0.15649E-12   0.00000E+00   0.68617E-12   0.00000E+00   0.27053E-20
  0.140   1.170    0.00000E+00   0.16435E-12   0.00000E+00   0.71745E-12   0.00000E+00   0.31451E-20
  0.142   1.180    0.00000E+00   0.17252E-12   0.00000E+00   0.74970E-12   0.00000E+00   0.35909E-20
  0.144   1.190    0.00000E+00   0.18099E-12   0.00000E+00   0.78294E-12   0.00000E+00   0.41428E-20
  0.147   1.200    0.00000E+00   0.18977E-12   0.00000E+00   0.81717E-12   0.00000E+00   0.47114E-20
  0.149   1.210    0.00000E+00   0.19888E-12   0.00000E+00   0.85241E-12   0.00000E+00   0.53490E-20
  0.152   1.220    0.00000E+00   0.20831E-12   0.00000E+00   0.88867E-12   0.00000E+00   0.61204E-20
  0.154   1.230    0.00000E+00   0.21808E-12   0.00000E+00   0.92596E-12   0.00000E+00   0.69964E-20
  0.157   1.240    0.00000E+00   0.22819E-12   0.00000E+00   0.96428E-12   0.00000E+00   0.79136E-20
  0.159   1.250    0.00000E+00   0.23865E-12   0.00000E+00   0.10037E-11   0.00000E+00   0.89972E-20
  0.162   1.260    0.00000E+00   0.24947E-12   0.00000E+00   0.10441E-11   0.00000E+00   0.10220E-19
  0.164   1.270    0.00000E+00   0.26066E-12   0.00000E+00   0.10856E-11   0.00000E+00   0.11601E-19
  0.167   1.280    0.00000E+00   0.27222E-12   0.00000E+00   0.11281E-11   0.00000E+00   0.13104E-19
  0.170   1.290    0.00000E+00   0.28416E-12   0.00000E+00   0.11717E-11   0.00000E+00   0.14834E-19
  0.172   1.300    0.00000E+00   0.29649E-12   0.00000E+00   0.12164E-11   0.00000E+00   0.16754E-19
  0.175   1.310    0.00000E+00   0.30922E-12   0.00000E+00   0.12622E-11   0.00000E+00   0.18852E-19
  0.178   1.320    0.00000E+00   0.32235E-12   0.00000E+00   0.13091E-11   0.00000E+00   0.21256E-19
  0.180   1.330    0.00000E+00   0.33589E-12   0.00000E+00   0.13571E-11   0.00000E+00   0.23920E-19
  0.183   1.340    0.00000E+00   0.34986E-12   0.00000E+00   0.14062E-11   0.00000E+00   0.26857E-19
  0.186   1.350    0.00000E+00   0.36425E-12   0.00000E+00   0.14564E-11   0.00000E+00   0.30192E-19
  0.189   1.360    0.00000E+00   0.37907E-12   0.00000E+00   0.15077E-11   0.00000E+00   0.33824E-19
  0.191   1.370    0.00000E+00   0.39434E-12   0.00000E+00   0.15601E-11   0.00000E+00   0.37858E-19
  0.194   1.380    0.00000E+00   0.41007E-12   0.00000E+00   0.16136E-11   0.00000E+00   0.42346E-19
  0.197   1.390    0.00000E+00   0.42625E-12   0.00000E+00   0.16682E-11   0.00000E+00   0.47305E-19
  0.200   1.400    0.00000E+00   0.44289E-12   0.00000E+00   0.17240E-11   0.00000E+00   0.52815E-19
  0.203   1.410    0.00000E+00   0.46002E-12   0.00000E+00   0.17808E-11   0.00000E+00   0.58895E-19
  0.206   1.420    0.00000E+00   0.47762E-12   0.00000E+00   0.18388E-11   0.00000E+00   0.65559E-19
  0.209   1.430    0.00000E+00   0.49572E-12   0.00000E+00   0.18978E-11   0.00000E+00   0.72925E-19
  0.211   1.440    0.00000E+00   0.51432E-12   0.00000E+00   0.19580E-11   0.00000E+00   0.81133E-19
  0.214   1.450    0.00000E+00   0.53342E-12   0.00000E+00   0.20193E-11   0.00000E+00   0.90075E-19
  0.217   1.460    0.00000E+00   0.55304E-12   0.00000E+00   0.20817E-11   0.00000E+00   0.99891E-19
  0.220   1.470    0.00000E+00   0.57318E-12   0.00000E+00   0.21452E-11   0.00000E+00   0.11071E-18
  0.223   1.480    0.00000E+00   0.59385E-12   0.00000E+00   0.22098E-11   0.00000E+00   0.12254E-18
  0.226   1.490    0.00000E+00   0.61506E-12   0.00000E+00   0.22755E-11   0.00000E+00   0.13561E-18
  0.229   1.500    0.00000E+00   0.63682E-12   0.00000E+00   0.23423E-11   0.00000E+00   0.14984E-18
  0.233   1.510    0.00000E+00   0.65914E-12   0.00000E+00   0.24101E-11   0.00000E+00   0.16542E-18
  0.236   1.520    0.00000E+00   0.68202E-12   0.00000E+00   0.24791E-11   0.00000E+00   0.18251E-18
  0.239   1.530    0.00000E+00   0.70547E-12   0.00000E+00   0.25491E-11   0.00000E+00   0.20117E-18
  0.242   1.540    0.00000E+00   0.72950E-12   0.00000E+00   0.26202E-11   0.00000E+00   0.22152E-18
  0.245   1.550    0.00000E+00   0.75412E-12   0.00000E+00   0.26924E-11   0.00000E+00   0.24375E-18
  0.248   1.560    0.00000E+00   0.77933E-12   0.00000E+00   0.27656E-11   0.00000E+00   0.26795E-18
  0.251   1.570    0.00000E+00   0.80515E-12   0.00000E+00   0.28399E-11   0.00000E+00   0.29433E-18
  0.255   1.580    0.00000E+00   0.83158E-12   0.00000E+00   0.29152E-11   0.00000E+00   0.32302E-18
  0.258   1.590    0.00000E+00   0.85864E-12   0.00000E+00   0.29916E-11   0.00000E+00   0.35420E-18
  0.261   1.600    0.00000E+00   0.88632E-12   0.00000E+00   0.30690E-11   0.00000E+00   0.38811E-18
  0.264   1.610    0.00000E+00   0.91464E-12   0.00000E+00   0.31474E-11   0.00000E+00   0.42493E-18
  0.268   1.620    0.00000E+00   0.94360E-12   0.00000E+00   0.32268E-11   0.00000E+00   0.46486E-18
  0.271   1.630    0.00000E+00   0.97322E-12   0.00000E+00   0.33072E-11   0.00000E+00   0.50814E-18
  0.274   1.640    0.00000E+00   0.10035E-11   0.00000E+00   0.33886E-11   0.00000E+00   0.55504E-18
  0.278   1.650    0.00000E+00   0.10345E-11   0.00000E+00   0.34710E-11   0.00000E+00   0.60584E-18
  0.281   1.660    0.00000E+00   0.10661E-11   0.00000E+00   0.35544E-11   0.00000E+00   0.66074E-18
  0.284   1.670    0.00000E+00   0.10984E-11   0.00000E+00   0.36388E-11   0.00000E+00   0.72011E-18
  0.288   1.680    0.00000E+00   0.11314E-11   0.00000E+00   0.37241E-11   0.00000E+00   0.78427E-18
  0.291   1.690    0.00000E+00   0.11651E-11   0.00000E+00   0.38103E-11   0.00000E+00   0.85348E-18
  0.295   1.700    0.00000E+00   0.11996E-11   0.00000E+00   0.38975E-11   0.00000E+00   0.92819E-18
  0.298   1.710    0.00000E+00   0.12347E-11   0.00000E+00   0.39857E-11   0.00000E+00   0.10087E-17
  0.302   1.720    0.00000E+00   0.12706E-11   0.00000E+00   0.40747E-11   0.00000E+00   0.10955E-17
  0.305   1.730    0.00000E+00   0.13072E-11   0.00000E+00   0.41647E-11   0.00000E+00   0.11889E-17
  0.309   1.740    0.00000E+00   0.13446E-11   0.00000E+00   0.42555E-11   0.00000E+00   0.12894E-17
  0.312   1.750    0.00000E+00   0.13827E-11   0.00000E+00   0.43473E-11   0.00000E+00   0.13976E-17
  0.316   1.760    0.00000E+00   0.14216E-11   0.00000E+00   0.44399E-11   0.00000E+00   0.15137E-17
  0.319   1.770    0.00000E+00   0.14612E-11   0.00000E+00   0.45334E-11   0.00000E+00   0.16385E-17
  0.323   1.780    0.00000E+00   0.15016E-11   0.00000E+00   0.46277E-11   0.00000E+00   0.17724E-17
  0.327   1.790    0.00000E+00   0.15428E-11   0.00000E+00   0.47229E-11   0.00000E+00   0.19161E-17
  0.330   1.800    0.00000E+00   0.15849E-11   0.00000E+00   0.48189E-11   0.00000E+00   0.20701E-17
  0.334   1.810    0.00000E+00   0.16277E-11   0.00000E+00   0.49158E-11   0.00000E+00   0.22351E-17
  0.338   1.820    0.00000E+00   0.16713E-11   0.00000E+00   0.50134E-11   0.00000E+00   0.24118E-17
  0.341   1.830    0.00000E+00   0.17158E-11   0.00000E+00   0.51119E-11   0.00000E+00   0.26009E-17
  0.345   1.840    0.00000E+00   0.17611E-11   0.00000E+00   0.52112E-11   0.00000E+00   0.28032E-17
  0.349   1.850    0.00000E+00   0.18072E-11   0.00000E+00   0.53112E-11   0.00000E+00   0.30194E-17
  0.353   1.860    0.00000E+00   0.18541E-11   0.00000E+00   0.54120E-11   0.00000E+00   0.32505E-17
  0.357   1.870    0.00000E+00   0.19020E-11   0.00000E+00   0.55136E-11   0.00000E+00   0.34972E-17
  0.360   1.880    0.00000E+00   0.19507E-11   0.00000E+00   0.56160E-11   0.00000E+00   0.37605E-17
  0.364   1.890    0.00000E+00   0.20002E-11   0.00000E+00   0.57190E-11   0.00000E+00   0.40413E-17
  0.368   1.900    0.00000E+00   0.20507E-11   0.00000E+00   0.58229E-11   0.00000E+00   0.43408E-17
  0.372   1.910    0.00000E+00   0.21020E-11   0.00000E+00   0.59274E-11   0.00000E+00   0.46599E-17
  0.376   1.920    0.00000E+00   0.21543E-11   0.00000E+00   0.60326E-11   0.00000E+00   0.49997E-17
  0.380   1.930    0.00000E+00   0.22074E-11   0.00000E+00   0.61386E-11   0.00000E+00   0.53615E-17
  0.384   1.940    0.00000E+00   0.22615E-11   0.00000E+00   0.62452E-11   0.00000E+00   0.57463E-17
  0.388   1.950    0.00000E+00   0.23165E-11   0.00000E+00   0.63526E-11   0.00000E+00   0.61557E-17
  0.392   1.960    0.00000E+00   0.23724E-11   0.00000E+00   0.64606E-11   0.00000E+00   0.65907E-17
  0.396   1.970    0.00000E+00   0.24293E-11   0.00000E+00   0.65693E-11   0.00000E+00   0.70529E-17
  0.400   1.980    0.00000E+00   0.24871E-11   0.00000E+00   0.66786E-11   0.00000E+00   0.75437E-17
  0.404   1.990    0.00000E+00   0.25459E-11   0.00000E+00   0.67886E-11   0.00000E+00   0.80647E-17
  0.408   2.000    0.00000E+00   0.26056E-11   0.00000E+00   0.68992E-11   0.00000E+00   0.86173E-17
  0.412   2.010    0.00000E+00   0.26664E-11   0.00000E+00   0.70104E-11   0.00000E+00   0.92033E-17
  0.416   2.020    0.00000E+00   0.27281E-11   0.00000E+00   0.71223E-11   0.00000E+00   0.98245E-17
  0.420   2.030    0.00000E+00   0.27908E-11   0.00000E+00   0.72348E-11   0.00000E+00   0.10482E-16
  0.424   2.040    0.00000E+00   0.28545E-11   0.00000E+00   0.73479E-11   0.00000E+00   0.11179E-16
  0.429   2.050    0.00000E+00   0.29193E-11   0.00000E+00   0.74616E-11   0.00000E+00   0.11917E-16
  0.433   2.060    0.00000E+00   0.29850E-11   0.00000E+00   0.75758E-11   0.00000E+00   0.12697E-16
  0.437   2.070    0.00000E+00   0.30518E-11   0.00000E+00   0.76907E-11   0.00000E+00   0.13522E-16
  0.441   2.080    0.00000E+00   0.31196E-11   0.00000E+00   0.78061E-11   0.00000E+00   0.14395E-16
  0.445   2.090    0.00000E+00   0.31885E-11   0.00000E+00   0.79221E-11   0.00000E+00   0.15316E-16
  0.450   2.100    0.00000E+00   0.32584E-11   0.00000E+00   0.80387E-11   0.00000E+00   0.16290E-16
  0.454   2.110    0.00000E+00   0.33294E-11   0.00000E+00   0.81558E-11   0.00000E+00   0.17317E-16
  0.458   2.120    0.00000E+00   0.34014E-11   0.00000E+00   0.82734E-11   0.00000E+00   0.18402E-16
  0.463   2.130    0.00000E+00   0.34746E-11   0.00000E+00   0.83916E-11   0.00000E+00   0.19546E-16
  0.467   2.140    0.00000E+00   0.35488E-11   0.00000E+00   0.85103E-11   0.00000E+00   0.20752E-16
  0.471   2.150    0.00000E+00   0.36241E-11   0.00000E+00   0.86296E-11   0.00000E+00   0.22023E-16
  0.476   2.160    0.00000E+00   0.37006E-11   0.00000E+00   0.87494E-11   0.00000E+00   0.23362E-16
  0.480   2.170    0.00000E+00   0.37781E-11   0.00000E+00   0.88696E-11   0.00000E+00   0.24773E-16
  0.485   2.180    0.00000E+00   0.38568E-11   0.00000E+00   0.89904E-11   0.00000E+00   0.26257E-16
  0.489   2.190    0.00000E+00   0.39366E-11   0.00000E+00   0.91117E-11   0.00000E+00   0.27820E-16
  0.494   2.200    0.00000E+00   0.40175E-11   0.00000E+00   0.92335E-11   0.00000E+00   0.29463E-16
  0.498   2.210    0.00000E+00   0.40996E-11   0.00000E+00   0.93557E-11   0.00000E+00   0.31191E-16
  0.503   2.220    0.00000E+00   0.41829E-11   0.00000E+00   0.94784E-11   0.00000E+00   0.33008E-16
  0.507   2.230    0.00000E+00   0.42673E-11   0.00000E+00   0.96017E-11   0.00000E+00   0.34916E-16
  0.512   2.240    0.00000E+00   0.43529E-11   0.00000E+00   0.97253E-11   0.00000E+00   0.36920E-16
  0.516   2.250    0.00000E+00   0.44396E-11   0.00000E+00   0.98495E-11   0.00000E+00   0.39025E-16
  0.521   2.260    0.00000E+00   0.45276E-11   0.00000E+00   0.99741E-11   0.00000E+00   0.41233E-16
  0.525   2.270    0.00000E+00   0.46168E-11   0.00000E+00   0.10099E-10   0.00000E+00   0.43550E-16
  0.530   2.280    0.00000E+00   0.47071E-11   0.00000E+00   0.10225E-10   0.00000E+00   0.45979E-16
  0.535   2.290    0.00000E+00   0.47987E-11   0.00000E+00   0.10351E-10   0.00000E+00   0.48526E-16
  0.539   2.300    0.00000E+00   0.48915E-11   0.00000E+00   0.10477E-10   0.00000E+00   0.51196E-16
  0.544   2.310    0.00000E+00   0.49855E-11   0.00000E+00   0.10604E-10   0.00000E+00   0.53992E-16
  0.549   2.320    0.00000E+00   0.50808E-11   0.00000E+00   0.10731E-10   0.00000E+00   0.56920E-16
  0.554   2.330    0.00000E+00   0.51773E-11   0.00000E+00   0.10859E-10   0.00000E+00   0.59985E-16
  0.558   2.340    0.00000E+00   0.52750E-11   0.00000E+00   0.10987E-10   0.00000E+00   0.63193E-16
  0.563   2.350    0.00000E+00   0.53740E-11   0.00000E+00   0.11115E-10   0.00000E+00   0.66549E-16
  0.568   2.360    0.00000E+00   0.54743E-11   0.00000E+00   0.11244E-10   0.00000E+00   0.70058E-16
  0.573   2.370    0.00000E+00   0.55759E-11   0.00000E+00   0.11373E-10   0.00000E+00   0.73726E-16
  0.578   2.380    0.00000E+00   0.56787E-11   0.00000E+00   0.11503E-10   0.00000E+00   0.77560E-16
  0.582   2.390    0.00000E+00   0.57828E-11   0.00000E+00   0.11633E-10   0.00000E+00   0.81564E-16
  0.587   2.400    0.00000E+00   0.58883E-11   0.00000E+00   0.11763E-10   0.00000E+00   0.85747E-16
  0.592   2.410    0.00000E+00   0.59950E-11   0.00000E+00   0.11894E-10   0.00000E+00   0.90112E-16
  0.597   2.420    0.00000E+00   0.61030E-11   0.00000E+00   0.12025E-10   0.00000E+00   0.94669E-16
  0.602   2.430    0.00000E+00   0.62123E-11   0.00000E+00   0.12157E-10   0.00000E+00   0.99422E-16
  0.607   2.440    0.00000E+00   0.63230E-11   0.00000E+00   0.12288E-10   0.00000E+00   0.10438E-15
  0.612   2.450    0.00000E+00   0.64350E-11   0.00000E+00   0.12421E-10   0.00000E+00   0.10955E-15
  0.617   2.460    0.00000E+00   0.65483E-11   0.00000E+00   0.12553E-10   0.00000E+00   0.11494E-15
  0.622   2.470    0.00000E+00   0.66630E-11   0.00000E+00   0.12686E-10   0.00000E+00   0.12055E-15
  0.627   2.480    0.00000E+00   0.67790E-11   0.00000E+00   0.12819E-10   0.00000E+00   0.12639E-15
  0.632   2.490    0.00000E+00   0.68964E-11   0.00000E+00   0.12953E-10   0.00000E+00   0.13248E-15
  0.637   2.500    0.00000E+00   0.70151E-11   0.00000E+00   0.13087E-10   0.00000E+00   0.13882E-15
  0.642   2.510    0.00000E+00   0.71352E-11   0.00000E+00   0.13221E-10   0.00000E+00   0.14541E-15
  0.648   2.520    0.00000E+00   0.72567E-11   0.00000E+00   0.13356E-10   0.00000E+00   0.15227E-15
  0.653   2.530    0.00000E+00   0.73795E-11   0.00000E+00   0.13490E-10   0.00000E+00   0.15940E-15
  0.658   2.540    0.00000E+00   0.75038E-11   0.00000E+00   0.13626E-10   0.00000E+00   0.16681E-15
  0.663   2.550    0.00000E+00   0.76294E-11   0.00000E+00   0.13761E-10   0.00000E+00   0.17451E-15
  0.668   2.560    0.00000E+00   0.77564E-11   0.00000E+00   0.13897E-10   0.00000E+00   0.18252E-15
  0.674   2.570    0.00000E+00   0.78848E-11   0.00000E+00   0.14033E-10   0.00000E+00   0.19083E-15
  0.679   2.580    0.00000E+00   0.80146E-11   0.00000E+00   0.14169E-10   0.00000E+00   0.19946E-15
  0.684   2.590    0.00000E+00   0.81458E-11   0.00000E+00   0.14305E-10   0.00000E+00   0.20842E-15
  0.689   2.600    0.00000E+00   0.82785E-11   0.00000E+00   0.14442E-10   0.00000E+00   0.21772E-15
  0.695   2.610    0.00000E+00   0.84125E-11   0.00000E+00   0.14579E-10   0.00000E+00   0.22736E-15
  0.700   2.620    0.00000E+00   0.85480E-11   0.00000E+00   0.14716E-10   0.00000E+00   0.23736E-15
  0.705   2.630    0.00000E+00   0.86849E-11   0.00000E+00   0.14854E-10   0.00000E+00   0.24773E-15
  0.711   2.640    0.00000E+00   0.88232E-11   0.00000E+00   0.14992E-10   0.00000E+00   0.25847E-15
  0.716   2.650    0.00000E+00   0.89629E-11   0.00000E+00   0.15130E-10   0.00000E+00   0.26960E-15
  0.722   2.660    0.00000E+00   0.91041E-11   0.00000E+00   0.15268E-10   0.00000E+00   0.28113E-15
  0.727   2.670    0.00000E+00   0.92467E-11   0.00000E+00   0.15406E-10   0.00000E+00   0.29307E-15
  0.732   2.680    0.00000E+00   0.93908E-11   0.00000E+00   0.15545E-10   0.00000E+00   0.30542E-15
  0.738   2.690    0.00000E+00   0.95363E-11   0.00000E+00   0.15683E-10   0.00000E+00   0.31821E-15
  0.743   2.700    0.00000E+00   0.96833E-11   0.00000E+00   0.15822E-10   0.00000E+00   0.33144E-15
  0.749   2.710    0.00000E+00   0.98317E-11   0.00000E+00   0.15961E-10   0.00000E+00   0.34512E-15
  0.754   2.720    0.00000E+00   0.99816E-11   0.00000E+00   0.16101E-10   0.00000E+00   0.35926E-15
  0.760   2.730    0.00000E+00   0.10133E-10   0.00000E+00   0.16240E-10   0.00000E+00   0.37388E-15
  0.766   2.740    0.00000E+00   0.10286E-10   0.00000E+00   0.16380E-10   0.00000E+00   0.38899E-15
  0.771   2.750    0.00000E+00   0.10440E-10   0.00000E+00   0.16519E-10   0.00000E+00   0.40459E-15
  0.777   2.760    0.00000E+00   0.10596E-10   0.00000E+00   0.16659E-10   0.00000E+00   0.42070E-15
  0.782   2.770    0.00000E+00   0.10753E-10   0.00000E+00   0.16799E-10   0.00000E+00   0.43734E-15
  0.788   2.780    0.00000E+00   0.10911E-10   0.00000E+00   0.16939E-10   0.00000E+00   0.45451E-15
  0.794   2.790    0.00000E+00   0.11071E-10   0.00000E+00   0.17079E-10   0.00000E+00   0.47222E-15
  0.799   2.800    0.00000E+00   0.11233E-10   0.00000E+00   0.17220E-10   0.00000E+00   0.49049E-15
  0.805   2.810    0.00000E+00   0.11396E-10   0.00000E+00   0.17360E-10   0.00000E+00   0.50934E-15
  0.811   2.820    0.00000E+00   0.11561E-10   0.00000E+00   0.17500E-10   0.00000E+00   0.52876E-15
  0.817   2.830    0.00000E+00   0.11727E-10   0.00000E+00   0.17641E-10   0.00000E+00   0.54877E-15
  0.822   2.840    0.00000E+00   0.11894E-10   0.00000E+00   0.17781E-10   0.00000E+00   0.56940E-15
  0.828   2.850    0.00000E+00   0.12063E-10   0.00000E+00   0.17922E-10   0.00000E+00   0.59064E-15
  0.834   2.860    0.00000E+00   0.12233E-10   0.00000E+00   0.18062E-10   0.00000E+00   0.61251E-15
  0.840   2.870    0.00000E+00   0.12405E-10   0.00000E+00   0.18203E-10   0.00000E+00   0.63502E-15
  0.846   2.880    0.00000E+00   0.12578E-10   0.00000E+00   0.18344E-10   0.00000E+00   0.65819E-15
  0.852   2.890    0.00000E+00   0.12753E-10   0.00000E+00   0.18484E-10   0.00000E+00   0.68202E-15
  0.858   2.900    0.00000E+00   0.12929E-10   0.00000E+00   0.18625E-10   0.00000E+00   0.70653E-15
  0.864   2.910    0.00000E+00   0.13107E-10   0.00000E+00   0.18765E-10   0.00000E+00   0.73173E-15
  0.869   2.920    0.00000E+00   0.13286E-10   0.00000E+00   0.18906E-10   0.00000E+00   0.75764E-15
  0.875   2.930    0.00000E+00   0.13467E-10   0.00000E+00   0.19046E-10   0.00000E+00   0.78426E-15
  0.881   2.940    0.00000E+00   0.13649E-10   0.00000E+00   0.19187E-10   0.00000E+00   0.81160E-15
  0.887   2.950    0.00000E+00   0.13832E-10   0.00000E+00   0.19327E-10   0.00000E+00   0.83969E-15
  0.893   2.960    0.00000E+00   0.14017E-10   0.00000E+00   0.19467E-10   0.00000E+00   0.86852E-15
  0.899   2.970    0.00000E+00   0.14204E-10   0.00000E+00   0.19607E-10   0.00000E+00   0.89811E-15
  0.906   2.980    0.00000E+00   0.14391E-10   0.00000E+00   0.19747E-10   0.00000E+00   0.92848E-15
  0.912   2.990    0.00000E+00   0.14581E-10   0.00000E+00   0.19887E-10   0.00000E+00   0.95962E-15
  0.918   3.000    0.00000E+00   0.14771E-10   0.00000E+00   0.20027E-10   0.00000E+00   0.99156E-15
  0.924   3.010    0.00000E+00   0.14963E-10   0.00000E+00   0.20166E-10   0.00000E+00   0.10243E-14
  0.930   3.020    0.00000E+00   0.15157E-10   0.00000E+00   0.20306E-10   0.00000E+00   0.10579E-14
  0.936   3.030    0.00000E+00   0.15352E-10   0.00000E+00   0.20445E-10   0.00000E+00   0.10923E-14
  0.942   3.040    0.00000E+00   0.15548E-10   0.00000E+00   0.20584E-10   0.00000E+00   0.11275E-14
  0.949   3.050    0.00000E+00   0.15746E-10   0.00000E+00   0.20723E-10   0.00000E+00   0.11635E-14
  0.955   3.060    0.00000E+00   0.15945E-10   0.00000E+00   0.20862E-10   0.00000E+00   0.12004E-14
  0.961   3.070    0.00000E+00   0.16146E-10   0.00000E+00   0.21000E-10   0.00000E+00   0.12382E-14
  0.967   3.080    0.00000E+00   0.16348E-10   0.00000E+00   0.21138E-10   0.00000E+00   0.12769E-14
  0.974   3.090    0.00000E+00   0.16551E-10   0.00000E+00   0.21276E-10   0.00000E+00   0.13164E-14
  0.980   3.100    0.00000E+00   0.16756E-10   0.00000E+00   0.21413E-10   0.00000E+00   0.13568E-14
  0.986   3.110    0.00000E+00   0.16962E-10   0.00000E+00   0.21551E-10   0.00000E+00   0.13981E-14
  0.993   3.120    0.00000E+00   0.17169E-10   0.00000E+00   0.21688E-10   0.00000E+00   0.14403E-14
  0.999   3.130    0.00000E+00   0.17378E-10   0.00000E+00   0.21824E-10   0.00000E+00   0.14834E-14
  1.005   3.140    0.00000E+00   0.17588E-10   0.00000E+00   0.21961E-10   0.00000E+00   0.15275E-14
  1.012   3.150    0.00000E+00   0.17800E-10   0.00000E+00   0.22097E-10   0.00000E+00   0.15724E-14
  1.018   3.160    0.00000E+00   0.18012E-10   0.00000E+00   0.22232E-10   0.00000E+00   0.16183E-14
  1.025   3.170    0.00000E+00   0.18227E-10   0.00000E+00   0.22367E-10   0.00000E+00   0.16651E-14
  1.031   3.180    0.00000E+00   0.18442E-10   0.00000E+00   0.22502E-10   0.00000E+00   0.17128E-14
  1.038   3.190    0.00000E+00   0.18659E-10   0.00000E+00   0.22637E-10   0.00000E+00   0.17615E-14
  1.044   3.200    0.00000E+00   0.18877E-10   0.00000E+00   0.22771E-10   0.00000E+00   0.18111E-14
  1.051   3.210    0.00000E+00   0.19096E-10   0.00000E+00   0.22904E-10   0.00000E+00   0.18617E-14
  1.057   3.220    0.00000E+00   0.19316E-10   0.00000E+00   0.23037E-10   0.00000E+00   0.19132E-14
  1.064   3.230    0.00000E+00   0.19538E-10   0.00000E+00   0.23170E-10   0.00000E+00   0.19656E-14
  1.070   3.240    0.00000E+00   0.19761E-10   0.00000E+00   0.23302E-10   0.00000E+00   0.20190E-14
  1.077   3.250    0.00000E+00   0.19985E-10   0.00000E+00   0.23433E-10   0.00000E+00   0.20733E-14
  1.084   3.260    0.00000E+00   0.20211E-10   0.00000E+00   0.23565E-10   0.00000E+00   0.21286E-14
  1.090   3.270    0.00000E+00   0.20437E-10   0.00000E+00   0.23695E-10   0.00000E+00   0.21848E-14
  1.097   3.280    0.00000E+00   0.20665E-10   0.00000E+00   0.23825E-10   0.00000E+00   0.22419E-14
  1.104   3.290    0.00000E+00   0.20894E-10   0.00000E+00   0.23954E-10   0.00000E+00   0.23000E-14
  1.110   3.300    0.00000E+00   0.21124E-10   0.00000E+00   0.24083E-10   0.00000E+00   0.23589E-14
  1.117   3.310    0.00000E+00   0.21355E-10   0.00000E+00   0.24212E-10   0.00000E+00   0.24188E-14
  1.124   3.320    0.00000E+00   0.21588E-10   0.00000E+00   0.24339E-10   0.00000E+00   0.24797E-14
  1.131   3.330    0.00000E+00   0.21821E-10   0.00000E+00   0.24466E-10   0.00000E+00   0.25414E-14
  1.138   3.340    0.00000E+00   0.22056E-10   0.00000E+00   0.24592E-10   0.00000E+00   0.26040E-14
  1.144   3.350    0.00000E+00   0.22292E-10   0.00000E+00   0.24718E-10   0.00000E+00   0.26675E-14
  1.151   3.360    0.00000E+00   0.22528E-10   0.00000E+00   0.24843E-10   0.00000E+00   0.27319E-14
  1.158   3.370    0.00000E+00   0.22766E-10   0.00000E+00   0.24967E-10   0.00000E+00   0.27972E-14
  1.165   3.380    0.00000E+00   0.23005E-10   0.00000E+00   0.25091E-10   0.00000E+00   0.28633E-14
  1.172   3.390    0.00000E+00   0.23245E-10   0.00000E+00   0.25213E-10   0.00000E+00   0.29302E-14
  1.179   3.400    0.00000E+00   0.23486E-10   0.00000E+00   0.25335E-10   0.00000E+00   0.29980E-14
  1.186   3.410    0.00000E+00   0.23728E-10   0.00000E+00   0.25457E-10   0.00000E+00   0.30665E-14
  1.193   3.420    0.00000E+00   0.23970E-10   0.00000E+00   0.25577E-10   0.00000E+00   0.31359E-14
  1.200   3.430    0.00000E+00   0.24214E-10   0.00000E+00   0.25697E-10   0.00000E+00   0.32060E-14
  1.207   3.440    0.00000E+00   0.24459E-10   0.00000E+00   0.25816E-10   0.00000E+00   0.32769E-14
  1.214   3.450    0.00000E+00   0.24704E-10   0.00000E+00   0.25934E-10   0.00000E+00   0.33485E-14
  1.221   3.460    0.00000E+00   0.24951E-10   0.00000E+00   0.26051E-10   0.00000E+00   0.34208E-14
  1.228   3.470    0.00000E+00   0.25198E-10   0.00000E+00   0.26167E-10   0.00000E+00   0.34938E-14
  1.235   3.480    0.00000E+00   0.25446E-10   0.00000E+00   0.26282E-10   0.00000E+00   0.35675E-14
  1.242   3.490    0.00000E+00   0.25695E-10   0.00000E+00   0.26397E-10   0.00000E+00   0.36418E-14
  1.249   3.500    0.00000E+00   0.25945E-10   0.00000E+00   0.26510E-10   0.00000E+00   0.37167E-14
  1.256   3.510    0.00000E+00   0.26195E-10   0.00000E+00   0.26623E-10   0.00000E+00   0.37921E-14
  1.263   3.520    0.00000E+00   0.26446E-10   0.00000E+00   0.26735E-10   0.00000E+00   0.38682E-14
  1.271   3.530    0.00000E+00   0.26698E-10   0.00000E+00   0.26845E-10   0.00000E+00   0.39447E-14
  1.278   3.540    0.00000E+00   0.26951E-10   0.00000E+00   0.26955E-10   0.00000E+00   0.40217E-14
  1.285   3.550    0.00000E+00   0.27204E-10   0.00000E+00   0.27064E-10   0.00000E+00   0.40992E-14
  1.292   3.560    0.00000E+00   0.27458E-10   0.00000E+00   0.27171E-10   0.00000E+00   0.41770E-14
  1.300   3.570    0.00000E+00   0.27713E-10   0.00000E+00   0.27278E-10   0.00000E+00   0.42553E-14
  1.307   3.580    0.00000E+00   0.27968E-10   0.00000E+00   0.27383E-10   0.00000E+00   0.43338E-14
  1.314   3.590    0.00000E+00   0.28224E-10   0.00000E+00   0.27488E-10   0.00000E+00   0.44127E-14
  1.322   3.600    0.00000E+00   0.28480E-10   0.00000E+00   0.27591E-10   0.00000E+00   0.44918E-14
  1.329   3.610    0.00000E+00   0.28737E-10   0.00000E+00   0.27693E-10   0.00000E+00   0.45711E-14
  1.336   3.620    0.00000E+00   0.28994E-10   0.00000E+00   0.27794E-10   0.00000E+00   0.46506E-14
  1.344   3.630    0.00000E+00   0.29252E-10   0.00000E+00   0.27894E-10   0.00000E+00   0.47302E-14
  1.351   3.640    0.00000E+00   0.29510E-10   0.00000E+00   0.27993E-10   0.00000E+00   0.48099E-14
  1.359   3.650    0.00000E+00   0.29769E-10   0.00000E+00   0.28090E-10   0.00000E+00   0.48896E-14
  1.366   3.660    0.00000E+00   0.30028E-10   0.00000E+00   0.28187E-10   0.00000E+00   0.49693E-14
  1.373   3.670    0.00000E+00   0.30288E-10   0.00000E+00   0.28282E-10   0.00000E+00   0.50488E-14
  1.381   3.680    0.00000E+00   0.30547E-10   0.00000E+00   0.28376E-10   0.00000E+00   0.51283E-14
  1.388   3.690    0.00000E+00   0.30807E-10   0.00000E+00   0.28469E-10   0.00000E+00   0.52075E-14
  1.396   3.700    0.00000E+00   0.31068E-10   0.00000E+00   0.28560E-10   0.00000E+00   0.52865E-14
  1.404   3.710    0.00000E+00   0.31328E-10   0.00000E+00   0.28650E-10   0.00000E+00   0.53652E-14
  1.411   3.720    0.00000E+00   0.31589E-10   0.00000E+00   0.28739E-10   0.00000E+00   0.54435E-14
  1.419   3.730    0.00000E+00   0.31850E-10   0.00000E+00   0.28826E-10   0.00000E+00   0.55214E-14
  1.426   3.740    0.00000E+00   0.32111E-10   0.00000E+00   0.28913E-10   0.00000E+00   0.55988E-14
  1.434   3.750    0.00000E+00   0.32372E-10   0.00000E+00   0.28997E-10   0.00000E+00   0.56756E-14
  1.442   3.760    0.00000E+00   0.32633E-10   0.00000E+00   0.29081E-10   0.00000E+00   0.57518E-14
  1.449   3.770    0.00000E+00   0.32895E-10   0.00000E+00   0.29163E-10   0.00000E+00   0.58273E-14
  1.457   3.780    0.00000E+00   0.33156E-10   0.00000E+00   0.29244E-10   0.00000E+00   0.59021E-14
  1.465   3.790    0.00000E+00   0.33418E-10   0.00000E+00   0.29323E-10   0.00000E+00   0.59760E-14
  1.472   3.800    0.00000E+00   0.33679E-10   0.00000E+00   0.29401E-10   0.00000E+00   0.60490E-14
  1.480   3.810    0.00000E+00   0.33940E-10   0.00000E+00   0.29477E-10   0.00000E+00   0.61211E-14
  1.488   3.820    0.00000E+00   0.34201E-10   0.00000E+00   0.29552E-10   0.00000E+00   0.61921E-14
  1.496   3.830    0.00000E+00   0.34462E-10   0.00000E+00   0.29626E-10   0.00000E+00   0.62620E-14
  1.504   3.840    0.00000E+00   0.34723E-10   0.00000E+00   0.29698E-10   0.00000E+00   0.63306E-14
  1.511   3.850    0.00000E+00   0.34983E-10   0.00000E+00   0.29769E-10   0.00000E+00   0.63981E-14
  1.519   3.860    0.00000E+00   0.35244E-10   0.00000E+00   0.29838E-10   0.00000E+00   0.64641E-14
  1.527   3.870    0.00000E+00   0.35504E-10   0.00000E+00   0.29905E-10   0.00000E+00   0.65288E-14
  1.535   3.880    0.00000E+00   0.35763E-10   0.00000E+00   0.29971E-10   0.00000E+00   0.65919E-14
  1.543   3.890    0.00000E+00   0.36023E-10   0.00000E+00   0.30036E-10   0.00000E+00   0.66534E-14
  1.551   3.900    0.00000E+00   0.36282E-10   0.00000E+00   0.30099E-10   0.00000E+00   0.67133E-14
  1.559   3.910    0.00000E+00   0.36540E-10   0.00000E+00   0.30160E-10   0.00000E+00   0.67714E-14
  1.567   3.920    0.00000E+00   0.36798E-10   0.00000E+00   0.30220E-10   0.00000E+00   0.68277E-14
  1.575   3.930    0.00000E+00   0.37056E-10   0.00000E+00   0.30278E-10   0.00000E+00   0.68820E-14
  1.583   3.940    0.00000E+00   0.37313E-10   0.00000E+00   0.30334E-10   0.00000E+00   0.69344E-14
  1.591   3.950    0.00000E+00   0.37569E-10   0.00000E+00   0.30389E-10   0.00000E+00   0.69846E-14
  1.599   3.960    0.00000E+00   0.37825E-10   0.00000E+00   0.30442E-10   0.00000E+00   0.70327E-14
  1.607   3.970    0.00000E+00   0.38080E-10   0.00000E+00   0.30494E-10   0.00000E+00   0.70785E-14
  1.615   3.980    0.00000E+00   0.38334E-10   0.00000E+00   0.30544E-10   0.00000E+00   0.71220E-14
  1.623   3.990    0.00000E+00   0.38588E-10   0.00000E+00   0.30592E-10   0.00000E+00   0.71631E-14
  1.632   4.000    0.00000E+00   0.38841E-10   0.00000E+00   0.30639E-10   0.00000E+00   0.72016E-14
  1.640   4.010    0.00000E+00   0.39093E-10   0.00000E+00   0.30684E-10   0.00000E+00   0.72375E-14
  1.648   4.020    0.00000E+00   0.39345E-10   0.00000E+00   0.30727E-10   0.00000E+00   0.72707E-14
  1.656   4.030    0.00000E+00   0.39595E-10   0.00000E+00   0.30769E-10   0.00000E+00   0.73012E-14
  1.664   4.040    0.00000E+00   0.39844E-10   0.00000E+00   0.30808E-10   0.00000E+00   0.73288E-14
  1.673   4.050    0.00000E+00   0.40093E-10   0.00000E+00   0.30846E-10   0.00000E+00   0.73535E-14
  1.681   4.060    0.00000E+00   0.40340E-10   0.00000E+00   0.30883E-10   0.00000E+00   0.73752E-14
  1.689   4.070    0.00000E+00   0.40587E-10   0.00000E+00   0.30917E-10   0.00000E+00   0.73937E-14
  1.697   4.080    0.00000E+00   0.40832E-10   0.00000E+00   0.30950E-10   0.00000E+00   0.74091E-14
  1.706   4.090    0.00000E+00   0.41077E-10   0.00000E+00   0.30981E-10   0.00000E+00   0.74212E-14
  1.714   4.100    0.00000E+00   0.41320E-10   0.00000E+00   0.31011E-10   0.00000E+00   0.74299E-14
  1.723   4.110    0.00000E+00   0.41562E-10   0.00000E+00   0.31038E-10   0.00000E+00   0.74353E-14
  1.731   4.120    0.00000E+00   0.41802E-10   0.00000E+00   0.31064E-10   0.00000E+00   0.74371E-14
  1.739   4.130    0.00000E+00   0.42042E-10   0.00000E+00   0.31088E-10   0.00000E+00   0.74354E-14
  1.748   4.140    0.00000E+00   0.42280E-10   0.00000E+00   0.31110E-10   0.00000E+00   0.74300E-14
  1.756   4.150    0.00000E+00   0.42517E-10   0.00000E+00   0.31130E-10   0.00000E+00   0.74210E-14
  1.765   4.160    0.00000E+00   0.42752E-10   0.00000E+00   0.31149E-10   0.00000E+00   0.74081E-14
  1.773   4.170    0.00000E+00   0.42986E-10   0.00000E+00   0.31165E-10   0.00000E+00   0.73915E-14
  1.782   4.180    0.00000E+00   0.43219E-10   0.00000E+00   0.31180E-10   0.00000E+00   0.73709E-14
  1.790   4.190    0.00000E+00   0.43450E-10   0.00000E+00   0.31193E-10   0.00000E+00   0.73464E-14
  1.799   4.200    0.00000E+00   0.43679E-10   0.00000E+00   0.31205E-10   0.00000E+00   0.73178E-14
  1.807   4.210    0.00000E+00   0.43907E-10   0.00000E+00   0.31214E-10   0.00000E+00   0.72852E-14
  1.816   4.220    0.00000E+00   0.44133E-10   0.00000E+00   0.31222E-10   0.00000E+00   0.72485E-14
  1.825   4.230    0.00000E+00   0.44358E-10   0.00000E+00   0.31227E-10   0.00000E+00   0.72077E-14
  1.833   4.240    0.00000E+00   0.44581E-10   0.00000E+00   0.31231E-10   0.00000E+00   0.71627E-14
  1.842   4.250    0.00000E+00   0.44802E-10   0.00000E+00   0.31233E-10   0.00000E+00   0.71134E-14
  1.851   4.260    0.00000E+00   0.45021E-10   0.00000E+00   0.31234E-10   0.00000E+00   0.70599E-14
  1.859   4.270    0.00000E+00   0.45239E-10   0.00000E+00   0.31232E-10   0.00000E+00   0.70021E-14
  1.868   4.280    0.00000E+00   0.45455E-10   0.00000E+00   0.31228E-10   0.00000E+00   0.69400E-14
  1.877   4.290    0.00000E+00   0.45669E-10   0.00000E+00   0.31223E-10   0.00000E+00   0.68737E-14
  1.885   4.300    0.00000E+00   0.45880E-10   0.00000E+00   0.31216E-10   0.00000E+00   0.68030E-14
  1.894   4.310    0.00000E+00   0.46090E-10   0.00000E+00   0.31207E-10   0.00000E+00   0.67279E-14
  1.903   4.320    0.00000E+00   0.46298E-10   0.00000E+00   0.31196E-10   0.00000E+00   0.66486E-14
  1.912   4.330    0.00000E+00   0.46504E-10   0.00000E+00   0.31183E-10   0.00000E+00   0.65650E-14
  1.921   4.340    0.00000E+00   0.46708E-10   0.00000E+00   0.31169E-10   0.00000E+00   0.64771E-14
  1.930   4.350    0.00000E+00   0.46910E-10   0.00000E+00   0.31152E-10   0.00000E+00   0.63849E-14
  1.938   4.360    0.00000E+00   0.47110E-10   0.00000E+00   0.31134E-10   0.00000E+00   0.62886E-14
  1.947   4.370    0.00000E+00   0.47307E-10   0.00000E+00   0.31114E-10   0.00000E+00   0.61880E-14
  1.956   4.380    0.00000E+00   0.47503E-10   0.00000E+00   0.31092E-10   0.00000E+00   0.60834E-14
  1.965   4.390    0.00000E+00   0.47696E-10   0.00000E+00   0.31068E-10   0.00000E+00   0.59747E-14
  1.974   4.400    0.00000E+00   0.47887E-10   0.00000E+00   0.31043E-10   0.00000E+00   0.58620E-14
  1.983   4.410    0.00000E+00   0.48075E-10   0.00000E+00   0.31015E-10   0.00000E+00   0.57454E-14
  1.992   4.420    0.00000E+00   0.48261E-10   0.00000E+00   0.30986E-10   0.00000E+00   0.56249E-14
  2.001   4.430    0.00000E+00   0.48445E-10   0.00000E+00   0.30955E-10   0.00000E+00   0.55008E-14
  2.010   4.440    0.00000E+00   0.48626E-10   0.00000E+00   0.30922E-10   0.00000E+00   0.53731E-14
  2.019   4.450    0.00000E+00   0.48805E-10   0.00000E+00   0.30888E-10   0.00000E+00   0.52419E-14
  2.028   4.460    0.00000E+00   0.48982E-10   0.00000E+00   0.30851E-10   0.00000E+00   0.51074E-14
  2.037   4.470    0.00000E+00   0.49156E-10   0.00000E+00   0.30813E-10   0.00000E+00   0.49697E-14
  2.047   4.480    0.00000E+00   0.49327E-10   0.00000E+00   0.30773E-10   0.00000E+00   0.48289E-14
  2.056   4.490    0.00000E+00   0.49496E-10   0.00000E+00   0.30731E-10   0.00000E+00   0.46854E-14
  2.065   4.500    0.00000E+00   0.49663E-10   0.00000E+00   0.30688E-10   0.00000E+00   0.45391E-14
  2.074   4.510    0.00000E+00   0.49827E-10   0.00000E+00   0.30642E-10   0.00000E+00   0.43905E-14
  2.083   4.520    0.00000E+00   0.49988E-10   0.00000E+00   0.30595E-10   0.00000E+00   0.42396E-14
  2.093   4.530    0.00000E+00   0.50146E-10   0.00000E+00   0.30546E-10   0.00000E+00   0.40867E-14
  2.102   4.540    0.00000E+00   0.50302E-10   0.00000E+00   0.30496E-10   0.00000E+00   0.39321E-14
  2.111   4.550    0.00000E+00   0.50455E-10   0.00000E+00   0.30444E-10   0.00000E+00   0.37760E-14
  2.120   4.560    0.00000E+00   0.50605E-10   0.00000E+00   0.30390E-10   0.00000E+00   0.36187E-14
  2.130   4.570    0.00000E+00   0.50753E-10   0.00000E+00   0.30334E-10   0.00000E+00   0.34606E-14
  2.139   4.580    0.00000E+00   0.50898E-10   0.00000E+00   0.30277E-10   0.00000E+00   0.33020E-14
  2.148   4.590    0.00000E+00   0.51040E-10   0.00000E+00   0.30218E-10   0.00000E+00   0.31431E-14
  2.158   4.600    0.00000E+00   0.51179E-10   0.00000E+00   0.30157E-10   0.00000E+00   0.29844E-14
  2.167   4.610    0.00000E+00   0.51315E-10   0.00000E+00   0.30095E-10   0.00000E+00   0.28262E-14
  2.177   4.620    0.00000E+00   0.51448E-10   0.00000E+00   0.30031E-10   0.00000E+00   0.26690E-14
  2.186   4.630    0.00000E+00   0.51579E-10   0.00000E+00   0.29965E-10   0.00000E+00   0.25132E-14
  2.195   4.640    0.00000E+00   0.51707E-10   0.00000E+00   0.29898E-10   0.00000E+00   0.23592E-14
  2.205   4.650    0.00000E+00   0.51831E-10   0.00000E+00   0.29829E-10   0.00000E+00   0.22076E-14
  2.214   4.660    0.00000E+00   0.51953E-10   0.00000E+00   0.29759E-10   0.00000E+00   0.20587E-14
  2.224   4.670    0.00000E+00   0.52072E-10   0.00000E+00   0.29687E-10   0.00000E+00   0.19132E-14
  2.233   4.680    0.00000E+00   0.52187E-10   0.00000E+00   0.29613E-10   0.00000E+00   0.17716E-14
  2.243   4.690    0.00000E+00   0.52300E-10   0.00000E+00   0.29538E-10   0.00000E+00   0.16344E-14
  2.253   4.700    0.00000E+00   0.52410E-10   0.00000E+00   0.29462E-10   0.00000E+00   0.15023E-14
  2.262   4.710    0.00000E+00   0.52516E-10   0.00000E+00   0.29384E-10   0.00000E+00   0.13759E-14
  2.272   4.720    0.00000E+00   0.52620E-10   0.00000E+00   0.29304E-10   0.00000E+00   0.12559E-14
  2.281   4.730    0.00000E+00   0.52721E-10   0.00000E+00   0.29223E-10   0.00000E+00   0.11430E-14
  2.291   4.740    0.00000E+00   0.52818E-10   0.00000E+00   0.29140E-10   0.00000E+00   0.10378E-14
  2.301   4.750    0.00000E+00   0.52912E-10   0.00000E+00   0.29056E-10   0.00000E+00   0.94117E-15
  2.310   4.760    0.00000E+00   0.53004E-10   0.00000E+00   0.28971E-10   0.00000E+00   0.85388E-15
  2.320   4.770    0.00000E+00   0.53092E-10   0.00000E+00   0.28884E-10   0.00000E+00   0.77674E-15
  2.330   4.780    0.00000E+00   0.53177E-10   0.00000E+00   0.28796E-10   0.00000E+00   0.71062E-15
  2.340   4.790    0.00000E+00   0.53259E-10   0.00000E+00   0.28706E-10   0.00000E+00   0.65641E-15
  2.349   4.800    0.00000E+00   0.53337E-10   0.00000E+00   0.28615E-10   0.00000E+00   0.61504E-15
  2.359   4.810    0.00000E+00   0.53413E-10   0.00000E+00   0.28523E-10   0.00000E+00   0.58747E-15
  2.369   4.820    0.00000E+00   0.53485E-10   0.00000E+00   0.28430E-10   0.00000E+00   0.57473E-15
  2.379   4.830    0.00000E+00   0.53555E-10   0.00000E+00   0.28335E-10   0.00000E+00   0.57785E-15
  2.389   4.840    0.00000E+00   0.53621E-10   0.00000E+00   0.28239E-10   0.00000E+00   0.59793E-15
  2.399   4.850    0.00000E+00   0.53684E-10   0.00000E+00   0.28141E-10   0.00000E+00   0.63609E-15
  2.409   4.860    0.00000E+00   0.53744E-10   0.00000E+00   0.28042E-10   0.00000E+00   0.69353E-15
  2.418   4.870    0.00000E+00   0.53800E-10   0.00000E+00   0.27942E-10   0.00000E+00   0.77144E-15
  2.428   4.880    0.00000E+00   0.53854E-10   0.00000E+00   0.27841E-10   0.00000E+00   0.87112E-15
  2.438   4.890    0.00000E+00   0.53904E-10   0.00000E+00   0.27739E-10   0.00000E+00   0.99386E-15
  2.448   4.900    0.00000E+00   0.53951E-10   0.00000E+00   0.27636E-10   0.00000E+00   0.11410E-14
  2.458   4.910    0.00000E+00   0.53995E-10   0.00000E+00   0.27531E-10   0.00000E+00   0.13140E-14
  2.468   4.920    0.00000E+00   0.54035E-10   0.00000E+00   0.27425E-10   0.00000E+00   0.15144E-14
  2.478   4.930    0.00000E+00   0.54073E-10   0.00000E+00   0.27318E-10   0.00000E+00   0.17435E-14
  2.488   4.940    0.00000E+00   0.54107E-10   0.00000E+00   0.27211E-10   0.00000E+00   0.20030E-14
  2.499   4.950    0.00000E+00   0.54138E-10   0.00000E+00   0.27102E-10   0.00000E+00   0.22946E-14
  2.509   4.960    0.00000E+00   0.54166E-10   0.00000E+00   0.26992E-10   0.00000E+00   0.26199E-14
  2.519   4.970    0.00000E+00   0.54191E-10   0.00000E+00   0.26881E-10   0.00000E+00   0.29806E-14
  2.529   4.980    0.00000E+00   0.54212E-10   0.00000E+00   0.26769E-10   0.00000E+00   0.33786E-14
  2.539   4.990    0.00000E+00   0.54231E-10   0.00000E+00   0.26656E-10   0.00000E+00   0.38156E-14
