  0.000   0.010    0.00000E+00   0.21777E-11   0.00000E+00   0.12160E-10   0.00000E+00  -0.76225E-25
  0.000   0.020    0.00000E+00   0.27864E-09   0.00000E+00   0.15558E-08   0.00000E+00   0.56157E-24
  0.000   0.030    0.00000E+00   0.47578E-08   0.00000E+00   0.26562E-07   0.00000E+00   0.45699E-23
  0.000   0.040    0.00000E+00   0.35611E-07   0.00000E+00   0.19879E-06   0.00000E+00   0.33525E-22
  0.000   0.050    0.00000E+00   0.16961E-06   0.00000E+00   0.94664E-06   0.00000E+00   0.15359E-21
  0.000   0.060    0.00000E+00   0.60687E-06   0.00000E+00   0.33865E-05   0.00000E+00   0.53579E-21
  0.000   0.070    0.00000E+00   0.17823E-05   0.00000E+00   0.99439E-05   0.00000E+00   0.15927E-20
  0.001   0.080    0.00000E+00   0.45299E-05   0.00000E+00   0.25267E-04   0.00000E+00   0.40384E-20
  0.001   0.090    0.00000E+00   0.10308E-04   0.00000E+00   0.57483E-04   0.00000E+00   0.91708E-20
  0.001   0.100    0.00000E+00   0.21499E-04   0.00000E+00   0.11985E-03   0.00000E+00   0.19141E-19
  0.001   0.110    0.00000E+00   0.41782E-04   0.00000E+00   0.23283E-03   0.00000E+00   0.37280E-19
  0.001   0.120    0.00000E+00   0.76598E-04   0.00000E+00   0.42669E-03   0.00000E+00   0.68372E-19
  0.002   0.130    0.00000E+00   0.13370E-03   0.00000E+00   0.74448E-03   0.00000E+00   0.11956E-18
  0.002   0.140    0.00000E+00   0.22383E-03   0.00000E+00   0.12458E-02   0.00000E+00   0.20017E-18
  0.002   0.150    0.00000E+00   0.36143E-03   0.00000E+00   0.20107E-02   0.00000E+00   0.32401E-18
  0.003   0.160    0.00000E+00   0.56557E-03   0.00000E+00   0.31447E-02   0.00000E+00   0.50787E-18
  0.003   0.170    0.00000E+00   0.86086E-03   0.00000E+00   0.47839E-02   0.00000E+00   0.77411E-18
  0.003   0.180    0.00000E+00   0.12786E-02   0.00000E+00   0.71012E-02   0.00000E+00   0.11513E-17
  0.004   0.190    0.00000E+00   0.18579E-02   0.00000E+00   0.10312E-01   0.00000E+00   0.16761E-17
  0.004   0.200    0.00000E+00   0.26471E-02   0.00000E+00   0.14683E-01   0.00000E+00   0.23924E-17
  0.004   0.210    0.00000E+00   0.37050E-02   0.00000E+00   0.20538E-01   0.00000E+00   0.33552E-17
  0.005   0.220    0.00000E+00   0.51028E-02   0.00000E+00   0.28265E-01   0.00000E+00   0.46306E-17
  0.005   0.230    0.00000E+00   0.69250E-02   0.00000E+00   0.38330E-01   0.00000E+00   0.62986E-17
  0.006   0.240    0.00000E+00   0.92719E-02   0.00000E+00   0.51281E-01   0.00000E+00   0.84507E-17
  0.006   0.250    0.00000E+00   0.12261E-01   0.00000E+00   0.67758E-01   0.00000E+00   0.11200E-16
  0.007   0.260    0.00000E+00   0.16029E-01   0.00000E+00   0.88506E-01   0.00000E+00   0.14678E-16
  0.007   0.270    0.00000E+00   0.20734E-01   0.00000E+00   0.11438E+00   0.00000E+00   0.19032E-16
  0.008   0.280    0.00000E+00   0.26556E-01   0.00000E+00   0.14637E+00   0.00000E+00   0.24442E-16
  0.009   0.290    0.00000E+00   0.33703E-01   0.00000E+00   0.18558E+00   0.00000E+00   0.31106E-16
  0.009   0.300    0.00000E+00   0.42407E-01   0.00000E+00   0.23328E+00   0.00000E+00   0.39246E-16
  0.010   0.310    0.00000E+00   0.52932E-01   0.00000E+00   0.29088E+00   0.00000E+00   0.49123E-16
  0.010   0.320    0.00000E+00   0.65574E-01   0.00000E+00   0.35997E+00   0.00000E+00   0.61033E-16
  0.011   0.330    0.00000E+00   0.80661E-01   0.00000E+00   0.44231E+00   0.00000E+00   0.75306E-16
  0.012   0.340    0.00000E+00   0.98558E-01   0.00000E+00   0.53985E+00   0.00000E+00   0.92302E-16
  0.012   0.350    0.00000E+00   0.11967E+00   0.00000E+00   0.65473E+00   0.00000E+00   0.11243E-15
  0.013   0.360    0.00000E+00   0.14444E+00   0.00000E+00   0.78930E+00   0.00000E+00   0.13616E-15
  0.014   0.370    0.00000E+00   0.17335E+00   0.00000E+00   0.94615E+00   0.00000E+00   0.16397E-15
  0.015   0.380    0.00000E+00   0.20694E+00   0.00000E+00   0.11281E+01   0.00000E+00   0.19642E-15
  0.016   0.390    0.00000E+00   0.24579E+00   0.00000E+00   0.13380E+01   0.00000E+00   0.23412E-15
  0.016   0.400    0.00000E+00   0.29051E+00   0.00000E+00   0.15794E+01   0.00000E+00   0.27773E-15
  0.017   0.410    0.00000E+00   0.34179E+00   0.00000E+00   0.18556E+01   0.00000E+00   0.32797E-15
  0.018   0.420    0.00000E+00   0.40035E+00   0.00000E+00   0.21705E+01   0.00000E+00   0.38563E-15
  0.019   0.430    0.00000E+00   0.46697E+00   0.00000E+00   0.25281E+01   0.00000E+00   0.45157E-15
  0.020   0.440    0.00000E+00   0.54249E+00   0.00000E+00   0.29326E+01   0.00000E+00   0.52670E-15
  0.021   0.450    0.00000E+00   0.62780E+00   0.00000E+00   0.33886E+01   0.00000E+00   0.61201E-15
  0.022   0.460    0.00000E+00   0.72384E+00   0.00000E+00   0.39010E+01   0.00000E+00   0.70857E-15
  0.023   0.470    0.00000E+00   0.83161E+00   0.00000E+00   0.44747E+01   0.00000E+00   0.81754E-15
  0.023   0.480    0.00000E+00   0.95219E+00   0.00000E+00   0.51152E+01   0.00000E+00   0.94013E-15
  0.024   0.490    0.00000E+00   0.10867E+01   0.00000E+00   0.58281E+01   0.00000E+00   0.10777E-14
  0.025   0.500    0.00000E+00   0.12363E+01   0.00000E+00   0.66191E+01   0.00000E+00   0.12315E-14
  0.027   0.510    0.00000E+00   0.14022E+01   0.00000E+00   0.74944E+01   0.00000E+00   0.14032E-14
  0.028   0.520    0.00000E+00   0.15857E+01   0.00000E+00   0.84605E+01   0.00000E+00   0.15943E-14
  0.029   0.530    0.00000E+00   0.17882E+01   0.00000E+00   0.95237E+01   0.00000E+00   0.18064E-14
  0.030   0.540    0.00000E+00   0.20111E+01   0.00000E+00   0.10691E+02   0.00000E+00   0.20413E-14
  0.031   0.550    0.00000E+00   0.22559E+01   0.00000E+00   0.11970E+02   0.00000E+00   0.23009E-14
  0.032   0.560    0.00000E+00   0.25239E+01   0.00000E+00   0.13366E+02   0.00000E+00   0.25872E-14
  0.033   0.570    0.00000E+00   0.28169E+01   0.00000E+00   0.14889E+02   0.00000E+00   0.29021E-14
  0.034   0.580    0.00000E+00   0.31365E+01   0.00000E+00   0.16545E+02   0.00000E+00   0.32479E-14
  0.035   0.590    0.00000E+00   0.34842E+01   0.00000E+00   0.18342E+02   0.00000E+00   0.36268E-14
  0.037   0.600    0.00000E+00   0.38618E+01   0.00000E+00   0.20288E+02   0.00000E+00   0.40411E-14
  0.038   0.610    0.00000E+00   0.42711E+01   0.00000E+00   0.22391E+02   0.00000E+00   0.44934E-14
  0.039   0.620    0.00000E+00   0.47139E+01   0.00000E+00   0.24659E+02   0.00000E+00   0.49861E-14
  0.040   0.630    0.00000E+00   0.51919E+01   0.00000E+00   0.27100E+02   0.00000E+00   0.55220E-14
  0.042   0.640    0.00000E+00   0.57071E+01   0.00000E+00   0.29723E+02   0.00000E+00   0.61038E-14
  0.043   0.650    0.00000E+00   0.62613E+01   0.00000E+00   0.32536E+02   0.00000E+00   0.67344E-14
  0.044   0.660    0.00000E+00   0.68565E+01   0.00000E+00   0.35547E+02   0.00000E+00   0.74168E-14
  0.046   0.670    0.00000E+00   0.74946E+01   0.00000E+00   0.38764E+02   0.00000E+00   0.81540E-14
  0.047   0.680    0.00000E+00   0.81775E+01   0.00000E+00   0.42196E+02   0.00000E+00   0.89492E-14
  0.049   0.690    0.00000E+00   0.89073E+01   0.00000E+00   0.45850E+02   0.00000E+00   0.98057E-14
  0.050   0.700    0.00000E+00   0.96859E+01   0.00000E+00   0.49736E+02   0.00000E+00   0.10727E-13
  0.051   0.710    0.00000E+00   0.10515E+02   0.00000E+00   0.53860E+02   0.00000E+00   0.11716E-13
  0.053   0.720    0.00000E+00   0.11398E+02   0.00000E+00   0.58231E+02   0.00000E+00   0.12777E-13
  0.054   0.730    0.00000E+00   0.12335E+02   0.00000E+00   0.62855E+02   0.00000E+00   0.13913E-13
  0.056   0.740    0.00000E+00   0.13328E+02   0.00000E+00   0.67742E+02   0.00000E+00   0.15128E-13
  0.057   0.750    0.00000E+00   0.14381E+02   0.00000E+00   0.72897E+02   0.00000E+00   0.16426E-13
  0.059   0.760    0.00000E+00   0.15494E+02   0.00000E+00   0.78327E+02   0.00000E+00   0.17811E-13
  0.060   0.770    0.00000E+00   0.16670E+02   0.00000E+00   0.84040E+02   0.00000E+00   0.19287E-13
  0.062   0.780    0.00000E+00   0.17910E+02   0.00000E+00   0.90042E+02   0.00000E+00   0.20857E-13
  0.064   0.790    0.00000E+00   0.19216E+02   0.00000E+00   0.96338E+02   0.00000E+00   0.22525E-13
  0.065   0.800    0.00000E+00   0.20591E+02   0.00000E+00   0.10293E+03   0.00000E+00   0.24297E-13
  0.067   0.810    0.00000E+00   0.22035E+02   0.00000E+00   0.10984E+03   0.00000E+00   0.26176E-13
  0.069   0.820    0.00000E+00   0.23551E+02   0.00000E+00   0.11705E+03   0.00000E+00   0.28167E-13
  0.070   0.830    0.00000E+00   0.25141E+02   0.00000E+00   0.12457E+03   0.00000E+00   0.30273E-13
  0.072   0.840    0.00000E+00   0.26805E+02   0.00000E+00   0.13242E+03   0.00000E+00   0.32499E-13
  0.074   0.850    0.00000E+00   0.28546E+02   0.00000E+00   0.14058E+03   0.00000E+00   0.34849E-13
  0.075   0.860    0.00000E+00   0.30364E+02   0.00000E+00   0.14908E+03   0.00000E+00   0.37329E-13
  0.077   0.870    0.00000E+00   0.32262E+02   0.00000E+00   0.15789E+03   0.00000E+00   0.39941E-13
  0.079   0.880    0.00000E+00   0.34241E+02   0.00000E+00   0.16704E+03   0.00000E+00   0.42692E-13
  0.081   0.890    0.00000E+00   0.36301E+02   0.00000E+00   0.17652E+03   0.00000E+00   0.45585E-13
  0.083   0.900    0.00000E+00   0.38445E+02   0.00000E+00   0.18633E+03   0.00000E+00   0.48624E-13
  0.084   0.910    0.00000E+00   0.40672E+02   0.00000E+00   0.19647E+03   0.00000E+00   0.51815E-13
  0.086   0.920    0.00000E+00   0.42985E+02   0.00000E+00   0.20694E+03   0.00000E+00   0.55161E-13
  0.088   0.930    0.00000E+00   0.45384E+02   0.00000E+00   0.21775E+03   0.00000E+00   0.58667E-13
  0.090   0.940    0.00000E+00   0.47869E+02   0.00000E+00   0.22888E+03   0.00000E+00   0.62338E-13
  0.092   0.950    0.00000E+00   0.50442E+02   0.00000E+00   0.24034E+03   0.00000E+00   0.66178E-13
  0.094   0.960    0.00000E+00   0.53103E+02   0.00000E+00   0.25212E+03   0.00000E+00   0.70191E-13
  0.096   0.970    0.00000E+00   0.55852E+02   0.00000E+00   0.26422E+03   0.00000E+00   0.74382E-13
  0.098   0.980    0.00000E+00   0.58690E+02   0.00000E+00   0.27665E+03   0.00000E+00   0.78755E-13
  0.100   0.990    0.00000E+00   0.61618E+02   0.00000E+00   0.28938E+03   0.00000E+00   0.83313E-13
  0.102   1.000    0.00000E+00   0.64635E+02   0.00000E+00   0.30242E+03   0.00000E+00   0.88062E-13
  0.104   1.010    0.00000E+00   0.67741E+02   0.00000E+00   0.31576E+03   0.00000E+00   0.93006E-13
  0.106   1.020    0.00000E+00   0.70936E+02   0.00000E+00   0.32940E+03   0.00000E+00   0.98148E-13
  0.108   1.030    0.00000E+00   0.74221E+02   0.00000E+00   0.34333E+03   0.00000E+00   0.10349E-12
  0.110   1.040    0.00000E+00   0.77594E+02   0.00000E+00   0.35754E+03   0.00000E+00   0.10904E-12
  0.112   1.050    0.00000E+00   0.81056E+02   0.00000E+00   0.37202E+03   0.00000E+00   0.11480E-12
  0.115   1.060    0.00000E+00   0.84606E+02   0.00000E+00   0.38677E+03   0.00000E+00   0.12078E-12
  0.117   1.070    0.00000E+00   0.88243E+02   0.00000E+00   0.40178E+03   0.00000E+00   0.12697E-12
  0.119   1.080    0.00000E+00   0.91966E+02   0.00000E+00   0.41703E+03   0.00000E+00   0.13338E-12
  0.121   1.090    0.00000E+00   0.95776E+02   0.00000E+00   0.43252E+03   0.00000E+00   0.14001E-12
  0.123   1.100    0.00000E+00   0.99670E+02   0.00000E+00   0.44824E+03   0.00000E+00   0.14688E-12
  0.126   1.110    0.00000E+00   0.10365E+03   0.00000E+00   0.46417E+03   0.00000E+00   0.15397E-12
  0.128   1.120    0.00000E+00   0.10771E+03   0.00000E+00   0.48031E+03   0.00000E+00   0.16130E-12
  0.130   1.130    0.00000E+00   0.11185E+03   0.00000E+00   0.49665E+03   0.00000E+00   0.16886E-12
  0.133   1.140    0.00000E+00   0.11607E+03   0.00000E+00   0.51316E+03   0.00000E+00   0.17666E-12
  0.135   1.150    0.00000E+00   0.12037E+03   0.00000E+00   0.52985E+03   0.00000E+00   0.18470E-12
  0.137   1.160    0.00000E+00   0.12475E+03   0.00000E+00   0.54669E+03   0.00000E+00   0.19298E-12
  0.140   1.170    0.00000E+00   0.12920E+03   0.00000E+00   0.56368E+03   0.00000E+00   0.20152E-12
  0.142   1.180    0.00000E+00   0.13373E+03   0.00000E+00   0.58080E+03   0.00000E+00   0.21029E-12
  0.144   1.190    0.00000E+00   0.13833E+03   0.00000E+00   0.59804E+03   0.00000E+00   0.21932E-12
  0.147   1.200    0.00000E+00   0.14299E+03   0.00000E+00   0.61538E+03   0.00000E+00   0.22860E-12
  0.149   1.210    0.00000E+00   0.14773E+03   0.00000E+00   0.63282E+03   0.00000E+00   0.23814E-12
  0.152   1.220    0.00000E+00   0.15253E+03   0.00000E+00   0.65033E+03   0.00000E+00   0.24792E-12
  0.154   1.230    0.00000E+00   0.15740E+03   0.00000E+00   0.66791E+03   0.00000E+00   0.25796E-12
  0.157   1.240    0.00000E+00   0.16232E+03   0.00000E+00   0.68553E+03   0.00000E+00   0.26826E-12
  0.159   1.250    0.00000E+00   0.16731E+03   0.00000E+00   0.70320E+03   0.00000E+00   0.27882E-12
  0.162   1.260    0.00000E+00   0.17236E+03   0.00000E+00   0.72088E+03   0.00000E+00   0.28964E-12
  0.164   1.270    0.00000E+00   0.17745E+03   0.00000E+00   0.73857E+03   0.00000E+00   0.30071E-12
  0.167   1.280    0.00000E+00   0.18261E+03   0.00000E+00   0.75626E+03   0.00000E+00   0.31204E-12
  0.170   1.290    0.00000E+00   0.18781E+03   0.00000E+00   0.77393E+03   0.00000E+00   0.32363E-12
  0.172   1.300    0.00000E+00   0.19306E+03   0.00000E+00   0.79157E+03   0.00000E+00   0.33549E-12
  0.175   1.310    0.00000E+00   0.19835E+03   0.00000E+00   0.80915E+03   0.00000E+00   0.34760E-12
  0.178   1.320    0.00000E+00   0.20369E+03   0.00000E+00   0.82668E+03   0.00000E+00   0.35997E-12
  0.180   1.330    0.00000E+00   0.20907E+03   0.00000E+00   0.84413E+03   0.00000E+00   0.37259E-12
  0.183   1.340    0.00000E+00   0.21448E+03   0.00000E+00   0.86150E+03   0.00000E+00   0.38548E-12
  0.186   1.350    0.00000E+00   0.21993E+03   0.00000E+00   0.87877E+03   0.00000E+00   0.39862E-12
  0.189   1.360    0.00000E+00   0.22541E+03   0.00000E+00   0.89592E+03   0.00000E+00   0.41202E-12
  0.191   1.370    0.00000E+00   0.23092E+03   0.00000E+00   0.91294E+03   0.00000E+00   0.42567E-12
  0.194   1.380    0.00000E+00   0.23646E+03   0.00000E+00   0.92983E+03   0.00000E+00   0.43958E-12
  0.197   1.390    0.00000E+00   0.24203E+03   0.00000E+00   0.94657E+03   0.00000E+00   0.45373E-12
  0.200   1.400    0.00000E+00   0.24761E+03   0.00000E+00   0.96315E+03   0.00000E+00   0.46814E-12
  0.203   1.410    0.00000E+00   0.25322E+03   0.00000E+00   0.97955E+03   0.00000E+00   0.48279E-12
  0.206   1.420    0.00000E+00   0.25884E+03   0.00000E+00   0.99577E+03   0.00000E+00   0.49769E-12
  0.209   1.430    0.00000E+00   0.26448E+03   0.00000E+00   0.10118E+04   0.00000E+00   0.51284E-12
  0.211   1.440    0.00000E+00   0.27012E+03   0.00000E+00   0.10276E+04   0.00000E+00   0.52822E-12
  0.214   1.450    0.00000E+00   0.27578E+03   0.00000E+00   0.10432E+04   0.00000E+00   0.54385E-12
  0.217   1.460    0.00000E+00   0.28144E+03   0.00000E+00   0.10586E+04   0.00000E+00   0.55971E-12
  0.220   1.470    0.00000E+00   0.28711E+03   0.00000E+00   0.10737E+04   0.00000E+00   0.57580E-12
  0.223   1.480    0.00000E+00   0.29278E+03   0.00000E+00   0.10887E+04   0.00000E+00   0.59213E-12
  0.226   1.490    0.00000E+00   0.29845E+03   0.00000E+00   0.11033E+04   0.00000E+00   0.60868E-12
  0.229   1.500    0.00000E+00   0.30412E+03   0.00000E+00   0.11177E+04   0.00000E+00   0.62546E-12
  0.233   1.510    0.00000E+00   0.30978E+03   0.00000E+00   0.11318E+04   0.00000E+00   0.64246E-12
  0.236   1.520    0.00000E+00   0.31543E+03   0.00000E+00   0.11457E+04   0.00000E+00   0.65968E-12
  0.239   1.530    0.00000E+00   0.32108E+03   0.00000E+00   0.11593E+04   0.00000E+00   0.67711E-12
  0.242   1.540    0.00000E+00   0.32671E+03   0.00000E+00   0.11725E+04   0.00000E+00   0.69475E-12
  0.245   1.550    0.00000E+00   0.33233E+03   0.00000E+00   0.11855E+04   0.00000E+00   0.71260E-12
  0.248   1.560    0.00000E+00   0.33793E+03   0.00000E+00   0.11982E+04   0.00000E+00   0.73066E-12
  0.251   1.570    0.00000E+00   0.34352E+03   0.00000E+00   0.12106E+04   0.00000E+00   0.74891E-12
  0.255   1.580    0.00000E+00   0.34908E+03   0.00000E+00   0.12227E+04   0.00000E+00   0.76736E-12
  0.258   1.590    0.00000E+00   0.35462E+03   0.00000E+00   0.12345E+04   0.00000E+00   0.78600E-12
  0.261   1.600    0.00000E+00   0.36014E+03   0.00000E+00   0.12460E+04   0.00000E+00   0.80483E-12
  0.264   1.610    0.00000E+00   0.36563E+03   0.00000E+00   0.12571E+04   0.00000E+00   0.82385E-12
  0.268   1.620    0.00000E+00   0.37110E+03   0.00000E+00   0.12679E+04   0.00000E+00   0.84304E-12
  0.271   1.630    0.00000E+00   0.37654E+03   0.00000E+00   0.12784E+04   0.00000E+00   0.86241E-12
  0.274   1.640    0.00000E+00   0.38194E+03   0.00000E+00   0.12886E+04   0.00000E+00   0.88194E-12
  0.278   1.650    0.00000E+00   0.38732E+03   0.00000E+00   0.12985E+04   0.00000E+00   0.90165E-12
  0.281   1.660    0.00000E+00   0.39266E+03   0.00000E+00   0.13080E+04   0.00000E+00   0.92151E-12
  0.284   1.670    0.00000E+00   0.39796E+03   0.00000E+00   0.13172E+04   0.00000E+00   0.94154E-12
  0.288   1.680    0.00000E+00   0.40323E+03   0.00000E+00   0.13260E+04   0.00000E+00   0.96171E-12
  0.291   1.690    0.00000E+00   0.40847E+03   0.00000E+00   0.13346E+04   0.00000E+00   0.98204E-12
  0.295   1.700    0.00000E+00   0.41366E+03   0.00000E+00   0.13428E+04   0.00000E+00   0.10025E-11
  0.298   1.710    0.00000E+00   0.41881E+03   0.00000E+00   0.13507E+04   0.00000E+00   0.10231E-11
  0.302   1.720    0.00000E+00   0.42392E+03   0.00000E+00   0.13582E+04   0.00000E+00   0.10439E-11
  0.305   1.730    0.00000E+00   0.42899E+03   0.00000E+00   0.13655E+04   0.00000E+00   0.10647E-11
  0.309   1.740    0.00000E+00   0.43402E+03   0.00000E+00   0.13724E+04   0.00000E+00   0.10857E-11
  0.312   1.750    0.00000E+00   0.43900E+03   0.00000E+00   0.13789E+04   0.00000E+00   0.11068E-11
  0.316   1.760    0.00000E+00   0.44394E+03   0.00000E+00   0.13852E+04   0.00000E+00   0.11281E-11
  0.319   1.770    0.00000E+00   0.44883E+03   0.00000E+00   0.13911E+04   0.00000E+00   0.11494E-11
  0.323   1.780    0.00000E+00   0.45368E+03   0.00000E+00   0.13968E+04   0.00000E+00   0.11709E-11
  0.327   1.790    0.00000E+00   0.45847E+03   0.00000E+00   0.14021E+04   0.00000E+00   0.11924E-11
  0.330   1.800    0.00000E+00   0.46323E+03   0.00000E+00   0.14071E+04   0.00000E+00   0.12141E-11
  0.334   1.810    0.00000E+00   0.46793E+03   0.00000E+00   0.14118E+04   0.00000E+00   0.12358E-11
  0.338   1.820    0.00000E+00   0.47258E+03   0.00000E+00   0.14161E+04   0.00000E+00   0.12577E-11
  0.341   1.830    0.00000E+00   0.47718E+03   0.00000E+00   0.14202E+04   0.00000E+00   0.12796E-11
  0.345   1.840    0.00000E+00   0.48174E+03   0.00000E+00   0.14240E+04   0.00000E+00   0.13016E-11
  0.349   1.850    0.00000E+00   0.48624E+03   0.00000E+00   0.14275E+04   0.00000E+00   0.13236E-11
  0.353   1.860    0.00000E+00   0.49070E+03   0.00000E+00   0.14308E+04   0.00000E+00   0.13458E-11
  0.357   1.870    0.00000E+00   0.49510E+03   0.00000E+00   0.14337E+04   0.00000E+00   0.13680E-11
  0.360   1.880    0.00000E+00   0.49945E+03   0.00000E+00   0.14364E+04   0.00000E+00   0.13902E-11
  0.364   1.890    0.00000E+00   0.50375E+03   0.00000E+00   0.14387E+04   0.00000E+00   0.14126E-11
  0.368   1.900    0.00000E+00   0.50800E+03   0.00000E+00   0.14409E+04   0.00000E+00   0.14349E-11
  0.372   1.910    0.00000E+00   0.51220E+03   0.00000E+00   0.14427E+04   0.00000E+00   0.14574E-11
  0.376   1.920    0.00000E+00   0.51634E+03   0.00000E+00   0.14443E+04   0.00000E+00   0.14798E-11
  0.380   1.930    0.00000E+00   0.52044E+03   0.00000E+00   0.14457E+04   0.00000E+00   0.15023E-11
  0.384   1.940    0.00000E+00   0.52448E+03   0.00000E+00   0.14467E+04   0.00000E+00   0.15249E-11
  0.388   1.950    0.00000E+00   0.52847E+03   0.00000E+00   0.14476E+04   0.00000E+00   0.15474E-11
  0.392   1.960    0.00000E+00   0.53242E+03   0.00000E+00   0.14482E+04   0.00000E+00   0.15700E-11
  0.396   1.970    0.00000E+00   0.53631E+03   0.00000E+00   0.14486E+04   0.00000E+00   0.15927E-11
  0.400   1.980    0.00000E+00   0.54014E+03   0.00000E+00   0.14487E+04   0.00000E+00   0.16153E-11
  0.404   1.990    0.00000E+00   0.54393E+03   0.00000E+00   0.14487E+04   0.00000E+00   0.16380E-11
  0.408   2.000    0.00000E+00   0.54767E+03   0.00000E+00   0.14484E+04   0.00000E+00   0.16606E-11
  0.412   2.010    0.00000E+00   0.55136E+03   0.00000E+00   0.14479E+04   0.00000E+00   0.16833E-11
  0.416   2.020    0.00000E+00   0.55499E+03   0.00000E+00   0.14472E+04   0.00000E+00   0.17060E-11
  0.420   2.030    0.00000E+00   0.55858E+03   0.00000E+00   0.14463E+04   0.00000E+00   0.17287E-11
  0.424   2.040    0.00000E+00   0.56212E+03   0.00000E+00   0.14452E+04   0.00000E+00   0.17513E-11
  0.429   2.050    0.00000E+00   0.56561E+03   0.00000E+00   0.14439E+04   0.00000E+00   0.17740E-11
  0.433   2.060    0.00000E+00   0.56905E+03   0.00000E+00   0.14424E+04   0.00000E+00   0.17967E-11
  0.437   2.070    0.00000E+00   0.57244E+03   0.00000E+00   0.14408E+04   0.00000E+00   0.18193E-11
  0.441   2.080    0.00000E+00   0.57578E+03   0.00000E+00   0.14390E+04   0.00000E+00   0.18419E-11
  0.445   2.090    0.00000E+00   0.57908E+03   0.00000E+00   0.14370E+04   0.00000E+00   0.18645E-11
  0.450   2.100    0.00000E+00   0.58233E+03   0.00000E+00   0.14348E+04   0.00000E+00   0.18871E-11
  0.454   2.110    0.00000E+00   0.58553E+03   0.00000E+00   0.14325E+04   0.00000E+00   0.19097E-11
  0.458   2.120    0.00000E+00   0.58868E+03   0.00000E+00   0.14300E+04   0.00000E+00   0.19322E-11
  0.463   2.130    0.00000E+00   0.59179E+03   0.00000E+00   0.14274E+04   0.00000E+00   0.19547E-11
  0.467   2.140    0.00000E+00   0.59486E+03   0.00000E+00   0.14247E+04   0.00000E+00   0.19771E-11
  0.471   2.150    0.00000E+00   0.59788E+03   0.00000E+00   0.14218E+04   0.00000E+00   0.19995E-11
  0.476   2.160    0.00000E+00   0.60085E+03   0.00000E+00   0.14187E+04   0.00000E+00   0.20219E-11
  0.480   2.170    0.00000E+00   0.60378E+03   0.00000E+00   0.14156E+04   0.00000E+00   0.20442E-11
  0.485   2.180    0.00000E+00   0.60667E+03   0.00000E+00   0.14123E+04   0.00000E+00   0.20664E-11
  0.489   2.190    0.00000E+00   0.60952E+03   0.00000E+00   0.14089E+04   0.00000E+00   0.20886E-11
  0.494   2.200    0.00000E+00   0.61232E+03   0.00000E+00   0.14054E+04   0.00000E+00   0.21108E-11
  0.498   2.210    0.00000E+00   0.61508E+03   0.00000E+00   0.14017E+04   0.00000E+00   0.21329E-11
  0.503   2.220    0.00000E+00   0.61780E+03   0.00000E+00   0.13980E+04   0.00000E+00   0.21549E-11
  0.507   2.230    0.00000E+00   0.62048E+03   0.00000E+00   0.13942E+04   0.00000E+00   0.21768E-11
  0.512   2.240    0.00000E+00   0.62311E+03   0.00000E+00   0.13902E+04   0.00000E+00   0.21987E-11
  0.516   2.250    0.00000E+00   0.62571E+03   0.00000E+00   0.13862E+04   0.00000E+00   0.22206E-11
  0.521   2.260    0.00000E+00   0.62827E+03   0.00000E+00   0.13821E+04   0.00000E+00   0.22423E-11
  0.525   2.270    0.00000E+00   0.63079E+03   0.00000E+00   0.13779E+04   0.00000E+00   0.22640E-11
  0.530   2.280    0.00000E+00   0.63327E+03   0.00000E+00   0.13736E+04   0.00000E+00   0.22855E-11
  0.535   2.290    0.00000E+00   0.63572E+03   0.00000E+00   0.13692E+04   0.00000E+00   0.23071E-11
  0.539   2.300    0.00000E+00   0.63812E+03   0.00000E+00   0.13648E+04   0.00000E+00   0.23285E-11
  0.544   2.310    0.00000E+00   0.64049E+03   0.00000E+00   0.13603E+04   0.00000E+00   0.23498E-11
  0.549   2.320    0.00000E+00   0.64283E+03   0.00000E+00   0.13557E+04   0.00000E+00   0.23710E-11
  0.554   2.330    0.00000E+00   0.64513E+03   0.00000E+00   0.13511E+04   0.00000E+00   0.23922E-11
  0.558   2.340    0.00000E+00   0.64739E+03   0.00000E+00   0.13463E+04   0.00000E+00   0.24132E-11
  0.563   2.350    0.00000E+00   0.64962E+03   0.00000E+00   0.13416E+04   0.00000E+00   0.24342E-11
  0.568   2.360    0.00000E+00   0.65181E+03   0.00000E+00   0.13368E+04   0.00000E+00   0.24550E-11
  0.573   2.370    0.00000E+00   0.65397E+03   0.00000E+00   0.13319E+04   0.00000E+00   0.24758E-11
  0.578   2.380    0.00000E+00   0.65610E+03   0.00000E+00   0.13270E+04   0.00000E+00   0.24964E-11
  0.582   2.390    0.00000E+00   0.65819E+03   0.00000E+00   0.13220E+04   0.00000E+00   0.25169E-11
  0.587   2.400    0.00000E+00   0.66025E+03   0.00000E+00   0.13170E+04   0.00000E+00   0.25374E-11
  0.592   2.410    0.00000E+00   0.66228E+03   0.00000E+00   0.13119E+04   0.00000E+00   0.25577E-11
  0.597   2.420    0.00000E+00   0.66428E+03   0.00000E+00   0.13068E+04   0.00000E+00   0.25779E-11
  0.602   2.430    0.00000E+00   0.66625E+03   0.00000E+00   0.13017E+04   0.00000E+00   0.25979E-11
  0.607   2.440    0.00000E+00   0.66818E+03   0.00000E+00   0.12965E+04   0.00000E+00   0.26179E-11
  0.612   2.450    0.00000E+00   0.67009E+03   0.00000E+00   0.12913E+04   0.00000E+00   0.26377E-11
  0.617   2.460    0.00000E+00   0.67197E+03   0.00000E+00   0.12861E+04   0.00000E+00   0.26574E-11
  0.622   2.470    0.00000E+00   0.67381E+03   0.00000E+00   0.12809E+04   0.00000E+00   0.26770E-11
  0.627   2.480    0.00000E+00   0.67563E+03   0.00000E+00   0.12756E+04   0.00000E+00   0.26964E-11
  0.632   2.490    0.00000E+00   0.67742E+03   0.00000E+00   0.12703E+04   0.00000E+00   0.27157E-11
  0.637   2.500    0.00000E+00   0.67918E+03   0.00000E+00   0.12650E+04   0.00000E+00   0.27349E-11
  0.642   2.510    0.00000E+00   0.68091E+03   0.00000E+00   0.12596E+04   0.00000E+00   0.27539E-11
  0.648   2.520    0.00000E+00   0.68261E+03   0.00000E+00   0.12543E+04   0.00000E+00   0.27728E-11
  0.653   2.530    0.00000E+00   0.68429E+03   0.00000E+00   0.12489E+04   0.00000E+00   0.27915E-11
  0.658   2.540    0.00000E+00   0.68594E+03   0.00000E+00   0.12435E+04   0.00000E+00   0.28101E-11
  0.663   2.550    0.00000E+00   0.68756E+03   0.00000E+00   0.12381E+04   0.00000E+00   0.28286E-11
  0.668   2.560    0.00000E+00   0.68916E+03   0.00000E+00   0.12327E+04   0.00000E+00   0.28469E-11
  0.674   2.570    0.00000E+00   0.69073E+03   0.00000E+00   0.12272E+04   0.00000E+00   0.28650E-11
  0.679   2.580    0.00000E+00   0.69228E+03   0.00000E+00   0.12218E+04   0.00000E+00   0.28830E-11
  0.684   2.590    0.00000E+00   0.69380E+03   0.00000E+00   0.12164E+04   0.00000E+00   0.29009E-11
  0.689   2.600    0.00000E+00   0.69529E+03   0.00000E+00   0.12109E+04   0.00000E+00   0.29185E-11
  0.695   2.610    0.00000E+00   0.69676E+03   0.00000E+00   0.12055E+04   0.00000E+00   0.29360E-11
  0.700   2.620    0.00000E+00   0.69820E+03   0.00000E+00   0.12000E+04   0.00000E+00   0.29534E-11
  0.705   2.630    0.00000E+00   0.69962E+03   0.00000E+00   0.11945E+04   0.00000E+00   0.29706E-11
  0.711   2.640    0.00000E+00   0.70102E+03   0.00000E+00   0.11891E+04   0.00000E+00   0.29876E-11
  0.716   2.650    0.00000E+00   0.70239E+03   0.00000E+00   0.11836E+04   0.00000E+00   0.30044E-11
  0.722   2.660    0.00000E+00   0.70374E+03   0.00000E+00   0.11781E+04   0.00000E+00   0.30211E-11
  0.727   2.670    0.00000E+00   0.70506E+03   0.00000E+00   0.11727E+04   0.00000E+00   0.30376E-11
  0.732   2.680    0.00000E+00   0.70637E+03   0.00000E+00   0.11672E+04   0.00000E+00   0.30539E-11
  0.738   2.690    0.00000E+00   0.70764E+03   0.00000E+00   0.11618E+04   0.00000E+00   0.30700E-11
  0.743   2.700    0.00000E+00   0.70890E+03   0.00000E+00   0.11563E+04   0.00000E+00   0.30859E-11
  0.749   2.710    0.00000E+00   0.71013E+03   0.00000E+00   0.11508E+04   0.00000E+00   0.31017E-11
  0.754   2.720    0.00000E+00   0.71134E+03   0.00000E+00   0.11454E+04   0.00000E+00   0.31173E-11
  0.760   2.730    0.00000E+00   0.71253E+03   0.00000E+00   0.11400E+04   0.00000E+00   0.31326E-11
  0.766   2.740    0.00000E+00   0.71370E+03   0.00000E+00   0.11345E+04   0.00000E+00   0.31478E-11
  0.771   2.750    0.00000E+00   0.71484E+03   0.00000E+00   0.11291E+04   0.00000E+00   0.31628E-11
  0.777   2.760    0.00000E+00   0.71596E+03   0.00000E+00   0.11237E+04   0.00000E+00   0.31776E-11
  0.782   2.770    0.00000E+00   0.71706E+03   0.00000E+00   0.11183E+04   0.00000E+00   0.31922E-11
  0.788   2.780    0.00000E+00   0.71814E+03   0.00000E+00   0.11129E+04   0.00000E+00   0.32066E-11
  0.794   2.790    0.00000E+00   0.71919E+03   0.00000E+00   0.11075E+04   0.00000E+00   0.32207E-11
  0.799   2.800    0.00000E+00   0.72023E+03   0.00000E+00   0.11021E+04   0.00000E+00   0.32347E-11
  0.805   2.810    0.00000E+00   0.72124E+03   0.00000E+00   0.10967E+04   0.00000E+00   0.32485E-11
  0.811   2.820    0.00000E+00   0.72223E+03   0.00000E+00   0.10913E+04   0.00000E+00   0.32620E-11
  0.817   2.830    0.00000E+00   0.72321E+03   0.00000E+00   0.10860E+04   0.00000E+00   0.32754E-11
  0.822   2.840    0.00000E+00   0.72416E+03   0.00000E+00   0.10806E+04   0.00000E+00   0.32885E-11
  0.828   2.850    0.00000E+00   0.72509E+03   0.00000E+00   0.10753E+04   0.00000E+00   0.33014E-11
  0.834   2.860    0.00000E+00   0.72599E+03   0.00000E+00   0.10700E+04   0.00000E+00   0.33141E-11
  0.840   2.870    0.00000E+00   0.72688E+03   0.00000E+00   0.10647E+04   0.00000E+00   0.33265E-11
  0.846   2.880    0.00000E+00   0.72775E+03   0.00000E+00   0.10594E+04   0.00000E+00   0.33388E-11
  0.852   2.890    0.00000E+00   0.72860E+03   0.00000E+00   0.10541E+04   0.00000E+00   0.33508E-11
  0.858   2.900    0.00000E+00   0.72942E+03   0.00000E+00   0.10488E+04   0.00000E+00   0.33625E-11
  0.864   2.910    0.00000E+00   0.73023E+03   0.00000E+00   0.10435E+04   0.00000E+00   0.33741E-11
  0.869   2.920    0.00000E+00   0.73101E+03   0.00000E+00   0.10383E+04   0.00000E+00   0.33854E-11
  0.875   2.930    0.00000E+00   0.73178E+03   0.00000E+00   0.10330E+04   0.00000E+00   0.33965E-11
  0.881   2.940    0.00000E+00   0.73252E+03   0.00000E+00   0.10278E+04   0.00000E+00   0.34073E-11
  0.887   2.950    0.00000E+00   0.73325E+03   0.00000E+00   0.10226E+04   0.00000E+00   0.34179E-11
  0.893   2.960    0.00000E+00   0.73395E+03   0.00000E+00   0.10174E+04   0.00000E+00   0.34282E-11
  0.899   2.970    0.00000E+00   0.73463E+03   0.00000E+00   0.10122E+04   0.00000E+00   0.34384E-11
  0.906   2.980    0.00000E+00   0.73530E+03   0.00000E+00   0.10071E+04   0.00000E+00   0.34482E-11
  0.912   2.990    0.00000E+00   0.73594E+03   0.00000E+00   0.10019E+04   0.00000E+00   0.34578E-11
  0.918   3.000    0.00000E+00   0.73656E+03   0.00000E+00   0.99675E+03   0.00000E+00   0.34672E-11
  0.924   3.010    0.00000E+00   0.73717E+03   0.00000E+00   0.99162E+03   0.00000E+00   0.34763E-11
  0.930   3.020    0.00000E+00   0.73775E+03   0.00000E+00   0.98650E+03   0.00000E+00   0.34852E-11
  0.936   3.030    0.00000E+00   0.73831E+03   0.00000E+00   0.98140E+03   0.00000E+00   0.34938E-11
  0.942   3.040    0.00000E+00   0.73885E+03   0.00000E+00   0.97631E+03   0.00000E+00   0.35021E-11
  0.949   3.050    0.00000E+00   0.73938E+03   0.00000E+00   0.97123E+03   0.00000E+00   0.35102E-11
  0.955   3.060    0.00000E+00   0.73988E+03   0.00000E+00   0.96617E+03   0.00000E+00   0.35180E-11
  0.961   3.070    0.00000E+00   0.74036E+03   0.00000E+00   0.96112E+03   0.00000E+00   0.35256E-11
  0.967   3.080    0.00000E+00   0.74082E+03   0.00000E+00   0.95609E+03   0.00000E+00   0.35329E-11
  0.974   3.090    0.00000E+00   0.74127E+03   0.00000E+00   0.95107E+03   0.00000E+00   0.35399E-11
  0.980   3.100    0.00000E+00   0.74169E+03   0.00000E+00   0.94606E+03   0.00000E+00   0.35466E-11
  0.986   3.110    0.00000E+00   0.74209E+03   0.00000E+00   0.94107E+03   0.00000E+00   0.35531E-11
  0.993   3.120    0.00000E+00   0.74247E+03   0.00000E+00   0.93609E+03   0.00000E+00   0.35593E-11
  0.999   3.130    0.00000E+00   0.74283E+03   0.00000E+00   0.93112E+03   0.00000E+00   0.35653E-11
  1.005   3.140    0.00000E+00   0.74318E+03   0.00000E+00   0.92617E+03   0.00000E+00   0.35709E-11
  1.012   3.150    0.00000E+00   0.74350E+03   0.00000E+00   0.92123E+03   0.00000E+00   0.35763E-11
  1.018   3.160    0.00000E+00   0.74380E+03   0.00000E+00   0.91631E+03   0.00000E+00   0.35814E-11
  1.025   3.170    0.00000E+00   0.74408E+03   0.00000E+00   0.91140E+03   0.00000E+00   0.35863E-11
  1.031   3.180    0.00000E+00   0.74434E+03   0.00000E+00   0.90650E+03   0.00000E+00   0.35908E-11
  1.038   3.190    0.00000E+00   0.74458E+03   0.00000E+00   0.90162E+03   0.00000E+00   0.35951E-11
  1.044   3.200    0.00000E+00   0.74480E+03   0.00000E+00   0.89675E+03   0.00000E+00   0.35991E-11
  1.051   3.210    0.00000E+00   0.74500E+03   0.00000E+00   0.89189E+03   0.00000E+00   0.36028E-11
  1.057   3.220    0.00000E+00   0.74518E+03   0.00000E+00   0.88705E+03   0.00000E+00   0.36062E-11
  1.064   3.230    0.00000E+00   0.74534E+03   0.00000E+00   0.88222E+03   0.00000E+00   0.36093E-11
  1.070   3.240    0.00000E+00   0.74548E+03   0.00000E+00   0.87740E+03   0.00000E+00   0.36122E-11
  1.077   3.250    0.00000E+00   0.74560E+03   0.00000E+00   0.87260E+03   0.00000E+00   0.36147E-11
  1.084   3.260    0.00000E+00   0.74570E+03   0.00000E+00   0.86781E+03   0.00000E+00   0.36170E-11
  1.090   3.270    0.00000E+00   0.74578E+03   0.00000E+00   0.86303E+03   0.00000E+00   0.36190E-11
  1.097   3.280    0.00000E+00   0.74583E+03   0.00000E+00   0.85827E+03   0.00000E+00   0.36206E-11
  1.104   3.290    0.00000E+00   0.74587E+03   0.00000E+00   0.85352E+03   0.00000E+00   0.36220E-11
  1.110   3.300    0.00000E+00   0.74589E+03   0.00000E+00   0.84878E+03   0.00000E+00   0.36231E-11
  1.117   3.310    0.00000E+00   0.74588E+03   0.00000E+00   0.84406E+03   0.00000E+00   0.36239E-11
  1.124   3.320    0.00000E+00   0.74586E+03   0.00000E+00   0.83935E+03   0.00000E+00   0.36244E-11
  1.131   3.330    0.00000E+00   0.74581E+03   0.00000E+00   0.83465E+03   0.00000E+00   0.36246E-11
  1.138   3.340    0.00000E+00   0.74575E+03   0.00000E+00   0.82997E+03   0.00000E+00   0.36245E-11
  1.144   3.350    0.00000E+00   0.74566E+03   0.00000E+00   0.82529E+03   0.00000E+00   0.36241E-11
  1.151   3.360    0.00000E+00   0.74555E+03   0.00000E+00   0.82063E+03   0.00000E+00   0.36234E-11
  1.158   3.370    0.00000E+00   0.74543E+03   0.00000E+00   0.81599E+03   0.00000E+00   0.36224E-11
  1.165   3.380    0.00000E+00   0.74528E+03   0.00000E+00   0.81135E+03   0.00000E+00   0.36211E-11
  1.172   3.390    0.00000E+00   0.74511E+03   0.00000E+00   0.80673E+03   0.00000E+00   0.36196E-11
  1.179   3.400    0.00000E+00   0.74492E+03   0.00000E+00   0.80212E+03   0.00000E+00   0.36177E-11
  1.186   3.410    0.00000E+00   0.74470E+03   0.00000E+00   0.79752E+03   0.00000E+00   0.36155E-11
  1.193   3.420    0.00000E+00   0.74447E+03   0.00000E+00   0.79294E+03   0.00000E+00   0.36130E-11
  1.200   3.430    0.00000E+00   0.74422E+03   0.00000E+00   0.78837E+03   0.00000E+00   0.36102E-11
  1.207   3.440    0.00000E+00   0.74394E+03   0.00000E+00   0.78381E+03   0.00000E+00   0.36071E-11
  1.214   3.450    0.00000E+00   0.74365E+03   0.00000E+00   0.77926E+03   0.00000E+00   0.36037E-11
  1.221   3.460    0.00000E+00   0.74333E+03   0.00000E+00   0.77472E+03   0.00000E+00   0.36001E-11
  1.228   3.470    0.00000E+00   0.74300E+03   0.00000E+00   0.77020E+03   0.00000E+00   0.35961E-11
  1.235   3.480    0.00000E+00   0.74264E+03   0.00000E+00   0.76569E+03   0.00000E+00   0.35918E-11
  1.242   3.490    0.00000E+00   0.74226E+03   0.00000E+00   0.76119E+03   0.00000E+00   0.35872E-11
  1.249   3.500    0.00000E+00   0.74186E+03   0.00000E+00   0.75670E+03   0.00000E+00   0.35823E-11
  1.256   3.510    0.00000E+00   0.74143E+03   0.00000E+00   0.75223E+03   0.00000E+00   0.35771E-11
  1.263   3.520    0.00000E+00   0.74099E+03   0.00000E+00   0.74777E+03   0.00000E+00   0.35717E-11
  1.271   3.530    0.00000E+00   0.74053E+03   0.00000E+00   0.74332E+03   0.00000E+00   0.35659E-11
  1.278   3.540    0.00000E+00   0.74004E+03   0.00000E+00   0.73888E+03   0.00000E+00   0.35598E-11
  1.285   3.550    0.00000E+00   0.73953E+03   0.00000E+00   0.73445E+03   0.00000E+00   0.35534E-11
  1.292   3.560    0.00000E+00   0.73901E+03   0.00000E+00   0.73004E+03   0.00000E+00   0.35468E-11
  1.300   3.570    0.00000E+00   0.73846E+03   0.00000E+00   0.72563E+03   0.00000E+00   0.35398E-11
  1.307   3.580    0.00000E+00   0.73789E+03   0.00000E+00   0.72124E+03   0.00000E+00   0.35325E-11
  1.314   3.590    0.00000E+00   0.73729E+03   0.00000E+00   0.71686E+03   0.00000E+00   0.35250E-11
  1.322   3.600    0.00000E+00   0.73668E+03   0.00000E+00   0.71249E+03   0.00000E+00   0.35172E-11
  1.329   3.610    0.00000E+00   0.73605E+03   0.00000E+00   0.70814E+03   0.00000E+00   0.35090E-11
  1.336   3.620    0.00000E+00   0.73539E+03   0.00000E+00   0.70379E+03   0.00000E+00   0.35006E-11
  1.344   3.630    0.00000E+00   0.73471E+03   0.00000E+00   0.69946E+03   0.00000E+00   0.34919E-11
  1.351   3.640    0.00000E+00   0.73401E+03   0.00000E+00   0.69514E+03   0.00000E+00   0.34829E-11
  1.359   3.650    0.00000E+00   0.73329E+03   0.00000E+00   0.69083E+03   0.00000E+00   0.34736E-11
  1.366   3.660    0.00000E+00   0.73255E+03   0.00000E+00   0.68653E+03   0.00000E+00   0.34640E-11
  1.373   3.670    0.00000E+00   0.73179E+03   0.00000E+00   0.68225E+03   0.00000E+00   0.34541E-11
  1.381   3.680    0.00000E+00   0.73100E+03   0.00000E+00   0.67797E+03   0.00000E+00   0.34440E-11
  1.388   3.690    0.00000E+00   0.73020E+03   0.00000E+00   0.67371E+03   0.00000E+00   0.34336E-11
  1.396   3.700    0.00000E+00   0.72937E+03   0.00000E+00   0.66946E+03   0.00000E+00   0.34229E-11
  1.404   3.710    0.00000E+00   0.72852E+03   0.00000E+00   0.66522E+03   0.00000E+00   0.34119E-11
  1.411   3.720    0.00000E+00   0.72765E+03   0.00000E+00   0.66099E+03   0.00000E+00   0.34006E-11
  1.419   3.730    0.00000E+00   0.72676E+03   0.00000E+00   0.65677E+03   0.00000E+00   0.33891E-11
  1.426   3.740    0.00000E+00   0.72584E+03   0.00000E+00   0.65257E+03   0.00000E+00   0.33773E-11
  1.434   3.750    0.00000E+00   0.72491E+03   0.00000E+00   0.64838E+03   0.00000E+00   0.33652E-11
  1.442   3.760    0.00000E+00   0.72395E+03   0.00000E+00   0.64420E+03   0.00000E+00   0.33529E-11
  1.449   3.770    0.00000E+00   0.72298E+03   0.00000E+00   0.64003E+03   0.00000E+00   0.33403E-11
  1.457   3.780    0.00000E+00   0.72198E+03   0.00000E+00   0.63587E+03   0.00000E+00   0.33274E-11
  1.465   3.790    0.00000E+00   0.72096E+03   0.00000E+00   0.63172E+03   0.00000E+00   0.33142E-11
  1.472   3.800    0.00000E+00   0.71992E+03   0.00000E+00   0.62759E+03   0.00000E+00   0.33008E-11
  1.480   3.810    0.00000E+00   0.71885E+03   0.00000E+00   0.62347E+03   0.00000E+00   0.32872E-11
  1.488   3.820    0.00000E+00   0.71777E+03   0.00000E+00   0.61936E+03   0.00000E+00   0.32733E-11
  1.496   3.830    0.00000E+00   0.71666E+03   0.00000E+00   0.61526E+03   0.00000E+00   0.32591E-11
  1.504   3.840    0.00000E+00   0.71554E+03   0.00000E+00   0.61117E+03   0.00000E+00   0.32447E-11
  1.511   3.850    0.00000E+00   0.71439E+03   0.00000E+00   0.60710E+03   0.00000E+00   0.32300E-11
  1.519   3.860    0.00000E+00   0.71322E+03   0.00000E+00   0.60303E+03   0.00000E+00   0.32151E-11
  1.527   3.870    0.00000E+00   0.71203E+03   0.00000E+00   0.59898E+03   0.00000E+00   0.32000E-11
  1.535   3.880    0.00000E+00   0.71082E+03   0.00000E+00   0.59494E+03   0.00000E+00   0.31846E-11
  1.543   3.890    0.00000E+00   0.70959E+03   0.00000E+00   0.59092E+03   0.00000E+00   0.31690E-11
  1.551   3.900    0.00000E+00   0.70834E+03   0.00000E+00   0.58690E+03   0.00000E+00   0.31531E-11
  1.559   3.910    0.00000E+00   0.70707E+03   0.00000E+00   0.58290E+03   0.00000E+00   0.31370E-11
  1.567   3.920    0.00000E+00   0.70577E+03   0.00000E+00   0.57891E+03   0.00000E+00   0.31207E-11
  1.575   3.930    0.00000E+00   0.70446E+03   0.00000E+00   0.57493E+03   0.00000E+00   0.31041E-11
  1.583   3.940    0.00000E+00   0.70312E+03   0.00000E+00   0.57096E+03   0.00000E+00   0.30874E-11
  1.591   3.950    0.00000E+00   0.70176E+03   0.00000E+00   0.56701E+03   0.00000E+00   0.30704E-11
  1.599   3.960    0.00000E+00   0.70039E+03   0.00000E+00   0.56306E+03   0.00000E+00   0.30532E-11
  1.607   3.970    0.00000E+00   0.69899E+03   0.00000E+00   0.55913E+03   0.00000E+00   0.30358E-11
  1.615   3.980    0.00000E+00   0.69757E+03   0.00000E+00   0.55522E+03   0.00000E+00   0.30181E-11
  1.623   3.990    0.00000E+00   0.69614E+03   0.00000E+00   0.55131E+03   0.00000E+00   0.30003E-11
  1.632   4.000    0.00000E+00   0.69468E+03   0.00000E+00   0.54742E+03   0.00000E+00   0.29823E-11
  1.640   4.010    0.00000E+00   0.69320E+03   0.00000E+00   0.54354E+03   0.00000E+00   0.29640E-11
  1.648   4.020    0.00000E+00   0.69170E+03   0.00000E+00   0.53967E+03   0.00000E+00   0.29456E-11
  1.656   4.030    0.00000E+00   0.69018E+03   0.00000E+00   0.53581E+03   0.00000E+00   0.29270E-11
  1.664   4.040    0.00000E+00   0.68864E+03   0.00000E+00   0.53197E+03   0.00000E+00   0.29082E-11
  1.673   4.050    0.00000E+00   0.68708E+03   0.00000E+00   0.52814E+03   0.00000E+00   0.28892E-11
  1.681   4.060    0.00000E+00   0.68551E+03   0.00000E+00   0.52432E+03   0.00000E+00   0.28700E-11
  1.689   4.070    0.00000E+00   0.68391E+03   0.00000E+00   0.52052E+03   0.00000E+00   0.28507E-11
  1.697   4.080    0.00000E+00   0.68229E+03   0.00000E+00   0.51673E+03   0.00000E+00   0.28311E-11
  1.706   4.090    0.00000E+00   0.68065E+03   0.00000E+00   0.51295E+03   0.00000E+00   0.28114E-11
  1.714   4.100    0.00000E+00   0.67900E+03   0.00000E+00   0.50918E+03   0.00000E+00   0.27916E-11
  1.723   4.110    0.00000E+00   0.67732E+03   0.00000E+00   0.50543E+03   0.00000E+00   0.27715E-11
  1.731   4.120    0.00000E+00   0.67563E+03   0.00000E+00   0.50169E+03   0.00000E+00   0.27514E-11
  1.739   4.130    0.00000E+00   0.67391E+03   0.00000E+00   0.49797E+03   0.00000E+00   0.27310E-11
  1.748   4.140    0.00000E+00   0.67218E+03   0.00000E+00   0.49425E+03   0.00000E+00   0.27105E-11
  1.756   4.150    0.00000E+00   0.67043E+03   0.00000E+00   0.49055E+03   0.00000E+00   0.26899E-11
  1.765   4.160    0.00000E+00   0.66866E+03   0.00000E+00   0.48687E+03   0.00000E+00   0.26691E-11
  1.773   4.170    0.00000E+00   0.66687E+03   0.00000E+00   0.48319E+03   0.00000E+00   0.26482E-11
  1.782   4.180    0.00000E+00   0.66506E+03   0.00000E+00   0.47953E+03   0.00000E+00   0.26271E-11
  1.790   4.190    0.00000E+00   0.66324E+03   0.00000E+00   0.47589E+03   0.00000E+00   0.26059E-11
  1.799   4.200    0.00000E+00   0.66139E+03   0.00000E+00   0.47226E+03   0.00000E+00   0.25846E-11
  1.807   4.210    0.00000E+00   0.65953E+03   0.00000E+00   0.46864E+03   0.00000E+00   0.25632E-11
  1.816   4.220    0.00000E+00   0.65765E+03   0.00000E+00   0.46503E+03   0.00000E+00   0.25416E-11
  1.825   4.230    0.00000E+00   0.65576E+03   0.00000E+00   0.46144E+03   0.00000E+00   0.25200E-11
  1.833   4.240    0.00000E+00   0.65384E+03   0.00000E+00   0.45786E+03   0.00000E+00   0.24982E-11
  1.842   4.250    0.00000E+00   0.65191E+03   0.00000E+00   0.45430E+03   0.00000E+00   0.24763E-11
  1.851   4.260    0.00000E+00   0.64996E+03   0.00000E+00   0.45075E+03   0.00000E+00   0.24543E-11
  1.859   4.270    0.00000E+00   0.64800E+03   0.00000E+00   0.44722E+03   0.00000E+00   0.24323E-11
  1.868   4.280    0.00000E+00   0.64602E+03   0.00000E+00   0.44370E+03   0.00000E+00   0.24101E-11
  1.877   4.290    0.00000E+00   0.64402E+03   0.00000E+00   0.44019E+03   0.00000E+00   0.23878E-11
  1.885   4.300    0.00000E+00   0.64200E+03   0.00000E+00   0.43670E+03   0.00000E+00   0.23655E-11
  1.894   4.310    0.00000E+00   0.63997E+03   0.00000E+00   0.43322E+03   0.00000E+00   0.23431E-11
  1.903   4.320    0.00000E+00   0.63792E+03   0.00000E+00   0.42976E+03   0.00000E+00   0.23206E-11
  1.912   4.330    0.00000E+00   0.63586E+03   0.00000E+00   0.42631E+03   0.00000E+00   0.22980E-11
  1.921   4.340    0.00000E+00   0.63378E+03   0.00000E+00   0.42288E+03   0.00000E+00   0.22754E-11
  1.930   4.350    0.00000E+00   0.63168E+03   0.00000E+00   0.41946E+03   0.00000E+00   0.22527E-11
  1.938   4.360    0.00000E+00   0.62957E+03   0.00000E+00   0.41606E+03   0.00000E+00   0.22299E-11
  1.947   4.370    0.00000E+00   0.62744E+03   0.00000E+00   0.41267E+03   0.00000E+00   0.22071E-11
  1.956   4.380    0.00000E+00   0.62530E+03   0.00000E+00   0.40929E+03   0.00000E+00   0.21843E-11
  1.965   4.390    0.00000E+00   0.62315E+03   0.00000E+00   0.40593E+03   0.00000E+00   0.21614E-11
  1.974   4.400    0.00000E+00   0.62098E+03   0.00000E+00   0.40259E+03   0.00000E+00   0.21384E-11
  1.983   4.410    0.00000E+00   0.61879E+03   0.00000E+00   0.39926E+03   0.00000E+00   0.21154E-11
  1.992   4.420    0.00000E+00   0.61659E+03   0.00000E+00   0.39595E+03   0.00000E+00   0.20924E-11
  2.001   4.430    0.00000E+00   0.61438E+03   0.00000E+00   0.39265E+03   0.00000E+00   0.20694E-11
  2.010   4.440    0.00000E+00   0.61215E+03   0.00000E+00   0.38937E+03   0.00000E+00   0.20463E-11
  2.019   4.450    0.00000E+00   0.60991E+03   0.00000E+00   0.38610E+03   0.00000E+00   0.20233E-11
  2.028   4.460    0.00000E+00   0.60765E+03   0.00000E+00   0.38285E+03   0.00000E+00   0.20002E-11
  2.037   4.470    0.00000E+00   0.60539E+03   0.00000E+00   0.37961E+03   0.00000E+00   0.19771E-11
  2.047   4.480    0.00000E+00   0.60311E+03   0.00000E+00   0.37639E+03   0.00000E+00   0.19540E-11
  2.056   4.490    0.00000E+00   0.60081E+03   0.00000E+00   0.37319E+03   0.00000E+00   0.19308E-11
  2.065   4.500    0.00000E+00   0.59851E+03   0.00000E+00   0.37000E+03   0.00000E+00   0.19077E-11
  2.074   4.510    0.00000E+00   0.59619E+03   0.00000E+00   0.36682E+03   0.00000E+00   0.18846E-11
  2.083   4.520    0.00000E+00   0.59386E+03   0.00000E+00   0.36367E+03   0.00000E+00   0.18615E-11
  2.093   4.530    0.00000E+00   0.59152E+03   0.00000E+00   0.36053E+03   0.00000E+00   0.18384E-11
  2.102   4.540    0.00000E+00   0.58917E+03   0.00000E+00   0.35740E+03   0.00000E+00   0.18154E-11
  2.111   4.550    0.00000E+00   0.58680E+03   0.00000E+00   0.35429E+03   0.00000E+00   0.17923E-11
  2.120   4.560    0.00000E+00   0.58442E+03   0.00000E+00   0.35120E+03   0.00000E+00   0.17693E-11
  2.130   4.570    0.00000E+00   0.58204E+03   0.00000E+00   0.34812E+03   0.00000E+00   0.17464E-11
  2.139   4.580    0.00000E+00   0.57964E+03   0.00000E+00   0.34506E+03   0.00000E+00   0.17234E-11
  2.148   4.590    0.00000E+00   0.57723E+03   0.00000E+00   0.34202E+03   0.00000E+00   0.17005E-11
  2.158   4.600    0.00000E+00   0.57482E+03   0.00000E+00   0.33899E+03   0.00000E+00   0.16776E-11
  2.167   4.610    0.00000E+00   0.57239E+03   0.00000E+00   0.33598E+03   0.00000E+00   0.16548E-11
  2.177   4.620    0.00000E+00   0.56995E+03   0.00000E+00   0.33299E+03   0.00000E+00   0.16321E-11
  2.186   4.630    0.00000E+00   0.56750E+03   0.00000E+00   0.33001E+03   0.00000E+00   0.16093E-11
  2.195   4.640    0.00000E+00   0.56505E+03   0.00000E+00   0.32705E+03   0.00000E+00   0.15867E-11
  2.205   4.650    0.00000E+00   0.56258E+03   0.00000E+00   0.32411E+03   0.00000E+00   0.15641E-11
  2.214   4.660    0.00000E+00   0.56011E+03   0.00000E+00   0.32118E+03   0.00000E+00   0.15416E-11
  2.224   4.670    0.00000E+00   0.55763E+03   0.00000E+00   0.31827E+03   0.00000E+00   0.15191E-11
  2.233   4.680    0.00000E+00   0.55514E+03   0.00000E+00   0.31538E+03   0.00000E+00   0.14967E-11
  2.243   4.690    0.00000E+00   0.55264E+03   0.00000E+00   0.31250E+03   0.00000E+00   0.14744E-11
  2.253   4.700    0.00000E+00   0.55014E+03   0.00000E+00   0.30964E+03   0.00000E+00   0.14522E-11
  2.262   4.710    0.00000E+00   0.54762E+03   0.00000E+00   0.30680E+03   0.00000E+00   0.14300E-11
  2.272   4.720    0.00000E+00   0.54510E+03   0.00000E+00   0.30397E+03   0.00000E+00   0.14079E-11
  2.281   4.730    0.00000E+00   0.54258E+03   0.00000E+00   0.30116E+03   0.00000E+00   0.13860E-11
  2.291   4.740    0.00000E+00   0.54004E+03   0.00000E+00   0.29837E+03   0.00000E+00   0.13641E-11
  2.301   4.750    0.00000E+00   0.53750E+03   0.00000E+00   0.29560E+03   0.00000E+00   0.13423E-11
  2.310   4.760    0.00000E+00   0.53496E+03   0.00000E+00   0.29284E+03   0.00000E+00   0.13206E-11
  2.320   4.770    0.00000E+00   0.53241E+03   0.00000E+00   0.29010E+03   0.00000E+00   0.12990E-11
  2.330   4.780    0.00000E+00   0.52985E+03   0.00000E+00   0.28738E+03   0.00000E+00   0.12775E-11
  2.340   4.790    0.00000E+00   0.52729E+03   0.00000E+00   0.28467E+03   0.00000E+00   0.12562E-11
  2.349   4.800    0.00000E+00   0.52472E+03   0.00000E+00   0.28199E+03   0.00000E+00   0.12349E-11
  2.359   4.810    0.00000E+00   0.52215E+03   0.00000E+00   0.27932E+03   0.00000E+00   0.12138E-11
  2.369   4.820    0.00000E+00   0.51957E+03   0.00000E+00   0.27666E+03   0.00000E+00   0.11927E-11
  2.379   4.830    0.00000E+00   0.51699E+03   0.00000E+00   0.27403E+03   0.00000E+00   0.11718E-11
  2.389   4.840    0.00000E+00   0.51441E+03   0.00000E+00   0.27141E+03   0.00000E+00   0.11510E-11
  2.399   4.850    0.00000E+00   0.51182E+03   0.00000E+00   0.26881E+03   0.00000E+00   0.11304E-11
  2.409   4.860    0.00000E+00   0.50923E+03   0.00000E+00   0.26623E+03   0.00000E+00   0.11098E-11
  2.418   4.870    0.00000E+00   0.50663E+03   0.00000E+00   0.26366E+03   0.00000E+00   0.10894E-11
  2.428   4.880    0.00000E+00   0.50404E+03   0.00000E+00   0.26111E+03   0.00000E+00   0.10691E-11
  2.438   4.890    0.00000E+00   0.50143E+03   0.00000E+00   0.25858E+03   0.00000E+00   0.10490E-11
  2.448   4.900    0.00000E+00   0.49883E+03   0.00000E+00   0.25607E+03   0.00000E+00   0.10290E-11
  2.458   4.910    0.00000E+00   0.49623E+03   0.00000E+00   0.25357E+03   0.00000E+00   0.10091E-11
  2.468   4.920    0.00000E+00   0.49362E+03   0.00000E+00   0.25109E+03   0.00000E+00   0.98943E-12
  2.478   4.930    0.00000E+00   0.49101E+03   0.00000E+00   0.24863E+03   0.00000E+00   0.96985E-12
  2.488   4.940    0.00000E+00   0.48840E+03   0.00000E+00   0.24619E+03   0.00000E+00   0.95042E-12
  2.499   4.950    0.00000E+00   0.48579E+03   0.00000E+00   0.24376E+03   0.00000E+00   0.93114E-12
  2.509   4.960    0.00000E+00   0.48318E+03   0.00000E+00   0.24136E+03   0.00000E+00   0.91201E-12
  2.519   4.970    0.00000E+00   0.48056E+03   0.00000E+00   0.23897E+03   0.00000E+00   0.89303E-12
  2.529   4.980    0.00000E+00   0.47795E+03   0.00000E+00   0.23659E+03   0.00000E+00   0.87420E-12
  2.539   4.990    0.00000E+00   0.47534E+03   0.00000E+00   0.23424E+03   0.00000E+00   0.85553E-12
