  0.000   0.010   -0.21779E-11   0.00000E+00   0.21231E-12   0.00000E+00   0.12160E-10   0.00000E+00
  0.000   0.020   -0.27866E-09   0.00000E+00   0.16973E-11   0.00000E+00   0.15558E-08   0.00000E+00
  0.000   0.030   -0.47580E-08   0.00000E+00   0.57216E-11   0.00000E+00   0.26563E-07   0.00000E+00
  0.000   0.040   -0.35612E-07   0.00000E+00   0.13540E-10   0.00000E+00   0.19880E-06   0.00000E+00
  0.000   0.050   -0.16961E-06   0.00000E+00   0.26390E-10   0.00000E+00   0.94669E-06   0.00000E+00
  0.000   0.060   -0.60689E-06   0.00000E+00   0.45485E-10   0.00000E+00   0.33867E-05   0.00000E+00
  0.000   0.070   -0.17824E-05   0.00000E+00   0.72008E-10   0.00000E+00   0.99444E-05   0.00000E+00
  0.001   0.080   -0.45301E-05   0.00000E+00   0.10711E-09   0.00000E+00   0.25268E-04   0.00000E+00
  0.001   0.090   -0.10309E-04   0.00000E+00   0.15189E-09   0.00000E+00   0.57485E-04   0.00000E+00
  0.001   0.100   -0.21500E-04   0.00000E+00   0.20742E-09   0.00000E+00   0.11985E-03   0.00000E+00
  0.001   0.110   -0.41784E-04   0.00000E+00   0.27470E-09   0.00000E+00   0.23285E-03   0.00000E+00
  0.001   0.120   -0.76601E-04   0.00000E+00   0.35469E-09   0.00000E+00   0.42671E-03   0.00000E+00
  0.002   0.130   -0.13371E-03   0.00000E+00   0.44828E-09   0.00000E+00   0.74452E-03   0.00000E+00
  0.002   0.140   -0.22384E-03   0.00000E+00   0.55628E-09   0.00000E+00   0.12458E-02   0.00000E+00
  0.002   0.150   -0.36145E-03   0.00000E+00   0.67945E-09   0.00000E+00   0.20108E-02   0.00000E+00
  0.003   0.160   -0.56560E-03   0.00000E+00   0.81843E-09   0.00000E+00   0.31448E-02   0.00000E+00
  0.003   0.170   -0.86090E-03   0.00000E+00   0.97387E-09   0.00000E+00   0.47842E-02   0.00000E+00
  0.003   0.180   -0.12786E-02   0.00000E+00   0.11462E-08   0.00000E+00   0.71015E-02   0.00000E+00
  0.004   0.190   -0.18580E-02   0.00000E+00   0.13359E-08   0.00000E+00   0.10313E-01   0.00000E+00
  0.004   0.200   -0.26472E-02   0.00000E+00   0.15432E-08   0.00000E+00   0.14684E-01   0.00000E+00
  0.004   0.210   -0.37052E-02   0.00000E+00   0.17684E-08   0.00000E+00   0.20539E-01   0.00000E+00
  0.005   0.220   -0.51030E-02   0.00000E+00   0.20116E-08   0.00000E+00   0.28267E-01   0.00000E+00
  0.005   0.230   -0.69253E-02   0.00000E+00   0.22728E-08   0.00000E+00   0.38332E-01   0.00000E+00
  0.006   0.240   -0.92723E-02   0.00000E+00   0.25519E-08   0.00000E+00   0.51283E-01   0.00000E+00
  0.006   0.250   -0.12262E-01   0.00000E+00   0.28486E-08   0.00000E+00   0.67761E-01   0.00000E+00
  0.007   0.260   -0.16030E-01   0.00000E+00   0.31627E-08   0.00000E+00   0.88510E-01   0.00000E+00
  0.007   0.270   -0.20735E-01   0.00000E+00   0.34937E-08   0.00000E+00   0.11439E+00   0.00000E+00
  0.008   0.280   -0.26557E-01   0.00000E+00   0.38410E-08   0.00000E+00   0.14638E+00   0.00000E+00
  0.009   0.290   -0.33704E-01   0.00000E+00   0.42041E-08   0.00000E+00   0.18559E+00   0.00000E+00
  0.009   0.300   -0.42409E-01   0.00000E+00   0.45820E-08   0.00000E+00   0.23329E+00   0.00000E+00
  0.010   0.310   -0.52935E-01   0.00000E+00   0.49738E-08   0.00000E+00   0.29090E+00   0.00000E+00
  0.010   0.320   -0.65577E-01   0.00000E+00   0.53784E-08   0.00000E+00   0.35999E+00   0.00000E+00
  0.011   0.330   -0.80664E-01   0.00000E+00   0.57947E-08   0.00000E+00   0.44233E+00   0.00000E+00
  0.012   0.340   -0.98562E-01   0.00000E+00   0.62214E-08   0.00000E+00   0.53987E+00   0.00000E+00
  0.012   0.350   -0.11967E+00   0.00000E+00   0.66570E-08   0.00000E+00   0.65476E+00   0.00000E+00
  0.013   0.360   -0.14445E+00   0.00000E+00   0.70999E-08   0.00000E+00   0.78934E+00   0.00000E+00
  0.014   0.370   -0.17336E+00   0.00000E+00   0.75487E-08   0.00000E+00   0.94619E+00   0.00000E+00
  0.015   0.380   -0.20695E+00   0.00000E+00   0.80009E-08   0.00000E+00   0.11281E+01   0.00000E+00
  0.016   0.390   -0.24580E+00   0.00000E+00   0.84554E-08   0.00000E+00   0.13381E+01   0.00000E+00
  0.016   0.400   -0.29052E+00   0.00000E+00   0.89093E-08   0.00000E+00   0.15795E+01   0.00000E+00
  0.017   0.410   -0.34180E+00   0.00000E+00   0.93612E-08   0.00000E+00   0.18557E+01   0.00000E+00
  0.018   0.420   -0.40036E+00   0.00000E+00   0.98083E-08   0.00000E+00   0.21706E+01   0.00000E+00
  0.019   0.430   -0.46699E+00   0.00000E+00   0.10248E-07   0.00000E+00   0.25282E+01   0.00000E+00
  0.020   0.440   -0.54251E+00   0.00000E+00   0.10678E-07   0.00000E+00   0.29327E+01   0.00000E+00
  0.021   0.450   -0.62782E+00   0.00000E+00   0.11096E-07   0.00000E+00   0.33888E+01   0.00000E+00
  0.022   0.460   -0.72387E+00   0.00000E+00   0.11498E-07   0.00000E+00   0.39011E+01   0.00000E+00
  0.023   0.470   -0.83165E+00   0.00000E+00   0.11883E-07   0.00000E+00   0.44749E+01   0.00000E+00
  0.023   0.480   -0.95223E+00   0.00000E+00   0.12246E-07   0.00000E+00   0.51154E+01   0.00000E+00
  0.024   0.490   -0.10867E+01   0.00000E+00   0.12585E-07   0.00000E+00   0.58283E+01   0.00000E+00
  0.025   0.500   -0.12363E+01   0.00000E+00   0.12896E-07   0.00000E+00   0.66194E+01   0.00000E+00
  0.027   0.510   -0.14022E+01   0.00000E+00   0.13177E-07   0.00000E+00   0.74948E+01   0.00000E+00
  0.028   0.520   -0.15858E+01   0.00000E+00   0.13423E-07   0.00000E+00   0.84608E+01   0.00000E+00
  0.029   0.530   -0.17883E+01   0.00000E+00   0.13631E-07   0.00000E+00   0.95242E+01   0.00000E+00
  0.030   0.540   -0.20112E+01   0.00000E+00   0.13798E-07   0.00000E+00   0.10692E+02   0.00000E+00
  0.031   0.550   -0.22559E+01   0.00000E+00   0.13921E-07   0.00000E+00   0.11970E+02   0.00000E+00
  0.032   0.560   -0.25240E+01   0.00000E+00   0.13994E-07   0.00000E+00   0.13367E+02   0.00000E+00
  0.033   0.570   -0.28170E+01   0.00000E+00   0.14014E-07   0.00000E+00   0.14889E+02   0.00000E+00
  0.034   0.580   -0.31366E+01   0.00000E+00   0.13977E-07   0.00000E+00   0.16545E+02   0.00000E+00
  0.035   0.590   -0.34843E+01   0.00000E+00   0.13880E-07   0.00000E+00   0.18342E+02   0.00000E+00
  0.037   0.600   -0.38620E+01   0.00000E+00   0.13719E-07   0.00000E+00   0.20289E+02   0.00000E+00
  0.038   0.610   -0.42713E+01   0.00000E+00   0.13488E-07   0.00000E+00   0.22392E+02   0.00000E+00
  0.039   0.620   -0.47141E+01   0.00000E+00   0.13185E-07   0.00000E+00   0.24660E+02   0.00000E+00
  0.040   0.630   -0.51921E+01   0.00000E+00   0.12804E-07   0.00000E+00   0.27101E+02   0.00000E+00
  0.042   0.640   -0.57073E+01   0.00000E+00   0.12341E-07   0.00000E+00   0.29724E+02   0.00000E+00
  0.043   0.650   -0.62616E+01   0.00000E+00   0.11793E-07   0.00000E+00   0.32537E+02   0.00000E+00
  0.044   0.660   -0.68568E+01   0.00000E+00   0.11155E-07   0.00000E+00   0.35548E+02   0.00000E+00
  0.046   0.670   -0.74949E+01   0.00000E+00   0.10423E-07   0.00000E+00   0.38766E+02   0.00000E+00
  0.047   0.680   -0.81778E+01   0.00000E+00   0.95915E-08   0.00000E+00   0.42198E+02   0.00000E+00
  0.049   0.690   -0.89076E+01   0.00000E+00   0.86569E-08   0.00000E+00   0.45852E+02   0.00000E+00
  0.050   0.700   -0.96863E+01   0.00000E+00   0.76147E-08   0.00000E+00   0.49738E+02   0.00000E+00
  0.051   0.710   -0.10516E+02   0.00000E+00   0.64608E-08   0.00000E+00   0.53862E+02   0.00000E+00
  0.053   0.720   -0.11398E+02   0.00000E+00   0.51904E-08   0.00000E+00   0.58233E+02   0.00000E+00
  0.054   0.730   -0.12335E+02   0.00000E+00   0.37993E-08   0.00000E+00   0.62858E+02   0.00000E+00
  0.056   0.740   -0.13329E+02   0.00000E+00   0.22830E-08   0.00000E+00   0.67744E+02   0.00000E+00
  0.057   0.750   -0.14381E+02   0.00000E+00   0.63732E-09   0.00000E+00   0.72900E+02   0.00000E+00
  0.059   0.760   -0.15494E+02   0.00000E+00  -0.11421E-08   0.00000E+00   0.78331E+02   0.00000E+00
  0.060   0.770   -0.16670E+02   0.00000E+00  -0.30597E-08   0.00000E+00   0.84044E+02   0.00000E+00
  0.062   0.780   -0.17910E+02   0.00000E+00  -0.51195E-08   0.00000E+00   0.90045E+02   0.00000E+00
  0.064   0.790   -0.19217E+02   0.00000E+00  -0.73259E-08   0.00000E+00   0.96341E+02   0.00000E+00
  0.065   0.800   -0.20591E+02   0.00000E+00  -0.96829E-08   0.00000E+00   0.10294E+03   0.00000E+00
  0.067   0.810   -0.22036E+02   0.00000E+00  -0.12195E-07   0.00000E+00   0.10984E+03   0.00000E+00
  0.069   0.820   -0.23552E+02   0.00000E+00  -0.14865E-07   0.00000E+00   0.11705E+03   0.00000E+00
  0.070   0.830   -0.25142E+02   0.00000E+00  -0.17699E-07   0.00000E+00   0.12458E+03   0.00000E+00
  0.072   0.840   -0.26806E+02   0.00000E+00  -0.20699E-07   0.00000E+00   0.13242E+03   0.00000E+00
  0.074   0.850   -0.28547E+02   0.00000E+00  -0.23870E-07   0.00000E+00   0.14059E+03   0.00000E+00
  0.075   0.860   -0.30365E+02   0.00000E+00  -0.27215E-07   0.00000E+00   0.14908E+03   0.00000E+00
  0.077   0.870   -0.32263E+02   0.00000E+00  -0.30738E-07   0.00000E+00   0.15790E+03   0.00000E+00
  0.079   0.880   -0.34242E+02   0.00000E+00  -0.34443E-07   0.00000E+00   0.16705E+03   0.00000E+00
  0.081   0.890   -0.36302E+02   0.00000E+00  -0.38333E-07   0.00000E+00   0.17653E+03   0.00000E+00
  0.083   0.900   -0.38446E+02   0.00000E+00  -0.42411E-07   0.00000E+00   0.18634E+03   0.00000E+00
  0.084   0.910   -0.40674E+02   0.00000E+00  -0.46681E-07   0.00000E+00   0.19648E+03   0.00000E+00
  0.086   0.920   -0.42986E+02   0.00000E+00  -0.51145E-07   0.00000E+00   0.20695E+03   0.00000E+00
  0.088   0.930   -0.45385E+02   0.00000E+00  -0.55809E-07   0.00000E+00   0.21775E+03   0.00000E+00
  0.090   0.940   -0.47870E+02   0.00000E+00  -0.60671E-07   0.00000E+00   0.22889E+03   0.00000E+00
  0.092   0.950   -0.50443E+02   0.00000E+00  -0.65739E-07   0.00000E+00   0.24035E+03   0.00000E+00
  0.094   0.960   -0.53104E+02   0.00000E+00  -0.71012E-07   0.00000E+00   0.25213E+03   0.00000E+00
  0.096   0.970   -0.55854E+02   0.00000E+00  -0.76495E-07   0.00000E+00   0.26423E+03   0.00000E+00
  0.098   0.980   -0.58692E+02   0.00000E+00  -0.82189E-07   0.00000E+00   0.27665E+03   0.00000E+00
  0.100   0.990   -0.61620E+02   0.00000E+00  -0.88096E-07   0.00000E+00   0.28939E+03   0.00000E+00
  0.102   1.000   -0.64637E+02   0.00000E+00  -0.94220E-07   0.00000E+00   0.30243E+03   0.00000E+00
  0.104   1.010   -0.67743E+02   0.00000E+00  -0.10056E-06   0.00000E+00   0.31577E+03   0.00000E+00
  0.106   1.020   -0.70938E+02   0.00000E+00  -0.10712E-06   0.00000E+00   0.32941E+03   0.00000E+00
  0.108   1.030   -0.74223E+02   0.00000E+00  -0.11390E-06   0.00000E+00   0.34334E+03   0.00000E+00
  0.110   1.040   -0.77596E+02   0.00000E+00  -0.12091E-06   0.00000E+00   0.35755E+03   0.00000E+00
  0.112   1.050   -0.81058E+02   0.00000E+00  -0.12814E-06   0.00000E+00   0.37203E+03   0.00000E+00
  0.115   1.060   -0.84608E+02   0.00000E+00  -0.13559E-06   0.00000E+00   0.38678E+03   0.00000E+00
  0.117   1.070   -0.88245E+02   0.00000E+00  -0.14328E-06   0.00000E+00   0.40179E+03   0.00000E+00
  0.119   1.080   -0.91969E+02   0.00000E+00  -0.15118E-06   0.00000E+00   0.41704E+03   0.00000E+00
  0.121   1.090   -0.95778E+02   0.00000E+00  -0.15932E-06   0.00000E+00   0.43253E+03   0.00000E+00
  0.123   1.100   -0.99672E+02   0.00000E+00  -0.16769E-06   0.00000E+00   0.44825E+03   0.00000E+00
  0.126   1.110   -0.10365E+03   0.00000E+00  -0.17629E-06   0.00000E+00   0.46419E+03   0.00000E+00
  0.128   1.120   -0.10771E+03   0.00000E+00  -0.18511E-06   0.00000E+00   0.48033E+03   0.00000E+00
  0.130   1.130   -0.11185E+03   0.00000E+00  -0.19417E-06   0.00000E+00   0.49666E+03   0.00000E+00
  0.133   1.140   -0.11607E+03   0.00000E+00  -0.20346E-06   0.00000E+00   0.51318E+03   0.00000E+00
  0.135   1.150   -0.12037E+03   0.00000E+00  -0.21298E-06   0.00000E+00   0.52986E+03   0.00000E+00
  0.137   1.160   -0.12475E+03   0.00000E+00  -0.22272E-06   0.00000E+00   0.54671E+03   0.00000E+00
  0.140   1.170   -0.12920E+03   0.00000E+00  -0.23270E-06   0.00000E+00   0.56369E+03   0.00000E+00
  0.142   1.180   -0.13373E+03   0.00000E+00  -0.24290E-06   0.00000E+00   0.58081E+03   0.00000E+00
  0.144   1.190   -0.13833E+03   0.00000E+00  -0.25333E-06   0.00000E+00   0.59805E+03   0.00000E+00
  0.147   1.200   -0.14300E+03   0.00000E+00  -0.26399E-06   0.00000E+00   0.61540E+03   0.00000E+00
  0.149   1.210   -0.14773E+03   0.00000E+00  -0.27488E-06   0.00000E+00   0.63283E+03   0.00000E+00
  0.152   1.220   -0.15253E+03   0.00000E+00  -0.28599E-06   0.00000E+00   0.65035E+03   0.00000E+00
  0.154   1.230   -0.15740E+03   0.00000E+00  -0.29732E-06   0.00000E+00   0.66792E+03   0.00000E+00
  0.157   1.240   -0.16233E+03   0.00000E+00  -0.30887E-06   0.00000E+00   0.68555E+03   0.00000E+00
  0.159   1.250   -0.16732E+03   0.00000E+00  -0.32065E-06   0.00000E+00   0.70321E+03   0.00000E+00
  0.162   1.260   -0.17236E+03   0.00000E+00  -0.33264E-06   0.00000E+00   0.72090E+03   0.00000E+00
  0.164   1.270   -0.17746E+03   0.00000E+00  -0.34485E-06   0.00000E+00   0.73859E+03   0.00000E+00
  0.167   1.280   -0.18261E+03   0.00000E+00  -0.35727E-06   0.00000E+00   0.75628E+03   0.00000E+00
  0.170   1.290   -0.18781E+03   0.00000E+00  -0.36990E-06   0.00000E+00   0.77395E+03   0.00000E+00
  0.172   1.300   -0.19306E+03   0.00000E+00  -0.38274E-06   0.00000E+00   0.79159E+03   0.00000E+00
  0.175   1.310   -0.19836E+03   0.00000E+00  -0.39580E-06   0.00000E+00   0.80917E+03   0.00000E+00
  0.178   1.320   -0.20369E+03   0.00000E+00  -0.40905E-06   0.00000E+00   0.82670E+03   0.00000E+00
  0.180   1.330   -0.20907E+03   0.00000E+00  -0.42251E-06   0.00000E+00   0.84415E+03   0.00000E+00
  0.183   1.340   -0.21449E+03   0.00000E+00  -0.43616E-06   0.00000E+00   0.86152E+03   0.00000E+00
  0.186   1.350   -0.21993E+03   0.00000E+00  -0.45001E-06   0.00000E+00   0.87879E+03   0.00000E+00
  0.189   1.360   -0.22542E+03   0.00000E+00  -0.46406E-06   0.00000E+00   0.89594E+03   0.00000E+00
  0.191   1.370   -0.23093E+03   0.00000E+00  -0.47829E-06   0.00000E+00   0.91296E+03   0.00000E+00
  0.194   1.380   -0.23647E+03   0.00000E+00  -0.49270E-06   0.00000E+00   0.92985E+03   0.00000E+00
  0.197   1.390   -0.24203E+03   0.00000E+00  -0.50731E-06   0.00000E+00   0.94659E+03   0.00000E+00
  0.200   1.400   -0.24762E+03   0.00000E+00  -0.52209E-06   0.00000E+00   0.96317E+03   0.00000E+00
  0.203   1.410   -0.25322E+03   0.00000E+00  -0.53705E-06   0.00000E+00   0.97957E+03   0.00000E+00
  0.206   1.420   -0.25884E+03   0.00000E+00  -0.55218E-06   0.00000E+00   0.99579E+03   0.00000E+00
  0.209   1.430   -0.26448E+03   0.00000E+00  -0.56748E-06   0.00000E+00   0.10118E+04   0.00000E+00
  0.211   1.440   -0.27013E+03   0.00000E+00  -0.58294E-06   0.00000E+00   0.10276E+04   0.00000E+00
  0.214   1.450   -0.27579E+03   0.00000E+00  -0.59857E-06   0.00000E+00   0.10432E+04   0.00000E+00
  0.217   1.460   -0.28145E+03   0.00000E+00  -0.61435E-06   0.00000E+00   0.10586E+04   0.00000E+00
  0.220   1.470   -0.28712E+03   0.00000E+00  -0.63029E-06   0.00000E+00   0.10738E+04   0.00000E+00
  0.223   1.480   -0.29279E+03   0.00000E+00  -0.64638E-06   0.00000E+00   0.10887E+04   0.00000E+00
  0.226   1.490   -0.29846E+03   0.00000E+00  -0.66261E-06   0.00000E+00   0.11033E+04   0.00000E+00
  0.229   1.500   -0.30412E+03   0.00000E+00  -0.67898E-06   0.00000E+00   0.11177E+04   0.00000E+00
  0.233   1.510   -0.30978E+03   0.00000E+00  -0.69550E-06   0.00000E+00   0.11318E+04   0.00000E+00
  0.236   1.520   -0.31544E+03   0.00000E+00  -0.71214E-06   0.00000E+00   0.11457E+04   0.00000E+00
  0.239   1.530   -0.32108E+03   0.00000E+00  -0.72891E-06   0.00000E+00   0.11593E+04   0.00000E+00
  0.242   1.540   -0.32671E+03   0.00000E+00  -0.74581E-06   0.00000E+00   0.11726E+04   0.00000E+00
  0.245   1.550   -0.33233E+03   0.00000E+00  -0.76283E-06   0.00000E+00   0.11856E+04   0.00000E+00
  0.248   1.560   -0.33794E+03   0.00000E+00  -0.77996E-06   0.00000E+00   0.11983E+04   0.00000E+00
  0.251   1.570   -0.34352E+03   0.00000E+00  -0.79721E-06   0.00000E+00   0.12107E+04   0.00000E+00
  0.255   1.580   -0.34908E+03   0.00000E+00  -0.81456E-06   0.00000E+00   0.12227E+04   0.00000E+00
  0.258   1.590   -0.35463E+03   0.00000E+00  -0.83202E-06   0.00000E+00   0.12345E+04   0.00000E+00
  0.261   1.600   -0.36015E+03   0.00000E+00  -0.84958E-06   0.00000E+00   0.12460E+04   0.00000E+00
  0.264   1.610   -0.36564E+03   0.00000E+00  -0.86723E-06   0.00000E+00   0.12571E+04   0.00000E+00
  0.268   1.620   -0.37110E+03   0.00000E+00  -0.88497E-06   0.00000E+00   0.12680E+04   0.00000E+00
  0.271   1.630   -0.37654E+03   0.00000E+00  -0.90280E-06   0.00000E+00   0.12785E+04   0.00000E+00
  0.274   1.640   -0.38195E+03   0.00000E+00  -0.92071E-06   0.00000E+00   0.12886E+04   0.00000E+00
  0.278   1.650   -0.38732E+03   0.00000E+00  -0.93870E-06   0.00000E+00   0.12985E+04   0.00000E+00
  0.281   1.660   -0.39266E+03   0.00000E+00  -0.95676E-06   0.00000E+00   0.13080E+04   0.00000E+00
  0.284   1.670   -0.39797E+03   0.00000E+00  -0.97489E-06   0.00000E+00   0.13172E+04   0.00000E+00
  0.288   1.680   -0.40324E+03   0.00000E+00  -0.99309E-06   0.00000E+00   0.13261E+04   0.00000E+00
  0.291   1.690   -0.40847E+03   0.00000E+00  -0.10113E-05   0.00000E+00   0.13346E+04   0.00000E+00
  0.295   1.700   -0.41366E+03   0.00000E+00  -0.10297E-05   0.00000E+00   0.13428E+04   0.00000E+00
  0.298   1.710   -0.41882E+03   0.00000E+00  -0.10480E-05   0.00000E+00   0.13507E+04   0.00000E+00
  0.302   1.720   -0.42393E+03   0.00000E+00  -0.10664E-05   0.00000E+00   0.13582E+04   0.00000E+00
  0.305   1.730   -0.42900E+03   0.00000E+00  -0.10849E-05   0.00000E+00   0.13655E+04   0.00000E+00
  0.309   1.740   -0.43402E+03   0.00000E+00  -0.11034E-05   0.00000E+00   0.13724E+04   0.00000E+00
  0.312   1.750   -0.43901E+03   0.00000E+00  -0.11219E-05   0.00000E+00   0.13789E+04   0.00000E+00
  0.316   1.760   -0.44394E+03   0.00000E+00  -0.11405E-05   0.00000E+00   0.13852E+04   0.00000E+00
  0.319   1.770   -0.44884E+03   0.00000E+00  -0.11591E-05   0.00000E+00   0.13911E+04   0.00000E+00
  0.323   1.780   -0.45368E+03   0.00000E+00  -0.11777E-05   0.00000E+00   0.13968E+04   0.00000E+00
  0.327   1.790   -0.45848E+03   0.00000E+00  -0.11964E-05   0.00000E+00   0.14021E+04   0.00000E+00
  0.330   1.800   -0.46323E+03   0.00000E+00  -0.12150E-05   0.00000E+00   0.14071E+04   0.00000E+00
  0.334   1.810   -0.46793E+03   0.00000E+00  -0.12337E-05   0.00000E+00   0.14118E+04   0.00000E+00
  0.338   1.820   -0.47258E+03   0.00000E+00  -0.12524E-05   0.00000E+00   0.14162E+04   0.00000E+00
  0.341   1.830   -0.47719E+03   0.00000E+00  -0.12710E-05   0.00000E+00   0.14203E+04   0.00000E+00
  0.345   1.840   -0.48174E+03   0.00000E+00  -0.12897E-05   0.00000E+00   0.14241E+04   0.00000E+00
  0.349   1.850   -0.48625E+03   0.00000E+00  -0.13084E-05   0.00000E+00   0.14276E+04   0.00000E+00
  0.353   1.860   -0.49070E+03   0.00000E+00  -0.13271E-05   0.00000E+00   0.14308E+04   0.00000E+00
  0.357   1.870   -0.49510E+03   0.00000E+00  -0.13457E-05   0.00000E+00   0.14337E+04   0.00000E+00
  0.360   1.880   -0.49945E+03   0.00000E+00  -0.13644E-05   0.00000E+00   0.14364E+04   0.00000E+00
  0.364   1.890   -0.50375E+03   0.00000E+00  -0.13830E-05   0.00000E+00   0.14388E+04   0.00000E+00
  0.368   1.900   -0.50800E+03   0.00000E+00  -0.14016E-05   0.00000E+00   0.14409E+04   0.00000E+00
  0.372   1.910   -0.51220E+03   0.00000E+00  -0.14202E-05   0.00000E+00   0.14427E+04   0.00000E+00
  0.376   1.920   -0.51635E+03   0.00000E+00  -0.14388E-05   0.00000E+00   0.14443E+04   0.00000E+00
  0.380   1.930   -0.52044E+03   0.00000E+00  -0.14573E-05   0.00000E+00   0.14457E+04   0.00000E+00
  0.384   1.940   -0.52449E+03   0.00000E+00  -0.14758E-05   0.00000E+00   0.14468E+04   0.00000E+00
  0.388   1.950   -0.52848E+03   0.00000E+00  -0.14943E-05   0.00000E+00   0.14476E+04   0.00000E+00
  0.392   1.960   -0.53242E+03   0.00000E+00  -0.15127E-05   0.00000E+00   0.14482E+04   0.00000E+00
  0.396   1.970   -0.53631E+03   0.00000E+00  -0.15311E-05   0.00000E+00   0.14486E+04   0.00000E+00
  0.400   1.980   -0.54015E+03   0.00000E+00  -0.15494E-05   0.00000E+00   0.14488E+04   0.00000E+00
  0.404   1.990   -0.54394E+03   0.00000E+00  -0.15677E-05   0.00000E+00   0.14487E+04   0.00000E+00
  0.408   2.000   -0.54767E+03   0.00000E+00  -0.15859E-05   0.00000E+00   0.14484E+04   0.00000E+00
  0.412   2.010   -0.55136E+03   0.00000E+00  -0.16040E-05   0.00000E+00   0.14479E+04   0.00000E+00
  0.416   2.020   -0.55500E+03   0.00000E+00  -0.16222E-05   0.00000E+00   0.14472E+04   0.00000E+00
  0.420   2.030   -0.55858E+03   0.00000E+00  -0.16402E-05   0.00000E+00   0.14463E+04   0.00000E+00
  0.424   2.040   -0.56212E+03   0.00000E+00  -0.16582E-05   0.00000E+00   0.14452E+04   0.00000E+00
  0.429   2.050   -0.56561E+03   0.00000E+00  -0.16761E-05   0.00000E+00   0.14439E+04   0.00000E+00
  0.433   2.060   -0.56905E+03   0.00000E+00  -0.16939E-05   0.00000E+00   0.14424E+04   0.00000E+00
  0.437   2.070   -0.57244E+03   0.00000E+00  -0.17117E-05   0.00000E+00   0.14408E+04   0.00000E+00
  0.441   2.080   -0.57578E+03   0.00000E+00  -0.17294E-05   0.00000E+00   0.14390E+04   0.00000E+00
  0.445   2.090   -0.57908E+03   0.00000E+00  -0.17470E-05   0.00000E+00   0.14370E+04   0.00000E+00
  0.450   2.100   -0.58233E+03   0.00000E+00  -0.17645E-05   0.00000E+00   0.14348E+04   0.00000E+00
  0.454   2.110   -0.58553E+03   0.00000E+00  -0.17820E-05   0.00000E+00   0.14325E+04   0.00000E+00
  0.458   2.120   -0.58869E+03   0.00000E+00  -0.17993E-05   0.00000E+00   0.14300E+04   0.00000E+00
  0.463   2.130   -0.59180E+03   0.00000E+00  -0.18166E-05   0.00000E+00   0.14274E+04   0.00000E+00
  0.467   2.140   -0.59486E+03   0.00000E+00  -0.18337E-05   0.00000E+00   0.14247E+04   0.00000E+00
  0.471   2.150   -0.59788E+03   0.00000E+00  -0.18508E-05   0.00000E+00   0.14218E+04   0.00000E+00
  0.476   2.160   -0.60085E+03   0.00000E+00  -0.18678E-05   0.00000E+00   0.14187E+04   0.00000E+00
  0.480   2.170   -0.60379E+03   0.00000E+00  -0.18847E-05   0.00000E+00   0.14156E+04   0.00000E+00
  0.485   2.180   -0.60667E+03   0.00000E+00  -0.19015E-05   0.00000E+00   0.14123E+04   0.00000E+00
  0.489   2.190   -0.60952E+03   0.00000E+00  -0.19181E-05   0.00000E+00   0.14089E+04   0.00000E+00
  0.494   2.200   -0.61232E+03   0.00000E+00  -0.19347E-05   0.00000E+00   0.14054E+04   0.00000E+00
  0.498   2.210   -0.61508E+03   0.00000E+00  -0.19511E-05   0.00000E+00   0.14017E+04   0.00000E+00
  0.503   2.220   -0.61780E+03   0.00000E+00  -0.19675E-05   0.00000E+00   0.13980E+04   0.00000E+00
  0.507   2.230   -0.62048E+03   0.00000E+00  -0.19837E-05   0.00000E+00   0.13942E+04   0.00000E+00
  0.512   2.240   -0.62312E+03   0.00000E+00  -0.19998E-05   0.00000E+00   0.13902E+04   0.00000E+00
  0.516   2.250   -0.62571E+03   0.00000E+00  -0.20158E-05   0.00000E+00   0.13862E+04   0.00000E+00
  0.521   2.260   -0.62827E+03   0.00000E+00  -0.20317E-05   0.00000E+00   0.13821E+04   0.00000E+00
  0.525   2.270   -0.63079E+03   0.00000E+00  -0.20474E-05   0.00000E+00   0.13779E+04   0.00000E+00
  0.530   2.280   -0.63328E+03   0.00000E+00  -0.20631E-05   0.00000E+00   0.13736E+04   0.00000E+00
  0.535   2.290   -0.63572E+03   0.00000E+00  -0.20785E-05   0.00000E+00   0.13692E+04   0.00000E+00
  0.539   2.300   -0.63813E+03   0.00000E+00  -0.20939E-05   0.00000E+00   0.13648E+04   0.00000E+00
  0.544   2.310   -0.64050E+03   0.00000E+00  -0.21092E-05   0.00000E+00   0.13603E+04   0.00000E+00
  0.549   2.320   -0.64283E+03   0.00000E+00  -0.21243E-05   0.00000E+00   0.13557E+04   0.00000E+00
  0.554   2.330   -0.64513E+03   0.00000E+00  -0.21392E-05   0.00000E+00   0.13511E+04   0.00000E+00
  0.558   2.340   -0.64739E+03   0.00000E+00  -0.21540E-05   0.00000E+00   0.13463E+04   0.00000E+00
  0.563   2.350   -0.64962E+03   0.00000E+00  -0.21687E-05   0.00000E+00   0.13416E+04   0.00000E+00
  0.568   2.360   -0.65181E+03   0.00000E+00  -0.21833E-05   0.00000E+00   0.13368E+04   0.00000E+00
  0.573   2.370   -0.65397E+03   0.00000E+00  -0.21977E-05   0.00000E+00   0.13319E+04   0.00000E+00
  0.578   2.380   -0.65610E+03   0.00000E+00  -0.22119E-05   0.00000E+00   0.13270E+04   0.00000E+00
  0.582   2.390   -0.65819E+03   0.00000E+00  -0.22261E-05   0.00000E+00   0.13220E+04   0.00000E+00
  0.587   2.400   -0.66026E+03   0.00000E+00  -0.22400E-05   0.00000E+00   0.13170E+04   0.00000E+00
  0.592   2.410   -0.66228E+03   0.00000E+00  -0.22538E-05   0.00000E+00   0.13119E+04   0.00000E+00
  0.597   2.420   -0.66428E+03   0.00000E+00  -0.22675E-05   0.00000E+00   0.13068E+04   0.00000E+00
  0.602   2.430   -0.66625E+03   0.00000E+00  -0.22810E-05   0.00000E+00   0.13017E+04   0.00000E+00
  0.607   2.440   -0.66818E+03   0.00000E+00  -0.22944E-05   0.00000E+00   0.12965E+04   0.00000E+00
  0.612   2.450   -0.67009E+03   0.00000E+00  -0.23076E-05   0.00000E+00   0.12914E+04   0.00000E+00
  0.617   2.460   -0.67197E+03   0.00000E+00  -0.23206E-05   0.00000E+00   0.12861E+04   0.00000E+00
  0.622   2.470   -0.67381E+03   0.00000E+00  -0.23335E-05   0.00000E+00   0.12809E+04   0.00000E+00
  0.627   2.480   -0.67563E+03   0.00000E+00  -0.23462E-05   0.00000E+00   0.12756E+04   0.00000E+00
  0.632   2.490   -0.67742E+03   0.00000E+00  -0.23588E-05   0.00000E+00   0.12703E+04   0.00000E+00
  0.637   2.500   -0.67918E+03   0.00000E+00  -0.23712E-05   0.00000E+00   0.12650E+04   0.00000E+00
  0.642   2.510   -0.68091E+03   0.00000E+00  -0.23834E-05   0.00000E+00   0.12596E+04   0.00000E+00
  0.648   2.520   -0.68261E+03   0.00000E+00  -0.23955E-05   0.00000E+00   0.12543E+04   0.00000E+00
  0.653   2.530   -0.68429E+03   0.00000E+00  -0.24074E-05   0.00000E+00   0.12489E+04   0.00000E+00
  0.658   2.540   -0.68594E+03   0.00000E+00  -0.24191E-05   0.00000E+00   0.12435E+04   0.00000E+00
  0.663   2.550   -0.68756E+03   0.00000E+00  -0.24306E-05   0.00000E+00   0.12381E+04   0.00000E+00
  0.668   2.560   -0.68916E+03   0.00000E+00  -0.24420E-05   0.00000E+00   0.12327E+04   0.00000E+00
  0.674   2.570   -0.69073E+03   0.00000E+00  -0.24532E-05   0.00000E+00   0.12272E+04   0.00000E+00
  0.679   2.580   -0.69228E+03   0.00000E+00  -0.24643E-05   0.00000E+00   0.12218E+04   0.00000E+00
  0.684   2.590   -0.69380E+03   0.00000E+00  -0.24751E-05   0.00000E+00   0.12164E+04   0.00000E+00
  0.689   2.600   -0.69529E+03   0.00000E+00  -0.24858E-05   0.00000E+00   0.12109E+04   0.00000E+00
  0.695   2.610   -0.69676E+03   0.00000E+00  -0.24963E-05   0.00000E+00   0.12055E+04   0.00000E+00
  0.700   2.620   -0.69820E+03   0.00000E+00  -0.25066E-05   0.00000E+00   0.12000E+04   0.00000E+00
  0.705   2.630   -0.69962E+03   0.00000E+00  -0.25167E-05   0.00000E+00   0.11945E+04   0.00000E+00
  0.711   2.640   -0.70102E+03   0.00000E+00  -0.25267E-05   0.00000E+00   0.11891E+04   0.00000E+00
  0.716   2.650   -0.70239E+03   0.00000E+00  -0.25365E-05   0.00000E+00   0.11836E+04   0.00000E+00
  0.722   2.660   -0.70374E+03   0.00000E+00  -0.25461E-05   0.00000E+00   0.11781E+04   0.00000E+00
  0.727   2.670   -0.70506E+03   0.00000E+00  -0.25555E-05   0.00000E+00   0.11727E+04   0.00000E+00
  0.732   2.680   -0.70637E+03   0.00000E+00  -0.25647E-05   0.00000E+00   0.11672E+04   0.00000E+00
  0.738   2.690   -0.70764E+03   0.00000E+00  -0.25737E-05   0.00000E+00   0.11618E+04   0.00000E+00
  0.743   2.700   -0.70890E+03   0.00000E+00  -0.25826E-05   0.00000E+00   0.11563E+04   0.00000E+00
  0.749   2.710   -0.71013E+03   0.00000E+00  -0.25912E-05   0.00000E+00   0.11508E+04   0.00000E+00
  0.754   2.720   -0.71134E+03   0.00000E+00  -0.25997E-05   0.00000E+00   0.11454E+04   0.00000E+00
  0.760   2.730   -0.71253E+03   0.00000E+00  -0.26080E-05   0.00000E+00   0.11400E+04   0.00000E+00
  0.766   2.740   -0.71370E+03   0.00000E+00  -0.26161E-05   0.00000E+00   0.11345E+04   0.00000E+00
  0.771   2.750   -0.71484E+03   0.00000E+00  -0.26240E-05   0.00000E+00   0.11291E+04   0.00000E+00
  0.777   2.760   -0.71596E+03   0.00000E+00  -0.26317E-05   0.00000E+00   0.11237E+04   0.00000E+00
  0.782   2.770   -0.71706E+03   0.00000E+00  -0.26392E-05   0.00000E+00   0.11183E+04   0.00000E+00
  0.788   2.780   -0.71814E+03   0.00000E+00  -0.26465E-05   0.00000E+00   0.11129E+04   0.00000E+00
  0.794   2.790   -0.71919E+03   0.00000E+00  -0.26536E-05   0.00000E+00   0.11075E+04   0.00000E+00
  0.799   2.800   -0.72023E+03   0.00000E+00  -0.26606E-05   0.00000E+00   0.11021E+04   0.00000E+00
  0.805   2.810   -0.72124E+03   0.00000E+00  -0.26673E-05   0.00000E+00   0.10967E+04   0.00000E+00
  0.811   2.820   -0.72223E+03   0.00000E+00  -0.26738E-05   0.00000E+00   0.10913E+04   0.00000E+00
  0.817   2.830   -0.72321E+03   0.00000E+00  -0.26802E-05   0.00000E+00   0.10860E+04   0.00000E+00
  0.822   2.840   -0.72416E+03   0.00000E+00  -0.26863E-05   0.00000E+00   0.10806E+04   0.00000E+00
  0.828   2.850   -0.72509E+03   0.00000E+00  -0.26923E-05   0.00000E+00   0.10753E+04   0.00000E+00
  0.834   2.860   -0.72599E+03   0.00000E+00  -0.26981E-05   0.00000E+00   0.10700E+04   0.00000E+00
  0.840   2.870   -0.72688E+03   0.00000E+00  -0.27036E-05   0.00000E+00   0.10647E+04   0.00000E+00
  0.846   2.880   -0.72775E+03   0.00000E+00  -0.27090E-05   0.00000E+00   0.10594E+04   0.00000E+00
  0.852   2.890   -0.72860E+03   0.00000E+00  -0.27142E-05   0.00000E+00   0.10541E+04   0.00000E+00
  0.858   2.900   -0.72942E+03   0.00000E+00  -0.27191E-05   0.00000E+00   0.10488E+04   0.00000E+00
  0.864   2.910   -0.73023E+03   0.00000E+00  -0.27239E-05   0.00000E+00   0.10435E+04   0.00000E+00
  0.869   2.920   -0.73101E+03   0.00000E+00  -0.27285E-05   0.00000E+00   0.10383E+04   0.00000E+00
  0.875   2.930   -0.73178E+03   0.00000E+00  -0.27329E-05   0.00000E+00   0.10330E+04   0.00000E+00
  0.881   2.940   -0.73252E+03   0.00000E+00  -0.27370E-05   0.00000E+00   0.10278E+04   0.00000E+00
  0.887   2.950   -0.73325E+03   0.00000E+00  -0.27410E-05   0.00000E+00   0.10226E+04   0.00000E+00
  0.893   2.960   -0.73395E+03   0.00000E+00  -0.27448E-05   0.00000E+00   0.10174E+04   0.00000E+00
  0.899   2.970   -0.73463E+03   0.00000E+00  -0.27484E-05   0.00000E+00   0.10122E+04   0.00000E+00
  0.906   2.980   -0.73530E+03   0.00000E+00  -0.27518E-05   0.00000E+00   0.10071E+04   0.00000E+00
  0.912   2.990   -0.73594E+03   0.00000E+00  -0.27550E-05   0.00000E+00   0.10019E+04   0.00000E+00
  0.918   3.000   -0.73656E+03   0.00000E+00  -0.27580E-05   0.00000E+00   0.99675E+03   0.00000E+00
  0.924   3.010   -0.73717E+03   0.00000E+00  -0.27608E-05   0.00000E+00   0.99162E+03   0.00000E+00
  0.930   3.020   -0.73775E+03   0.00000E+00  -0.27634E-05   0.00000E+00   0.98650E+03   0.00000E+00
  0.936   3.030   -0.73831E+03   0.00000E+00  -0.27658E-05   0.00000E+00   0.98140E+03   0.00000E+00
  0.942   3.040   -0.73885E+03   0.00000E+00  -0.27681E-05   0.00000E+00   0.97631E+03   0.00000E+00
  0.949   3.050   -0.73938E+03   0.00000E+00  -0.27701E-05   0.00000E+00   0.97123E+03   0.00000E+00
  0.955   3.060   -0.73988E+03   0.00000E+00  -0.27719E-05   0.00000E+00   0.96617E+03   0.00000E+00
  0.961   3.070   -0.74036E+03   0.00000E+00  -0.27735E-05   0.00000E+00   0.96112E+03   0.00000E+00
  0.967   3.080   -0.74082E+03   0.00000E+00  -0.27750E-05   0.00000E+00   0.95609E+03   0.00000E+00
  0.974   3.090   -0.74127E+03   0.00000E+00  -0.27762E-05   0.00000E+00   0.95107E+03   0.00000E+00
  0.980   3.100   -0.74169E+03   0.00000E+00  -0.27773E-05   0.00000E+00   0.94606E+03   0.00000E+00
  0.986   3.110   -0.74209E+03   0.00000E+00  -0.27782E-05   0.00000E+00   0.94107E+03   0.00000E+00
  0.993   3.120   -0.74247E+03   0.00000E+00  -0.27789E-05   0.00000E+00   0.93609E+03   0.00000E+00
  0.999   3.130   -0.74283E+03   0.00000E+00  -0.27793E-05   0.00000E+00   0.93112E+03   0.00000E+00
  1.005   3.140   -0.74318E+03   0.00000E+00  -0.27796E-05   0.00000E+00   0.92617E+03   0.00000E+00
  1.012   3.150   -0.74350E+03   0.00000E+00  -0.27798E-05   0.00000E+00   0.92123E+03   0.00000E+00
  1.018   3.160   -0.74380E+03   0.00000E+00  -0.27797E-05   0.00000E+00   0.91631E+03   0.00000E+00
  1.025   3.170   -0.74408E+03   0.00000E+00  -0.27794E-05   0.00000E+00   0.91140E+03   0.00000E+00
  1.031   3.180   -0.74434E+03   0.00000E+00  -0.27790E-05   0.00000E+00   0.90650E+03   0.00000E+00
  1.038   3.190   -0.74458E+03   0.00000E+00  -0.27784E-05   0.00000E+00   0.90162E+03   0.00000E+00
  1.044   3.200   -0.74480E+03   0.00000E+00  -0.27775E-05   0.00000E+00   0.89675E+03   0.00000E+00
  1.051   3.210   -0.74500E+03   0.00000E+00  -0.27766E-05   0.00000E+00   0.89189E+03   0.00000E+00
  1.057   3.220   -0.74518E+03   0.00000E+00  -0.27754E-05   0.00000E+00   0.88705E+03   0.00000E+00
  1.064   3.230   -0.74534E+03   0.00000E+00  -0.27740E-05   0.00000E+00   0.88222E+03   0.00000E+00
  1.070   3.240   -0.74548E+03   0.00000E+00  -0.27725E-05   0.00000E+00   0.87740E+03   0.00000E+00
  1.077   3.250   -0.74560E+03   0.00000E+00  -0.27708E-05   0.00000E+00   0.87260E+03   0.00000E+00
  1.084   3.260   -0.74570E+03   0.00000E+00  -0.27689E-05   0.00000E+00   0.86781E+03   0.00000E+00
  1.090   3.270   -0.74578E+03   0.00000E+00  -0.27668E-05   0.00000E+00   0.86303E+03   0.00000E+00
  1.097   3.280   -0.74583E+03   0.00000E+00  -0.27646E-05   0.00000E+00   0.85827E+03   0.00000E+00
  1.104   3.290   -0.74587E+03   0.00000E+00  -0.27622E-05   0.00000E+00   0.85352E+03   0.00000E+00
  1.110   3.300   -0.74589E+03   0.00000E+00  -0.27596E-05   0.00000E+00   0.84878E+03   0.00000E+00
  1.117   3.310   -0.74588E+03   0.00000E+00  -0.27569E-05   0.00000E+00   0.84406E+03   0.00000E+00
  1.124   3.320   -0.74586E+03   0.00000E+00  -0.27539E-05   0.00000E+00   0.83935E+03   0.00000E+00
  1.131   3.330   -0.74581E+03   0.00000E+00  -0.27509E-05   0.00000E+00   0.83465E+03   0.00000E+00
  1.138   3.340   -0.74575E+03   0.00000E+00  -0.27476E-05   0.00000E+00   0.82997E+03   0.00000E+00
  1.144   3.350   -0.74566E+03   0.00000E+00  -0.27442E-05   0.00000E+00   0.82529E+03   0.00000E+00
  1.151   3.360   -0.74555E+03   0.00000E+00  -0.27406E-05   0.00000E+00   0.82063E+03   0.00000E+00
  1.158   3.370   -0.74543E+03   0.00000E+00  -0.27369E-05   0.00000E+00   0.81599E+03   0.00000E+00
  1.165   3.380   -0.74528E+03   0.00000E+00  -0.27330E-05   0.00000E+00   0.81135E+03   0.00000E+00
  1.172   3.390   -0.74511E+03   0.00000E+00  -0.27289E-05   0.00000E+00   0.80673E+03   0.00000E+00
  1.179   3.400   -0.74492E+03   0.00000E+00  -0.27247E-05   0.00000E+00   0.80212E+03   0.00000E+00
  1.186   3.410   -0.74470E+03   0.00000E+00  -0.27204E-05   0.00000E+00   0.79752E+03   0.00000E+00
  1.193   3.420   -0.74447E+03   0.00000E+00  -0.27158E-05   0.00000E+00   0.79294E+03   0.00000E+00
  1.200   3.430   -0.74422E+03   0.00000E+00  -0.27112E-05   0.00000E+00   0.78837E+03   0.00000E+00
  1.207   3.440   -0.74394E+03   0.00000E+00  -0.27064E-05   0.00000E+00   0.78381E+03   0.00000E+00
  1.214   3.450   -0.74365E+03   0.00000E+00  -0.27014E-05   0.00000E+00   0.77926E+03   0.00000E+00
  1.221   3.460   -0.74333E+03   0.00000E+00  -0.26963E-05   0.00000E+00   0.77472E+03   0.00000E+00
  1.228   3.470   -0.74300E+03   0.00000E+00  -0.26910E-05   0.00000E+00   0.77020E+03   0.00000E+00
  1.235   3.480   -0.74264E+03   0.00000E+00  -0.26856E-05   0.00000E+00   0.76569E+03   0.00000E+00
  1.242   3.490   -0.74226E+03   0.00000E+00  -0.26801E-05   0.00000E+00   0.76119E+03   0.00000E+00
  1.249   3.500   -0.74186E+03   0.00000E+00  -0.26744E-05   0.00000E+00   0.75670E+03   0.00000E+00
  1.256   3.510   -0.74143E+03   0.00000E+00  -0.26686E-05   0.00000E+00   0.75223E+03   0.00000E+00
  1.263   3.520   -0.74099E+03   0.00000E+00  -0.26626E-05   0.00000E+00   0.74777E+03   0.00000E+00
  1.271   3.530   -0.74053E+03   0.00000E+00  -0.26566E-05   0.00000E+00   0.74332E+03   0.00000E+00
  1.278   3.540   -0.74004E+03   0.00000E+00  -0.26504E-05   0.00000E+00   0.73888E+03   0.00000E+00
  1.285   3.550   -0.73953E+03   0.00000E+00  -0.26440E-05   0.00000E+00   0.73445E+03   0.00000E+00
  1.292   3.560   -0.73901E+03   0.00000E+00  -0.26375E-05   0.00000E+00   0.73004E+03   0.00000E+00
  1.300   3.570   -0.73846E+03   0.00000E+00  -0.26309E-05   0.00000E+00   0.72563E+03   0.00000E+00
  1.307   3.580   -0.73789E+03   0.00000E+00  -0.26242E-05   0.00000E+00   0.72124E+03   0.00000E+00
  1.314   3.590   -0.73729E+03   0.00000E+00  -0.26174E-05   0.00000E+00   0.71686E+03   0.00000E+00
  1.322   3.600   -0.73668E+03   0.00000E+00  -0.26104E-05   0.00000E+00   0.71249E+03   0.00000E+00
  1.329   3.610   -0.73605E+03   0.00000E+00  -0.26033E-05   0.00000E+00   0.70814E+03   0.00000E+00
  1.336   3.620   -0.73539E+03   0.00000E+00  -0.25961E-05   0.00000E+00   0.70379E+03   0.00000E+00
  1.344   3.630   -0.73471E+03   0.00000E+00  -0.25888E-05   0.00000E+00   0.69946E+03   0.00000E+00
  1.351   3.640   -0.73401E+03   0.00000E+00  -0.25814E-05   0.00000E+00   0.69514E+03   0.00000E+00
  1.359   3.650   -0.73329E+03   0.00000E+00  -0.25739E-05   0.00000E+00   0.69083E+03   0.00000E+00
  1.366   3.660   -0.73255E+03   0.00000E+00  -0.25662E-05   0.00000E+00   0.68653E+03   0.00000E+00
  1.373   3.670   -0.73179E+03   0.00000E+00  -0.25585E-05   0.00000E+00   0.68225E+03   0.00000E+00
  1.381   3.680   -0.73100E+03   0.00000E+00  -0.25506E-05   0.00000E+00   0.67797E+03   0.00000E+00
  1.388   3.690   -0.73020E+03   0.00000E+00  -0.25427E-05   0.00000E+00   0.67371E+03   0.00000E+00
  1.396   3.700   -0.72937E+03   0.00000E+00  -0.25346E-05   0.00000E+00   0.66946E+03   0.00000E+00
  1.404   3.710   -0.72852E+03   0.00000E+00  -0.25265E-05   0.00000E+00   0.66522E+03   0.00000E+00
  1.411   3.720   -0.72765E+03   0.00000E+00  -0.25182E-05   0.00000E+00   0.66099E+03   0.00000E+00
  1.419   3.730   -0.72676E+03   0.00000E+00  -0.25099E-05   0.00000E+00   0.65678E+03   0.00000E+00
  1.426   3.740   -0.72584E+03   0.00000E+00  -0.25014E-05   0.00000E+00   0.65257E+03   0.00000E+00
  1.434   3.750   -0.72491E+03   0.00000E+00  -0.24929E-05   0.00000E+00   0.64838E+03   0.00000E+00
  1.442   3.760   -0.72395E+03   0.00000E+00  -0.24843E-05   0.00000E+00   0.64420E+03   0.00000E+00
  1.449   3.770   -0.72298E+03   0.00000E+00  -0.24756E-05   0.00000E+00   0.64003E+03   0.00000E+00
  1.457   3.780   -0.72198E+03   0.00000E+00  -0.24668E-05   0.00000E+00   0.63587E+03   0.00000E+00
  1.465   3.790   -0.72096E+03   0.00000E+00  -0.24580E-05   0.00000E+00   0.63172E+03   0.00000E+00
  1.472   3.800   -0.71992E+03   0.00000E+00  -0.24490E-05   0.00000E+00   0.62759E+03   0.00000E+00
  1.480   3.810   -0.71885E+03   0.00000E+00  -0.24400E-05   0.00000E+00   0.62347E+03   0.00000E+00
  1.488   3.820   -0.71777E+03   0.00000E+00  -0.24309E-05   0.00000E+00   0.61936E+03   0.00000E+00
  1.496   3.830   -0.71666E+03   0.00000E+00  -0.24217E-05   0.00000E+00   0.61526E+03   0.00000E+00
  1.504   3.840   -0.71554E+03   0.00000E+00  -0.24125E-05   0.00000E+00   0.61117E+03   0.00000E+00
  1.511   3.850   -0.71439E+03   0.00000E+00  -0.24031E-05   0.00000E+00   0.60710E+03   0.00000E+00
  1.519   3.860   -0.71322E+03   0.00000E+00  -0.23938E-05   0.00000E+00   0.60303E+03   0.00000E+00
  1.527   3.870   -0.71203E+03   0.00000E+00  -0.23843E-05   0.00000E+00   0.59898E+03   0.00000E+00
  1.535   3.880   -0.71082E+03   0.00000E+00  -0.23748E-05   0.00000E+00   0.59494E+03   0.00000E+00
  1.543   3.890   -0.70959E+03   0.00000E+00  -0.23652E-05   0.00000E+00   0.59092E+03   0.00000E+00
  1.551   3.900   -0.70834E+03   0.00000E+00  -0.23556E-05   0.00000E+00   0.58690E+03   0.00000E+00
  1.559   3.910   -0.70707E+03   0.00000E+00  -0.23459E-05   0.00000E+00   0.58290E+03   0.00000E+00
  1.567   3.920   -0.70577E+03   0.00000E+00  -0.23361E-05   0.00000E+00   0.57891E+03   0.00000E+00
  1.575   3.930   -0.70446E+03   0.00000E+00  -0.23263E-05   0.00000E+00   0.57493E+03   0.00000E+00
  1.583   3.940   -0.70312E+03   0.00000E+00  -0.23164E-05   0.00000E+00   0.57096E+03   0.00000E+00
  1.591   3.950   -0.70176E+03   0.00000E+00  -0.23065E-05   0.00000E+00   0.56701E+03   0.00000E+00
  1.599   3.960   -0.70039E+03   0.00000E+00  -0.22965E-05   0.00000E+00   0.56306E+03   0.00000E+00
  1.607   3.970   -0.69899E+03   0.00000E+00  -0.22865E-05   0.00000E+00   0.55913E+03   0.00000E+00
  1.615   3.980   -0.69757E+03   0.00000E+00  -0.22764E-05   0.00000E+00   0.55522E+03   0.00000E+00
  1.623   3.990   -0.69614E+03   0.00000E+00  -0.22663E-05   0.00000E+00   0.55131E+03   0.00000E+00
  1.632   4.000   -0.69468E+03   0.00000E+00  -0.22562E-05   0.00000E+00   0.54742E+03   0.00000E+00
  1.640   4.010   -0.69320E+03   0.00000E+00  -0.22460E-05   0.00000E+00   0.54354E+03   0.00000E+00
  1.648   4.020   -0.69170E+03   0.00000E+00  -0.22358E-05   0.00000E+00   0.53967E+03   0.00000E+00
  1.656   4.030   -0.69018E+03   0.00000E+00  -0.22255E-05   0.00000E+00   0.53581E+03   0.00000E+00
  1.664   4.040   -0.68864E+03   0.00000E+00  -0.22152E-05   0.00000E+00   0.53197E+03   0.00000E+00
  1.673   4.050   -0.68708E+03   0.00000E+00  -0.22048E-05   0.00000E+00   0.52814E+03   0.00000E+00
  1.681   4.060   -0.68551E+03   0.00000E+00  -0.21945E-05   0.00000E+00   0.52432E+03   0.00000E+00
  1.689   4.070   -0.68391E+03   0.00000E+00  -0.21841E-05   0.00000E+00   0.52052E+03   0.00000E+00
  1.697   4.080   -0.68229E+03   0.00000E+00  -0.21736E-05   0.00000E+00   0.51673E+03   0.00000E+00
  1.706   4.090   -0.68065E+03   0.00000E+00  -0.21632E-05   0.00000E+00   0.51295E+03   0.00000E+00
  1.714   4.100   -0.67900E+03   0.00000E+00  -0.21527E-05   0.00000E+00   0.50918E+03   0.00000E+00
  1.723   4.110   -0.67732E+03   0.00000E+00  -0.21422E-05   0.00000E+00   0.50543E+03   0.00000E+00
  1.731   4.120   -0.67563E+03   0.00000E+00  -0.21316E-05   0.00000E+00   0.50169E+03   0.00000E+00
  1.739   4.130   -0.67391E+03   0.00000E+00  -0.21211E-05   0.00000E+00   0.49797E+03   0.00000E+00
  1.748   4.140   -0.67218E+03   0.00000E+00  -0.21105E-05   0.00000E+00   0.49425E+03   0.00000E+00
  1.756   4.150   -0.67043E+03   0.00000E+00  -0.20999E-05   0.00000E+00   0.49055E+03   0.00000E+00
  1.765   4.160   -0.66866E+03   0.00000E+00  -0.20893E-05   0.00000E+00   0.48687E+03   0.00000E+00
  1.773   4.170   -0.66687E+03   0.00000E+00  -0.20787E-05   0.00000E+00   0.48319E+03   0.00000E+00
  1.782   4.180   -0.66506E+03   0.00000E+00  -0.20680E-05   0.00000E+00   0.47953E+03   0.00000E+00
  1.790   4.190   -0.66324E+03   0.00000E+00  -0.20574E-05   0.00000E+00   0.47589E+03   0.00000E+00
  1.799   4.200   -0.66139E+03   0.00000E+00  -0.20467E-05   0.00000E+00   0.47226E+03   0.00000E+00
  1.807   4.210   -0.65953E+03   0.00000E+00  -0.20360E-05   0.00000E+00   0.46864E+03   0.00000E+00
  1.816   4.220   -0.65765E+03   0.00000E+00  -0.20253E-05   0.00000E+00   0.46503E+03   0.00000E+00
  1.825   4.230   -0.65576E+03   0.00000E+00  -0.20146E-05   0.00000E+00   0.46144E+03   0.00000E+00
  1.833   4.240   -0.65384E+03   0.00000E+00  -0.20039E-05   0.00000E+00   0.45786E+03   0.00000E+00
  1.842   4.250   -0.65191E+03   0.00000E+00  -0.19932E-05   0.00000E+00   0.45430E+03   0.00000E+00
  1.851   4.260   -0.64996E+03   0.00000E+00  -0.19825E-05   0.00000E+00   0.45075E+03   0.00000E+00
  1.859   4.270   -0.64800E+03   0.00000E+00  -0.19718E-05   0.00000E+00   0.44722E+03   0.00000E+00
  1.868   4.280   -0.64602E+03   0.00000E+00  -0.19611E-05   0.00000E+00   0.44370E+03   0.00000E+00
  1.877   4.290   -0.64402E+03   0.00000E+00  -0.19504E-05   0.00000E+00   0.44019E+03   0.00000E+00
  1.885   4.300   -0.64200E+03   0.00000E+00  -0.19397E-05   0.00000E+00   0.43670E+03   0.00000E+00
  1.894   4.310   -0.63997E+03   0.00000E+00  -0.19290E-05   0.00000E+00   0.43322E+03   0.00000E+00
  1.903   4.320   -0.63792E+03   0.00000E+00  -0.19183E-05   0.00000E+00   0.42976E+03   0.00000E+00
  1.912   4.330   -0.63586E+03   0.00000E+00  -0.19076E-05   0.00000E+00   0.42631E+03   0.00000E+00
  1.921   4.340   -0.63378E+03   0.00000E+00  -0.18969E-05   0.00000E+00   0.42288E+03   0.00000E+00
  1.930   4.350   -0.63168E+03   0.00000E+00  -0.18862E-05   0.00000E+00   0.41946E+03   0.00000E+00
  1.938   4.360   -0.62957E+03   0.00000E+00  -0.18755E-05   0.00000E+00   0.41606E+03   0.00000E+00
  1.947   4.370   -0.62744E+03   0.00000E+00  -0.18648E-05   0.00000E+00   0.41267E+03   0.00000E+00
  1.956   4.380   -0.62530E+03   0.00000E+00  -0.18542E-05   0.00000E+00   0.40929E+03   0.00000E+00
  1.965   4.390   -0.62315E+03   0.00000E+00  -0.18435E-05   0.00000E+00   0.40593E+03   0.00000E+00
  1.974   4.400   -0.62098E+03   0.00000E+00  -0.18329E-05   0.00000E+00   0.40259E+03   0.00000E+00
  1.983   4.410   -0.61879E+03   0.00000E+00  -0.18222E-05   0.00000E+00   0.39926E+03   0.00000E+00
  1.992   4.420   -0.61659E+03   0.00000E+00  -0.18116E-05   0.00000E+00   0.39595E+03   0.00000E+00
  2.001   4.430   -0.61438E+03   0.00000E+00  -0.18010E-05   0.00000E+00   0.39265E+03   0.00000E+00
  2.010   4.440   -0.61215E+03   0.00000E+00  -0.17905E-05   0.00000E+00   0.38937E+03   0.00000E+00
  2.019   4.450   -0.60991E+03   0.00000E+00  -0.17799E-05   0.00000E+00   0.38610E+03   0.00000E+00
  2.028   4.460   -0.60765E+03   0.00000E+00  -0.17693E-05   0.00000E+00   0.38285E+03   0.00000E+00
  2.037   4.470   -0.60539E+03   0.00000E+00  -0.17588E-05   0.00000E+00   0.37961E+03   0.00000E+00
  2.047   4.480   -0.60311E+03   0.00000E+00  -0.17483E-05   0.00000E+00   0.37639E+03   0.00000E+00
  2.056   4.490   -0.60081E+03   0.00000E+00  -0.17378E-05   0.00000E+00   0.37319E+03   0.00000E+00
  2.065   4.500   -0.59851E+03   0.00000E+00  -0.17273E-05   0.00000E+00   0.37000E+03   0.00000E+00
  2.074   4.510   -0.59619E+03   0.00000E+00  -0.17169E-05   0.00000E+00   0.36682E+03   0.00000E+00
  2.083   4.520   -0.59386E+03   0.00000E+00  -0.17064E-05   0.00000E+00   0.36367E+03   0.00000E+00
  2.093   4.530   -0.59152E+03   0.00000E+00  -0.16960E-05   0.00000E+00   0.36053E+03   0.00000E+00
  2.102   4.540   -0.58917E+03   0.00000E+00  -0.16857E-05   0.00000E+00   0.35740E+03   0.00000E+00
  2.111   4.550   -0.58680E+03   0.00000E+00  -0.16753E-05   0.00000E+00   0.35429E+03   0.00000E+00
  2.120   4.560   -0.58442E+03   0.00000E+00  -0.16650E-05   0.00000E+00   0.35120E+03   0.00000E+00
  2.130   4.570   -0.58204E+03   0.00000E+00  -0.16546E-05   0.00000E+00   0.34812E+03   0.00000E+00
  2.139   4.580   -0.57964E+03   0.00000E+00  -0.16444E-05   0.00000E+00   0.34506E+03   0.00000E+00
  2.148   4.590   -0.57723E+03   0.00000E+00  -0.16341E-05   0.00000E+00   0.34202E+03   0.00000E+00
  2.158   4.600   -0.57482E+03   0.00000E+00  -0.16239E-05   0.00000E+00   0.33899E+03   0.00000E+00
  2.167   4.610   -0.57239E+03   0.00000E+00  -0.16137E-05   0.00000E+00   0.33598E+03   0.00000E+00
  2.177   4.620   -0.56995E+03   0.00000E+00  -0.16035E-05   0.00000E+00   0.33299E+03   0.00000E+00
  2.186   4.630   -0.56750E+03   0.00000E+00  -0.15933E-05   0.00000E+00   0.33001E+03   0.00000E+00
  2.195   4.640   -0.56505E+03   0.00000E+00  -0.15832E-05   0.00000E+00   0.32705E+03   0.00000E+00
  2.205   4.650   -0.56258E+03   0.00000E+00  -0.15731E-05   0.00000E+00   0.32411E+03   0.00000E+00
  2.214   4.660   -0.56011E+03   0.00000E+00  -0.15631E-05   0.00000E+00   0.32118E+03   0.00000E+00
  2.224   4.670   -0.55763E+03   0.00000E+00  -0.15531E-05   0.00000E+00   0.31827E+03   0.00000E+00
  2.233   4.680   -0.55514E+03   0.00000E+00  -0.15431E-05   0.00000E+00   0.31538E+03   0.00000E+00
  2.243   4.690   -0.55264E+03   0.00000E+00  -0.15331E-05   0.00000E+00   0.31250E+03   0.00000E+00
  2.253   4.700   -0.55014E+03   0.00000E+00  -0.15232E-05   0.00000E+00   0.30964E+03   0.00000E+00
  2.262   4.710   -0.54762E+03   0.00000E+00  -0.15133E-05   0.00000E+00   0.30680E+03   0.00000E+00
  2.272   4.720   -0.54510E+03   0.00000E+00  -0.15034E-05   0.00000E+00   0.30397E+03   0.00000E+00
  2.281   4.730   -0.54258E+03   0.00000E+00  -0.14936E-05   0.00000E+00   0.30116E+03   0.00000E+00
  2.291   4.740   -0.54004E+03   0.00000E+00  -0.14838E-05   0.00000E+00   0.29837E+03   0.00000E+00
  2.301   4.750   -0.53750E+03   0.00000E+00  -0.14740E-05   0.00000E+00   0.29560E+03   0.00000E+00
  2.310   4.760   -0.53496E+03   0.00000E+00  -0.14643E-05   0.00000E+00   0.29284E+03   0.00000E+00
  2.320   4.770   -0.53241E+03   0.00000E+00  -0.14546E-05   0.00000E+00   0.29010E+03   0.00000E+00
  2.330   4.780   -0.52985E+03   0.00000E+00  -0.14449E-05   0.00000E+00   0.28738E+03   0.00000E+00
  2.340   4.790   -0.52729E+03   0.00000E+00  -0.14353E-05   0.00000E+00   0.28467E+03   0.00000E+00
  2.349   4.800   -0.52472E+03   0.00000E+00  -0.14257E-05   0.00000E+00   0.28199E+03   0.00000E+00
  2.359   4.810   -0.52215E+03   0.00000E+00  -0.14161E-05   0.00000E+00   0.27932E+03   0.00000E+00
  2.369   4.820   -0.51957E+03   0.00000E+00  -0.14066E-05   0.00000E+00   0.27666E+03   0.00000E+00
  2.379   4.830   -0.51699E+03   0.00000E+00  -0.13971E-05   0.00000E+00   0.27403E+03   0.00000E+00
  2.389   4.840   -0.51441E+03   0.00000E+00  -0.13876E-05   0.00000E+00   0.27141E+03   0.00000E+00
  2.399   4.850   -0.51182E+03   0.00000E+00  -0.13782E-05   0.00000E+00   0.26881E+03   0.00000E+00
  2.409   4.860   -0.50923E+03   0.00000E+00  -0.13689E-05   0.00000E+00   0.26623E+03   0.00000E+00
  2.418   4.870   -0.50663E+03   0.00000E+00  -0.13595E-05   0.00000E+00   0.26366E+03   0.00000E+00
  2.428   4.880   -0.50404E+03   0.00000E+00  -0.13502E-05   0.00000E+00   0.26111E+03   0.00000E+00
  2.438   4.890   -0.50143E+03   0.00000E+00  -0.13410E-05   0.00000E+00   0.25858E+03   0.00000E+00
  2.448   4.900   -0.49883E+03   0.00000E+00  -0.13317E-05   0.00000E+00   0.25607E+03   0.00000E+00
  2.458   4.910   -0.49623E+03   0.00000E+00  -0.13225E-05   0.00000E+00   0.25357E+03   0.00000E+00
  2.468   4.920   -0.49362E+03   0.00000E+00  -0.13134E-05   0.00000E+00   0.25109E+03   0.00000E+00
  2.478   4.930   -0.49101E+03   0.00000E+00  -0.13043E-05   0.00000E+00   0.24863E+03   0.00000E+00
  2.488   4.940   -0.48840E+03   0.00000E+00  -0.12952E-05   0.00000E+00   0.24619E+03   0.00000E+00
  2.499   4.950   -0.48579E+03   0.00000E+00  -0.12862E-05   0.00000E+00   0.24376E+03   0.00000E+00
  2.509   4.960   -0.48318E+03   0.00000E+00  -0.12772E-05   0.00000E+00   0.24136E+03   0.00000E+00
  2.519   4.970   -0.48056E+03   0.00000E+00  -0.12682E-05   0.00000E+00   0.23897E+03   0.00000E+00
  2.529   4.980   -0.47795E+03   0.00000E+00  -0.12593E-05   0.00000E+00   0.23659E+03   0.00000E+00
  2.539   4.990   -0.47534E+03   0.00000E+00  -0.12504E-05   0.00000E+00   0.23424E+03   0.00000E+00
