  0.000   0.010    0.39011E-12   0.00000E+00  -0.19688E-12   0.00000E+00  -0.21782E-11   0.00000E+00
  0.000   0.020    0.49916E-10   0.00000E+00  -0.15739E-11   0.00000E+00  -0.27869E-09   0.00000E+00
  0.000   0.030    0.85237E-09   0.00000E+00  -0.53058E-11   0.00000E+00  -0.47587E-08   0.00000E+00
  0.000   0.040    0.63805E-08   0.00000E+00  -0.12556E-10   0.00000E+00  -0.35617E-07   0.00000E+00
  0.000   0.050    0.30394E-07   0.00000E+00  -0.24472E-10   0.00000E+00  -0.16964E-06   0.00000E+00
  0.000   0.060    0.10877E-06   0.00000E+00  -0.42179E-10   0.00000E+00  -0.60698E-06   0.00000E+00
  0.000   0.070    0.31952E-06   0.00000E+00  -0.66774E-10   0.00000E+00  -0.17827E-05   0.00000E+00
  0.001   0.080    0.81227E-06   0.00000E+00  -0.99324E-10   0.00000E+00  -0.45307E-05   0.00000E+00
  0.001   0.090    0.18490E-05   0.00000E+00  -0.14086E-09   0.00000E+00  -0.10310E-04   0.00000E+00
  0.001   0.100    0.38575E-05   0.00000E+00  -0.19235E-09   0.00000E+00  -0.21503E-04   0.00000E+00
  0.001   0.110    0.74992E-05   0.00000E+00  -0.25475E-09   0.00000E+00  -0.41790E-04   0.00000E+00
  0.001   0.120    0.13753E-04   0.00000E+00  -0.32894E-09   0.00000E+00  -0.76612E-04   0.00000E+00
  0.002   0.130    0.24017E-04   0.00000E+00  -0.41573E-09   0.00000E+00  -0.13373E-03   0.00000E+00
  0.002   0.140    0.40224E-04   0.00000E+00  -0.51591E-09   0.00000E+00  -0.22387E-03   0.00000E+00
  0.002   0.150    0.64983E-04   0.00000E+00  -0.63015E-09   0.00000E+00  -0.36150E-03   0.00000E+00
  0.003   0.160    0.10174E-03   0.00000E+00  -0.75909E-09   0.00000E+00  -0.56568E-03   0.00000E+00
  0.003   0.170    0.15494E-03   0.00000E+00  -0.90327E-09   0.00000E+00  -0.86102E-03   0.00000E+00
  0.003   0.180    0.23026E-03   0.00000E+00  -0.10632E-08   0.00000E+00  -0.12788E-02   0.00000E+00
  0.004   0.190    0.33479E-03   0.00000E+00  -0.12392E-08   0.00000E+00  -0.18582E-02   0.00000E+00
  0.004   0.200    0.47731E-03   0.00000E+00  -0.14316E-08   0.00000E+00  -0.26476E-02   0.00000E+00
  0.004   0.210    0.66852E-03   0.00000E+00  -0.16406E-08   0.00000E+00  -0.37057E-02   0.00000E+00
  0.005   0.220    0.92138E-03   0.00000E+00  -0.18663E-08   0.00000E+00  -0.51037E-02   0.00000E+00
  0.005   0.230    0.12513E-02   0.00000E+00  -0.21088E-08   0.00000E+00  -0.69263E-02   0.00000E+00
  0.006   0.240    0.16768E-02   0.00000E+00  -0.23679E-08   0.00000E+00  -0.92737E-02   0.00000E+00
  0.006   0.250    0.22191E-02   0.00000E+00  -0.26436E-08   0.00000E+00  -0.12263E-01   0.00000E+00
  0.007   0.260    0.29036E-02   0.00000E+00  -0.29354E-08   0.00000E+00  -0.16032E-01   0.00000E+00
  0.007   0.270    0.37591E-02   0.00000E+00  -0.32430E-08   0.00000E+00  -0.20738E-01   0.00000E+00
  0.008   0.280    0.48191E-02   0.00000E+00  -0.35659E-08   0.00000E+00  -0.26561E-01   0.00000E+00
  0.009   0.290    0.61218E-02   0.00000E+00  -0.39035E-08   0.00000E+00  -0.33709E-01   0.00000E+00
  0.009   0.300    0.77105E-02   0.00000E+00  -0.42550E-08   0.00000E+00  -0.42415E-01   0.00000E+00
  0.010   0.310    0.96340E-02   0.00000E+00  -0.46197E-08   0.00000E+00  -0.52943E-01   0.00000E+00
  0.010   0.320    0.11947E-01   0.00000E+00  -0.49965E-08   0.00000E+00  -0.65587E-01   0.00000E+00
  0.011   0.330    0.14712E-01   0.00000E+00  -0.53845E-08   0.00000E+00  -0.80677E-01   0.00000E+00
  0.012   0.340    0.17997E-01   0.00000E+00  -0.57824E-08   0.00000E+00  -0.98578E-01   0.00000E+00
  0.012   0.350    0.21877E-01   0.00000E+00  -0.61890E-08   0.00000E+00  -0.11969E+00   0.00000E+00
  0.013   0.360    0.26437E-01   0.00000E+00  -0.66028E-08   0.00000E+00  -0.14447E+00   0.00000E+00
  0.014   0.370    0.31768E-01   0.00000E+00  -0.70223E-08   0.00000E+00  -0.17339E+00   0.00000E+00
  0.015   0.380    0.37972E-01   0.00000E+00  -0.74459E-08   0.00000E+00  -0.20699E+00   0.00000E+00
  0.016   0.390    0.45158E-01   0.00000E+00  -0.78719E-08   0.00000E+00  -0.24584E+00   0.00000E+00
  0.016   0.400    0.53446E-01   0.00000E+00  -0.82984E-08   0.00000E+00  -0.29057E+00   0.00000E+00
  0.017   0.410    0.62966E-01   0.00000E+00  -0.87235E-08   0.00000E+00  -0.34186E+00   0.00000E+00
  0.018   0.420    0.73858E-01   0.00000E+00  -0.91451E-08   0.00000E+00  -0.40043E+00   0.00000E+00
  0.019   0.430    0.86273E-01   0.00000E+00  -0.95609E-08   0.00000E+00  -0.46707E+00   0.00000E+00
  0.020   0.440    0.10037E+00   0.00000E+00  -0.99688E-08   0.00000E+00  -0.54260E+00   0.00000E+00
  0.021   0.450    0.11633E+00   0.00000E+00  -0.10366E-07   0.00000E+00  -0.62793E+00   0.00000E+00
  0.022   0.460    0.13434E+00   0.00000E+00  -0.10751E-07   0.00000E+00  -0.72399E+00   0.00000E+00
  0.023   0.470    0.15459E+00   0.00000E+00  -0.11121E-07   0.00000E+00  -0.83179E+00   0.00000E+00
  0.023   0.480    0.17729E+00   0.00000E+00  -0.11472E-07   0.00000E+00  -0.95239E+00   0.00000E+00
  0.024   0.490    0.20266E+00   0.00000E+00  -0.11802E-07   0.00000E+00  -0.10869E+01   0.00000E+00
  0.025   0.500    0.23095E+00   0.00000E+00  -0.12109E-07   0.00000E+00  -0.12365E+01   0.00000E+00
  0.027   0.510    0.26240E+00   0.00000E+00  -0.12390E-07   0.00000E+00  -0.14025E+01   0.00000E+00
  0.028   0.520    0.29728E+00   0.00000E+00  -0.12640E-07   0.00000E+00  -0.15861E+01   0.00000E+00
  0.029   0.530    0.33585E+00   0.00000E+00  -0.12858E-07   0.00000E+00  -0.17886E+01   0.00000E+00
  0.030   0.540    0.37841E+00   0.00000E+00  -0.13041E-07   0.00000E+00  -0.20116E+01   0.00000E+00
  0.031   0.550    0.42525E+00   0.00000E+00  -0.13184E-07   0.00000E+00  -0.22564E+01   0.00000E+00
  0.032   0.560    0.47670E+00   0.00000E+00  -0.13285E-07   0.00000E+00  -0.25245E+01   0.00000E+00
  0.033   0.570    0.53308E+00   0.00000E+00  -0.13341E-07   0.00000E+00  -0.28176E+01   0.00000E+00
  0.034   0.580    0.59474E+00   0.00000E+00  -0.13347E-07   0.00000E+00  -0.31372E+01   0.00000E+00
  0.035   0.590    0.66202E+00   0.00000E+00  -0.13301E-07   0.00000E+00  -0.34850E+01   0.00000E+00
  0.037   0.600    0.73529E+00   0.00000E+00  -0.13200E-07   0.00000E+00  -0.38628E+01   0.00000E+00
  0.038   0.610    0.81494E+00   0.00000E+00  -0.13038E-07   0.00000E+00  -0.42722E+01   0.00000E+00
  0.039   0.620    0.90136E+00   0.00000E+00  -0.12814E-07   0.00000E+00  -0.47151E+01   0.00000E+00
  0.040   0.630    0.99494E+00   0.00000E+00  -0.12524E-07   0.00000E+00  -0.51932E+01   0.00000E+00
  0.042   0.640    0.10961E+01   0.00000E+00  -0.12163E-07   0.00000E+00  -0.57086E+01   0.00000E+00
  0.043   0.650    0.12053E+01   0.00000E+00  -0.11728E-07   0.00000E+00  -0.62629E+01   0.00000E+00
  0.044   0.660    0.13229E+01   0.00000E+00  -0.11216E-07   0.00000E+00  -0.68583E+01   0.00000E+00
  0.046   0.670    0.14494E+01   0.00000E+00  -0.10623E-07   0.00000E+00  -0.74966E+01   0.00000E+00
  0.047   0.680    0.15852E+01   0.00000E+00  -0.99450E-08   0.00000E+00  -0.81797E+01   0.00000E+00
  0.049   0.690    0.17309E+01   0.00000E+00  -0.91787E-08   0.00000E+00  -0.89097E+01   0.00000E+00
  0.050   0.700    0.18868E+01   0.00000E+00  -0.83204E-08   0.00000E+00  -0.96886E+01   0.00000E+00
  0.051   0.710    0.20535E+01   0.00000E+00  -0.73663E-08   0.00000E+00  -0.10518E+02   0.00000E+00
  0.053   0.720    0.22315E+01   0.00000E+00  -0.63129E-08   0.00000E+00  -0.11401E+02   0.00000E+00
  0.054   0.730    0.24212E+01   0.00000E+00  -0.51566E-08   0.00000E+00  -0.12338E+02   0.00000E+00
  0.056   0.740    0.26231E+01   0.00000E+00  -0.38937E-08   0.00000E+00  -0.13332E+02   0.00000E+00
  0.057   0.750    0.28378E+01   0.00000E+00  -0.25207E-08   0.00000E+00  -0.14385E+02   0.00000E+00
  0.059   0.760    0.30657E+01   0.00000E+00  -0.10341E-08   0.00000E+00  -0.15498E+02   0.00000E+00
  0.060   0.770    0.33074E+01   0.00000E+00   0.56956E-09   0.00000E+00  -0.16675E+02   0.00000E+00
  0.062   0.780    0.35634E+01   0.00000E+00   0.22938E-08   0.00000E+00  -0.17915E+02   0.00000E+00
  0.064   0.790    0.38342E+01   0.00000E+00   0.41419E-08   0.00000E+00  -0.19222E+02   0.00000E+00
  0.065   0.800    0.41203E+01   0.00000E+00   0.61174E-08   0.00000E+00  -0.20597E+02   0.00000E+00
  0.067   0.810    0.44222E+01   0.00000E+00   0.82233E-08   0.00000E+00  -0.22042E+02   0.00000E+00
  0.069   0.820    0.47404E+01   0.00000E+00   0.10463E-07   0.00000E+00  -0.23559E+02   0.00000E+00
  0.070   0.830    0.50755E+01   0.00000E+00   0.12840E-07   0.00000E+00  -0.25149E+02   0.00000E+00
  0.072   0.840    0.54279E+01   0.00000E+00   0.15357E-07   0.00000E+00  -0.26814E+02   0.00000E+00
  0.074   0.850    0.57983E+01   0.00000E+00   0.18016E-07   0.00000E+00  -0.28555E+02   0.00000E+00
  0.075   0.860    0.61869E+01   0.00000E+00   0.20822E-07   0.00000E+00  -0.30375E+02   0.00000E+00
  0.077   0.870    0.65945E+01   0.00000E+00   0.23777E-07   0.00000E+00  -0.32274E+02   0.00000E+00
  0.079   0.880    0.70214E+01   0.00000E+00   0.26883E-07   0.00000E+00  -0.34253E+02   0.00000E+00
  0.081   0.890    0.74681E+01   0.00000E+00   0.30144E-07   0.00000E+00  -0.36314E+02   0.00000E+00
  0.083   0.900    0.79351E+01   0.00000E+00   0.33562E-07   0.00000E+00  -0.38459E+02   0.00000E+00
  0.084   0.910    0.84230E+01   0.00000E+00   0.37139E-07   0.00000E+00  -0.40687E+02   0.00000E+00
  0.086   0.920    0.89320E+01   0.00000E+00   0.40879E-07   0.00000E+00  -0.43001E+02   0.00000E+00
  0.088   0.930    0.94627E+01   0.00000E+00   0.44782E-07   0.00000E+00  -0.45401E+02   0.00000E+00
  0.090   0.940    0.10016E+02   0.00000E+00   0.48853E-07   0.00000E+00  -0.47888E+02   0.00000E+00
  0.092   0.950    0.10591E+02   0.00000E+00   0.53091E-07   0.00000E+00  -0.50462E+02   0.00000E+00
  0.094   0.960    0.11189E+02   0.00000E+00   0.57501E-07   0.00000E+00  -0.53124E+02   0.00000E+00
  0.096   0.970    0.11811E+02   0.00000E+00   0.62083E-07   0.00000E+00  -0.55875E+02   0.00000E+00
  0.098   0.980    0.12456E+02   0.00000E+00   0.66840E-07   0.00000E+00  -0.58715E+02   0.00000E+00
  0.100   0.990    0.13126E+02   0.00000E+00   0.71773E-07   0.00000E+00  -0.61644E+02   0.00000E+00
  0.102   1.000    0.13820E+02   0.00000E+00   0.76883E-07   0.00000E+00  -0.64663E+02   0.00000E+00
  0.104   1.010    0.14539E+02   0.00000E+00   0.82173E-07   0.00000E+00  -0.67771E+02   0.00000E+00
  0.106   1.020    0.15283E+02   0.00000E+00   0.87644E-07   0.00000E+00  -0.70968E+02   0.00000E+00
  0.108   1.030    0.16052E+02   0.00000E+00   0.93297E-07   0.00000E+00  -0.74255E+02   0.00000E+00
  0.110   1.040    0.16848E+02   0.00000E+00   0.99133E-07   0.00000E+00  -0.77630E+02   0.00000E+00
  0.112   1.050    0.17669E+02   0.00000E+00   0.10515E-06   0.00000E+00  -0.81094E+02   0.00000E+00
  0.115   1.060    0.18516E+02   0.00000E+00   0.11136E-06   0.00000E+00  -0.84646E+02   0.00000E+00
  0.117   1.070    0.19390E+02   0.00000E+00   0.11775E-06   0.00000E+00  -0.88286E+02   0.00000E+00
  0.119   1.080    0.20291E+02   0.00000E+00   0.12433E-06   0.00000E+00  -0.92012E+02   0.00000E+00
  0.121   1.090    0.21219E+02   0.00000E+00   0.13109E-06   0.00000E+00  -0.95824E+02   0.00000E+00
  0.123   1.100    0.22174E+02   0.00000E+00   0.13805E-06   0.00000E+00  -0.99721E+02   0.00000E+00
  0.126   1.110    0.23156E+02   0.00000E+00   0.14519E-06   0.00000E+00  -0.10370E+03   0.00000E+00
  0.128   1.120    0.24166E+02   0.00000E+00   0.15252E-06   0.00000E+00  -0.10777E+03   0.00000E+00
  0.130   1.130    0.25204E+02   0.00000E+00   0.16004E-06   0.00000E+00  -0.11191E+03   0.00000E+00
  0.133   1.140    0.26269E+02   0.00000E+00   0.16775E-06   0.00000E+00  -0.11614E+03   0.00000E+00
  0.135   1.150    0.27362E+02   0.00000E+00   0.17565E-06   0.00000E+00  -0.12044E+03   0.00000E+00
  0.137   1.160    0.28483E+02   0.00000E+00   0.18373E-06   0.00000E+00  -0.12482E+03   0.00000E+00
  0.140   1.170    0.29632E+02   0.00000E+00   0.19201E-06   0.00000E+00  -0.12928E+03   0.00000E+00
  0.142   1.180    0.30809E+02   0.00000E+00   0.20047E-06   0.00000E+00  -0.13381E+03   0.00000E+00
  0.144   1.190    0.32014E+02   0.00000E+00   0.20912E-06   0.00000E+00  -0.13841E+03   0.00000E+00
  0.147   1.200    0.33248E+02   0.00000E+00   0.21796E-06   0.00000E+00  -0.14308E+03   0.00000E+00
  0.149   1.210    0.34509E+02   0.00000E+00   0.22698E-06   0.00000E+00  -0.14782E+03   0.00000E+00
  0.152   1.220    0.35799E+02   0.00000E+00   0.23619E-06   0.00000E+00  -0.15263E+03   0.00000E+00
  0.154   1.230    0.37116E+02   0.00000E+00   0.24559E-06   0.00000E+00  -0.15750E+03   0.00000E+00
  0.157   1.240    0.38462E+02   0.00000E+00   0.25517E-06   0.00000E+00  -0.16243E+03   0.00000E+00
  0.159   1.250    0.39836E+02   0.00000E+00   0.26493E-06   0.00000E+00  -0.16742E+03   0.00000E+00
  0.162   1.260    0.41237E+02   0.00000E+00   0.27488E-06   0.00000E+00  -0.17247E+03   0.00000E+00
  0.164   1.270    0.42666E+02   0.00000E+00   0.28500E-06   0.00000E+00  -0.17758E+03   0.00000E+00
  0.167   1.280    0.44123E+02   0.00000E+00   0.29531E-06   0.00000E+00  -0.18273E+03   0.00000E+00
  0.170   1.290    0.45608E+02   0.00000E+00   0.30579E-06   0.00000E+00  -0.18794E+03   0.00000E+00
  0.172   1.300    0.47120E+02   0.00000E+00   0.31645E-06   0.00000E+00  -0.19320E+03   0.00000E+00
  0.175   1.310    0.48660E+02   0.00000E+00   0.32729E-06   0.00000E+00  -0.19850E+03   0.00000E+00
  0.178   1.320    0.50226E+02   0.00000E+00   0.33830E-06   0.00000E+00  -0.20384E+03   0.00000E+00
  0.180   1.330    0.51820E+02   0.00000E+00   0.34948E-06   0.00000E+00  -0.20923E+03   0.00000E+00
  0.183   1.340    0.53440E+02   0.00000E+00   0.36083E-06   0.00000E+00  -0.21465E+03   0.00000E+00
  0.186   1.350    0.55087E+02   0.00000E+00   0.37235E-06   0.00000E+00  -0.22010E+03   0.00000E+00
  0.189   1.360    0.56760E+02   0.00000E+00   0.38404E-06   0.00000E+00  -0.22559E+03   0.00000E+00
  0.191   1.370    0.58460E+02   0.00000E+00   0.39590E-06   0.00000E+00  -0.23111E+03   0.00000E+00
  0.194   1.380    0.60185E+02   0.00000E+00   0.40791E-06   0.00000E+00  -0.23666E+03   0.00000E+00
  0.197   1.390    0.61937E+02   0.00000E+00   0.42009E-06   0.00000E+00  -0.24223E+03   0.00000E+00
  0.200   1.400    0.63714E+02   0.00000E+00   0.43243E-06   0.00000E+00  -0.24782E+03   0.00000E+00
  0.203   1.410    0.65516E+02   0.00000E+00   0.44492E-06   0.00000E+00  -0.25344E+03   0.00000E+00
  0.206   1.420    0.67343E+02   0.00000E+00   0.45757E-06   0.00000E+00  -0.25907E+03   0.00000E+00
  0.209   1.430    0.69195E+02   0.00000E+00   0.47038E-06   0.00000E+00  -0.26471E+03   0.00000E+00
  0.211   1.440    0.71072E+02   0.00000E+00   0.48333E-06   0.00000E+00  -0.27037E+03   0.00000E+00
  0.214   1.450    0.72973E+02   0.00000E+00   0.49643E-06   0.00000E+00  -0.27604E+03   0.00000E+00
  0.217   1.460    0.74898E+02   0.00000E+00   0.50968E-06   0.00000E+00  -0.28171E+03   0.00000E+00
  0.220   1.470    0.76846E+02   0.00000E+00   0.52307E-06   0.00000E+00  -0.28739E+03   0.00000E+00
  0.223   1.480    0.78819E+02   0.00000E+00   0.53661E-06   0.00000E+00  -0.29307E+03   0.00000E+00
  0.226   1.490    0.80814E+02   0.00000E+00   0.55028E-06   0.00000E+00  -0.29874E+03   0.00000E+00
  0.229   1.500    0.82833E+02   0.00000E+00   0.56409E-06   0.00000E+00  -0.30442E+03   0.00000E+00
  0.233   1.510    0.84874E+02   0.00000E+00   0.57804E-06   0.00000E+00  -0.31009E+03   0.00000E+00
  0.236   1.520    0.86937E+02   0.00000E+00   0.59211E-06   0.00000E+00  -0.31576E+03   0.00000E+00
  0.239   1.530    0.89023E+02   0.00000E+00   0.60632E-06   0.00000E+00  -0.32141E+03   0.00000E+00
  0.242   1.540    0.91130E+02   0.00000E+00   0.62065E-06   0.00000E+00  -0.32705E+03   0.00000E+00
  0.245   1.550    0.93259E+02   0.00000E+00   0.63511E-06   0.00000E+00  -0.33268E+03   0.00000E+00
  0.248   1.560    0.95410E+02   0.00000E+00   0.64969E-06   0.00000E+00  -0.33830E+03   0.00000E+00
  0.251   1.570    0.97581E+02   0.00000E+00   0.66439E-06   0.00000E+00  -0.34389E+03   0.00000E+00
  0.255   1.580    0.99773E+02   0.00000E+00   0.67921E-06   0.00000E+00  -0.34947E+03   0.00000E+00
  0.258   1.590    0.10199E+03   0.00000E+00   0.69414E-06   0.00000E+00  -0.35502E+03   0.00000E+00
  0.261   1.600    0.10422E+03   0.00000E+00   0.70918E-06   0.00000E+00  -0.36055E+03   0.00000E+00
  0.264   1.610    0.10647E+03   0.00000E+00   0.72433E-06   0.00000E+00  -0.36606E+03   0.00000E+00
  0.268   1.620    0.10874E+03   0.00000E+00   0.73959E-06   0.00000E+00  -0.37153E+03   0.00000E+00
  0.271   1.630    0.11103E+03   0.00000E+00   0.75496E-06   0.00000E+00  -0.37698E+03   0.00000E+00
  0.274   1.640    0.11335E+03   0.00000E+00   0.77043E-06   0.00000E+00  -0.38240E+03   0.00000E+00
  0.278   1.650    0.11568E+03   0.00000E+00   0.78599E-06   0.00000E+00  -0.38779E+03   0.00000E+00
  0.281   1.660    0.11802E+03   0.00000E+00   0.80165E-06   0.00000E+00  -0.39314E+03   0.00000E+00
  0.284   1.670    0.12039E+03   0.00000E+00   0.81741E-06   0.00000E+00  -0.39846E+03   0.00000E+00
  0.288   1.680    0.12277E+03   0.00000E+00   0.83326E-06   0.00000E+00  -0.40374E+03   0.00000E+00
  0.291   1.690    0.12518E+03   0.00000E+00   0.84920E-06   0.00000E+00  -0.40898E+03   0.00000E+00
  0.295   1.700    0.12760E+03   0.00000E+00   0.86522E-06   0.00000E+00  -0.41419E+03   0.00000E+00
  0.298   1.710    0.13003E+03   0.00000E+00   0.88133E-06   0.00000E+00  -0.41935E+03   0.00000E+00
  0.302   1.720    0.13249E+03   0.00000E+00   0.89752E-06   0.00000E+00  -0.42448E+03   0.00000E+00
  0.305   1.730    0.13496E+03   0.00000E+00   0.91379E-06   0.00000E+00  -0.42956E+03   0.00000E+00
  0.309   1.740    0.13745E+03   0.00000E+00   0.93013E-06   0.00000E+00  -0.43460E+03   0.00000E+00
  0.312   1.750    0.13995E+03   0.00000E+00   0.94655E-06   0.00000E+00  -0.43959E+03   0.00000E+00
  0.316   1.760    0.14248E+03   0.00000E+00   0.96304E-06   0.00000E+00  -0.44454E+03   0.00000E+00
  0.319   1.770    0.14501E+03   0.00000E+00   0.97960E-06   0.00000E+00  -0.44944E+03   0.00000E+00
  0.323   1.780    0.14757E+03   0.00000E+00   0.99622E-06   0.00000E+00  -0.45430E+03   0.00000E+00
  0.327   1.790    0.15014E+03   0.00000E+00   0.10129E-05   0.00000E+00  -0.45911E+03   0.00000E+00
  0.330   1.800    0.15272E+03   0.00000E+00   0.10297E-05   0.00000E+00  -0.46387E+03   0.00000E+00
  0.334   1.810    0.15532E+03   0.00000E+00   0.10465E-05   0.00000E+00  -0.46859E+03   0.00000E+00
  0.338   1.820    0.15793E+03   0.00000E+00   0.10633E-05   0.00000E+00  -0.47325E+03   0.00000E+00
  0.341   1.830    0.16056E+03   0.00000E+00   0.10803E-05   0.00000E+00  -0.47787E+03   0.00000E+00
  0.345   1.840    0.16321E+03   0.00000E+00   0.10972E-05   0.00000E+00  -0.48243E+03   0.00000E+00
  0.349   1.850    0.16587E+03   0.00000E+00   0.11143E-05   0.00000E+00  -0.48695E+03   0.00000E+00
  0.353   1.860    0.16854E+03   0.00000E+00   0.11313E-05   0.00000E+00  -0.49142E+03   0.00000E+00
  0.357   1.870    0.17123E+03   0.00000E+00   0.11484E-05   0.00000E+00  -0.49583E+03   0.00000E+00
  0.360   1.880    0.17393E+03   0.00000E+00   0.11656E-05   0.00000E+00  -0.50019E+03   0.00000E+00
  0.364   1.890    0.17665E+03   0.00000E+00   0.11828E-05   0.00000E+00  -0.50450E+03   0.00000E+00
  0.368   1.900    0.17938E+03   0.00000E+00   0.12000E-05   0.00000E+00  -0.50876E+03   0.00000E+00
  0.372   1.910    0.18213E+03   0.00000E+00   0.12173E-05   0.00000E+00  -0.51297E+03   0.00000E+00
  0.376   1.920    0.18488E+03   0.00000E+00   0.12346E-05   0.00000E+00  -0.51713E+03   0.00000E+00
  0.380   1.930    0.18766E+03   0.00000E+00   0.12519E-05   0.00000E+00  -0.52124E+03   0.00000E+00
  0.384   1.940    0.19044E+03   0.00000E+00   0.12693E-05   0.00000E+00  -0.52529E+03   0.00000E+00
  0.388   1.950    0.19324E+03   0.00000E+00   0.12867E-05   0.00000E+00  -0.52929E+03   0.00000E+00
  0.392   1.960    0.19605E+03   0.00000E+00   0.13041E-05   0.00000E+00  -0.53325E+03   0.00000E+00
  0.396   1.970    0.19888E+03   0.00000E+00   0.13215E-05   0.00000E+00  -0.53715E+03   0.00000E+00
  0.400   1.980    0.20171E+03   0.00000E+00   0.13389E-05   0.00000E+00  -0.54099E+03   0.00000E+00
  0.404   1.990    0.20456E+03   0.00000E+00   0.13564E-05   0.00000E+00  -0.54479E+03   0.00000E+00
  0.408   2.000    0.20743E+03   0.00000E+00   0.13738E-05   0.00000E+00  -0.54854E+03   0.00000E+00
  0.412   2.010    0.21030E+03   0.00000E+00   0.13913E-05   0.00000E+00  -0.55224E+03   0.00000E+00
  0.416   2.020    0.21319E+03   0.00000E+00   0.14088E-05   0.00000E+00  -0.55588E+03   0.00000E+00
  0.420   2.030    0.21609E+03   0.00000E+00   0.14263E-05   0.00000E+00  -0.55948E+03   0.00000E+00
  0.424   2.040    0.21901E+03   0.00000E+00   0.14438E-05   0.00000E+00  -0.56303E+03   0.00000E+00
  0.429   2.050    0.22193E+03   0.00000E+00   0.14613E-05   0.00000E+00  -0.56652E+03   0.00000E+00
  0.433   2.060    0.22487E+03   0.00000E+00   0.14788E-05   0.00000E+00  -0.56997E+03   0.00000E+00
  0.437   2.070    0.22782E+03   0.00000E+00   0.14963E-05   0.00000E+00  -0.57337E+03   0.00000E+00
  0.441   2.080    0.23078E+03   0.00000E+00   0.15138E-05   0.00000E+00  -0.57673E+03   0.00000E+00
  0.445   2.090    0.23376E+03   0.00000E+00   0.15313E-05   0.00000E+00  -0.58003E+03   0.00000E+00
  0.450   2.100    0.23675E+03   0.00000E+00   0.15488E-05   0.00000E+00  -0.58329E+03   0.00000E+00
  0.454   2.110    0.23975E+03   0.00000E+00   0.15662E-05   0.00000E+00  -0.58650E+03   0.00000E+00
  0.458   2.120    0.24276E+03   0.00000E+00   0.15837E-05   0.00000E+00  -0.58966E+03   0.00000E+00
  0.463   2.130    0.24578E+03   0.00000E+00   0.16011E-05   0.00000E+00  -0.59278E+03   0.00000E+00
  0.467   2.140    0.24881E+03   0.00000E+00   0.16185E-05   0.00000E+00  -0.59585E+03   0.00000E+00
  0.471   2.150    0.25186E+03   0.00000E+00   0.16359E-05   0.00000E+00  -0.59888E+03   0.00000E+00
  0.476   2.160    0.25492E+03   0.00000E+00   0.16533E-05   0.00000E+00  -0.60186E+03   0.00000E+00
  0.480   2.170    0.25798E+03   0.00000E+00   0.16706E-05   0.00000E+00  -0.60480E+03   0.00000E+00
  0.485   2.180    0.26107E+03   0.00000E+00   0.16879E-05   0.00000E+00  -0.60769E+03   0.00000E+00
  0.489   2.190    0.26416E+03   0.00000E+00   0.17052E-05   0.00000E+00  -0.61055E+03   0.00000E+00
  0.494   2.200    0.26726E+03   0.00000E+00   0.17224E-05   0.00000E+00  -0.61336E+03   0.00000E+00
  0.498   2.210    0.27038E+03   0.00000E+00   0.17396E-05   0.00000E+00  -0.61612E+03   0.00000E+00
  0.503   2.220    0.27350E+03   0.00000E+00   0.17568E-05   0.00000E+00  -0.61885E+03   0.00000E+00
  0.507   2.230    0.27664E+03   0.00000E+00   0.17739E-05   0.00000E+00  -0.62154E+03   0.00000E+00
  0.512   2.240    0.27979E+03   0.00000E+00   0.17910E-05   0.00000E+00  -0.62418E+03   0.00000E+00
  0.516   2.250    0.28295E+03   0.00000E+00   0.18080E-05   0.00000E+00  -0.62679E+03   0.00000E+00
  0.521   2.260    0.28612E+03   0.00000E+00   0.18250E-05   0.00000E+00  -0.62935E+03   0.00000E+00
  0.525   2.270    0.28930E+03   0.00000E+00   0.18419E-05   0.00000E+00  -0.63188E+03   0.00000E+00
  0.530   2.280    0.29249E+03   0.00000E+00   0.18588E-05   0.00000E+00  -0.63437E+03   0.00000E+00
  0.535   2.290    0.29570E+03   0.00000E+00   0.18757E-05   0.00000E+00  -0.63682E+03   0.00000E+00
  0.539   2.300    0.29891E+03   0.00000E+00   0.18924E-05   0.00000E+00  -0.63923E+03   0.00000E+00
  0.544   2.310    0.30214E+03   0.00000E+00   0.19091E-05   0.00000E+00  -0.64161E+03   0.00000E+00
  0.549   2.320    0.30537E+03   0.00000E+00   0.19258E-05   0.00000E+00  -0.64395E+03   0.00000E+00
  0.554   2.330    0.30862E+03   0.00000E+00   0.19424E-05   0.00000E+00  -0.64626E+03   0.00000E+00
  0.558   2.340    0.31187E+03   0.00000E+00   0.19589E-05   0.00000E+00  -0.64853E+03   0.00000E+00
  0.563   2.350    0.31514E+03   0.00000E+00   0.19753E-05   0.00000E+00  -0.65076E+03   0.00000E+00
  0.568   2.360    0.31842E+03   0.00000E+00   0.19917E-05   0.00000E+00  -0.65296E+03   0.00000E+00
  0.573   2.370    0.32171E+03   0.00000E+00   0.20080E-05   0.00000E+00  -0.65513E+03   0.00000E+00
  0.578   2.380    0.32501E+03   0.00000E+00   0.20242E-05   0.00000E+00  -0.65726E+03   0.00000E+00
  0.582   2.390    0.32832E+03   0.00000E+00   0.20404E-05   0.00000E+00  -0.65936E+03   0.00000E+00
  0.587   2.400    0.33164E+03   0.00000E+00   0.20565E-05   0.00000E+00  -0.66143E+03   0.00000E+00
  0.592   2.410    0.33497E+03   0.00000E+00   0.20724E-05   0.00000E+00  -0.66347E+03   0.00000E+00
  0.597   2.420    0.33831E+03   0.00000E+00   0.20883E-05   0.00000E+00  -0.66547E+03   0.00000E+00
  0.602   2.430    0.34166E+03   0.00000E+00   0.21041E-05   0.00000E+00  -0.66745E+03   0.00000E+00
  0.607   2.440    0.34502E+03   0.00000E+00   0.21199E-05   0.00000E+00  -0.66939E+03   0.00000E+00
  0.612   2.450    0.34839E+03   0.00000E+00   0.21355E-05   0.00000E+00  -0.67130E+03   0.00000E+00
  0.617   2.460    0.35177E+03   0.00000E+00   0.21510E-05   0.00000E+00  -0.67319E+03   0.00000E+00
  0.622   2.470    0.35516E+03   0.00000E+00   0.21665E-05   0.00000E+00  -0.67504E+03   0.00000E+00
  0.627   2.480    0.35855E+03   0.00000E+00   0.21818E-05   0.00000E+00  -0.67687E+03   0.00000E+00
  0.632   2.490    0.36196E+03   0.00000E+00   0.21970E-05   0.00000E+00  -0.67866E+03   0.00000E+00
  0.637   2.500    0.36538E+03   0.00000E+00   0.22122E-05   0.00000E+00  -0.68043E+03   0.00000E+00
  0.642   2.510    0.36881E+03   0.00000E+00   0.22272E-05   0.00000E+00  -0.68217E+03   0.00000E+00
  0.648   2.520    0.37224E+03   0.00000E+00   0.22421E-05   0.00000E+00  -0.68389E+03   0.00000E+00
  0.653   2.530    0.37569E+03   0.00000E+00   0.22569E-05   0.00000E+00  -0.68557E+03   0.00000E+00
  0.658   2.540    0.37915E+03   0.00000E+00   0.22716E-05   0.00000E+00  -0.68723E+03   0.00000E+00
  0.663   2.550    0.38261E+03   0.00000E+00   0.22862E-05   0.00000E+00  -0.68886E+03   0.00000E+00
  0.668   2.560    0.38608E+03   0.00000E+00   0.23007E-05   0.00000E+00  -0.69047E+03   0.00000E+00
  0.674   2.570    0.38956E+03   0.00000E+00   0.23150E-05   0.00000E+00  -0.69205E+03   0.00000E+00
  0.679   2.580    0.39306E+03   0.00000E+00   0.23292E-05   0.00000E+00  -0.69361E+03   0.00000E+00
  0.684   2.590    0.39655E+03   0.00000E+00   0.23433E-05   0.00000E+00  -0.69514E+03   0.00000E+00
  0.689   2.600    0.40006E+03   0.00000E+00   0.23573E-05   0.00000E+00  -0.69664E+03   0.00000E+00
  0.695   2.610    0.40358E+03   0.00000E+00   0.23711E-05   0.00000E+00  -0.69812E+03   0.00000E+00
  0.700   2.620    0.40710E+03   0.00000E+00   0.23849E-05   0.00000E+00  -0.69958E+03   0.00000E+00
  0.705   2.630    0.41064E+03   0.00000E+00   0.23984E-05   0.00000E+00  -0.70101E+03   0.00000E+00
  0.711   2.640    0.41418E+03   0.00000E+00   0.24119E-05   0.00000E+00  -0.70241E+03   0.00000E+00
  0.716   2.650    0.41773E+03   0.00000E+00   0.24252E-05   0.00000E+00  -0.70380E+03   0.00000E+00
  0.722   2.660    0.42128E+03   0.00000E+00   0.24384E-05   0.00000E+00  -0.70516E+03   0.00000E+00
  0.727   2.670    0.42485E+03   0.00000E+00   0.24514E-05   0.00000E+00  -0.70650E+03   0.00000E+00
  0.732   2.680    0.42842E+03   0.00000E+00   0.24643E-05   0.00000E+00  -0.70781E+03   0.00000E+00
  0.738   2.690    0.43200E+03   0.00000E+00   0.24771E-05   0.00000E+00  -0.70910E+03   0.00000E+00
  0.743   2.700    0.43559E+03   0.00000E+00   0.24897E-05   0.00000E+00  -0.71037E+03   0.00000E+00
  0.749   2.710    0.43918E+03   0.00000E+00   0.25021E-05   0.00000E+00  -0.71161E+03   0.00000E+00
  0.754   2.720    0.44278E+03   0.00000E+00   0.25144E-05   0.00000E+00  -0.71284E+03   0.00000E+00
  0.760   2.730    0.44639E+03   0.00000E+00   0.25266E-05   0.00000E+00  -0.71404E+03   0.00000E+00
  0.766   2.740    0.45001E+03   0.00000E+00   0.25386E-05   0.00000E+00  -0.71522E+03   0.00000E+00
  0.771   2.750    0.45363E+03   0.00000E+00   0.25504E-05   0.00000E+00  -0.71638E+03   0.00000E+00
  0.777   2.760    0.45726E+03   0.00000E+00   0.25621E-05   0.00000E+00  -0.71751E+03   0.00000E+00
  0.782   2.770    0.46089E+03   0.00000E+00   0.25736E-05   0.00000E+00  -0.71863E+03   0.00000E+00
  0.788   2.780    0.46453E+03   0.00000E+00   0.25850E-05   0.00000E+00  -0.71972E+03   0.00000E+00
  0.794   2.790    0.46818E+03   0.00000E+00   0.25962E-05   0.00000E+00  -0.72079E+03   0.00000E+00
  0.799   2.800    0.47184E+03   0.00000E+00   0.26073E-05   0.00000E+00  -0.72184E+03   0.00000E+00
  0.805   2.810    0.47550E+03   0.00000E+00   0.26181E-05   0.00000E+00  -0.72287E+03   0.00000E+00
  0.811   2.820    0.47916E+03   0.00000E+00   0.26289E-05   0.00000E+00  -0.72388E+03   0.00000E+00
  0.817   2.830    0.48283E+03   0.00000E+00   0.26394E-05   0.00000E+00  -0.72487E+03   0.00000E+00
  0.822   2.840    0.48651E+03   0.00000E+00   0.26498E-05   0.00000E+00  -0.72584E+03   0.00000E+00
  0.828   2.850    0.49019E+03   0.00000E+00   0.26600E-05   0.00000E+00  -0.72679E+03   0.00000E+00
  0.834   2.860    0.49388E+03   0.00000E+00   0.26700E-05   0.00000E+00  -0.72771E+03   0.00000E+00
  0.840   2.870    0.49757E+03   0.00000E+00   0.26799E-05   0.00000E+00  -0.72862E+03   0.00000E+00
  0.846   2.880    0.50126E+03   0.00000E+00   0.26896E-05   0.00000E+00  -0.72951E+03   0.00000E+00
  0.852   2.890    0.50496E+03   0.00000E+00   0.26991E-05   0.00000E+00  -0.73037E+03   0.00000E+00
  0.858   2.900    0.50867E+03   0.00000E+00   0.27084E-05   0.00000E+00  -0.73122E+03   0.00000E+00
  0.864   2.910    0.51238E+03   0.00000E+00   0.27175E-05   0.00000E+00  -0.73204E+03   0.00000E+00
  0.869   2.920    0.51609E+03   0.00000E+00   0.27265E-05   0.00000E+00  -0.73285E+03   0.00000E+00
  0.875   2.930    0.51981E+03   0.00000E+00   0.27353E-05   0.00000E+00  -0.73363E+03   0.00000E+00
  0.881   2.940    0.52353E+03   0.00000E+00   0.27439E-05   0.00000E+00  -0.73440E+03   0.00000E+00
  0.887   2.950    0.52725E+03   0.00000E+00   0.27523E-05   0.00000E+00  -0.73514E+03   0.00000E+00
  0.893   2.960    0.53098E+03   0.00000E+00   0.27605E-05   0.00000E+00  -0.73587E+03   0.00000E+00
  0.899   2.970    0.53471E+03   0.00000E+00   0.27686E-05   0.00000E+00  -0.73657E+03   0.00000E+00
  0.906   2.980    0.53844E+03   0.00000E+00   0.27764E-05   0.00000E+00  -0.73726E+03   0.00000E+00
  0.912   2.990    0.54218E+03   0.00000E+00   0.27841E-05   0.00000E+00  -0.73792E+03   0.00000E+00
  0.918   3.000    0.54592E+03   0.00000E+00   0.27916E-05   0.00000E+00  -0.73857E+03   0.00000E+00
  0.924   3.010    0.54966E+03   0.00000E+00   0.27989E-05   0.00000E+00  -0.73919E+03   0.00000E+00
  0.930   3.020    0.55340E+03   0.00000E+00   0.28060E-05   0.00000E+00  -0.73980E+03   0.00000E+00
  0.936   3.030    0.55715E+03   0.00000E+00   0.28129E-05   0.00000E+00  -0.74038E+03   0.00000E+00
  0.942   3.040    0.56090E+03   0.00000E+00   0.28196E-05   0.00000E+00  -0.74095E+03   0.00000E+00
  0.949   3.050    0.56464E+03   0.00000E+00   0.28261E-05   0.00000E+00  -0.74150E+03   0.00000E+00
  0.955   3.060    0.56839E+03   0.00000E+00   0.28325E-05   0.00000E+00  -0.74202E+03   0.00000E+00
  0.961   3.070    0.57214E+03   0.00000E+00   0.28386E-05   0.00000E+00  -0.74253E+03   0.00000E+00
  0.967   3.080    0.57590E+03   0.00000E+00   0.28445E-05   0.00000E+00  -0.74302E+03   0.00000E+00
  0.974   3.090    0.57965E+03   0.00000E+00   0.28503E-05   0.00000E+00  -0.74348E+03   0.00000E+00
  0.980   3.100    0.58340E+03   0.00000E+00   0.28558E-05   0.00000E+00  -0.74393E+03   0.00000E+00
  0.986   3.110    0.58715E+03   0.00000E+00   0.28612E-05   0.00000E+00  -0.74436E+03   0.00000E+00
  0.993   3.120    0.59091E+03   0.00000E+00   0.28663E-05   0.00000E+00  -0.74476E+03   0.00000E+00
  0.999   3.130    0.59466E+03   0.00000E+00   0.28713E-05   0.00000E+00  -0.74515E+03   0.00000E+00
  1.005   3.140    0.59841E+03   0.00000E+00   0.28760E-05   0.00000E+00  -0.74552E+03   0.00000E+00
  1.012   3.150    0.60216E+03   0.00000E+00   0.28806E-05   0.00000E+00  -0.74587E+03   0.00000E+00
  1.018   3.160    0.60591E+03   0.00000E+00   0.28850E-05   0.00000E+00  -0.74620E+03   0.00000E+00
  1.025   3.170    0.60966E+03   0.00000E+00   0.28891E-05   0.00000E+00  -0.74650E+03   0.00000E+00
  1.031   3.180    0.61341E+03   0.00000E+00   0.28931E-05   0.00000E+00  -0.74679E+03   0.00000E+00
  1.038   3.190    0.61715E+03   0.00000E+00   0.28969E-05   0.00000E+00  -0.74706E+03   0.00000E+00
  1.044   3.200    0.62090E+03   0.00000E+00   0.29005E-05   0.00000E+00  -0.74731E+03   0.00000E+00
  1.051   3.210    0.62464E+03   0.00000E+00   0.29038E-05   0.00000E+00  -0.74754E+03   0.00000E+00
  1.057   3.220    0.62838E+03   0.00000E+00   0.29070E-05   0.00000E+00  -0.74774E+03   0.00000E+00
  1.064   3.230    0.63211E+03   0.00000E+00   0.29100E-05   0.00000E+00  -0.74793E+03   0.00000E+00
  1.070   3.240    0.63585E+03   0.00000E+00   0.29128E-05   0.00000E+00  -0.74810E+03   0.00000E+00
  1.077   3.250    0.63958E+03   0.00000E+00   0.29154E-05   0.00000E+00  -0.74825E+03   0.00000E+00
  1.084   3.260    0.64330E+03   0.00000E+00   0.29178E-05   0.00000E+00  -0.74837E+03   0.00000E+00
  1.090   3.270    0.64703E+03   0.00000E+00   0.29200E-05   0.00000E+00  -0.74848E+03   0.00000E+00
  1.097   3.280    0.65075E+03   0.00000E+00   0.29219E-05   0.00000E+00  -0.74857E+03   0.00000E+00
  1.104   3.290    0.65446E+03   0.00000E+00   0.29237E-05   0.00000E+00  -0.74863E+03   0.00000E+00
  1.110   3.300    0.65817E+03   0.00000E+00   0.29254E-05   0.00000E+00  -0.74868E+03   0.00000E+00
  1.117   3.310    0.66188E+03   0.00000E+00   0.29268E-05   0.00000E+00  -0.74870E+03   0.00000E+00
  1.124   3.320    0.66558E+03   0.00000E+00   0.29280E-05   0.00000E+00  -0.74871E+03   0.00000E+00
  1.131   3.330    0.66927E+03   0.00000E+00   0.29290E-05   0.00000E+00  -0.74869E+03   0.00000E+00
  1.138   3.340    0.67296E+03   0.00000E+00   0.29298E-05   0.00000E+00  -0.74866E+03   0.00000E+00
  1.144   3.350    0.67664E+03   0.00000E+00   0.29305E-05   0.00000E+00  -0.74860E+03   0.00000E+00
  1.151   3.360    0.68032E+03   0.00000E+00   0.29309E-05   0.00000E+00  -0.74852E+03   0.00000E+00
  1.158   3.370    0.68399E+03   0.00000E+00   0.29312E-05   0.00000E+00  -0.74842E+03   0.00000E+00
  1.165   3.380    0.68766E+03   0.00000E+00   0.29312E-05   0.00000E+00  -0.74830E+03   0.00000E+00
  1.172   3.390    0.69131E+03   0.00000E+00   0.29311E-05   0.00000E+00  -0.74816E+03   0.00000E+00
  1.179   3.400    0.69496E+03   0.00000E+00   0.29308E-05   0.00000E+00  -0.74800E+03   0.00000E+00
  1.186   3.410    0.69860E+03   0.00000E+00   0.29303E-05   0.00000E+00  -0.74782E+03   0.00000E+00
  1.193   3.420    0.70224E+03   0.00000E+00   0.29296E-05   0.00000E+00  -0.74762E+03   0.00000E+00
  1.200   3.430    0.70586E+03   0.00000E+00   0.29287E-05   0.00000E+00  -0.74740E+03   0.00000E+00
  1.207   3.440    0.70948E+03   0.00000E+00   0.29277E-05   0.00000E+00  -0.74715E+03   0.00000E+00
  1.214   3.450    0.71309E+03   0.00000E+00   0.29265E-05   0.00000E+00  -0.74689E+03   0.00000E+00
  1.221   3.460    0.71669E+03   0.00000E+00   0.29250E-05   0.00000E+00  -0.74660E+03   0.00000E+00
  1.228   3.470    0.72028E+03   0.00000E+00   0.29234E-05   0.00000E+00  -0.74630E+03   0.00000E+00
  1.235   3.480    0.72385E+03   0.00000E+00   0.29217E-05   0.00000E+00  -0.74597E+03   0.00000E+00
  1.242   3.490    0.72742E+03   0.00000E+00   0.29197E-05   0.00000E+00  -0.74562E+03   0.00000E+00
  1.249   3.500    0.73098E+03   0.00000E+00   0.29176E-05   0.00000E+00  -0.74525E+03   0.00000E+00
  1.256   3.510    0.73453E+03   0.00000E+00   0.29152E-05   0.00000E+00  -0.74486E+03   0.00000E+00
  1.263   3.520    0.73807E+03   0.00000E+00   0.29128E-05   0.00000E+00  -0.74445E+03   0.00000E+00
  1.271   3.530    0.74159E+03   0.00000E+00   0.29101E-05   0.00000E+00  -0.74401E+03   0.00000E+00
  1.278   3.540    0.74511E+03   0.00000E+00   0.29073E-05   0.00000E+00  -0.74356E+03   0.00000E+00
  1.285   3.550    0.74861E+03   0.00000E+00   0.29043E-05   0.00000E+00  -0.74308E+03   0.00000E+00
  1.292   3.560    0.75210E+03   0.00000E+00   0.29011E-05   0.00000E+00  -0.74258E+03   0.00000E+00
  1.300   3.570    0.75558E+03   0.00000E+00   0.28978E-05   0.00000E+00  -0.74207E+03   0.00000E+00
  1.307   3.580    0.75904E+03   0.00000E+00   0.28943E-05   0.00000E+00  -0.74153E+03   0.00000E+00
  1.314   3.590    0.76249E+03   0.00000E+00   0.28906E-05   0.00000E+00  -0.74096E+03   0.00000E+00
  1.322   3.600    0.76593E+03   0.00000E+00   0.28868E-05   0.00000E+00  -0.74038E+03   0.00000E+00
  1.329   3.610    0.76935E+03   0.00000E+00   0.28828E-05   0.00000E+00  -0.73978E+03   0.00000E+00
  1.336   3.620    0.77276E+03   0.00000E+00   0.28787E-05   0.00000E+00  -0.73915E+03   0.00000E+00
  1.344   3.630    0.77616E+03   0.00000E+00   0.28744E-05   0.00000E+00  -0.73850E+03   0.00000E+00
  1.351   3.640    0.77954E+03   0.00000E+00   0.28699E-05   0.00000E+00  -0.73783E+03   0.00000E+00
  1.359   3.650    0.78290E+03   0.00000E+00   0.28653E-05   0.00000E+00  -0.73714E+03   0.00000E+00
  1.366   3.660    0.78625E+03   0.00000E+00   0.28606E-05   0.00000E+00  -0.73643E+03   0.00000E+00
  1.373   3.670    0.78958E+03   0.00000E+00   0.28556E-05   0.00000E+00  -0.73570E+03   0.00000E+00
  1.381   3.680    0.79290E+03   0.00000E+00   0.28506E-05   0.00000E+00  -0.73494E+03   0.00000E+00
  1.388   3.690    0.79620E+03   0.00000E+00   0.28454E-05   0.00000E+00  -0.73417E+03   0.00000E+00
  1.396   3.700    0.79948E+03   0.00000E+00   0.28400E-05   0.00000E+00  -0.73337E+03   0.00000E+00
  1.404   3.710    0.80275E+03   0.00000E+00   0.28346E-05   0.00000E+00  -0.73255E+03   0.00000E+00
  1.411   3.720    0.80599E+03   0.00000E+00   0.28289E-05   0.00000E+00  -0.73171E+03   0.00000E+00
  1.419   3.730    0.80922E+03   0.00000E+00   0.28232E-05   0.00000E+00  -0.73085E+03   0.00000E+00
  1.426   3.740    0.81243E+03   0.00000E+00   0.28173E-05   0.00000E+00  -0.72996E+03   0.00000E+00
  1.434   3.750    0.81563E+03   0.00000E+00   0.28112E-05   0.00000E+00  -0.72905E+03   0.00000E+00
  1.442   3.760    0.81880E+03   0.00000E+00   0.28051E-05   0.00000E+00  -0.72813E+03   0.00000E+00
  1.449   3.770    0.82195E+03   0.00000E+00   0.27988E-05   0.00000E+00  -0.72718E+03   0.00000E+00
  1.457   3.780    0.82509E+03   0.00000E+00   0.27924E-05   0.00000E+00  -0.72621E+03   0.00000E+00
  1.465   3.790    0.82820E+03   0.00000E+00   0.27858E-05   0.00000E+00  -0.72522E+03   0.00000E+00
  1.472   3.800    0.83130E+03   0.00000E+00   0.27791E-05   0.00000E+00  -0.72420E+03   0.00000E+00
  1.480   3.810    0.83437E+03   0.00000E+00   0.27723E-05   0.00000E+00  -0.72317E+03   0.00000E+00
  1.488   3.820    0.83742E+03   0.00000E+00   0.27654E-05   0.00000E+00  -0.72211E+03   0.00000E+00
  1.496   3.830    0.84045E+03   0.00000E+00   0.27584E-05   0.00000E+00  -0.72103E+03   0.00000E+00
  1.504   3.840    0.84346E+03   0.00000E+00   0.27512E-05   0.00000E+00  -0.71993E+03   0.00000E+00
  1.511   3.850    0.84645E+03   0.00000E+00   0.27440E-05   0.00000E+00  -0.71881E+03   0.00000E+00
  1.519   3.860    0.84941E+03   0.00000E+00   0.27366E-05   0.00000E+00  -0.71767E+03   0.00000E+00
  1.527   3.870    0.85235E+03   0.00000E+00   0.27291E-05   0.00000E+00  -0.71651E+03   0.00000E+00
  1.535   3.880    0.85527E+03   0.00000E+00   0.27216E-05   0.00000E+00  -0.71532E+03   0.00000E+00
  1.543   3.890    0.85816E+03   0.00000E+00   0.27139E-05   0.00000E+00  -0.71412E+03   0.00000E+00
  1.551   3.900    0.86103E+03   0.00000E+00   0.27061E-05   0.00000E+00  -0.71289E+03   0.00000E+00
  1.559   3.910    0.86388E+03   0.00000E+00   0.26982E-05   0.00000E+00  -0.71164E+03   0.00000E+00
  1.567   3.920    0.86670E+03   0.00000E+00   0.26902E-05   0.00000E+00  -0.71037E+03   0.00000E+00
  1.575   3.930    0.86950E+03   0.00000E+00   0.26821E-05   0.00000E+00  -0.70908E+03   0.00000E+00
  1.583   3.940    0.87227E+03   0.00000E+00   0.26739E-05   0.00000E+00  -0.70777E+03   0.00000E+00
  1.591   3.950    0.87501E+03   0.00000E+00   0.26657E-05   0.00000E+00  -0.70644E+03   0.00000E+00
  1.599   3.960    0.87773E+03   0.00000E+00   0.26573E-05   0.00000E+00  -0.70509E+03   0.00000E+00
  1.607   3.970    0.88043E+03   0.00000E+00   0.26489E-05   0.00000E+00  -0.70371E+03   0.00000E+00
  1.615   3.980    0.88309E+03   0.00000E+00   0.26404E-05   0.00000E+00  -0.70232E+03   0.00000E+00
  1.623   3.990    0.88574E+03   0.00000E+00   0.26317E-05   0.00000E+00  -0.70090E+03   0.00000E+00
  1.632   4.000    0.88835E+03   0.00000E+00   0.26231E-05   0.00000E+00  -0.69947E+03   0.00000E+00
  1.640   4.010    0.89093E+03   0.00000E+00   0.26143E-05   0.00000E+00  -0.69801E+03   0.00000E+00
  1.648   4.020    0.89349E+03   0.00000E+00   0.26055E-05   0.00000E+00  -0.69653E+03   0.00000E+00
  1.656   4.030    0.89602E+03   0.00000E+00   0.25965E-05   0.00000E+00  -0.69504E+03   0.00000E+00
  1.664   4.040    0.89852E+03   0.00000E+00   0.25876E-05   0.00000E+00  -0.69352E+03   0.00000E+00
  1.673   4.050    0.90099E+03   0.00000E+00   0.25785E-05   0.00000E+00  -0.69198E+03   0.00000E+00
  1.681   4.060    0.90344E+03   0.00000E+00   0.25694E-05   0.00000E+00  -0.69042E+03   0.00000E+00
  1.689   4.070    0.90585E+03   0.00000E+00   0.25602E-05   0.00000E+00  -0.68884E+03   0.00000E+00
  1.697   4.080    0.90823E+03   0.00000E+00   0.25509E-05   0.00000E+00  -0.68724E+03   0.00000E+00
  1.706   4.090    0.91059E+03   0.00000E+00   0.25416E-05   0.00000E+00  -0.68563E+03   0.00000E+00
  1.714   4.100    0.91291E+03   0.00000E+00   0.25323E-05   0.00000E+00  -0.68399E+03   0.00000E+00
  1.723   4.110    0.91520E+03   0.00000E+00   0.25229E-05   0.00000E+00  -0.68233E+03   0.00000E+00
  1.731   4.120    0.91747E+03   0.00000E+00   0.25134E-05   0.00000E+00  -0.68065E+03   0.00000E+00
  1.739   4.130    0.91970E+03   0.00000E+00   0.25039E-05   0.00000E+00  -0.67896E+03   0.00000E+00
  1.748   4.140    0.92190E+03   0.00000E+00   0.24943E-05   0.00000E+00  -0.67724E+03   0.00000E+00
  1.756   4.150    0.92406E+03   0.00000E+00   0.24847E-05   0.00000E+00  -0.67551E+03   0.00000E+00
  1.765   4.160    0.92620E+03   0.00000E+00   0.24750E-05   0.00000E+00  -0.67375E+03   0.00000E+00
  1.773   4.170    0.92830E+03   0.00000E+00   0.24653E-05   0.00000E+00  -0.67198E+03   0.00000E+00
  1.782   4.180    0.93037E+03   0.00000E+00   0.24555E-05   0.00000E+00  -0.67019E+03   0.00000E+00
  1.790   4.190    0.93241E+03   0.00000E+00   0.24457E-05   0.00000E+00  -0.66838E+03   0.00000E+00
  1.799   4.200    0.93441E+03   0.00000E+00   0.24359E-05   0.00000E+00  -0.66655E+03   0.00000E+00
  1.807   4.210    0.93638E+03   0.00000E+00   0.24260E-05   0.00000E+00  -0.66470E+03   0.00000E+00
  1.816   4.220    0.93832E+03   0.00000E+00   0.24161E-05   0.00000E+00  -0.66284E+03   0.00000E+00
  1.825   4.230    0.94022E+03   0.00000E+00   0.24062E-05   0.00000E+00  -0.66095E+03   0.00000E+00
  1.833   4.240    0.94209E+03   0.00000E+00   0.23962E-05   0.00000E+00  -0.65905E+03   0.00000E+00
  1.842   4.250    0.94393E+03   0.00000E+00   0.23863E-05   0.00000E+00  -0.65713E+03   0.00000E+00
  1.851   4.260    0.94573E+03   0.00000E+00   0.23763E-05   0.00000E+00  -0.65520E+03   0.00000E+00
  1.859   4.270    0.94749E+03   0.00000E+00   0.23662E-05   0.00000E+00  -0.65324E+03   0.00000E+00
  1.868   4.280    0.94922E+03   0.00000E+00   0.23562E-05   0.00000E+00  -0.65127E+03   0.00000E+00
  1.877   4.290    0.95092E+03   0.00000E+00   0.23461E-05   0.00000E+00  -0.64928E+03   0.00000E+00
  1.885   4.300    0.95258E+03   0.00000E+00   0.23360E-05   0.00000E+00  -0.64727E+03   0.00000E+00
  1.894   4.310    0.95420E+03   0.00000E+00   0.23259E-05   0.00000E+00  -0.64525E+03   0.00000E+00
  1.903   4.320    0.95579E+03   0.00000E+00   0.23157E-05   0.00000E+00  -0.64321E+03   0.00000E+00
  1.912   4.330    0.95734E+03   0.00000E+00   0.23056E-05   0.00000E+00  -0.64116E+03   0.00000E+00
  1.921   4.340    0.95886E+03   0.00000E+00   0.22955E-05   0.00000E+00  -0.63908E+03   0.00000E+00
  1.930   4.350    0.96034E+03   0.00000E+00   0.22853E-05   0.00000E+00  -0.63699E+03   0.00000E+00
  1.938   4.360    0.96178E+03   0.00000E+00   0.22751E-05   0.00000E+00  -0.63489E+03   0.00000E+00
  1.947   4.370    0.96318E+03   0.00000E+00   0.22650E-05   0.00000E+00  -0.63277E+03   0.00000E+00
  1.956   4.380    0.96455E+03   0.00000E+00   0.22548E-05   0.00000E+00  -0.63064E+03   0.00000E+00
  1.965   4.390    0.96588E+03   0.00000E+00   0.22446E-05   0.00000E+00  -0.62848E+03   0.00000E+00
  1.974   4.400    0.96718E+03   0.00000E+00   0.22344E-05   0.00000E+00  -0.62632E+03   0.00000E+00
  1.983   4.410    0.96843E+03   0.00000E+00   0.22242E-05   0.00000E+00  -0.62414E+03   0.00000E+00
  1.992   4.420    0.96965E+03   0.00000E+00   0.22140E-05   0.00000E+00  -0.62194E+03   0.00000E+00
  2.001   4.430    0.97083E+03   0.00000E+00   0.22039E-05   0.00000E+00  -0.61973E+03   0.00000E+00
  2.010   4.440    0.97198E+03   0.00000E+00   0.21937E-05   0.00000E+00  -0.61751E+03   0.00000E+00
  2.019   4.450    0.97308E+03   0.00000E+00   0.21835E-05   0.00000E+00  -0.61527E+03   0.00000E+00
  2.028   4.460    0.97415E+03   0.00000E+00   0.21734E-05   0.00000E+00  -0.61302E+03   0.00000E+00
  2.037   4.470    0.97518E+03   0.00000E+00   0.21632E-05   0.00000E+00  -0.61075E+03   0.00000E+00
  2.047   4.480    0.97617E+03   0.00000E+00   0.21531E-05   0.00000E+00  -0.60847E+03   0.00000E+00
  2.056   4.490    0.97712E+03   0.00000E+00   0.21429E-05   0.00000E+00  -0.60618E+03   0.00000E+00
  2.065   4.500    0.97804E+03   0.00000E+00   0.21328E-05   0.00000E+00  -0.60387E+03   0.00000E+00
  2.074   4.510    0.97891E+03   0.00000E+00   0.21227E-05   0.00000E+00  -0.60155E+03   0.00000E+00
  2.083   4.520    0.97975E+03   0.00000E+00   0.21126E-05   0.00000E+00  -0.59922E+03   0.00000E+00
  2.093   4.530    0.98055E+03   0.00000E+00   0.21026E-05   0.00000E+00  -0.59688E+03   0.00000E+00
  2.102   4.540    0.98131E+03   0.00000E+00   0.20925E-05   0.00000E+00  -0.59452E+03   0.00000E+00
  2.111   4.550    0.98203E+03   0.00000E+00   0.20825E-05   0.00000E+00  -0.59216E+03   0.00000E+00
  2.120   4.560    0.98271E+03   0.00000E+00   0.20725E-05   0.00000E+00  -0.58978E+03   0.00000E+00
  2.130   4.570    0.98335E+03   0.00000E+00   0.20625E-05   0.00000E+00  -0.58739E+03   0.00000E+00
  2.139   4.580    0.98396E+03   0.00000E+00   0.20525E-05   0.00000E+00  -0.58499E+03   0.00000E+00
  2.148   4.590    0.98452E+03   0.00000E+00   0.20425E-05   0.00000E+00  -0.58257E+03   0.00000E+00
  2.158   4.600    0.98505E+03   0.00000E+00   0.20326E-05   0.00000E+00  -0.58015E+03   0.00000E+00
  2.167   4.610    0.98554E+03   0.00000E+00   0.20227E-05   0.00000E+00  -0.57772E+03   0.00000E+00
  2.177   4.620    0.98599E+03   0.00000E+00   0.20129E-05   0.00000E+00  -0.57527E+03   0.00000E+00
  2.186   4.630    0.98640E+03   0.00000E+00   0.20030E-05   0.00000E+00  -0.57282E+03   0.00000E+00
  2.195   4.640    0.98677E+03   0.00000E+00   0.19932E-05   0.00000E+00  -0.57036E+03   0.00000E+00
  2.205   4.650    0.98710E+03   0.00000E+00   0.19834E-05   0.00000E+00  -0.56789E+03   0.00000E+00
  2.214   4.660    0.98740E+03   0.00000E+00   0.19736E-05   0.00000E+00  -0.56540E+03   0.00000E+00
  2.224   4.670    0.98765E+03   0.00000E+00   0.19639E-05   0.00000E+00  -0.56291E+03   0.00000E+00
  2.233   4.680    0.98787E+03   0.00000E+00   0.19542E-05   0.00000E+00  -0.56042E+03   0.00000E+00
  2.243   4.690    0.98805E+03   0.00000E+00   0.19446E-05   0.00000E+00  -0.55791E+03   0.00000E+00
  2.253   4.700    0.98819E+03   0.00000E+00   0.19349E-05   0.00000E+00  -0.55539E+03   0.00000E+00
  2.262   4.710    0.98829E+03   0.00000E+00   0.19253E-05   0.00000E+00  -0.55287E+03   0.00000E+00
  2.272   4.720    0.98835E+03   0.00000E+00   0.19158E-05   0.00000E+00  -0.55034E+03   0.00000E+00
  2.281   4.730    0.98837E+03   0.00000E+00   0.19062E-05   0.00000E+00  -0.54780E+03   0.00000E+00
  2.291   4.740    0.98836E+03   0.00000E+00   0.18967E-05   0.00000E+00  -0.54526E+03   0.00000E+00
  2.301   4.750    0.98831E+03   0.00000E+00   0.18873E-05   0.00000E+00  -0.54271E+03   0.00000E+00
  2.310   4.760    0.98822E+03   0.00000E+00   0.18779E-05   0.00000E+00  -0.54015E+03   0.00000E+00
  2.320   4.770    0.98809E+03   0.00000E+00   0.18685E-05   0.00000E+00  -0.53758E+03   0.00000E+00
  2.330   4.780    0.98792E+03   0.00000E+00   0.18591E-05   0.00000E+00  -0.53501E+03   0.00000E+00
  2.340   4.790    0.98772E+03   0.00000E+00   0.18498E-05   0.00000E+00  -0.53244E+03   0.00000E+00
  2.349   4.800    0.98748E+03   0.00000E+00   0.18406E-05   0.00000E+00  -0.52986E+03   0.00000E+00
  2.359   4.810    0.98720E+03   0.00000E+00   0.18313E-05   0.00000E+00  -0.52727E+03   0.00000E+00
  2.369   4.820    0.98689E+03   0.00000E+00   0.18221E-05   0.00000E+00  -0.52468E+03   0.00000E+00
  2.379   4.830    0.98653E+03   0.00000E+00   0.18130E-05   0.00000E+00  -0.52208E+03   0.00000E+00
  2.389   4.840    0.98614E+03   0.00000E+00   0.18039E-05   0.00000E+00  -0.51948E+03   0.00000E+00
  2.399   4.850    0.98572E+03   0.00000E+00   0.17948E-05   0.00000E+00  -0.51688E+03   0.00000E+00
  2.409   4.860    0.98526E+03   0.00000E+00   0.17858E-05   0.00000E+00  -0.51427E+03   0.00000E+00
  2.418   4.870    0.98476E+03   0.00000E+00   0.17768E-05   0.00000E+00  -0.51166E+03   0.00000E+00
  2.428   4.880    0.98422E+03   0.00000E+00   0.17679E-05   0.00000E+00  -0.50904E+03   0.00000E+00
  2.438   4.890    0.98365E+03   0.00000E+00   0.17590E-05   0.00000E+00  -0.50642E+03   0.00000E+00
  2.448   4.900    0.98305E+03   0.00000E+00   0.17501E-05   0.00000E+00  -0.50380E+03   0.00000E+00
  2.458   4.910    0.98240E+03   0.00000E+00   0.17413E-05   0.00000E+00  -0.50118E+03   0.00000E+00
  2.468   4.920    0.98173E+03   0.00000E+00   0.17325E-05   0.00000E+00  -0.49855E+03   0.00000E+00
  2.478   4.930    0.98101E+03   0.00000E+00   0.17238E-05   0.00000E+00  -0.49593E+03   0.00000E+00
  2.488   4.940    0.98027E+03   0.00000E+00   0.17151E-05   0.00000E+00  -0.49330E+03   0.00000E+00
  2.499   4.950    0.97949E+03   0.00000E+00   0.17065E-05   0.00000E+00  -0.49067E+03   0.00000E+00
  2.509   4.960    0.97867E+03   0.00000E+00   0.16979E-05   0.00000E+00  -0.48803E+03   0.00000E+00
  2.519   4.970    0.97782E+03   0.00000E+00   0.16893E-05   0.00000E+00  -0.48540E+03   0.00000E+00
  2.529   4.980    0.97694E+03   0.00000E+00   0.16808E-05   0.00000E+00  -0.48277E+03   0.00000E+00
  2.539   4.990    0.97602E+03   0.00000E+00   0.16723E-05   0.00000E+00  -0.48013E+03   0.00000E+00
