  0.000   0.010    0.00000E+00   0.39009E-12   0.00000E+00   0.21781E-11   0.00000E+00  -0.14543E-25
  0.000   0.020    0.00000E+00   0.49914E-10   0.00000E+00   0.27869E-09   0.00000E+00   0.99468E-25
  0.000   0.030    0.00000E+00   0.85235E-09   0.00000E+00   0.47585E-08   0.00000E+00   0.82593E-24
  0.000   0.040    0.00000E+00   0.63803E-08   0.00000E+00   0.35616E-07   0.00000E+00   0.61228E-23
  0.000   0.050    0.00000E+00   0.30393E-07   0.00000E+00   0.16963E-06   0.00000E+00   0.27609E-22
  0.000   0.060    0.00000E+00   0.10877E-06   0.00000E+00   0.60696E-06   0.00000E+00   0.95901E-22
  0.000   0.070    0.00000E+00   0.31951E-06   0.00000E+00   0.17826E-05   0.00000E+00   0.28354E-21
  0.001   0.080    0.00000E+00   0.81225E-06   0.00000E+00   0.45306E-05   0.00000E+00   0.72487E-21
  0.001   0.090    0.00000E+00   0.18489E-05   0.00000E+00   0.10310E-04   0.00000E+00   0.16437E-20
  0.001   0.100    0.00000E+00   0.38574E-05   0.00000E+00   0.21503E-04   0.00000E+00   0.34381E-20
  0.001   0.110    0.00000E+00   0.74991E-05   0.00000E+00   0.41789E-04   0.00000E+00   0.66950E-20
  0.001   0.120    0.00000E+00   0.13753E-04   0.00000E+00   0.76610E-04   0.00000E+00   0.12284E-19
  0.002   0.130    0.00000E+00   0.24016E-04   0.00000E+00   0.13372E-03   0.00000E+00   0.21467E-19
  0.002   0.140    0.00000E+00   0.40223E-04   0.00000E+00   0.22386E-03   0.00000E+00   0.35975E-19
  0.002   0.150    0.00000E+00   0.64981E-04   0.00000E+00   0.36149E-03   0.00000E+00   0.58244E-19
  0.003   0.160    0.00000E+00   0.10173E-03   0.00000E+00   0.56566E-03   0.00000E+00   0.91349E-19
  0.003   0.170    0.00000E+00   0.15494E-03   0.00000E+00   0.86100E-03   0.00000E+00   0.13930E-18
  0.003   0.180    0.00000E+00   0.23025E-03   0.00000E+00   0.12788E-02   0.00000E+00   0.20734E-18
  0.004   0.190    0.00000E+00   0.33478E-03   0.00000E+00   0.18582E-02   0.00000E+00   0.30202E-18
  0.004   0.200    0.00000E+00   0.47729E-03   0.00000E+00   0.26475E-02   0.00000E+00   0.43139E-18
  0.004   0.210    0.00000E+00   0.66851E-03   0.00000E+00   0.37056E-02   0.00000E+00   0.60541E-18
  0.005   0.220    0.00000E+00   0.92136E-03   0.00000E+00   0.51036E-02   0.00000E+00   0.83611E-18
  0.005   0.230    0.00000E+00   0.12513E-02   0.00000E+00   0.69261E-02   0.00000E+00   0.11381E-17
  0.006   0.240    0.00000E+00   0.16767E-02   0.00000E+00   0.92734E-02   0.00000E+00   0.15282E-17
  0.006   0.250    0.00000E+00   0.22191E-02   0.00000E+00   0.12263E-01   0.00000E+00   0.20271E-17
  0.007   0.260    0.00000E+00   0.29035E-02   0.00000E+00   0.16032E-01   0.00000E+00   0.26588E-17
  0.007   0.270    0.00000E+00   0.37590E-02   0.00000E+00   0.20737E-01   0.00000E+00   0.34506E-17
  0.008   0.280    0.00000E+00   0.48190E-02   0.00000E+00   0.26561E-01   0.00000E+00   0.44355E-17
  0.009   0.290    0.00000E+00   0.61217E-02   0.00000E+00   0.33708E-01   0.00000E+00   0.56498E-17
  0.009   0.300    0.00000E+00   0.77103E-02   0.00000E+00   0.42414E-01   0.00000E+00   0.71354E-17
  0.010   0.310    0.00000E+00   0.96338E-02   0.00000E+00   0.52941E-01   0.00000E+00   0.89405E-17
  0.010   0.320    0.00000E+00   0.11947E-01   0.00000E+00   0.65585E-01   0.00000E+00   0.11120E-16
  0.011   0.330    0.00000E+00   0.14712E-01   0.00000E+00   0.80674E-01   0.00000E+00   0.13735E-16
  0.012   0.340    0.00000E+00   0.17997E-01   0.00000E+00   0.98575E-01   0.00000E+00   0.16854E-16
  0.012   0.350    0.00000E+00   0.21877E-01   0.00000E+00   0.11969E+00   0.00000E+00   0.20554E-16
  0.013   0.360    0.00000E+00   0.26437E-01   0.00000E+00   0.14446E+00   0.00000E+00   0.24921E-16
  0.014   0.370    0.00000E+00   0.31768E-01   0.00000E+00   0.17338E+00   0.00000E+00   0.30048E-16
  0.015   0.380    0.00000E+00   0.37971E-01   0.00000E+00   0.20698E+00   0.00000E+00   0.36040E-16
  0.016   0.390    0.00000E+00   0.45157E-01   0.00000E+00   0.24583E+00   0.00000E+00   0.43013E-16
  0.016   0.400    0.00000E+00   0.53445E-01   0.00000E+00   0.29056E+00   0.00000E+00   0.51093E-16
  0.017   0.410    0.00000E+00   0.62965E-01   0.00000E+00   0.34185E+00   0.00000E+00   0.60420E-16
  0.018   0.420    0.00000E+00   0.73856E-01   0.00000E+00   0.40042E+00   0.00000E+00   0.71142E-16
  0.019   0.430    0.00000E+00   0.86271E-01   0.00000E+00   0.46705E+00   0.00000E+00   0.83426E-16
  0.020   0.440    0.00000E+00   0.10037E+00   0.00000E+00   0.54259E+00   0.00000E+00   0.97450E-16
  0.021   0.450    0.00000E+00   0.11633E+00   0.00000E+00   0.62791E+00   0.00000E+00   0.11340E-15
  0.022   0.460    0.00000E+00   0.13434E+00   0.00000E+00   0.72397E+00   0.00000E+00   0.13150E-15
  0.023   0.470    0.00000E+00   0.15458E+00   0.00000E+00   0.83177E+00   0.00000E+00   0.15197E-15
  0.023   0.480    0.00000E+00   0.17728E+00   0.00000E+00   0.95237E+00   0.00000E+00   0.17504E-15
  0.024   0.490    0.00000E+00   0.20266E+00   0.00000E+00   0.10869E+01   0.00000E+00   0.20098E-15
  0.025   0.500    0.00000E+00   0.23095E+00   0.00000E+00   0.12365E+01   0.00000E+00   0.23006E-15
  0.027   0.510    0.00000E+00   0.26240E+00   0.00000E+00   0.14025E+01   0.00000E+00   0.26258E-15
  0.028   0.520    0.00000E+00   0.29727E+00   0.00000E+00   0.15860E+01   0.00000E+00   0.29887E-15
  0.029   0.530    0.00000E+00   0.33584E+00   0.00000E+00   0.17886E+01   0.00000E+00   0.33925E-15
  0.030   0.540    0.00000E+00   0.37840E+00   0.00000E+00   0.20115E+01   0.00000E+00   0.38408E-15
  0.031   0.550    0.00000E+00   0.42524E+00   0.00000E+00   0.22563E+01   0.00000E+00   0.43374E-15
  0.032   0.560    0.00000E+00   0.47669E+00   0.00000E+00   0.25245E+01   0.00000E+00   0.48864E-15
  0.033   0.570    0.00000E+00   0.53307E+00   0.00000E+00   0.28175E+01   0.00000E+00   0.54919E-15
  0.034   0.580    0.00000E+00   0.59473E+00   0.00000E+00   0.31371E+01   0.00000E+00   0.61586E-15
  0.035   0.590    0.00000E+00   0.66201E+00   0.00000E+00   0.34849E+01   0.00000E+00   0.68909E-15
  0.037   0.600    0.00000E+00   0.73528E+00   0.00000E+00   0.38627E+01   0.00000E+00   0.76941E-15
  0.038   0.610    0.00000E+00   0.81493E+00   0.00000E+00   0.42721E+01   0.00000E+00   0.85733E-15
  0.039   0.620    0.00000E+00   0.90134E+00   0.00000E+00   0.47149E+01   0.00000E+00   0.95339E-15
  0.040   0.630    0.00000E+00   0.99492E+00   0.00000E+00   0.51931E+01   0.00000E+00   0.10582E-14
  0.042   0.640    0.00000E+00   0.10961E+01   0.00000E+00   0.57084E+01   0.00000E+00   0.11723E-14
  0.043   0.650    0.00000E+00   0.12052E+01   0.00000E+00   0.62628E+01   0.00000E+00   0.12963E-14
  0.044   0.660    0.00000E+00   0.13229E+01   0.00000E+00   0.68581E+01   0.00000E+00   0.14309E-14
  0.046   0.670    0.00000E+00   0.14494E+01   0.00000E+00   0.74964E+01   0.00000E+00   0.15769E-14
  0.047   0.680    0.00000E+00   0.15852E+01   0.00000E+00   0.81795E+01   0.00000E+00   0.17348E-14
  0.049   0.690    0.00000E+00   0.17309E+01   0.00000E+00   0.89095E+01   0.00000E+00   0.19054E-14
  0.050   0.700    0.00000E+00   0.18868E+01   0.00000E+00   0.96883E+01   0.00000E+00   0.20896E-14
  0.051   0.710    0.00000E+00   0.20535E+01   0.00000E+00   0.10518E+02   0.00000E+00   0.22880E-14
  0.053   0.720    0.00000E+00   0.22314E+01   0.00000E+00   0.11400E+02   0.00000E+00   0.25015E-14
  0.054   0.730    0.00000E+00   0.24211E+01   0.00000E+00   0.12338E+02   0.00000E+00   0.27310E-14
  0.056   0.740    0.00000E+00   0.26231E+01   0.00000E+00   0.13332E+02   0.00000E+00   0.29773E-14
  0.057   0.750    0.00000E+00   0.28377E+01   0.00000E+00   0.14385E+02   0.00000E+00   0.32414E-14
  0.059   0.760    0.00000E+00   0.30657E+01   0.00000E+00   0.15498E+02   0.00000E+00   0.35242E-14
  0.060   0.770    0.00000E+00   0.33074E+01   0.00000E+00   0.16674E+02   0.00000E+00   0.38266E-14
  0.062   0.780    0.00000E+00   0.35634E+01   0.00000E+00   0.17915E+02   0.00000E+00   0.41497E-14
  0.064   0.790    0.00000E+00   0.38341E+01   0.00000E+00   0.19222E+02   0.00000E+00   0.44944E-14
  0.065   0.800    0.00000E+00   0.41202E+01   0.00000E+00   0.20597E+02   0.00000E+00   0.48619E-14
  0.067   0.810    0.00000E+00   0.44221E+01   0.00000E+00   0.22042E+02   0.00000E+00   0.52531E-14
  0.069   0.820    0.00000E+00   0.47403E+01   0.00000E+00   0.23558E+02   0.00000E+00   0.56692E-14
  0.070   0.830    0.00000E+00   0.50754E+01   0.00000E+00   0.25149E+02   0.00000E+00   0.61114E-14
  0.072   0.840    0.00000E+00   0.54278E+01   0.00000E+00   0.26813E+02   0.00000E+00   0.65808E-14
  0.074   0.850    0.00000E+00   0.57982E+01   0.00000E+00   0.28555E+02   0.00000E+00   0.70785E-14
  0.075   0.860    0.00000E+00   0.61868E+01   0.00000E+00   0.30374E+02   0.00000E+00   0.76058E-14
  0.077   0.870    0.00000E+00   0.65944E+01   0.00000E+00   0.32273E+02   0.00000E+00   0.81640E-14
  0.079   0.880    0.00000E+00   0.70213E+01   0.00000E+00   0.34252E+02   0.00000E+00   0.87542E-14
  0.081   0.890    0.00000E+00   0.74680E+01   0.00000E+00   0.36314E+02   0.00000E+00   0.93778E-14
  0.083   0.900    0.00000E+00   0.79350E+01   0.00000E+00   0.38458E+02   0.00000E+00   0.10036E-13
  0.084   0.910    0.00000E+00   0.84228E+01   0.00000E+00   0.40687E+02   0.00000E+00   0.10730E-13
  0.086   0.920    0.00000E+00   0.89319E+01   0.00000E+00   0.43000E+02   0.00000E+00   0.11462E-13
  0.088   0.930    0.00000E+00   0.94626E+01   0.00000E+00   0.45400E+02   0.00000E+00   0.12232E-13
  0.090   0.940    0.00000E+00   0.10015E+02   0.00000E+00   0.47887E+02   0.00000E+00   0.13043E-13
  0.092   0.950    0.00000E+00   0.10591E+02   0.00000E+00   0.50461E+02   0.00000E+00   0.13895E-13
  0.094   0.960    0.00000E+00   0.11189E+02   0.00000E+00   0.53123E+02   0.00000E+00   0.14790E-13
  0.096   0.970    0.00000E+00   0.11811E+02   0.00000E+00   0.55874E+02   0.00000E+00   0.15729E-13
  0.098   0.980    0.00000E+00   0.12456E+02   0.00000E+00   0.58714E+02   0.00000E+00   0.16715E-13
  0.100   0.990    0.00000E+00   0.13126E+02   0.00000E+00   0.61643E+02   0.00000E+00   0.17747E-13
  0.102   1.000    0.00000E+00   0.13820E+02   0.00000E+00   0.64661E+02   0.00000E+00   0.18829E-13
  0.104   1.010    0.00000E+00   0.14539E+02   0.00000E+00   0.67769E+02   0.00000E+00   0.19961E-13
  0.106   1.020    0.00000E+00   0.15283E+02   0.00000E+00   0.70967E+02   0.00000E+00   0.21145E-13
  0.108   1.030    0.00000E+00   0.16052E+02   0.00000E+00   0.74253E+02   0.00000E+00   0.22383E-13
  0.110   1.040    0.00000E+00   0.16847E+02   0.00000E+00   0.77629E+02   0.00000E+00   0.23675E-13
  0.112   1.050    0.00000E+00   0.17669E+02   0.00000E+00   0.81093E+02   0.00000E+00   0.25025E-13
  0.115   1.060    0.00000E+00   0.18516E+02   0.00000E+00   0.84645E+02   0.00000E+00   0.26432E-13
  0.117   1.070    0.00000E+00   0.19390E+02   0.00000E+00   0.88284E+02   0.00000E+00   0.27899E-13
  0.119   1.080    0.00000E+00   0.20291E+02   0.00000E+00   0.92010E+02   0.00000E+00   0.29428E-13
  0.121   1.090    0.00000E+00   0.21219E+02   0.00000E+00   0.95822E+02   0.00000E+00   0.31020E-13
  0.123   1.100    0.00000E+00   0.22174E+02   0.00000E+00   0.99719E+02   0.00000E+00   0.32676E-13
  0.126   1.110    0.00000E+00   0.23156E+02   0.00000E+00   0.10370E+03   0.00000E+00   0.34398E-13
  0.128   1.120    0.00000E+00   0.24166E+02   0.00000E+00   0.10776E+03   0.00000E+00   0.36189E-13
  0.130   1.130    0.00000E+00   0.25203E+02   0.00000E+00   0.11191E+03   0.00000E+00   0.38049E-13
  0.133   1.140    0.00000E+00   0.26268E+02   0.00000E+00   0.11613E+03   0.00000E+00   0.39980E-13
  0.135   1.150    0.00000E+00   0.27362E+02   0.00000E+00   0.12044E+03   0.00000E+00   0.41984E-13
  0.137   1.160    0.00000E+00   0.28483E+02   0.00000E+00   0.12482E+03   0.00000E+00   0.44062E-13
  0.140   1.170    0.00000E+00   0.29632E+02   0.00000E+00   0.12927E+03   0.00000E+00   0.46216E-13
  0.142   1.180    0.00000E+00   0.30809E+02   0.00000E+00   0.13380E+03   0.00000E+00   0.48448E-13
  0.144   1.190    0.00000E+00   0.32014E+02   0.00000E+00   0.13841E+03   0.00000E+00   0.50760E-13
  0.147   1.200    0.00000E+00   0.33247E+02   0.00000E+00   0.14308E+03   0.00000E+00   0.53152E-13
  0.149   1.210    0.00000E+00   0.34509E+02   0.00000E+00   0.14782E+03   0.00000E+00   0.55627E-13
  0.152   1.220    0.00000E+00   0.35798E+02   0.00000E+00   0.15263E+03   0.00000E+00   0.58186E-13
  0.154   1.230    0.00000E+00   0.37116E+02   0.00000E+00   0.15750E+03   0.00000E+00   0.60830E-13
  0.157   1.240    0.00000E+00   0.38462E+02   0.00000E+00   0.16243E+03   0.00000E+00   0.63563E-13
  0.159   1.250    0.00000E+00   0.39835E+02   0.00000E+00   0.16742E+03   0.00000E+00   0.66384E-13
  0.162   1.260    0.00000E+00   0.41237E+02   0.00000E+00   0.17247E+03   0.00000E+00   0.69296E-13
  0.164   1.270    0.00000E+00   0.42666E+02   0.00000E+00   0.17758E+03   0.00000E+00   0.72300E-13
  0.167   1.280    0.00000E+00   0.44123E+02   0.00000E+00   0.18273E+03   0.00000E+00   0.75398E-13
  0.170   1.290    0.00000E+00   0.45608E+02   0.00000E+00   0.18794E+03   0.00000E+00   0.78592E-13
  0.172   1.300    0.00000E+00   0.47120E+02   0.00000E+00   0.19320E+03   0.00000E+00   0.81882E-13
  0.175   1.310    0.00000E+00   0.48659E+02   0.00000E+00   0.19850E+03   0.00000E+00   0.85271E-13
  0.178   1.320    0.00000E+00   0.50226E+02   0.00000E+00   0.20384E+03   0.00000E+00   0.88760E-13
  0.180   1.330    0.00000E+00   0.51819E+02   0.00000E+00   0.20922E+03   0.00000E+00   0.92350E-13
  0.183   1.340    0.00000E+00   0.53439E+02   0.00000E+00   0.21465E+03   0.00000E+00   0.96044E-13
  0.186   1.350    0.00000E+00   0.55086E+02   0.00000E+00   0.22010E+03   0.00000E+00   0.99843E-13
  0.189   1.360    0.00000E+00   0.56760E+02   0.00000E+00   0.22559E+03   0.00000E+00   0.10375E-12
  0.191   1.370    0.00000E+00   0.58459E+02   0.00000E+00   0.23111E+03   0.00000E+00   0.10776E-12
  0.194   1.380    0.00000E+00   0.60185E+02   0.00000E+00   0.23666E+03   0.00000E+00   0.11188E-12
  0.197   1.390    0.00000E+00   0.61936E+02   0.00000E+00   0.24223E+03   0.00000E+00   0.11611E-12
  0.200   1.400    0.00000E+00   0.63713E+02   0.00000E+00   0.24782E+03   0.00000E+00   0.12046E-12
  0.203   1.410    0.00000E+00   0.65515E+02   0.00000E+00   0.25344E+03   0.00000E+00   0.12491E-12
  0.206   1.420    0.00000E+00   0.67343E+02   0.00000E+00   0.25907E+03   0.00000E+00   0.12948E-12
  0.209   1.430    0.00000E+00   0.69195E+02   0.00000E+00   0.26471E+03   0.00000E+00   0.13417E-12
  0.211   1.440    0.00000E+00   0.71071E+02   0.00000E+00   0.27037E+03   0.00000E+00   0.13898E-12
  0.214   1.450    0.00000E+00   0.72972E+02   0.00000E+00   0.27603E+03   0.00000E+00   0.14390E-12
  0.217   1.460    0.00000E+00   0.74897E+02   0.00000E+00   0.28171E+03   0.00000E+00   0.14895E-12
  0.220   1.470    0.00000E+00   0.76846E+02   0.00000E+00   0.28738E+03   0.00000E+00   0.15411E-12
  0.223   1.480    0.00000E+00   0.78818E+02   0.00000E+00   0.29306E+03   0.00000E+00   0.15940E-12
  0.226   1.490    0.00000E+00   0.80814E+02   0.00000E+00   0.29874E+03   0.00000E+00   0.16482E-12
  0.229   1.500    0.00000E+00   0.82832E+02   0.00000E+00   0.30442E+03   0.00000E+00   0.17035E-12
  0.233   1.510    0.00000E+00   0.84873E+02   0.00000E+00   0.31009E+03   0.00000E+00   0.17602E-12
  0.236   1.520    0.00000E+00   0.86937E+02   0.00000E+00   0.31575E+03   0.00000E+00   0.18181E-12
  0.239   1.530    0.00000E+00   0.89022E+02   0.00000E+00   0.32141E+03   0.00000E+00   0.18773E-12
  0.242   1.540    0.00000E+00   0.91130E+02   0.00000E+00   0.32705E+03   0.00000E+00   0.19379E-12
  0.245   1.550    0.00000E+00   0.93259E+02   0.00000E+00   0.33268E+03   0.00000E+00   0.19997E-12
  0.248   1.560    0.00000E+00   0.95409E+02   0.00000E+00   0.33829E+03   0.00000E+00   0.20629E-12
  0.251   1.570    0.00000E+00   0.97581E+02   0.00000E+00   0.34389E+03   0.00000E+00   0.21274E-12
  0.255   1.580    0.00000E+00   0.99773E+02   0.00000E+00   0.34946E+03   0.00000E+00   0.21932E-12
  0.258   1.590    0.00000E+00   0.10199E+03   0.00000E+00   0.35502E+03   0.00000E+00   0.22604E-12
  0.261   1.600    0.00000E+00   0.10422E+03   0.00000E+00   0.36055E+03   0.00000E+00   0.23290E-12
  0.264   1.610    0.00000E+00   0.10647E+03   0.00000E+00   0.36605E+03   0.00000E+00   0.23990E-12
  0.268   1.620    0.00000E+00   0.10874E+03   0.00000E+00   0.37153E+03   0.00000E+00   0.24703E-12
  0.271   1.630    0.00000E+00   0.11103E+03   0.00000E+00   0.37698E+03   0.00000E+00   0.25431E-12
  0.274   1.640    0.00000E+00   0.11334E+03   0.00000E+00   0.38240E+03   0.00000E+00   0.26172E-12
  0.278   1.650    0.00000E+00   0.11567E+03   0.00000E+00   0.38778E+03   0.00000E+00   0.26928E-12
  0.281   1.660    0.00000E+00   0.11802E+03   0.00000E+00   0.39314E+03   0.00000E+00   0.27698E-12
  0.284   1.670    0.00000E+00   0.12039E+03   0.00000E+00   0.39845E+03   0.00000E+00   0.28482E-12
  0.288   1.680    0.00000E+00   0.12277E+03   0.00000E+00   0.40373E+03   0.00000E+00   0.29281E-12
  0.291   1.690    0.00000E+00   0.12518E+03   0.00000E+00   0.40898E+03   0.00000E+00   0.30095E-12
  0.295   1.700    0.00000E+00   0.12760E+03   0.00000E+00   0.41418E+03   0.00000E+00   0.30923E-12
  0.298   1.710    0.00000E+00   0.13003E+03   0.00000E+00   0.41935E+03   0.00000E+00   0.31766E-12
  0.302   1.720    0.00000E+00   0.13249E+03   0.00000E+00   0.42447E+03   0.00000E+00   0.32623E-12
  0.305   1.730    0.00000E+00   0.13496E+03   0.00000E+00   0.42955E+03   0.00000E+00   0.33496E-12
  0.309   1.740    0.00000E+00   0.13745E+03   0.00000E+00   0.43459E+03   0.00000E+00   0.34383E-12
  0.312   1.750    0.00000E+00   0.13995E+03   0.00000E+00   0.43959E+03   0.00000E+00   0.35286E-12
  0.316   1.760    0.00000E+00   0.14248E+03   0.00000E+00   0.44454E+03   0.00000E+00   0.36203E-12
  0.319   1.770    0.00000E+00   0.14501E+03   0.00000E+00   0.44944E+03   0.00000E+00   0.37136E-12
  0.323   1.780    0.00000E+00   0.14757E+03   0.00000E+00   0.45430E+03   0.00000E+00   0.38084E-12
  0.327   1.790    0.00000E+00   0.15014E+03   0.00000E+00   0.45911E+03   0.00000E+00   0.39047E-12
  0.330   1.800    0.00000E+00   0.15272E+03   0.00000E+00   0.46387E+03   0.00000E+00   0.40026E-12
  0.334   1.810    0.00000E+00   0.15532E+03   0.00000E+00   0.46859E+03   0.00000E+00   0.41020E-12
  0.338   1.820    0.00000E+00   0.15793E+03   0.00000E+00   0.47325E+03   0.00000E+00   0.42029E-12
  0.341   1.830    0.00000E+00   0.16056E+03   0.00000E+00   0.47787E+03   0.00000E+00   0.43054E-12
  0.345   1.840    0.00000E+00   0.16321E+03   0.00000E+00   0.48243E+03   0.00000E+00   0.44095E-12
  0.349   1.850    0.00000E+00   0.16587E+03   0.00000E+00   0.48695E+03   0.00000E+00   0.45151E-12
  0.353   1.860    0.00000E+00   0.16854E+03   0.00000E+00   0.49141E+03   0.00000E+00   0.46223E-12
  0.357   1.870    0.00000E+00   0.17123E+03   0.00000E+00   0.49583E+03   0.00000E+00   0.47310E-12
  0.360   1.880    0.00000E+00   0.17393E+03   0.00000E+00   0.50019E+03   0.00000E+00   0.48414E-12
  0.364   1.890    0.00000E+00   0.17665E+03   0.00000E+00   0.50450E+03   0.00000E+00   0.49533E-12
  0.368   1.900    0.00000E+00   0.17938E+03   0.00000E+00   0.50876E+03   0.00000E+00   0.50668E-12
  0.372   1.910    0.00000E+00   0.18213E+03   0.00000E+00   0.51297E+03   0.00000E+00   0.51819E-12
  0.376   1.920    0.00000E+00   0.18488E+03   0.00000E+00   0.51713E+03   0.00000E+00   0.52985E-12
  0.380   1.930    0.00000E+00   0.18766E+03   0.00000E+00   0.52123E+03   0.00000E+00   0.54168E-12
  0.384   1.940    0.00000E+00   0.19044E+03   0.00000E+00   0.52529E+03   0.00000E+00   0.55366E-12
  0.388   1.950    0.00000E+00   0.19324E+03   0.00000E+00   0.52929E+03   0.00000E+00   0.56581E-12
  0.392   1.960    0.00000E+00   0.19605E+03   0.00000E+00   0.53324E+03   0.00000E+00   0.57811E-12
  0.396   1.970    0.00000E+00   0.19888E+03   0.00000E+00   0.53714E+03   0.00000E+00   0.59058E-12
  0.400   1.980    0.00000E+00   0.20171E+03   0.00000E+00   0.54099E+03   0.00000E+00   0.60320E-12
  0.404   1.990    0.00000E+00   0.20456E+03   0.00000E+00   0.54479E+03   0.00000E+00   0.61599E-12
  0.408   2.000    0.00000E+00   0.20743E+03   0.00000E+00   0.54854E+03   0.00000E+00   0.62893E-12
  0.412   2.010    0.00000E+00   0.21030E+03   0.00000E+00   0.55223E+03   0.00000E+00   0.64204E-12
  0.416   2.020    0.00000E+00   0.21319E+03   0.00000E+00   0.55588E+03   0.00000E+00   0.65530E-12
  0.420   2.030    0.00000E+00   0.21609E+03   0.00000E+00   0.55948E+03   0.00000E+00   0.66873E-12
  0.424   2.040    0.00000E+00   0.21901E+03   0.00000E+00   0.56302E+03   0.00000E+00   0.68231E-12
  0.429   2.050    0.00000E+00   0.22193E+03   0.00000E+00   0.56652E+03   0.00000E+00   0.69606E-12
  0.433   2.060    0.00000E+00   0.22487E+03   0.00000E+00   0.56997E+03   0.00000E+00   0.70996E-12
  0.437   2.070    0.00000E+00   0.22782E+03   0.00000E+00   0.57337E+03   0.00000E+00   0.72403E-12
  0.441   2.080    0.00000E+00   0.23078E+03   0.00000E+00   0.57672E+03   0.00000E+00   0.73825E-12
  0.445   2.090    0.00000E+00   0.23376E+03   0.00000E+00   0.58003E+03   0.00000E+00   0.75263E-12
  0.450   2.100    0.00000E+00   0.23675E+03   0.00000E+00   0.58329E+03   0.00000E+00   0.76718E-12
  0.454   2.110    0.00000E+00   0.23975E+03   0.00000E+00   0.58650E+03   0.00000E+00   0.78188E-12
  0.458   2.120    0.00000E+00   0.24276E+03   0.00000E+00   0.58966E+03   0.00000E+00   0.79674E-12
  0.463   2.130    0.00000E+00   0.24578E+03   0.00000E+00   0.59278E+03   0.00000E+00   0.81175E-12
  0.467   2.140    0.00000E+00   0.24881E+03   0.00000E+00   0.59585E+03   0.00000E+00   0.82693E-12
  0.471   2.150    0.00000E+00   0.25186E+03   0.00000E+00   0.59888E+03   0.00000E+00   0.84226E-12
  0.476   2.160    0.00000E+00   0.25492E+03   0.00000E+00   0.60186E+03   0.00000E+00   0.85774E-12
  0.480   2.170    0.00000E+00   0.25798E+03   0.00000E+00   0.60480E+03   0.00000E+00   0.87339E-12
  0.485   2.180    0.00000E+00   0.26107E+03   0.00000E+00   0.60769E+03   0.00000E+00   0.88919E-12
  0.489   2.190    0.00000E+00   0.26416E+03   0.00000E+00   0.61055E+03   0.00000E+00   0.90514E-12
  0.494   2.200    0.00000E+00   0.26726E+03   0.00000E+00   0.61336E+03   0.00000E+00   0.92125E-12
  0.498   2.210    0.00000E+00   0.27038E+03   0.00000E+00   0.61612E+03   0.00000E+00   0.93751E-12
  0.503   2.220    0.00000E+00   0.27350E+03   0.00000E+00   0.61885E+03   0.00000E+00   0.95392E-12
  0.507   2.230    0.00000E+00   0.27664E+03   0.00000E+00   0.62153E+03   0.00000E+00   0.97049E-12
  0.512   2.240    0.00000E+00   0.27979E+03   0.00000E+00   0.62418E+03   0.00000E+00   0.98720E-12
  0.516   2.250    0.00000E+00   0.28295E+03   0.00000E+00   0.62679E+03   0.00000E+00   0.10041E-11
  0.521   2.260    0.00000E+00   0.28612E+03   0.00000E+00   0.62935E+03   0.00000E+00   0.10211E-11
  0.525   2.270    0.00000E+00   0.28930E+03   0.00000E+00   0.63188E+03   0.00000E+00   0.10382E-11
  0.530   2.280    0.00000E+00   0.29249E+03   0.00000E+00   0.63437E+03   0.00000E+00   0.10556E-11
  0.535   2.290    0.00000E+00   0.29570E+03   0.00000E+00   0.63682E+03   0.00000E+00   0.10730E-11
  0.539   2.300    0.00000E+00   0.29891E+03   0.00000E+00   0.63923E+03   0.00000E+00   0.10906E-11
  0.544   2.310    0.00000E+00   0.30214E+03   0.00000E+00   0.64161E+03   0.00000E+00   0.11084E-11
  0.549   2.320    0.00000E+00   0.30537E+03   0.00000E+00   0.64395E+03   0.00000E+00   0.11263E-11
  0.554   2.330    0.00000E+00   0.30862E+03   0.00000E+00   0.64625E+03   0.00000E+00   0.11443E-11
  0.558   2.340    0.00000E+00   0.31187E+03   0.00000E+00   0.64852E+03   0.00000E+00   0.11625E-11
  0.563   2.350    0.00000E+00   0.31514E+03   0.00000E+00   0.65076E+03   0.00000E+00   0.11808E-11
  0.568   2.360    0.00000E+00   0.31842E+03   0.00000E+00   0.65296E+03   0.00000E+00   0.11992E-11
  0.573   2.370    0.00000E+00   0.32171E+03   0.00000E+00   0.65513E+03   0.00000E+00   0.12178E-11
  0.578   2.380    0.00000E+00   0.32501E+03   0.00000E+00   0.65726E+03   0.00000E+00   0.12365E-11
  0.582   2.390    0.00000E+00   0.32832E+03   0.00000E+00   0.65936E+03   0.00000E+00   0.12554E-11
  0.587   2.400    0.00000E+00   0.33164E+03   0.00000E+00   0.66143E+03   0.00000E+00   0.12744E-11
  0.592   2.410    0.00000E+00   0.33497E+03   0.00000E+00   0.66347E+03   0.00000E+00   0.12935E-11
  0.597   2.420    0.00000E+00   0.33831E+03   0.00000E+00   0.66547E+03   0.00000E+00   0.13127E-11
  0.602   2.430    0.00000E+00   0.34166E+03   0.00000E+00   0.66745E+03   0.00000E+00   0.13321E-11
  0.607   2.440    0.00000E+00   0.34502E+03   0.00000E+00   0.66939E+03   0.00000E+00   0.13516E-11
  0.612   2.450    0.00000E+00   0.34839E+03   0.00000E+00   0.67130E+03   0.00000E+00   0.13712E-11
  0.617   2.460    0.00000E+00   0.35177E+03   0.00000E+00   0.67319E+03   0.00000E+00   0.13910E-11
  0.622   2.470    0.00000E+00   0.35516E+03   0.00000E+00   0.67504E+03   0.00000E+00   0.14108E-11
  0.627   2.480    0.00000E+00   0.35855E+03   0.00000E+00   0.67687E+03   0.00000E+00   0.14308E-11
  0.632   2.490    0.00000E+00   0.36196E+03   0.00000E+00   0.67866E+03   0.00000E+00   0.14509E-11
  0.637   2.500    0.00000E+00   0.36538E+03   0.00000E+00   0.68043E+03   0.00000E+00   0.14711E-11
  0.642   2.510    0.00000E+00   0.36881E+03   0.00000E+00   0.68217E+03   0.00000E+00   0.14915E-11
  0.648   2.520    0.00000E+00   0.37224E+03   0.00000E+00   0.68389E+03   0.00000E+00   0.15119E-11
  0.653   2.530    0.00000E+00   0.37569E+03   0.00000E+00   0.68557E+03   0.00000E+00   0.15324E-11
  0.658   2.540    0.00000E+00   0.37915E+03   0.00000E+00   0.68723E+03   0.00000E+00   0.15531E-11
  0.663   2.550    0.00000E+00   0.38261E+03   0.00000E+00   0.68886E+03   0.00000E+00   0.15738E-11
  0.668   2.560    0.00000E+00   0.38608E+03   0.00000E+00   0.69047E+03   0.00000E+00   0.15947E-11
  0.674   2.570    0.00000E+00   0.38956E+03   0.00000E+00   0.69205E+03   0.00000E+00   0.16157E-11
  0.679   2.580    0.00000E+00   0.39305E+03   0.00000E+00   0.69361E+03   0.00000E+00   0.16367E-11
  0.684   2.590    0.00000E+00   0.39655E+03   0.00000E+00   0.69513E+03   0.00000E+00   0.16578E-11
  0.689   2.600    0.00000E+00   0.40006E+03   0.00000E+00   0.69664E+03   0.00000E+00   0.16791E-11
  0.695   2.610    0.00000E+00   0.40358E+03   0.00000E+00   0.69812E+03   0.00000E+00   0.17004E-11
  0.700   2.620    0.00000E+00   0.40710E+03   0.00000E+00   0.69958E+03   0.00000E+00   0.17218E-11
  0.705   2.630    0.00000E+00   0.41064E+03   0.00000E+00   0.70101E+03   0.00000E+00   0.17433E-11
  0.711   2.640    0.00000E+00   0.41418E+03   0.00000E+00   0.70241E+03   0.00000E+00   0.17649E-11
  0.716   2.650    0.00000E+00   0.41773E+03   0.00000E+00   0.70380E+03   0.00000E+00   0.17865E-11
  0.722   2.660    0.00000E+00   0.42128E+03   0.00000E+00   0.70516E+03   0.00000E+00   0.18083E-11
  0.727   2.670    0.00000E+00   0.42485E+03   0.00000E+00   0.70649E+03   0.00000E+00   0.18301E-11
  0.732   2.680    0.00000E+00   0.42842E+03   0.00000E+00   0.70781E+03   0.00000E+00   0.18519E-11
  0.738   2.690    0.00000E+00   0.43200E+03   0.00000E+00   0.70910E+03   0.00000E+00   0.18739E-11
  0.743   2.700    0.00000E+00   0.43559E+03   0.00000E+00   0.71037E+03   0.00000E+00   0.18959E-11
  0.749   2.710    0.00000E+00   0.43918E+03   0.00000E+00   0.71161E+03   0.00000E+00   0.19179E-11
  0.754   2.720    0.00000E+00   0.44278E+03   0.00000E+00   0.71284E+03   0.00000E+00   0.19401E-11
  0.760   2.730    0.00000E+00   0.44639E+03   0.00000E+00   0.71404E+03   0.00000E+00   0.19622E-11
  0.766   2.740    0.00000E+00   0.45001E+03   0.00000E+00   0.71522E+03   0.00000E+00   0.19845E-11
  0.771   2.750    0.00000E+00   0.45363E+03   0.00000E+00   0.71638E+03   0.00000E+00   0.20067E-11
  0.777   2.760    0.00000E+00   0.45726E+03   0.00000E+00   0.71751E+03   0.00000E+00   0.20291E-11
  0.782   2.770    0.00000E+00   0.46089E+03   0.00000E+00   0.71863E+03   0.00000E+00   0.20514E-11
  0.788   2.780    0.00000E+00   0.46453E+03   0.00000E+00   0.71972E+03   0.00000E+00   0.20738E-11
  0.794   2.790    0.00000E+00   0.46818E+03   0.00000E+00   0.72079E+03   0.00000E+00   0.20963E-11
  0.799   2.800    0.00000E+00   0.47184E+03   0.00000E+00   0.72184E+03   0.00000E+00   0.21187E-11
  0.805   2.810    0.00000E+00   0.47550E+03   0.00000E+00   0.72287E+03   0.00000E+00   0.21412E-11
  0.811   2.820    0.00000E+00   0.47916E+03   0.00000E+00   0.72388E+03   0.00000E+00   0.21638E-11
  0.817   2.830    0.00000E+00   0.48283E+03   0.00000E+00   0.72487E+03   0.00000E+00   0.21863E-11
  0.822   2.840    0.00000E+00   0.48651E+03   0.00000E+00   0.72584E+03   0.00000E+00   0.22089E-11
  0.828   2.850    0.00000E+00   0.49019E+03   0.00000E+00   0.72679E+03   0.00000E+00   0.22314E-11
  0.834   2.860    0.00000E+00   0.49388E+03   0.00000E+00   0.72771E+03   0.00000E+00   0.22540E-11
  0.840   2.870    0.00000E+00   0.49757E+03   0.00000E+00   0.72862E+03   0.00000E+00   0.22766E-11
  0.846   2.880    0.00000E+00   0.50126E+03   0.00000E+00   0.72951E+03   0.00000E+00   0.22992E-11
  0.852   2.890    0.00000E+00   0.50496E+03   0.00000E+00   0.73037E+03   0.00000E+00   0.23218E-11
  0.858   2.900    0.00000E+00   0.50867E+03   0.00000E+00   0.73122E+03   0.00000E+00   0.23444E-11
  0.864   2.910    0.00000E+00   0.51238E+03   0.00000E+00   0.73204E+03   0.00000E+00   0.23670E-11
  0.869   2.920    0.00000E+00   0.51609E+03   0.00000E+00   0.73285E+03   0.00000E+00   0.23895E-11
  0.875   2.930    0.00000E+00   0.51981E+03   0.00000E+00   0.73363E+03   0.00000E+00   0.24121E-11
  0.881   2.940    0.00000E+00   0.52353E+03   0.00000E+00   0.73440E+03   0.00000E+00   0.24346E-11
  0.887   2.950    0.00000E+00   0.52725E+03   0.00000E+00   0.73514E+03   0.00000E+00   0.24571E-11
  0.893   2.960    0.00000E+00   0.53098E+03   0.00000E+00   0.73587E+03   0.00000E+00   0.24796E-11
  0.899   2.970    0.00000E+00   0.53471E+03   0.00000E+00   0.73657E+03   0.00000E+00   0.25021E-11
  0.906   2.980    0.00000E+00   0.53844E+03   0.00000E+00   0.73726E+03   0.00000E+00   0.25245E-11
  0.912   2.990    0.00000E+00   0.54218E+03   0.00000E+00   0.73792E+03   0.00000E+00   0.25468E-11
  0.918   3.000    0.00000E+00   0.54592E+03   0.00000E+00   0.73857E+03   0.00000E+00   0.25691E-11
  0.924   3.010    0.00000E+00   0.54966E+03   0.00000E+00   0.73919E+03   0.00000E+00   0.25914E-11
  0.930   3.020    0.00000E+00   0.55340E+03   0.00000E+00   0.73980E+03   0.00000E+00   0.26136E-11
  0.936   3.030    0.00000E+00   0.55715E+03   0.00000E+00   0.74038E+03   0.00000E+00   0.26358E-11
  0.942   3.040    0.00000E+00   0.56090E+03   0.00000E+00   0.74095E+03   0.00000E+00   0.26579E-11
  0.949   3.050    0.00000E+00   0.56464E+03   0.00000E+00   0.74150E+03   0.00000E+00   0.26799E-11
  0.955   3.060    0.00000E+00   0.56839E+03   0.00000E+00   0.74202E+03   0.00000E+00   0.27019E-11
  0.961   3.070    0.00000E+00   0.57214E+03   0.00000E+00   0.74253E+03   0.00000E+00   0.27238E-11
  0.967   3.080    0.00000E+00   0.57590E+03   0.00000E+00   0.74302E+03   0.00000E+00   0.27456E-11
  0.974   3.090    0.00000E+00   0.57965E+03   0.00000E+00   0.74348E+03   0.00000E+00   0.27673E-11
  0.980   3.100    0.00000E+00   0.58340E+03   0.00000E+00   0.74393E+03   0.00000E+00   0.27889E-11
  0.986   3.110    0.00000E+00   0.58715E+03   0.00000E+00   0.74436E+03   0.00000E+00   0.28105E-11
  0.993   3.120    0.00000E+00   0.59091E+03   0.00000E+00   0.74476E+03   0.00000E+00   0.28319E-11
  0.999   3.130    0.00000E+00   0.59466E+03   0.00000E+00   0.74515E+03   0.00000E+00   0.28532E-11
  1.005   3.140    0.00000E+00   0.59841E+03   0.00000E+00   0.74552E+03   0.00000E+00   0.28745E-11
  1.012   3.150    0.00000E+00   0.60216E+03   0.00000E+00   0.74587E+03   0.00000E+00   0.28956E-11
  1.018   3.160    0.00000E+00   0.60591E+03   0.00000E+00   0.74620E+03   0.00000E+00   0.29166E-11
  1.025   3.170    0.00000E+00   0.60966E+03   0.00000E+00   0.74650E+03   0.00000E+00   0.29375E-11
  1.031   3.180    0.00000E+00   0.61341E+03   0.00000E+00   0.74679E+03   0.00000E+00   0.29582E-11
  1.038   3.190    0.00000E+00   0.61715E+03   0.00000E+00   0.74706E+03   0.00000E+00   0.29788E-11
  1.044   3.200    0.00000E+00   0.62090E+03   0.00000E+00   0.74731E+03   0.00000E+00   0.29993E-11
  1.051   3.210    0.00000E+00   0.62464E+03   0.00000E+00   0.74754E+03   0.00000E+00   0.30197E-11
  1.057   3.220    0.00000E+00   0.62838E+03   0.00000E+00   0.74774E+03   0.00000E+00   0.30399E-11
  1.064   3.230    0.00000E+00   0.63211E+03   0.00000E+00   0.74793E+03   0.00000E+00   0.30599E-11
  1.070   3.240    0.00000E+00   0.63585E+03   0.00000E+00   0.74810E+03   0.00000E+00   0.30798E-11
  1.077   3.250    0.00000E+00   0.63958E+03   0.00000E+00   0.74825E+03   0.00000E+00   0.30996E-11
  1.084   3.260    0.00000E+00   0.64330E+03   0.00000E+00   0.74837E+03   0.00000E+00   0.31192E-11
  1.090   3.270    0.00000E+00   0.64703E+03   0.00000E+00   0.74848E+03   0.00000E+00   0.31386E-11
  1.097   3.280    0.00000E+00   0.65075E+03   0.00000E+00   0.74857E+03   0.00000E+00   0.31578E-11
  1.104   3.290    0.00000E+00   0.65446E+03   0.00000E+00   0.74863E+03   0.00000E+00   0.31769E-11
  1.110   3.300    0.00000E+00   0.65817E+03   0.00000E+00   0.74868E+03   0.00000E+00   0.31958E-11
  1.117   3.310    0.00000E+00   0.66188E+03   0.00000E+00   0.74870E+03   0.00000E+00   0.32145E-11
  1.124   3.320    0.00000E+00   0.66558E+03   0.00000E+00   0.74871E+03   0.00000E+00   0.32330E-11
  1.131   3.330    0.00000E+00   0.66927E+03   0.00000E+00   0.74869E+03   0.00000E+00   0.32513E-11
  1.138   3.340    0.00000E+00   0.67296E+03   0.00000E+00   0.74866E+03   0.00000E+00   0.32694E-11
  1.144   3.350    0.00000E+00   0.67664E+03   0.00000E+00   0.74860E+03   0.00000E+00   0.32873E-11
  1.151   3.360    0.00000E+00   0.68032E+03   0.00000E+00   0.74852E+03   0.00000E+00   0.33050E-11
  1.158   3.370    0.00000E+00   0.68399E+03   0.00000E+00   0.74842E+03   0.00000E+00   0.33225E-11
  1.165   3.380    0.00000E+00   0.68766E+03   0.00000E+00   0.74830E+03   0.00000E+00   0.33397E-11
  1.172   3.390    0.00000E+00   0.69131E+03   0.00000E+00   0.74816E+03   0.00000E+00   0.33567E-11
  1.179   3.400    0.00000E+00   0.69496E+03   0.00000E+00   0.74800E+03   0.00000E+00   0.33735E-11
  1.186   3.410    0.00000E+00   0.69860E+03   0.00000E+00   0.74782E+03   0.00000E+00   0.33901E-11
  1.193   3.420    0.00000E+00   0.70224E+03   0.00000E+00   0.74762E+03   0.00000E+00   0.34064E-11
  1.200   3.430    0.00000E+00   0.70586E+03   0.00000E+00   0.74740E+03   0.00000E+00   0.34225E-11
  1.207   3.440    0.00000E+00   0.70948E+03   0.00000E+00   0.74715E+03   0.00000E+00   0.34384E-11
  1.214   3.450    0.00000E+00   0.71309E+03   0.00000E+00   0.74689E+03   0.00000E+00   0.34540E-11
  1.221   3.460    0.00000E+00   0.71669E+03   0.00000E+00   0.74660E+03   0.00000E+00   0.34693E-11
  1.228   3.470    0.00000E+00   0.72028E+03   0.00000E+00   0.74630E+03   0.00000E+00   0.34844E-11
  1.235   3.480    0.00000E+00   0.72385E+03   0.00000E+00   0.74597E+03   0.00000E+00   0.34992E-11
  1.242   3.490    0.00000E+00   0.72742E+03   0.00000E+00   0.74562E+03   0.00000E+00   0.35137E-11
  1.249   3.500    0.00000E+00   0.73098E+03   0.00000E+00   0.74525E+03   0.00000E+00   0.35280E-11
  1.256   3.510    0.00000E+00   0.73453E+03   0.00000E+00   0.74486E+03   0.00000E+00   0.35420E-11
  1.263   3.520    0.00000E+00   0.73807E+03   0.00000E+00   0.74445E+03   0.00000E+00   0.35557E-11
  1.271   3.530    0.00000E+00   0.74159E+03   0.00000E+00   0.74401E+03   0.00000E+00   0.35691E-11
  1.278   3.540    0.00000E+00   0.74511E+03   0.00000E+00   0.74356E+03   0.00000E+00   0.35822E-11
  1.285   3.550    0.00000E+00   0.74861E+03   0.00000E+00   0.74308E+03   0.00000E+00   0.35950E-11
  1.292   3.560    0.00000E+00   0.75210E+03   0.00000E+00   0.74258E+03   0.00000E+00   0.36076E-11
  1.300   3.570    0.00000E+00   0.75558E+03   0.00000E+00   0.74207E+03   0.00000E+00   0.36198E-11
  1.307   3.580    0.00000E+00   0.75904E+03   0.00000E+00   0.74153E+03   0.00000E+00   0.36317E-11
  1.314   3.590    0.00000E+00   0.76249E+03   0.00000E+00   0.74096E+03   0.00000E+00   0.36433E-11
  1.322   3.600    0.00000E+00   0.76593E+03   0.00000E+00   0.74038E+03   0.00000E+00   0.36546E-11
  1.329   3.610    0.00000E+00   0.76935E+03   0.00000E+00   0.73978E+03   0.00000E+00   0.36656E-11
  1.336   3.620    0.00000E+00   0.77276E+03   0.00000E+00   0.73915E+03   0.00000E+00   0.36762E-11
  1.344   3.630    0.00000E+00   0.77616E+03   0.00000E+00   0.73850E+03   0.00000E+00   0.36866E-11
  1.351   3.640    0.00000E+00   0.77954E+03   0.00000E+00   0.73783E+03   0.00000E+00   0.36965E-11
  1.359   3.650    0.00000E+00   0.78290E+03   0.00000E+00   0.73714E+03   0.00000E+00   0.37062E-11
  1.366   3.660    0.00000E+00   0.78625E+03   0.00000E+00   0.73643E+03   0.00000E+00   0.37155E-11
  1.373   3.670    0.00000E+00   0.78958E+03   0.00000E+00   0.73570E+03   0.00000E+00   0.37245E-11
  1.381   3.680    0.00000E+00   0.79290E+03   0.00000E+00   0.73494E+03   0.00000E+00   0.37331E-11
  1.388   3.690    0.00000E+00   0.79620E+03   0.00000E+00   0.73417E+03   0.00000E+00   0.37414E-11
  1.396   3.700    0.00000E+00   0.79948E+03   0.00000E+00   0.73337E+03   0.00000E+00   0.37493E-11
  1.404   3.710    0.00000E+00   0.80275E+03   0.00000E+00   0.73255E+03   0.00000E+00   0.37569E-11
  1.411   3.720    0.00000E+00   0.80599E+03   0.00000E+00   0.73171E+03   0.00000E+00   0.37641E-11
  1.419   3.730    0.00000E+00   0.80922E+03   0.00000E+00   0.73084E+03   0.00000E+00   0.37710E-11
  1.426   3.740    0.00000E+00   0.81243E+03   0.00000E+00   0.72996E+03   0.00000E+00   0.37774E-11
  1.434   3.750    0.00000E+00   0.81563E+03   0.00000E+00   0.72905E+03   0.00000E+00   0.37836E-11
  1.442   3.760    0.00000E+00   0.81880E+03   0.00000E+00   0.72813E+03   0.00000E+00   0.37893E-11
  1.449   3.770    0.00000E+00   0.82195E+03   0.00000E+00   0.72718E+03   0.00000E+00   0.37947E-11
  1.457   3.780    0.00000E+00   0.82509E+03   0.00000E+00   0.72621E+03   0.00000E+00   0.37997E-11
  1.465   3.790    0.00000E+00   0.82820E+03   0.00000E+00   0.72522E+03   0.00000E+00   0.38043E-11
  1.472   3.800    0.00000E+00   0.83130E+03   0.00000E+00   0.72420E+03   0.00000E+00   0.38085E-11
  1.480   3.810    0.00000E+00   0.83437E+03   0.00000E+00   0.72317E+03   0.00000E+00   0.38124E-11
  1.488   3.820    0.00000E+00   0.83742E+03   0.00000E+00   0.72211E+03   0.00000E+00   0.38158E-11
  1.496   3.830    0.00000E+00   0.84045E+03   0.00000E+00   0.72103E+03   0.00000E+00   0.38189E-11
  1.504   3.840    0.00000E+00   0.84346E+03   0.00000E+00   0.71993E+03   0.00000E+00   0.38216E-11
  1.511   3.850    0.00000E+00   0.84645E+03   0.00000E+00   0.71881E+03   0.00000E+00   0.38239E-11
  1.519   3.860    0.00000E+00   0.84941E+03   0.00000E+00   0.71767E+03   0.00000E+00   0.38258E-11
  1.527   3.870    0.00000E+00   0.85235E+03   0.00000E+00   0.71651E+03   0.00000E+00   0.38273E-11
  1.535   3.880    0.00000E+00   0.85527E+03   0.00000E+00   0.71532E+03   0.00000E+00   0.38284E-11
  1.543   3.890    0.00000E+00   0.85816E+03   0.00000E+00   0.71412E+03   0.00000E+00   0.38291E-11
  1.551   3.900    0.00000E+00   0.86103E+03   0.00000E+00   0.71289E+03   0.00000E+00   0.38294E-11
  1.559   3.910    0.00000E+00   0.86388E+03   0.00000E+00   0.71164E+03   0.00000E+00   0.38293E-11
  1.567   3.920    0.00000E+00   0.86670E+03   0.00000E+00   0.71037E+03   0.00000E+00   0.38287E-11
  1.575   3.930    0.00000E+00   0.86950E+03   0.00000E+00   0.70908E+03   0.00000E+00   0.38278E-11
  1.583   3.940    0.00000E+00   0.87227E+03   0.00000E+00   0.70777E+03   0.00000E+00   0.38265E-11
  1.591   3.950    0.00000E+00   0.87501E+03   0.00000E+00   0.70644E+03   0.00000E+00   0.38247E-11
  1.599   3.960    0.00000E+00   0.87773E+03   0.00000E+00   0.70509E+03   0.00000E+00   0.38226E-11
  1.607   3.970    0.00000E+00   0.88043E+03   0.00000E+00   0.70371E+03   0.00000E+00   0.38200E-11
  1.615   3.980    0.00000E+00   0.88309E+03   0.00000E+00   0.70232E+03   0.00000E+00   0.38170E-11
  1.623   3.990    0.00000E+00   0.88574E+03   0.00000E+00   0.70090E+03   0.00000E+00   0.38136E-11
  1.632   4.000    0.00000E+00   0.88835E+03   0.00000E+00   0.69947E+03   0.00000E+00   0.38098E-11
  1.640   4.010    0.00000E+00   0.89093E+03   0.00000E+00   0.69801E+03   0.00000E+00   0.38056E-11
  1.648   4.020    0.00000E+00   0.89349E+03   0.00000E+00   0.69653E+03   0.00000E+00   0.38009E-11
  1.656   4.030    0.00000E+00   0.89602E+03   0.00000E+00   0.69503E+03   0.00000E+00   0.37959E-11
  1.664   4.040    0.00000E+00   0.89852E+03   0.00000E+00   0.69352E+03   0.00000E+00   0.37904E-11
  1.673   4.050    0.00000E+00   0.90099E+03   0.00000E+00   0.69198E+03   0.00000E+00   0.37845E-11
  1.681   4.060    0.00000E+00   0.90344E+03   0.00000E+00   0.69042E+03   0.00000E+00   0.37782E-11
  1.689   4.070    0.00000E+00   0.90585E+03   0.00000E+00   0.68884E+03   0.00000E+00   0.37715E-11
  1.697   4.080    0.00000E+00   0.90823E+03   0.00000E+00   0.68724E+03   0.00000E+00   0.37644E-11
  1.706   4.090    0.00000E+00   0.91059E+03   0.00000E+00   0.68563E+03   0.00000E+00   0.37568E-11
  1.714   4.100    0.00000E+00   0.91291E+03   0.00000E+00   0.68399E+03   0.00000E+00   0.37489E-11
  1.723   4.110    0.00000E+00   0.91520E+03   0.00000E+00   0.68233E+03   0.00000E+00   0.37405E-11
  1.731   4.120    0.00000E+00   0.91747E+03   0.00000E+00   0.68065E+03   0.00000E+00   0.37317E-11
  1.739   4.130    0.00000E+00   0.91970E+03   0.00000E+00   0.67896E+03   0.00000E+00   0.37225E-11
  1.748   4.140    0.00000E+00   0.92190E+03   0.00000E+00   0.67724E+03   0.00000E+00   0.37129E-11
  1.756   4.150    0.00000E+00   0.92406E+03   0.00000E+00   0.67551E+03   0.00000E+00   0.37029E-11
  1.765   4.160    0.00000E+00   0.92620E+03   0.00000E+00   0.67375E+03   0.00000E+00   0.36924E-11
  1.773   4.170    0.00000E+00   0.92830E+03   0.00000E+00   0.67198E+03   0.00000E+00   0.36816E-11
  1.782   4.180    0.00000E+00   0.93037E+03   0.00000E+00   0.67019E+03   0.00000E+00   0.36704E-11
  1.790   4.190    0.00000E+00   0.93241E+03   0.00000E+00   0.66838E+03   0.00000E+00   0.36587E-11
  1.799   4.200    0.00000E+00   0.93441E+03   0.00000E+00   0.66655E+03   0.00000E+00   0.36467E-11
  1.807   4.210    0.00000E+00   0.93638E+03   0.00000E+00   0.66470E+03   0.00000E+00   0.36342E-11
  1.816   4.220    0.00000E+00   0.93832E+03   0.00000E+00   0.66284E+03   0.00000E+00   0.36214E-11
  1.825   4.230    0.00000E+00   0.94022E+03   0.00000E+00   0.66095E+03   0.00000E+00   0.36081E-11
  1.833   4.240    0.00000E+00   0.94209E+03   0.00000E+00   0.65905E+03   0.00000E+00   0.35945E-11
  1.842   4.250    0.00000E+00   0.94393E+03   0.00000E+00   0.65713E+03   0.00000E+00   0.35805E-11
  1.851   4.260    0.00000E+00   0.94573E+03   0.00000E+00   0.65520E+03   0.00000E+00   0.35660E-11
  1.859   4.270    0.00000E+00   0.94749E+03   0.00000E+00   0.65324E+03   0.00000E+00   0.35512E-11
  1.868   4.280    0.00000E+00   0.94922E+03   0.00000E+00   0.65127E+03   0.00000E+00   0.35360E-11
  1.877   4.290    0.00000E+00   0.95092E+03   0.00000E+00   0.64928E+03   0.00000E+00   0.35205E-11
  1.885   4.300    0.00000E+00   0.95258E+03   0.00000E+00   0.64727E+03   0.00000E+00   0.35045E-11
  1.894   4.310    0.00000E+00   0.95420E+03   0.00000E+00   0.64525E+03   0.00000E+00   0.34882E-11
  1.903   4.320    0.00000E+00   0.95579E+03   0.00000E+00   0.64321E+03   0.00000E+00   0.34715E-11
  1.912   4.330    0.00000E+00   0.95734E+03   0.00000E+00   0.64116E+03   0.00000E+00   0.34544E-11
  1.921   4.340    0.00000E+00   0.95886E+03   0.00000E+00   0.63908E+03   0.00000E+00   0.34370E-11
  1.930   4.350    0.00000E+00   0.96034E+03   0.00000E+00   0.63699E+03   0.00000E+00   0.34192E-11
  1.938   4.360    0.00000E+00   0.96178E+03   0.00000E+00   0.63489E+03   0.00000E+00   0.34010E-11
  1.947   4.370    0.00000E+00   0.96318E+03   0.00000E+00   0.63277E+03   0.00000E+00   0.33825E-11
  1.956   4.380    0.00000E+00   0.96455E+03   0.00000E+00   0.63063E+03   0.00000E+00   0.33636E-11
  1.965   4.390    0.00000E+00   0.96588E+03   0.00000E+00   0.62848E+03   0.00000E+00   0.33444E-11
  1.974   4.400    0.00000E+00   0.96718E+03   0.00000E+00   0.62632E+03   0.00000E+00   0.33248E-11
  1.983   4.410    0.00000E+00   0.96843E+03   0.00000E+00   0.62414E+03   0.00000E+00   0.33049E-11
  1.992   4.420    0.00000E+00   0.96965E+03   0.00000E+00   0.62194E+03   0.00000E+00   0.32847E-11
  2.001   4.430    0.00000E+00   0.97083E+03   0.00000E+00   0.61973E+03   0.00000E+00   0.32641E-11
  2.010   4.440    0.00000E+00   0.97198E+03   0.00000E+00   0.61751E+03   0.00000E+00   0.32432E-11
  2.019   4.450    0.00000E+00   0.97308E+03   0.00000E+00   0.61527E+03   0.00000E+00   0.32220E-11
  2.028   4.460    0.00000E+00   0.97415E+03   0.00000E+00   0.61302E+03   0.00000E+00   0.32005E-11
  2.037   4.470    0.00000E+00   0.97518E+03   0.00000E+00   0.61075E+03   0.00000E+00   0.31786E-11
  2.047   4.480    0.00000E+00   0.97617E+03   0.00000E+00   0.60847E+03   0.00000E+00   0.31565E-11
  2.056   4.490    0.00000E+00   0.97712E+03   0.00000E+00   0.60618E+03   0.00000E+00   0.31340E-11
  2.065   4.500    0.00000E+00   0.97804E+03   0.00000E+00   0.60387E+03   0.00000E+00   0.31113E-11
  2.074   4.510    0.00000E+00   0.97891E+03   0.00000E+00   0.60155E+03   0.00000E+00   0.30882E-11
  2.083   4.520    0.00000E+00   0.97975E+03   0.00000E+00   0.59922E+03   0.00000E+00   0.30649E-11
  2.093   4.530    0.00000E+00   0.98055E+03   0.00000E+00   0.59688E+03   0.00000E+00   0.30412E-11
  2.102   4.540    0.00000E+00   0.98131E+03   0.00000E+00   0.59452E+03   0.00000E+00   0.30173E-11
  2.111   4.550    0.00000E+00   0.98203E+03   0.00000E+00   0.59216E+03   0.00000E+00   0.29932E-11
  2.120   4.560    0.00000E+00   0.98271E+03   0.00000E+00   0.58978E+03   0.00000E+00   0.29687E-11
  2.130   4.570    0.00000E+00   0.98335E+03   0.00000E+00   0.58739E+03   0.00000E+00   0.29440E-11
  2.139   4.580    0.00000E+00   0.98396E+03   0.00000E+00   0.58499E+03   0.00000E+00   0.29190E-11
  2.148   4.590    0.00000E+00   0.98452E+03   0.00000E+00   0.58257E+03   0.00000E+00   0.28938E-11
  2.158   4.600    0.00000E+00   0.98505E+03   0.00000E+00   0.58015E+03   0.00000E+00   0.28684E-11
  2.167   4.610    0.00000E+00   0.98554E+03   0.00000E+00   0.57772E+03   0.00000E+00   0.28427E-11
  2.177   4.620    0.00000E+00   0.98599E+03   0.00000E+00   0.57527E+03   0.00000E+00   0.28167E-11
  2.186   4.630    0.00000E+00   0.98640E+03   0.00000E+00   0.57282E+03   0.00000E+00   0.27906E-11
  2.195   4.640    0.00000E+00   0.98677E+03   0.00000E+00   0.57036E+03   0.00000E+00   0.27642E-11
  2.205   4.650    0.00000E+00   0.98710E+03   0.00000E+00   0.56789E+03   0.00000E+00   0.27376E-11
  2.214   4.660    0.00000E+00   0.98740E+03   0.00000E+00   0.56540E+03   0.00000E+00   0.27108E-11
  2.224   4.670    0.00000E+00   0.98765E+03   0.00000E+00   0.56291E+03   0.00000E+00   0.26838E-11
  2.233   4.680    0.00000E+00   0.98787E+03   0.00000E+00   0.56042E+03   0.00000E+00   0.26566E-11
  2.243   4.690    0.00000E+00   0.98805E+03   0.00000E+00   0.55791E+03   0.00000E+00   0.26292E-11
  2.253   4.700    0.00000E+00   0.98819E+03   0.00000E+00   0.55539E+03   0.00000E+00   0.26016E-11
  2.262   4.710    0.00000E+00   0.98829E+03   0.00000E+00   0.55287E+03   0.00000E+00   0.25738E-11
  2.272   4.720    0.00000E+00   0.98835E+03   0.00000E+00   0.55034E+03   0.00000E+00   0.25459E-11
  2.281   4.730    0.00000E+00   0.98837E+03   0.00000E+00   0.54780E+03   0.00000E+00   0.25177E-11
  2.291   4.740    0.00000E+00   0.98836E+03   0.00000E+00   0.54526E+03   0.00000E+00   0.24895E-11
  2.301   4.750    0.00000E+00   0.98831E+03   0.00000E+00   0.54271E+03   0.00000E+00   0.24611E-11
  2.310   4.760    0.00000E+00   0.98822E+03   0.00000E+00   0.54015E+03   0.00000E+00   0.24325E-11
  2.320   4.770    0.00000E+00   0.98809E+03   0.00000E+00   0.53758E+03   0.00000E+00   0.24038E-11
  2.330   4.780    0.00000E+00   0.98792E+03   0.00000E+00   0.53501E+03   0.00000E+00   0.23749E-11
  2.340   4.790    0.00000E+00   0.98772E+03   0.00000E+00   0.53244E+03   0.00000E+00   0.23460E-11
  2.349   4.800    0.00000E+00   0.98748E+03   0.00000E+00   0.52986E+03   0.00000E+00   0.23169E-11
  2.359   4.810    0.00000E+00   0.98720E+03   0.00000E+00   0.52727E+03   0.00000E+00   0.22876E-11
  2.369   4.820    0.00000E+00   0.98689E+03   0.00000E+00   0.52468E+03   0.00000E+00   0.22583E-11
  2.379   4.830    0.00000E+00   0.98653E+03   0.00000E+00   0.52208E+03   0.00000E+00   0.22289E-11
  2.389   4.840    0.00000E+00   0.98614E+03   0.00000E+00   0.51948E+03   0.00000E+00   0.21994E-11
  2.399   4.850    0.00000E+00   0.98572E+03   0.00000E+00   0.51688E+03   0.00000E+00   0.21698E-11
  2.409   4.860    0.00000E+00   0.98526E+03   0.00000E+00   0.51427E+03   0.00000E+00   0.21401E-11
  2.418   4.870    0.00000E+00   0.98476E+03   0.00000E+00   0.51166E+03   0.00000E+00   0.21103E-11
  2.428   4.880    0.00000E+00   0.98422E+03   0.00000E+00   0.50904E+03   0.00000E+00   0.20804E-11
  2.438   4.890    0.00000E+00   0.98365E+03   0.00000E+00   0.50642E+03   0.00000E+00   0.20505E-11
  2.448   4.900    0.00000E+00   0.98305E+03   0.00000E+00   0.50380E+03   0.00000E+00   0.20206E-11
  2.458   4.910    0.00000E+00   0.98240E+03   0.00000E+00   0.50118E+03   0.00000E+00   0.19906E-11
  2.468   4.920    0.00000E+00   0.98173E+03   0.00000E+00   0.49855E+03   0.00000E+00   0.19605E-11
  2.478   4.930    0.00000E+00   0.98101E+03   0.00000E+00   0.49593E+03   0.00000E+00   0.19304E-11
  2.488   4.940    0.00000E+00   0.98027E+03   0.00000E+00   0.49330E+03   0.00000E+00   0.19003E-11
  2.499   4.950    0.00000E+00   0.97949E+03   0.00000E+00   0.49067E+03   0.00000E+00   0.18701E-11
  2.509   4.960    0.00000E+00   0.97867E+03   0.00000E+00   0.48803E+03   0.00000E+00   0.18399E-11
  2.519   4.970    0.00000E+00   0.97782E+03   0.00000E+00   0.48540E+03   0.00000E+00   0.18097E-11
  2.529   4.980    0.00000E+00   0.97694E+03   0.00000E+00   0.48277E+03   0.00000E+00   0.17795E-11
  2.539   4.990    0.00000E+00   0.97602E+03   0.00000E+00   0.48013E+03   0.00000E+00   0.17493E-11
