  0.000   0.010   -0.77622E-19   0.00000E+00   0.38581E-05   0.00000E+00  -0.49010E-19   0.00000E+00
  0.000   0.020   -0.42277E-17   0.00000E+00   0.30821E-04   0.00000E+00  -0.65690E-17   0.00000E+00
  0.000   0.030   -0.24897E-16   0.00000E+00   0.10378E-03   0.00000E+00  -0.30196E-16   0.00000E+00
  0.000   0.040   -0.10024E-15   0.00000E+00   0.24518E-03   0.00000E+00  -0.18880E-16   0.00000E+00
  0.000   0.050   -0.31895E-15   0.00000E+00   0.47685E-03   0.00000E+00  -0.28537E-15   0.00000E+00
  0.000   0.060   -0.82970E-15   0.00000E+00   0.81974E-03   0.00000E+00  -0.61088E-15   0.00000E+00
  0.000   0.070   -0.17315E-14   0.00000E+00   0.12938E-02   0.00000E+00  -0.11359E-14   0.00000E+00
  0.001   0.080   -0.34050E-14   0.00000E+00   0.19176E-02   0.00000E+00  -0.29157E-14   0.00000E+00
  0.001   0.090   -0.60585E-14   0.00000E+00   0.27085E-02   0.00000E+00  -0.51817E-14   0.00000E+00
  0.001   0.100   -0.10208E-13   0.00000E+00   0.36820E-02   0.00000E+00  -0.83813E-14   0.00000E+00
  0.001   0.110   -0.16071E-13   0.00000E+00   0.48520E-02   0.00000E+00  -0.14987E-13   0.00000E+00
  0.001   0.120   -0.24824E-13   0.00000E+00   0.62306E-02   0.00000E+00  -0.23211E-13   0.00000E+00
  0.002   0.130   -0.36625E-13   0.00000E+00   0.78276E-02   0.00000E+00  -0.36254E-13   0.00000E+00
  0.002   0.140   -0.52138E-13   0.00000E+00   0.96507E-02   0.00000E+00  -0.52588E-13   0.00000E+00
  0.002   0.150   -0.72412E-13   0.00000E+00   0.11706E-01   0.00000E+00  -0.81316E-13   0.00000E+00
  0.003   0.160   -0.98732E-13   0.00000E+00   0.13995E-01   0.00000E+00  -0.11572E-12   0.00000E+00
  0.003   0.170   -0.13182E-12   0.00000E+00   0.16520E-01   0.00000E+00  -0.16133E-12   0.00000E+00
  0.003   0.180   -0.16998E-12   0.00000E+00   0.19279E-01   0.00000E+00  -0.22700E-12   0.00000E+00
  0.004   0.190   -0.21928E-12   0.00000E+00   0.22267E-01   0.00000E+00  -0.31243E-12   0.00000E+00
  0.004   0.200   -0.27748E-12   0.00000E+00   0.25478E-01   0.00000E+00  -0.41954E-12   0.00000E+00
  0.004   0.210   -0.34394E-12   0.00000E+00   0.28903E-01   0.00000E+00  -0.55742E-12   0.00000E+00
  0.005   0.220   -0.42368E-12   0.00000E+00   0.32530E-01   0.00000E+00  -0.74150E-12   0.00000E+00
  0.005   0.230   -0.51405E-12   0.00000E+00   0.36344E-01   0.00000E+00  -0.96777E-12   0.00000E+00
  0.006   0.240   -0.61954E-12   0.00000E+00   0.40329E-01   0.00000E+00  -0.12526E-11   0.00000E+00
  0.006   0.250   -0.73340E-12   0.00000E+00   0.44467E-01   0.00000E+00  -0.15898E-11   0.00000E+00
  0.007   0.260   -0.85850E-12   0.00000E+00   0.48737E-01   0.00000E+00  -0.20228E-11   0.00000E+00
  0.007   0.270   -0.99904E-12   0.00000E+00   0.53115E-01   0.00000E+00  -0.25523E-11   0.00000E+00
  0.008   0.280   -0.11511E-11   0.00000E+00   0.57577E-01   0.00000E+00  -0.31987E-11   0.00000E+00
  0.009   0.290   -0.13160E-11   0.00000E+00   0.62097E-01   0.00000E+00  -0.39451E-11   0.00000E+00
  0.009   0.300   -0.14872E-11   0.00000E+00   0.66647E-01   0.00000E+00  -0.48805E-11   0.00000E+00
  0.010   0.310   -0.16617E-11   0.00000E+00   0.71196E-01   0.00000E+00  -0.60027E-11   0.00000E+00
  0.010   0.320   -0.18423E-11   0.00000E+00   0.75715E-01   0.00000E+00  -0.73109E-11   0.00000E+00
  0.011   0.330   -0.20254E-11   0.00000E+00   0.80173E-01   0.00000E+00  -0.88722E-11   0.00000E+00
  0.012   0.340   -0.22055E-11   0.00000E+00   0.84536E-01   0.00000E+00  -0.10719E-10   0.00000E+00
  0.012   0.350   -0.23712E-11   0.00000E+00   0.88773E-01   0.00000E+00  -0.12834E-10   0.00000E+00
  0.013   0.360   -0.25272E-11   0.00000E+00   0.92851E-01   0.00000E+00  -0.15346E-10   0.00000E+00
  0.014   0.370   -0.26452E-11   0.00000E+00   0.96737E-01   0.00000E+00  -0.18285E-10   0.00000E+00
  0.015   0.380   -0.27465E-11   0.00000E+00   0.10040E+00   0.00000E+00  -0.21663E-10   0.00000E+00
  0.016   0.390   -0.27898E-11   0.00000E+00   0.10381E+00   0.00000E+00  -0.25571E-10   0.00000E+00
  0.016   0.400   -0.27832E-11   0.00000E+00   0.10693E+00   0.00000E+00  -0.30061E-10   0.00000E+00
  0.017   0.410   -0.27141E-11   0.00000E+00   0.10973E+00   0.00000E+00  -0.35202E-10   0.00000E+00
  0.018   0.420   -0.25542E-11   0.00000E+00   0.11219E+00   0.00000E+00  -0.41066E-10   0.00000E+00
  0.019   0.430   -0.22934E-11   0.00000E+00   0.11428E+00   0.00000E+00  -0.47762E-10   0.00000E+00
  0.020   0.440   -0.19167E-11   0.00000E+00   0.11597E+00   0.00000E+00  -0.55378E-10   0.00000E+00
  0.021   0.450   -0.13995E-11   0.00000E+00   0.11725E+00   0.00000E+00  -0.64023E-10   0.00000E+00
  0.022   0.460   -0.71723E-12   0.00000E+00   0.11809E+00   0.00000E+00  -0.73691E-10   0.00000E+00
  0.023   0.470    0.15107E-12   0.00000E+00   0.11847E+00   0.00000E+00  -0.84574E-10   0.00000E+00
  0.023   0.480    0.12430E-11   0.00000E+00   0.11839E+00   0.00000E+00  -0.96961E-10   0.00000E+00
  0.024   0.490    0.25905E-11   0.00000E+00   0.11783E+00   0.00000E+00  -0.11066E-09   0.00000E+00
  0.025   0.500    0.42277E-11   0.00000E+00   0.11679E+00   0.00000E+00  -0.12609E-09   0.00000E+00
  0.027   0.510    0.61730E-11   0.00000E+00   0.11526E+00   0.00000E+00  -0.14323E-09   0.00000E+00
  0.028   0.520    0.84880E-11   0.00000E+00   0.11324E+00   0.00000E+00  -0.16230E-09   0.00000E+00
  0.029   0.530    0.11213E-10   0.00000E+00   0.11074E+00   0.00000E+00  -0.18357E-09   0.00000E+00
  0.030   0.540    0.14385E-10   0.00000E+00   0.10776E+00   0.00000E+00  -0.20714E-09   0.00000E+00
  0.031   0.550    0.18062E-10   0.00000E+00   0.10432E+00   0.00000E+00  -0.23314E-09   0.00000E+00
  0.032   0.560    0.22284E-10   0.00000E+00   0.10044E+00   0.00000E+00  -0.26181E-09   0.00000E+00
  0.033   0.570    0.27127E-10   0.00000E+00   0.96146E-01   0.00000E+00  -0.29348E-09   0.00000E+00
  0.034   0.580    0.32660E-10   0.00000E+00   0.91455E-01   0.00000E+00  -0.32825E-09   0.00000E+00
  0.035   0.590    0.38956E-10   0.00000E+00   0.86404E-01   0.00000E+00  -0.36644E-09   0.00000E+00
  0.037   0.600    0.46062E-10   0.00000E+00   0.81030E-01   0.00000E+00  -0.40828E-09   0.00000E+00
  0.038   0.610    0.54067E-10   0.00000E+00   0.75375E-01   0.00000E+00  -0.45410E-09   0.00000E+00
  0.039   0.620    0.63035E-10   0.00000E+00   0.69486E-01   0.00000E+00  -0.50410E-09   0.00000E+00
  0.040   0.630    0.73098E-10   0.00000E+00   0.63415E-01   0.00000E+00  -0.55866E-09   0.00000E+00
  0.042   0.640    0.84304E-10   0.00000E+00   0.57219E-01   0.00000E+00  -0.61818E-09   0.00000E+00
  0.043   0.650    0.96768E-10   0.00000E+00   0.50959E-01   0.00000E+00  -0.68273E-09   0.00000E+00
  0.044   0.660    0.11057E-09   0.00000E+00   0.44701E-01   0.00000E+00  -0.75278E-09   0.00000E+00
  0.046   0.670    0.12585E-09   0.00000E+00   0.38517E-01   0.00000E+00  -0.82891E-09   0.00000E+00
  0.047   0.680    0.14270E-09   0.00000E+00   0.32481E-01   0.00000E+00  -0.91103E-09   0.00000E+00
  0.049   0.690    0.16125E-09   0.00000E+00   0.26675E-01   0.00000E+00  -0.10000E-08   0.00000E+00
  0.050   0.700    0.18165E-09   0.00000E+00   0.21181E-01   0.00000E+00  -0.10962E-08   0.00000E+00
  0.051   0.710    0.20396E-09   0.00000E+00   0.16089E-01   0.00000E+00  -0.11997E-08   0.00000E+00
  0.053   0.720    0.22840E-09   0.00000E+00   0.11491E-01   0.00000E+00  -0.13111E-08   0.00000E+00
  0.054   0.730    0.25508E-09   0.00000E+00   0.74821E-02   0.00000E+00  -0.14312E-08   0.00000E+00
  0.056   0.740    0.28416E-09   0.00000E+00   0.41621E-02   0.00000E+00  -0.15601E-08   0.00000E+00
  0.057   0.750    0.31580E-09   0.00000E+00   0.16335E-02   0.00000E+00  -0.16984E-08   0.00000E+00
  0.059   0.760    0.35014E-09   0.00000E+00   0.19343E-05   0.00000E+00  -0.18466E-08   0.00000E+00
  0.060   0.770    0.38739E-09   0.00000E+00  -0.62434E-03   0.00000E+00  -0.20055E-08   0.00000E+00
  0.062   0.780    0.42764E-09   0.00000E+00  -0.13458E-03   0.00000E+00  -0.21752E-08   0.00000E+00
  0.064   0.790    0.47125E-09   0.00000E+00   0.15841E-02   0.00000E+00  -0.23566E-08   0.00000E+00
  0.065   0.800    0.51831E-09   0.00000E+00   0.46466E-02   0.00000E+00  -0.25501E-08   0.00000E+00
  0.067   0.810    0.56895E-09   0.00000E+00   0.91691E-02   0.00000E+00  -0.27565E-08   0.00000E+00
  0.069   0.820    0.62353E-09   0.00000E+00   0.15269E-01   0.00000E+00  -0.29762E-08   0.00000E+00
  0.070   0.830    0.68215E-09   0.00000E+00   0.23066E-01   0.00000E+00  -0.32101E-08   0.00000E+00
  0.072   0.840    0.74514E-09   0.00000E+00   0.32677E-01   0.00000E+00  -0.34587E-08   0.00000E+00
  0.074   0.850    0.81267E-09   0.00000E+00   0.44224E-01   0.00000E+00  -0.37227E-08   0.00000E+00
  0.075   0.860    0.88493E-09   0.00000E+00   0.57825E-01   0.00000E+00  -0.40028E-08   0.00000E+00
  0.077   0.870    0.96225E-09   0.00000E+00   0.73599E-01   0.00000E+00  -0.42996E-08   0.00000E+00
  0.079   0.880    0.10449E-08   0.00000E+00   0.91665E-01   0.00000E+00  -0.46143E-08   0.00000E+00
  0.081   0.890    0.11331E-08   0.00000E+00   0.11214E+00   0.00000E+00  -0.49470E-08   0.00000E+00
  0.083   0.900    0.12272E-08   0.00000E+00   0.13514E+00   0.00000E+00  -0.52987E-08   0.00000E+00
  0.084   0.910    0.13274E-08   0.00000E+00   0.16078E+00   0.00000E+00  -0.56704E-08   0.00000E+00
  0.086   0.920    0.14340E-08   0.00000E+00   0.18918E+00   0.00000E+00  -0.60627E-08   0.00000E+00
  0.088   0.930    0.15474E-08   0.00000E+00   0.22043E+00   0.00000E+00  -0.64763E-08   0.00000E+00
  0.090   0.940    0.16678E-08   0.00000E+00   0.25466E+00   0.00000E+00  -0.69122E-08   0.00000E+00
  0.092   0.950    0.17955E-08   0.00000E+00   0.29197E+00   0.00000E+00  -0.73713E-08   0.00000E+00
  0.094   0.960    0.19309E-08   0.00000E+00   0.33245E+00   0.00000E+00  -0.78541E-08   0.00000E+00
  0.096   0.970    0.20744E-08   0.00000E+00   0.37621E+00   0.00000E+00  -0.83620E-08   0.00000E+00
  0.098   0.980    0.22262E-08   0.00000E+00   0.42334E+00   0.00000E+00  -0.88954E-08   0.00000E+00
  0.100   0.990    0.23867E-08   0.00000E+00   0.47394E+00   0.00000E+00  -0.94554E-08   0.00000E+00
  0.102   1.000    0.25563E-08   0.00000E+00   0.52809E+00   0.00000E+00  -0.10043E-07   0.00000E+00
  0.104   1.010    0.27353E-08   0.00000E+00   0.58587E+00   0.00000E+00  -0.10659E-07   0.00000E+00
  0.106   1.020    0.29242E-08   0.00000E+00   0.64737E+00   0.00000E+00  -0.11304E-07   0.00000E+00
  0.108   1.030    0.31234E-08   0.00000E+00   0.71266E+00   0.00000E+00  -0.11979E-07   0.00000E+00
  0.110   1.040    0.33331E-08   0.00000E+00   0.78180E+00   0.00000E+00  -0.12686E-07   0.00000E+00
  0.112   1.050    0.35539E-08   0.00000E+00   0.85487E+00   0.00000E+00  -0.13424E-07   0.00000E+00
  0.115   1.060    0.37861E-08   0.00000E+00   0.93191E+00   0.00000E+00  -0.14196E-07   0.00000E+00
  0.117   1.070    0.40302E-08   0.00000E+00   0.10130E+01   0.00000E+00  -0.15002E-07   0.00000E+00
  0.119   1.080    0.42866E-08   0.00000E+00   0.10982E+01   0.00000E+00  -0.15843E-07   0.00000E+00
  0.121   1.090    0.45558E-08   0.00000E+00   0.11875E+01   0.00000E+00  -0.16720E-07   0.00000E+00
  0.123   1.100    0.48382E-08   0.00000E+00   0.12809E+01   0.00000E+00  -0.17634E-07   0.00000E+00
  0.126   1.110    0.51343E-08   0.00000E+00   0.13786E+01   0.00000E+00  -0.18585E-07   0.00000E+00
  0.128   1.120    0.54445E-08   0.00000E+00   0.14805E+01   0.00000E+00  -0.19576E-07   0.00000E+00
  0.130   1.130    0.57693E-08   0.00000E+00   0.15866E+01   0.00000E+00  -0.20607E-07   0.00000E+00
  0.133   1.140    0.61092E-08   0.00000E+00   0.16971E+01   0.00000E+00  -0.21679E-07   0.00000E+00
  0.135   1.150    0.64648E-08   0.00000E+00   0.18117E+01   0.00000E+00  -0.22792E-07   0.00000E+00
  0.137   1.160    0.68364E-08   0.00000E+00   0.19307E+01   0.00000E+00  -0.23949E-07   0.00000E+00
  0.140   1.170    0.72247E-08   0.00000E+00   0.20540E+01   0.00000E+00  -0.25149E-07   0.00000E+00
  0.142   1.180    0.76301E-08   0.00000E+00   0.21815E+01   0.00000E+00  -0.26395E-07   0.00000E+00
  0.144   1.190    0.80532E-08   0.00000E+00   0.23133E+01   0.00000E+00  -0.27686E-07   0.00000E+00
  0.147   1.200    0.84946E-08   0.00000E+00   0.24493E+01   0.00000E+00  -0.29025E-07   0.00000E+00
  0.149   1.210    0.89547E-08   0.00000E+00   0.25896E+01   0.00000E+00  -0.30411E-07   0.00000E+00
  0.152   1.220    0.94341E-08   0.00000E+00   0.27341E+01   0.00000E+00  -0.31846E-07   0.00000E+00
  0.154   1.230    0.99334E-08   0.00000E+00   0.28827E+01   0.00000E+00  -0.33331E-07   0.00000E+00
  0.157   1.240    0.10453E-07   0.00000E+00   0.30355E+01   0.00000E+00  -0.34867E-07   0.00000E+00
  0.159   1.250    0.10994E-07   0.00000E+00   0.31924E+01   0.00000E+00  -0.36454E-07   0.00000E+00
  0.162   1.260    0.11557E-07   0.00000E+00   0.33533E+01   0.00000E+00  -0.38095E-07   0.00000E+00
  0.164   1.270    0.12141E-07   0.00000E+00   0.35182E+01   0.00000E+00  -0.39789E-07   0.00000E+00
  0.167   1.280    0.12749E-07   0.00000E+00   0.36871E+01   0.00000E+00  -0.41537E-07   0.00000E+00
  0.170   1.290    0.13380E-07   0.00000E+00   0.38598E+01   0.00000E+00  -0.43342E-07   0.00000E+00
  0.172   1.300    0.14035E-07   0.00000E+00   0.40364E+01   0.00000E+00  -0.45202E-07   0.00000E+00
  0.175   1.310    0.14715E-07   0.00000E+00   0.42167E+01   0.00000E+00  -0.47121E-07   0.00000E+00
  0.178   1.320    0.15421E-07   0.00000E+00   0.44007E+01   0.00000E+00  -0.49097E-07   0.00000E+00
  0.180   1.330    0.16152E-07   0.00000E+00   0.45883E+01   0.00000E+00  -0.51133E-07   0.00000E+00
  0.183   1.340    0.16910E-07   0.00000E+00   0.47794E+01   0.00000E+00  -0.53229E-07   0.00000E+00
  0.186   1.350    0.17696E-07   0.00000E+00   0.49740E+01   0.00000E+00  -0.55385E-07   0.00000E+00
  0.189   1.360    0.18509E-07   0.00000E+00   0.51720E+01   0.00000E+00  -0.57604E-07   0.00000E+00
  0.191   1.370    0.19351E-07   0.00000E+00   0.53732E+01   0.00000E+00  -0.59885E-07   0.00000E+00
  0.194   1.380    0.20223E-07   0.00000E+00   0.55776E+01   0.00000E+00  -0.62230E-07   0.00000E+00
  0.197   1.390    0.21125E-07   0.00000E+00   0.57852E+01   0.00000E+00  -0.64639E-07   0.00000E+00
  0.200   1.400    0.22057E-07   0.00000E+00   0.59957E+01   0.00000E+00  -0.67112E-07   0.00000E+00
  0.203   1.410    0.23021E-07   0.00000E+00   0.62092E+01   0.00000E+00  -0.69652E-07   0.00000E+00
  0.206   1.420    0.24018E-07   0.00000E+00   0.64255E+01   0.00000E+00  -0.72258E-07   0.00000E+00
  0.209   1.430    0.25047E-07   0.00000E+00   0.66446E+01   0.00000E+00  -0.74932E-07   0.00000E+00
  0.211   1.440    0.26110E-07   0.00000E+00   0.68662E+01   0.00000E+00  -0.77673E-07   0.00000E+00
  0.214   1.450    0.27207E-07   0.00000E+00   0.70904E+01   0.00000E+00  -0.80484E-07   0.00000E+00
  0.217   1.460    0.28340E-07   0.00000E+00   0.73170E+01   0.00000E+00  -0.83363E-07   0.00000E+00
  0.220   1.470    0.29509E-07   0.00000E+00   0.75460E+01   0.00000E+00  -0.86313E-07   0.00000E+00
  0.223   1.480    0.30714E-07   0.00000E+00   0.77772E+01   0.00000E+00  -0.89334E-07   0.00000E+00
  0.226   1.490    0.31957E-07   0.00000E+00   0.80104E+01   0.00000E+00  -0.92426E-07   0.00000E+00
  0.229   1.500    0.33239E-07   0.00000E+00   0.82457E+01   0.00000E+00  -0.95590E-07   0.00000E+00
  0.233   1.510    0.34559E-07   0.00000E+00   0.84829E+01   0.00000E+00  -0.98826E-07   0.00000E+00
  0.236   1.520    0.35919E-07   0.00000E+00   0.87220E+01   0.00000E+00  -0.10214E-06   0.00000E+00
  0.239   1.530    0.37320E-07   0.00000E+00   0.89627E+01   0.00000E+00  -0.10552E-06   0.00000E+00
  0.242   1.540    0.38763E-07   0.00000E+00   0.92050E+01   0.00000E+00  -0.10898E-06   0.00000E+00
  0.245   1.550    0.40248E-07   0.00000E+00   0.94489E+01   0.00000E+00  -0.11251E-06   0.00000E+00
  0.248   1.560    0.41776E-07   0.00000E+00   0.96941E+01   0.00000E+00  -0.11612E-06   0.00000E+00
  0.251   1.570    0.43349E-07   0.00000E+00   0.99406E+01   0.00000E+00  -0.11980E-06   0.00000E+00
  0.255   1.580    0.44966E-07   0.00000E+00   0.10188E+02   0.00000E+00  -0.12356E-06   0.00000E+00
  0.258   1.590    0.46628E-07   0.00000E+00   0.10437E+02   0.00000E+00  -0.12740E-06   0.00000E+00
  0.261   1.600    0.48338E-07   0.00000E+00   0.10687E+02   0.00000E+00  -0.13131E-06   0.00000E+00
  0.264   1.610    0.50095E-07   0.00000E+00   0.10938E+02   0.00000E+00  -0.13530E-06   0.00000E+00
  0.268   1.620    0.51900E-07   0.00000E+00   0.11189E+02   0.00000E+00  -0.13937E-06   0.00000E+00
  0.271   1.630    0.53755E-07   0.00000E+00   0.11441E+02   0.00000E+00  -0.14352E-06   0.00000E+00
  0.274   1.640    0.55659E-07   0.00000E+00   0.11694E+02   0.00000E+00  -0.14775E-06   0.00000E+00
  0.278   1.650    0.57615E-07   0.00000E+00   0.11948E+02   0.00000E+00  -0.15205E-06   0.00000E+00
  0.281   1.660    0.59622E-07   0.00000E+00   0.12201E+02   0.00000E+00  -0.15644E-06   0.00000E+00
  0.284   1.670    0.61683E-07   0.00000E+00   0.12456E+02   0.00000E+00  -0.16090E-06   0.00000E+00
  0.288   1.680    0.63797E-07   0.00000E+00   0.12710E+02   0.00000E+00  -0.16545E-06   0.00000E+00
  0.291   1.690    0.65966E-07   0.00000E+00   0.12965E+02   0.00000E+00  -0.17007E-06   0.00000E+00
  0.295   1.700    0.68190E-07   0.00000E+00   0.13219E+02   0.00000E+00  -0.17478E-06   0.00000E+00
  0.298   1.710    0.70471E-07   0.00000E+00   0.13474E+02   0.00000E+00  -0.17957E-06   0.00000E+00
  0.302   1.720    0.72810E-07   0.00000E+00   0.13728E+02   0.00000E+00  -0.18443E-06   0.00000E+00
  0.305   1.730    0.75207E-07   0.00000E+00   0.13983E+02   0.00000E+00  -0.18938E-06   0.00000E+00
  0.309   1.740    0.77663E-07   0.00000E+00   0.14237E+02   0.00000E+00  -0.19441E-06   0.00000E+00
  0.312   1.750    0.80180E-07   0.00000E+00   0.14491E+02   0.00000E+00  -0.19952E-06   0.00000E+00
  0.316   1.760    0.82758E-07   0.00000E+00   0.14744E+02   0.00000E+00  -0.20472E-06   0.00000E+00
  0.319   1.770    0.85398E-07   0.00000E+00   0.14997E+02   0.00000E+00  -0.20999E-06   0.00000E+00
  0.323   1.780    0.88102E-07   0.00000E+00   0.15250E+02   0.00000E+00  -0.21535E-06   0.00000E+00
  0.327   1.790    0.90871E-07   0.00000E+00   0.15502E+02   0.00000E+00  -0.22079E-06   0.00000E+00
  0.330   1.800    0.93704E-07   0.00000E+00   0.15753E+02   0.00000E+00  -0.22632E-06   0.00000E+00
  0.334   1.810    0.96604E-07   0.00000E+00   0.16003E+02   0.00000E+00  -0.23192E-06   0.00000E+00
  0.338   1.820    0.99571E-07   0.00000E+00   0.16253E+02   0.00000E+00  -0.23761E-06   0.00000E+00
  0.341   1.830    0.10261E-06   0.00000E+00   0.16502E+02   0.00000E+00  -0.24338E-06   0.00000E+00
  0.345   1.840    0.10571E-06   0.00000E+00   0.16750E+02   0.00000E+00  -0.24923E-06   0.00000E+00
  0.349   1.850    0.10889E-06   0.00000E+00   0.16997E+02   0.00000E+00  -0.25517E-06   0.00000E+00
  0.353   1.860    0.11213E-06   0.00000E+00   0.17243E+02   0.00000E+00  -0.26119E-06   0.00000E+00
  0.357   1.870    0.11545E-06   0.00000E+00   0.17488E+02   0.00000E+00  -0.26729E-06   0.00000E+00
  0.360   1.880    0.11885E-06   0.00000E+00   0.17731E+02   0.00000E+00  -0.27348E-06   0.00000E+00
  0.364   1.890    0.12231E-06   0.00000E+00   0.17974E+02   0.00000E+00  -0.27975E-06   0.00000E+00
  0.368   1.900    0.12586E-06   0.00000E+00   0.18215E+02   0.00000E+00  -0.28610E-06   0.00000E+00
  0.372   1.910    0.12948E-06   0.00000E+00   0.18455E+02   0.00000E+00  -0.29254E-06   0.00000E+00
  0.376   1.920    0.13318E-06   0.00000E+00   0.18694E+02   0.00000E+00  -0.29906E-06   0.00000E+00
  0.380   1.930    0.13695E-06   0.00000E+00   0.18932E+02   0.00000E+00  -0.30566E-06   0.00000E+00
  0.384   1.940    0.14081E-06   0.00000E+00   0.19168E+02   0.00000E+00  -0.31234E-06   0.00000E+00
  0.388   1.950    0.14475E-06   0.00000E+00   0.19402E+02   0.00000E+00  -0.31911E-06   0.00000E+00
  0.392   1.960    0.14877E-06   0.00000E+00   0.19635E+02   0.00000E+00  -0.32596E-06   0.00000E+00
  0.396   1.970    0.15287E-06   0.00000E+00   0.19867E+02   0.00000E+00  -0.33290E-06   0.00000E+00
  0.400   1.980    0.15706E-06   0.00000E+00   0.20097E+02   0.00000E+00  -0.33992E-06   0.00000E+00
  0.404   1.990    0.16133E-06   0.00000E+00   0.20325E+02   0.00000E+00  -0.34702E-06   0.00000E+00
  0.408   2.000    0.16569E-06   0.00000E+00   0.20552E+02   0.00000E+00  -0.35420E-06   0.00000E+00
  0.412   2.010    0.17014E-06   0.00000E+00   0.20777E+02   0.00000E+00  -0.36147E-06   0.00000E+00
  0.416   2.020    0.17467E-06   0.00000E+00   0.21000E+02   0.00000E+00  -0.36882E-06   0.00000E+00
  0.420   2.030    0.17930E-06   0.00000E+00   0.21222E+02   0.00000E+00  -0.37625E-06   0.00000E+00
  0.424   2.040    0.18402E-06   0.00000E+00   0.21442E+02   0.00000E+00  -0.38377E-06   0.00000E+00
  0.429   2.050    0.18882E-06   0.00000E+00   0.21660E+02   0.00000E+00  -0.39137E-06   0.00000E+00
  0.433   2.060    0.19373E-06   0.00000E+00   0.21877E+02   0.00000E+00  -0.39905E-06   0.00000E+00
  0.437   2.070    0.19872E-06   0.00000E+00   0.22091E+02   0.00000E+00  -0.40682E-06   0.00000E+00
  0.441   2.080    0.20381E-06   0.00000E+00   0.22304E+02   0.00000E+00  -0.41466E-06   0.00000E+00
  0.445   2.090    0.20900E-06   0.00000E+00   0.22515E+02   0.00000E+00  -0.42259E-06   0.00000E+00
  0.450   2.100    0.21429E-06   0.00000E+00   0.22723E+02   0.00000E+00  -0.43061E-06   0.00000E+00
  0.454   2.110    0.21967E-06   0.00000E+00   0.22930E+02   0.00000E+00  -0.43870E-06   0.00000E+00
  0.458   2.120    0.22516E-06   0.00000E+00   0.23135E+02   0.00000E+00  -0.44688E-06   0.00000E+00
  0.463   2.130    0.23074E-06   0.00000E+00   0.23338E+02   0.00000E+00  -0.45514E-06   0.00000E+00
  0.467   2.140    0.23643E-06   0.00000E+00   0.23539E+02   0.00000E+00  -0.46348E-06   0.00000E+00
  0.471   2.150    0.24222E-06   0.00000E+00   0.23738E+02   0.00000E+00  -0.47190E-06   0.00000E+00
  0.476   2.160    0.24812E-06   0.00000E+00   0.23935E+02   0.00000E+00  -0.48040E-06   0.00000E+00
  0.480   2.170    0.25412E-06   0.00000E+00   0.24130E+02   0.00000E+00  -0.48899E-06   0.00000E+00
  0.485   2.180    0.26023E-06   0.00000E+00   0.24323E+02   0.00000E+00  -0.49766E-06   0.00000E+00
  0.489   2.190    0.26644E-06   0.00000E+00   0.24514E+02   0.00000E+00  -0.50641E-06   0.00000E+00
  0.494   2.200    0.27276E-06   0.00000E+00   0.24703E+02   0.00000E+00  -0.51524E-06   0.00000E+00
  0.498   2.210    0.27920E-06   0.00000E+00   0.24889E+02   0.00000E+00  -0.52415E-06   0.00000E+00
  0.503   2.220    0.28574E-06   0.00000E+00   0.25074E+02   0.00000E+00  -0.53314E-06   0.00000E+00
  0.507   2.230    0.29240E-06   0.00000E+00   0.25256E+02   0.00000E+00  -0.54221E-06   0.00000E+00
  0.512   2.240    0.29917E-06   0.00000E+00   0.25436E+02   0.00000E+00  -0.55137E-06   0.00000E+00
  0.516   2.250    0.30606E-06   0.00000E+00   0.25614E+02   0.00000E+00  -0.56060E-06   0.00000E+00
  0.521   2.260    0.31305E-06   0.00000E+00   0.25790E+02   0.00000E+00  -0.56991E-06   0.00000E+00
  0.525   2.270    0.32017E-06   0.00000E+00   0.25964E+02   0.00000E+00  -0.57931E-06   0.00000E+00
  0.530   2.280    0.32741E-06   0.00000E+00   0.26135E+02   0.00000E+00  -0.58878E-06   0.00000E+00
  0.535   2.290    0.33476E-06   0.00000E+00   0.26305E+02   0.00000E+00  -0.59833E-06   0.00000E+00
  0.539   2.300    0.34223E-06   0.00000E+00   0.26472E+02   0.00000E+00  -0.60797E-06   0.00000E+00
  0.544   2.310    0.34982E-06   0.00000E+00   0.26636E+02   0.00000E+00  -0.61768E-06   0.00000E+00
  0.549   2.320    0.35754E-06   0.00000E+00   0.26799E+02   0.00000E+00  -0.62747E-06   0.00000E+00
  0.554   2.330    0.36538E-06   0.00000E+00   0.26959E+02   0.00000E+00  -0.63733E-06   0.00000E+00
  0.558   2.340    0.37334E-06   0.00000E+00   0.27117E+02   0.00000E+00  -0.64728E-06   0.00000E+00
  0.563   2.350    0.38142E-06   0.00000E+00   0.27273E+02   0.00000E+00  -0.65731E-06   0.00000E+00
  0.568   2.360    0.38964E-06   0.00000E+00   0.27426E+02   0.00000E+00  -0.66741E-06   0.00000E+00
  0.573   2.370    0.39798E-06   0.00000E+00   0.27578E+02   0.00000E+00  -0.67759E-06   0.00000E+00
  0.578   2.380    0.40644E-06   0.00000E+00   0.27727E+02   0.00000E+00  -0.68784E-06   0.00000E+00
  0.582   2.390    0.41504E-06   0.00000E+00   0.27873E+02   0.00000E+00  -0.69818E-06   0.00000E+00
  0.587   2.400    0.42377E-06   0.00000E+00   0.28017E+02   0.00000E+00  -0.70859E-06   0.00000E+00
  0.592   2.410    0.43262E-06   0.00000E+00   0.28159E+02   0.00000E+00  -0.71907E-06   0.00000E+00
  0.597   2.420    0.44161E-06   0.00000E+00   0.28299E+02   0.00000E+00  -0.72964E-06   0.00000E+00
  0.602   2.430    0.45073E-06   0.00000E+00   0.28436E+02   0.00000E+00  -0.74027E-06   0.00000E+00
  0.607   2.440    0.45999E-06   0.00000E+00   0.28571E+02   0.00000E+00  -0.75098E-06   0.00000E+00
  0.612   2.450    0.46938E-06   0.00000E+00   0.28704E+02   0.00000E+00  -0.76177E-06   0.00000E+00
  0.617   2.460    0.47890E-06   0.00000E+00   0.28834E+02   0.00000E+00  -0.77263E-06   0.00000E+00
  0.622   2.470    0.48857E-06   0.00000E+00   0.28962E+02   0.00000E+00  -0.78356E-06   0.00000E+00
  0.627   2.480    0.49837E-06   0.00000E+00   0.29087E+02   0.00000E+00  -0.79457E-06   0.00000E+00
  0.632   2.490    0.50830E-06   0.00000E+00   0.29210E+02   0.00000E+00  -0.80565E-06   0.00000E+00
  0.637   2.500    0.51838E-06   0.00000E+00   0.29331E+02   0.00000E+00  -0.81680E-06   0.00000E+00
  0.642   2.510    0.52860E-06   0.00000E+00   0.29449E+02   0.00000E+00  -0.82803E-06   0.00000E+00
  0.648   2.520    0.53895E-06   0.00000E+00   0.29565E+02   0.00000E+00  -0.83932E-06   0.00000E+00
  0.653   2.530    0.54945E-06   0.00000E+00   0.29679E+02   0.00000E+00  -0.85069E-06   0.00000E+00
  0.658   2.540    0.56009E-06   0.00000E+00   0.29790E+02   0.00000E+00  -0.86212E-06   0.00000E+00
  0.663   2.550    0.57088E-06   0.00000E+00   0.29899E+02   0.00000E+00  -0.87363E-06   0.00000E+00
  0.668   2.560    0.58180E-06   0.00000E+00   0.30005E+02   0.00000E+00  -0.88520E-06   0.00000E+00
  0.674   2.570    0.59287E-06   0.00000E+00   0.30109E+02   0.00000E+00  -0.89685E-06   0.00000E+00
  0.679   2.580    0.60409E-06   0.00000E+00   0.30211E+02   0.00000E+00  -0.90856E-06   0.00000E+00
  0.684   2.590    0.61545E-06   0.00000E+00   0.30310E+02   0.00000E+00  -0.92033E-06   0.00000E+00
  0.689   2.600    0.62696E-06   0.00000E+00   0.30407E+02   0.00000E+00  -0.93218E-06   0.00000E+00
  0.695   2.610    0.63862E-06   0.00000E+00   0.30501E+02   0.00000E+00  -0.94409E-06   0.00000E+00
  0.700   2.620    0.65043E-06   0.00000E+00   0.30593E+02   0.00000E+00  -0.95606E-06   0.00000E+00
  0.705   2.630    0.66238E-06   0.00000E+00   0.30683E+02   0.00000E+00  -0.96810E-06   0.00000E+00
  0.711   2.640    0.67448E-06   0.00000E+00   0.30770E+02   0.00000E+00  -0.98020E-06   0.00000E+00
  0.716   2.650    0.68673E-06   0.00000E+00   0.30854E+02   0.00000E+00  -0.99237E-06   0.00000E+00
  0.722   2.660    0.69914E-06   0.00000E+00   0.30937E+02   0.00000E+00  -0.10046E-05   0.00000E+00
  0.727   2.670    0.71169E-06   0.00000E+00   0.31016E+02   0.00000E+00  -0.10169E-05   0.00000E+00
  0.732   2.680    0.72439E-06   0.00000E+00   0.31094E+02   0.00000E+00  -0.10292E-05   0.00000E+00
  0.738   2.690    0.73725E-06   0.00000E+00   0.31169E+02   0.00000E+00  -0.10416E-05   0.00000E+00
  0.743   2.700    0.75026E-06   0.00000E+00   0.31241E+02   0.00000E+00  -0.10541E-05   0.00000E+00
  0.749   2.710    0.76342E-06   0.00000E+00   0.31311E+02   0.00000E+00  -0.10666E-05   0.00000E+00
  0.754   2.720    0.77673E-06   0.00000E+00   0.31379E+02   0.00000E+00  -0.10792E-05   0.00000E+00
  0.760   2.730    0.79020E-06   0.00000E+00   0.31444E+02   0.00000E+00  -0.10919E-05   0.00000E+00
  0.766   2.740    0.80382E-06   0.00000E+00   0.31507E+02   0.00000E+00  -0.11046E-05   0.00000E+00
  0.771   2.750    0.81760E-06   0.00000E+00   0.31568E+02   0.00000E+00  -0.11173E-05   0.00000E+00
  0.777   2.760    0.83153E-06   0.00000E+00   0.31626E+02   0.00000E+00  -0.11301E-05   0.00000E+00
  0.782   2.770    0.84561E-06   0.00000E+00   0.31682E+02   0.00000E+00  -0.11430E-05   0.00000E+00
  0.788   2.780    0.85985E-06   0.00000E+00   0.31735E+02   0.00000E+00  -0.11559E-05   0.00000E+00
  0.794   2.790    0.87425E-06   0.00000E+00   0.31786E+02   0.00000E+00  -0.11688E-05   0.00000E+00
  0.799   2.800    0.88880E-06   0.00000E+00   0.31834E+02   0.00000E+00  -0.11818E-05   0.00000E+00
  0.805   2.810    0.90351E-06   0.00000E+00   0.31880E+02   0.00000E+00  -0.11949E-05   0.00000E+00
  0.811   2.820    0.91837E-06   0.00000E+00   0.31924E+02   0.00000E+00  -0.12080E-05   0.00000E+00
  0.817   2.830    0.93339E-06   0.00000E+00   0.31965E+02   0.00000E+00  -0.12211E-05   0.00000E+00
  0.822   2.840    0.94856E-06   0.00000E+00   0.32004E+02   0.00000E+00  -0.12343E-05   0.00000E+00
  0.828   2.850    0.96389E-06   0.00000E+00   0.32041E+02   0.00000E+00  -0.12475E-05   0.00000E+00
  0.834   2.860    0.97938E-06   0.00000E+00   0.32075E+02   0.00000E+00  -0.12608E-05   0.00000E+00
  0.840   2.870    0.99502E-06   0.00000E+00   0.32106E+02   0.00000E+00  -0.12741E-05   0.00000E+00
  0.846   2.880    0.10108E-05   0.00000E+00   0.32136E+02   0.00000E+00  -0.12875E-05   0.00000E+00
  0.852   2.890    0.10268E-05   0.00000E+00   0.32163E+02   0.00000E+00  -0.13008E-05   0.00000E+00
  0.858   2.900    0.10429E-05   0.00000E+00   0.32188E+02   0.00000E+00  -0.13143E-05   0.00000E+00
  0.864   2.910    0.10592E-05   0.00000E+00   0.32210E+02   0.00000E+00  -0.13277E-05   0.00000E+00
  0.869   2.920    0.10756E-05   0.00000E+00   0.32230E+02   0.00000E+00  -0.13412E-05   0.00000E+00
  0.875   2.930    0.10922E-05   0.00000E+00   0.32248E+02   0.00000E+00  -0.13548E-05   0.00000E+00
  0.881   2.940    0.11089E-05   0.00000E+00   0.32263E+02   0.00000E+00  -0.13683E-05   0.00000E+00
  0.887   2.950    0.11258E-05   0.00000E+00   0.32276E+02   0.00000E+00  -0.13819E-05   0.00000E+00
  0.893   2.960    0.11428E-05   0.00000E+00   0.32287E+02   0.00000E+00  -0.13955E-05   0.00000E+00
  0.899   2.970    0.11600E-05   0.00000E+00   0.32296E+02   0.00000E+00  -0.14092E-05   0.00000E+00
  0.906   2.980    0.11774E-05   0.00000E+00   0.32302E+02   0.00000E+00  -0.14228E-05   0.00000E+00
  0.912   2.990    0.11949E-05   0.00000E+00   0.32306E+02   0.00000E+00  -0.14365E-05   0.00000E+00
  0.918   3.000    0.12125E-05   0.00000E+00   0.32308E+02   0.00000E+00  -0.14503E-05   0.00000E+00
  0.924   3.010    0.12303E-05   0.00000E+00   0.32307E+02   0.00000E+00  -0.14640E-05   0.00000E+00
  0.930   3.020    0.12483E-05   0.00000E+00   0.32305E+02   0.00000E+00  -0.14778E-05   0.00000E+00
  0.936   3.030    0.12664E-05   0.00000E+00   0.32300E+02   0.00000E+00  -0.14915E-05   0.00000E+00
  0.942   3.040    0.12847E-05   0.00000E+00   0.32292E+02   0.00000E+00  -0.15053E-05   0.00000E+00
  0.949   3.050    0.13031E-05   0.00000E+00   0.32283E+02   0.00000E+00  -0.15192E-05   0.00000E+00
  0.955   3.060    0.13217E-05   0.00000E+00   0.32271E+02   0.00000E+00  -0.15330E-05   0.00000E+00
  0.961   3.070    0.13404E-05   0.00000E+00   0.32258E+02   0.00000E+00  -0.15468E-05   0.00000E+00
  0.967   3.080    0.13593E-05   0.00000E+00   0.32242E+02   0.00000E+00  -0.15607E-05   0.00000E+00
  0.974   3.090    0.13783E-05   0.00000E+00   0.32224E+02   0.00000E+00  -0.15745E-05   0.00000E+00
  0.980   3.100    0.13974E-05   0.00000E+00   0.32204E+02   0.00000E+00  -0.15884E-05   0.00000E+00
  0.986   3.110    0.14167E-05   0.00000E+00   0.32181E+02   0.00000E+00  -0.16022E-05   0.00000E+00
  0.993   3.120    0.14362E-05   0.00000E+00   0.32157E+02   0.00000E+00  -0.16161E-05   0.00000E+00
  0.999   3.130    0.14558E-05   0.00000E+00   0.32130E+02   0.00000E+00  -0.16300E-05   0.00000E+00
  1.005   3.140    0.14755E-05   0.00000E+00   0.32102E+02   0.00000E+00  -0.16439E-05   0.00000E+00
  1.012   3.150    0.14954E-05   0.00000E+00   0.32071E+02   0.00000E+00  -0.16577E-05   0.00000E+00
  1.018   3.160    0.15154E-05   0.00000E+00   0.32038E+02   0.00000E+00  -0.16716E-05   0.00000E+00
  1.025   3.170    0.15356E-05   0.00000E+00   0.32003E+02   0.00000E+00  -0.16854E-05   0.00000E+00
  1.031   3.180    0.15559E-05   0.00000E+00   0.31967E+02   0.00000E+00  -0.16993E-05   0.00000E+00
  1.038   3.190    0.15763E-05   0.00000E+00   0.31928E+02   0.00000E+00  -0.17131E-05   0.00000E+00
  1.044   3.200    0.15969E-05   0.00000E+00   0.31887E+02   0.00000E+00  -0.17270E-05   0.00000E+00
  1.051   3.210    0.16176E-05   0.00000E+00   0.31844E+02   0.00000E+00  -0.17408E-05   0.00000E+00
  1.057   3.220    0.16385E-05   0.00000E+00   0.31800E+02   0.00000E+00  -0.17546E-05   0.00000E+00
  1.064   3.230    0.16595E-05   0.00000E+00   0.31753E+02   0.00000E+00  -0.17684E-05   0.00000E+00
  1.070   3.240    0.16806E-05   0.00000E+00   0.31704E+02   0.00000E+00  -0.17822E-05   0.00000E+00
  1.077   3.250    0.17018E-05   0.00000E+00   0.31654E+02   0.00000E+00  -0.17959E-05   0.00000E+00
  1.084   3.260    0.17232E-05   0.00000E+00   0.31602E+02   0.00000E+00  -0.18096E-05   0.00000E+00
  1.090   3.270    0.17447E-05   0.00000E+00   0.31547E+02   0.00000E+00  -0.18233E-05   0.00000E+00
  1.097   3.280    0.17664E-05   0.00000E+00   0.31491E+02   0.00000E+00  -0.18370E-05   0.00000E+00
  1.104   3.290    0.17881E-05   0.00000E+00   0.31434E+02   0.00000E+00  -0.18507E-05   0.00000E+00
  1.110   3.300    0.18100E-05   0.00000E+00   0.31374E+02   0.00000E+00  -0.18643E-05   0.00000E+00
  1.117   3.310    0.18320E-05   0.00000E+00   0.31312E+02   0.00000E+00  -0.18779E-05   0.00000E+00
  1.124   3.320    0.18541E-05   0.00000E+00   0.31249E+02   0.00000E+00  -0.18914E-05   0.00000E+00
  1.131   3.330    0.18764E-05   0.00000E+00   0.31184E+02   0.00000E+00  -0.19049E-05   0.00000E+00
  1.138   3.340    0.18987E-05   0.00000E+00   0.31117E+02   0.00000E+00  -0.19184E-05   0.00000E+00
  1.144   3.350    0.19212E-05   0.00000E+00   0.31049E+02   0.00000E+00  -0.19318E-05   0.00000E+00
  1.151   3.360    0.19438E-05   0.00000E+00   0.30979E+02   0.00000E+00  -0.19452E-05   0.00000E+00
  1.158   3.370    0.19665E-05   0.00000E+00   0.30907E+02   0.00000E+00  -0.19586E-05   0.00000E+00
  1.165   3.380    0.19893E-05   0.00000E+00   0.30833E+02   0.00000E+00  -0.19719E-05   0.00000E+00
  1.172   3.390    0.20122E-05   0.00000E+00   0.30758E+02   0.00000E+00  -0.19852E-05   0.00000E+00
  1.179   3.400    0.20352E-05   0.00000E+00   0.30681E+02   0.00000E+00  -0.19984E-05   0.00000E+00
  1.186   3.410    0.20584E-05   0.00000E+00   0.30603E+02   0.00000E+00  -0.20115E-05   0.00000E+00
  1.193   3.420    0.20816E-05   0.00000E+00   0.30523E+02   0.00000E+00  -0.20246E-05   0.00000E+00
  1.200   3.430    0.21049E-05   0.00000E+00   0.30441E+02   0.00000E+00  -0.20377E-05   0.00000E+00
  1.207   3.440    0.21284E-05   0.00000E+00   0.30358E+02   0.00000E+00  -0.20507E-05   0.00000E+00
  1.214   3.450    0.21519E-05   0.00000E+00   0.30274E+02   0.00000E+00  -0.20636E-05   0.00000E+00
  1.221   3.460    0.21755E-05   0.00000E+00   0.30188E+02   0.00000E+00  -0.20765E-05   0.00000E+00
  1.228   3.470    0.21992E-05   0.00000E+00   0.30100E+02   0.00000E+00  -0.20893E-05   0.00000E+00
  1.235   3.480    0.22230E-05   0.00000E+00   0.30011E+02   0.00000E+00  -0.21020E-05   0.00000E+00
  1.242   3.490    0.22469E-05   0.00000E+00   0.29921E+02   0.00000E+00  -0.21147E-05   0.00000E+00
  1.249   3.500    0.22708E-05   0.00000E+00   0.29829E+02   0.00000E+00  -0.21273E-05   0.00000E+00
  1.256   3.510    0.22949E-05   0.00000E+00   0.29736E+02   0.00000E+00  -0.21398E-05   0.00000E+00
  1.263   3.520    0.23190E-05   0.00000E+00   0.29641E+02   0.00000E+00  -0.21522E-05   0.00000E+00
  1.271   3.530    0.23432E-05   0.00000E+00   0.29545E+02   0.00000E+00  -0.21646E-05   0.00000E+00
  1.278   3.540    0.23675E-05   0.00000E+00   0.29448E+02   0.00000E+00  -0.21769E-05   0.00000E+00
  1.285   3.550    0.23918E-05   0.00000E+00   0.29350E+02   0.00000E+00  -0.21891E-05   0.00000E+00
  1.292   3.560    0.24162E-05   0.00000E+00   0.29250E+02   0.00000E+00  -0.22013E-05   0.00000E+00
  1.300   3.570    0.24407E-05   0.00000E+00   0.29149E+02   0.00000E+00  -0.22133E-05   0.00000E+00
  1.307   3.580    0.24652E-05   0.00000E+00   0.29046E+02   0.00000E+00  -0.22253E-05   0.00000E+00
  1.314   3.590    0.24898E-05   0.00000E+00   0.28943E+02   0.00000E+00  -0.22371E-05   0.00000E+00
  1.322   3.600    0.25145E-05   0.00000E+00   0.28838E+02   0.00000E+00  -0.22489E-05   0.00000E+00
  1.329   3.610    0.25392E-05   0.00000E+00   0.28732E+02   0.00000E+00  -0.22606E-05   0.00000E+00
  1.336   3.620    0.25640E-05   0.00000E+00   0.28625E+02   0.00000E+00  -0.22722E-05   0.00000E+00
  1.344   3.630    0.25888E-05   0.00000E+00   0.28517E+02   0.00000E+00  -0.22837E-05   0.00000E+00
  1.351   3.640    0.26136E-05   0.00000E+00   0.28408E+02   0.00000E+00  -0.22951E-05   0.00000E+00
  1.359   3.650    0.26386E-05   0.00000E+00   0.28297E+02   0.00000E+00  -0.23064E-05   0.00000E+00
  1.366   3.660    0.26635E-05   0.00000E+00   0.28186E+02   0.00000E+00  -0.23176E-05   0.00000E+00
  1.373   3.670    0.26885E-05   0.00000E+00   0.28073E+02   0.00000E+00  -0.23287E-05   0.00000E+00
  1.381   3.680    0.27135E-05   0.00000E+00   0.27960E+02   0.00000E+00  -0.23397E-05   0.00000E+00
  1.388   3.690    0.27385E-05   0.00000E+00   0.27845E+02   0.00000E+00  -0.23505E-05   0.00000E+00
  1.396   3.700    0.27636E-05   0.00000E+00   0.27730E+02   0.00000E+00  -0.23613E-05   0.00000E+00
  1.404   3.710    0.27887E-05   0.00000E+00   0.27613E+02   0.00000E+00  -0.23719E-05   0.00000E+00
  1.411   3.720    0.28139E-05   0.00000E+00   0.27496E+02   0.00000E+00  -0.23825E-05   0.00000E+00
  1.419   3.730    0.28390E-05   0.00000E+00   0.27378E+02   0.00000E+00  -0.23929E-05   0.00000E+00
  1.426   3.740    0.28642E-05   0.00000E+00   0.27258E+02   0.00000E+00  -0.24032E-05   0.00000E+00
  1.434   3.750    0.28893E-05   0.00000E+00   0.27138E+02   0.00000E+00  -0.24134E-05   0.00000E+00
  1.442   3.760    0.29145E-05   0.00000E+00   0.27017E+02   0.00000E+00  -0.24235E-05   0.00000E+00
  1.449   3.770    0.29397E-05   0.00000E+00   0.26896E+02   0.00000E+00  -0.24334E-05   0.00000E+00
  1.457   3.780    0.29649E-05   0.00000E+00   0.26773E+02   0.00000E+00  -0.24432E-05   0.00000E+00
  1.465   3.790    0.29901E-05   0.00000E+00   0.26650E+02   0.00000E+00  -0.24529E-05   0.00000E+00
  1.472   3.800    0.30152E-05   0.00000E+00   0.26526E+02   0.00000E+00  -0.24625E-05   0.00000E+00
  1.480   3.810    0.30404E-05   0.00000E+00   0.26401E+02   0.00000E+00  -0.24719E-05   0.00000E+00
  1.488   3.820    0.30656E-05   0.00000E+00   0.26275E+02   0.00000E+00  -0.24812E-05   0.00000E+00
  1.496   3.830    0.30907E-05   0.00000E+00   0.26149E+02   0.00000E+00  -0.24904E-05   0.00000E+00
  1.504   3.840    0.31158E-05   0.00000E+00   0.26022E+02   0.00000E+00  -0.24994E-05   0.00000E+00
  1.511   3.850    0.31410E-05   0.00000E+00   0.25895E+02   0.00000E+00  -0.25083E-05   0.00000E+00
  1.519   3.860    0.31660E-05   0.00000E+00   0.25766E+02   0.00000E+00  -0.25170E-05   0.00000E+00
  1.527   3.870    0.31911E-05   0.00000E+00   0.25638E+02   0.00000E+00  -0.25256E-05   0.00000E+00
  1.535   3.880    0.32161E-05   0.00000E+00   0.25508E+02   0.00000E+00  -0.25341E-05   0.00000E+00
  1.543   3.890    0.32411E-05   0.00000E+00   0.25378E+02   0.00000E+00  -0.25424E-05   0.00000E+00
  1.551   3.900    0.32660E-05   0.00000E+00   0.25247E+02   0.00000E+00  -0.25506E-05   0.00000E+00
  1.559   3.910    0.32909E-05   0.00000E+00   0.25116E+02   0.00000E+00  -0.25586E-05   0.00000E+00
  1.567   3.920    0.33158E-05   0.00000E+00   0.24985E+02   0.00000E+00  -0.25665E-05   0.00000E+00
  1.575   3.930    0.33406E-05   0.00000E+00   0.24853E+02   0.00000E+00  -0.25743E-05   0.00000E+00
  1.583   3.940    0.33653E-05   0.00000E+00   0.24720E+02   0.00000E+00  -0.25818E-05   0.00000E+00
  1.591   3.950    0.33900E-05   0.00000E+00   0.24587E+02   0.00000E+00  -0.25893E-05   0.00000E+00
  1.599   3.960    0.34146E-05   0.00000E+00   0.24453E+02   0.00000E+00  -0.25966E-05   0.00000E+00
  1.607   3.970    0.34392E-05   0.00000E+00   0.24319E+02   0.00000E+00  -0.26037E-05   0.00000E+00
  1.615   3.980    0.34636E-05   0.00000E+00   0.24185E+02   0.00000E+00  -0.26106E-05   0.00000E+00
  1.623   3.990    0.34881E-05   0.00000E+00   0.24050E+02   0.00000E+00  -0.26175E-05   0.00000E+00
  1.632   4.000    0.35124E-05   0.00000E+00   0.23915E+02   0.00000E+00  -0.26241E-05   0.00000E+00
  1.640   4.010    0.35366E-05   0.00000E+00   0.23780E+02   0.00000E+00  -0.26306E-05   0.00000E+00
  1.648   4.020    0.35608E-05   0.00000E+00   0.23644E+02   0.00000E+00  -0.26369E-05   0.00000E+00
  1.656   4.030    0.35849E-05   0.00000E+00   0.23508E+02   0.00000E+00  -0.26431E-05   0.00000E+00
  1.664   4.040    0.36089E-05   0.00000E+00   0.23372E+02   0.00000E+00  -0.26491E-05   0.00000E+00
  1.673   4.050    0.36328E-05   0.00000E+00   0.23235E+02   0.00000E+00  -0.26549E-05   0.00000E+00
  1.681   4.060    0.36565E-05   0.00000E+00   0.23098E+02   0.00000E+00  -0.26606E-05   0.00000E+00
  1.689   4.070    0.36802E-05   0.00000E+00   0.22961E+02   0.00000E+00  -0.26661E-05   0.00000E+00
  1.697   4.080    0.37038E-05   0.00000E+00   0.22824E+02   0.00000E+00  -0.26714E-05   0.00000E+00
  1.706   4.090    0.37273E-05   0.00000E+00   0.22686E+02   0.00000E+00  -0.26766E-05   0.00000E+00
  1.714   4.100    0.37506E-05   0.00000E+00   0.22549E+02   0.00000E+00  -0.26816E-05   0.00000E+00
  1.723   4.110    0.37739E-05   0.00000E+00   0.22411E+02   0.00000E+00  -0.26864E-05   0.00000E+00
  1.731   4.120    0.37970E-05   0.00000E+00   0.22273E+02   0.00000E+00  -0.26911E-05   0.00000E+00
  1.739   4.130    0.38199E-05   0.00000E+00   0.22134E+02   0.00000E+00  -0.26956E-05   0.00000E+00
  1.748   4.140    0.38428E-05   0.00000E+00   0.21996E+02   0.00000E+00  -0.26999E-05   0.00000E+00
  1.756   4.150    0.38655E-05   0.00000E+00   0.21858E+02   0.00000E+00  -0.27040E-05   0.00000E+00
  1.765   4.160    0.38881E-05   0.00000E+00   0.21719E+02   0.00000E+00  -0.27080E-05   0.00000E+00
  1.773   4.170    0.39105E-05   0.00000E+00   0.21581E+02   0.00000E+00  -0.27118E-05   0.00000E+00
  1.782   4.180    0.39328E-05   0.00000E+00   0.21442E+02   0.00000E+00  -0.27154E-05   0.00000E+00
  1.790   4.190    0.39550E-05   0.00000E+00   0.21303E+02   0.00000E+00  -0.27188E-05   0.00000E+00
  1.799   4.200    0.39769E-05   0.00000E+00   0.21165E+02   0.00000E+00  -0.27221E-05   0.00000E+00
  1.807   4.210    0.39988E-05   0.00000E+00   0.21026E+02   0.00000E+00  -0.27252E-05   0.00000E+00
  1.816   4.220    0.40204E-05   0.00000E+00   0.20888E+02   0.00000E+00  -0.27281E-05   0.00000E+00
  1.825   4.230    0.40420E-05   0.00000E+00   0.20749E+02   0.00000E+00  -0.27308E-05   0.00000E+00
  1.833   4.240    0.40633E-05   0.00000E+00   0.20610E+02   0.00000E+00  -0.27333E-05   0.00000E+00
  1.842   4.250    0.40845E-05   0.00000E+00   0.20472E+02   0.00000E+00  -0.27357E-05   0.00000E+00
  1.851   4.260    0.41055E-05   0.00000E+00   0.20333E+02   0.00000E+00  -0.27379E-05   0.00000E+00
  1.859   4.270    0.41263E-05   0.00000E+00   0.20195E+02   0.00000E+00  -0.27399E-05   0.00000E+00
  1.868   4.280    0.41469E-05   0.00000E+00   0.20057E+02   0.00000E+00  -0.27417E-05   0.00000E+00
  1.877   4.290    0.41674E-05   0.00000E+00   0.19918E+02   0.00000E+00  -0.27434E-05   0.00000E+00
  1.885   4.300    0.41876E-05   0.00000E+00   0.19780E+02   0.00000E+00  -0.27448E-05   0.00000E+00
  1.894   4.310    0.42077E-05   0.00000E+00   0.19642E+02   0.00000E+00  -0.27461E-05   0.00000E+00
  1.903   4.320    0.42276E-05   0.00000E+00   0.19505E+02   0.00000E+00  -0.27472E-05   0.00000E+00
  1.912   4.330    0.42472E-05   0.00000E+00   0.19367E+02   0.00000E+00  -0.27481E-05   0.00000E+00
  1.921   4.340    0.42667E-05   0.00000E+00   0.19230E+02   0.00000E+00  -0.27489E-05   0.00000E+00
  1.930   4.350    0.42860E-05   0.00000E+00   0.19092E+02   0.00000E+00  -0.27495E-05   0.00000E+00
  1.938   4.360    0.43050E-05   0.00000E+00   0.18955E+02   0.00000E+00  -0.27498E-05   0.00000E+00
  1.947   4.370    0.43239E-05   0.00000E+00   0.18819E+02   0.00000E+00  -0.27500E-05   0.00000E+00
  1.956   4.380    0.43425E-05   0.00000E+00   0.18682E+02   0.00000E+00  -0.27501E-05   0.00000E+00
  1.965   4.390    0.43609E-05   0.00000E+00   0.18546E+02   0.00000E+00  -0.27499E-05   0.00000E+00
  1.974   4.400    0.43791E-05   0.00000E+00   0.18410E+02   0.00000E+00  -0.27496E-05   0.00000E+00
  1.983   4.410    0.43971E-05   0.00000E+00   0.18274E+02   0.00000E+00  -0.27491E-05   0.00000E+00
  1.992   4.420    0.44148E-05   0.00000E+00   0.18138E+02   0.00000E+00  -0.27484E-05   0.00000E+00
  2.001   4.430    0.44324E-05   0.00000E+00   0.18003E+02   0.00000E+00  -0.27475E-05   0.00000E+00
  2.010   4.440    0.44496E-05   0.00000E+00   0.17868E+02   0.00000E+00  -0.27465E-05   0.00000E+00
  2.019   4.450    0.44667E-05   0.00000E+00   0.17733E+02   0.00000E+00  -0.27452E-05   0.00000E+00
  2.028   4.460    0.44835E-05   0.00000E+00   0.17599E+02   0.00000E+00  -0.27438E-05   0.00000E+00
  2.037   4.470    0.45001E-05   0.00000E+00   0.17465E+02   0.00000E+00  -0.27423E-05   0.00000E+00
  2.047   4.480    0.45164E-05   0.00000E+00   0.17331E+02   0.00000E+00  -0.27405E-05   0.00000E+00
  2.056   4.490    0.45325E-05   0.00000E+00   0.17198E+02   0.00000E+00  -0.27386E-05   0.00000E+00
  2.065   4.500    0.45483E-05   0.00000E+00   0.17065E+02   0.00000E+00  -0.27365E-05   0.00000E+00
  2.074   4.510    0.45639E-05   0.00000E+00   0.16932E+02   0.00000E+00  -0.27342E-05   0.00000E+00
  2.083   4.520    0.45792E-05   0.00000E+00   0.16800E+02   0.00000E+00  -0.27317E-05   0.00000E+00
  2.093   4.530    0.45943E-05   0.00000E+00   0.16668E+02   0.00000E+00  -0.27291E-05   0.00000E+00
  2.102   4.540    0.46091E-05   0.00000E+00   0.16537E+02   0.00000E+00  -0.27263E-05   0.00000E+00
  2.111   4.550    0.46236E-05   0.00000E+00   0.16406E+02   0.00000E+00  -0.27234E-05   0.00000E+00
  2.120   4.560    0.46379E-05   0.00000E+00   0.16275E+02   0.00000E+00  -0.27202E-05   0.00000E+00
  2.130   4.570    0.46519E-05   0.00000E+00   0.16145E+02   0.00000E+00  -0.27169E-05   0.00000E+00
  2.139   4.580    0.46657E-05   0.00000E+00   0.16015E+02   0.00000E+00  -0.27135E-05   0.00000E+00
  2.148   4.590    0.46791E-05   0.00000E+00   0.15886E+02   0.00000E+00  -0.27099E-05   0.00000E+00
  2.158   4.600    0.46924E-05   0.00000E+00   0.15757E+02   0.00000E+00  -0.27061E-05   0.00000E+00
  2.167   4.610    0.47053E-05   0.00000E+00   0.15628E+02   0.00000E+00  -0.27021E-05   0.00000E+00
  2.177   4.620    0.47180E-05   0.00000E+00   0.15500E+02   0.00000E+00  -0.26980E-05   0.00000E+00
  2.186   4.630    0.47304E-05   0.00000E+00   0.15373E+02   0.00000E+00  -0.26937E-05   0.00000E+00
  2.195   4.640    0.47425E-05   0.00000E+00   0.15246E+02   0.00000E+00  -0.26892E-05   0.00000E+00
  2.205   4.650    0.47543E-05   0.00000E+00   0.15119E+02   0.00000E+00  -0.26846E-05   0.00000E+00
  2.214   4.660    0.47658E-05   0.00000E+00   0.14993E+02   0.00000E+00  -0.26799E-05   0.00000E+00
  2.224   4.670    0.47771E-05   0.00000E+00   0.14868E+02   0.00000E+00  -0.26749E-05   0.00000E+00
  2.233   4.680    0.47881E-05   0.00000E+00   0.14743E+02   0.00000E+00  -0.26699E-05   0.00000E+00
  2.243   4.690    0.47988E-05   0.00000E+00   0.14618E+02   0.00000E+00  -0.26646E-05   0.00000E+00
  2.253   4.700    0.48092E-05   0.00000E+00   0.14494E+02   0.00000E+00  -0.26593E-05   0.00000E+00
  2.262   4.710    0.48193E-05   0.00000E+00   0.14371E+02   0.00000E+00  -0.26537E-05   0.00000E+00
  2.272   4.720    0.48291E-05   0.00000E+00   0.14248E+02   0.00000E+00  -0.26480E-05   0.00000E+00
  2.281   4.730    0.48387E-05   0.00000E+00   0.14125E+02   0.00000E+00  -0.26422E-05   0.00000E+00
  2.291   4.740    0.48479E-05   0.00000E+00   0.14003E+02   0.00000E+00  -0.26362E-05   0.00000E+00
  2.301   4.750    0.48569E-05   0.00000E+00   0.13882E+02   0.00000E+00  -0.26301E-05   0.00000E+00
  2.310   4.760    0.48655E-05   0.00000E+00   0.13761E+02   0.00000E+00  -0.26239E-05   0.00000E+00
  2.320   4.770    0.48739E-05   0.00000E+00   0.13641E+02   0.00000E+00  -0.26174E-05   0.00000E+00
  2.330   4.780    0.48820E-05   0.00000E+00   0.13522E+02   0.00000E+00  -0.26109E-05   0.00000E+00
  2.340   4.790    0.48897E-05   0.00000E+00   0.13403E+02   0.00000E+00  -0.26042E-05   0.00000E+00
  2.349   4.800    0.48972E-05   0.00000E+00   0.13284E+02   0.00000E+00  -0.25974E-05   0.00000E+00
  2.359   4.810    0.49044E-05   0.00000E+00   0.13166E+02   0.00000E+00  -0.25904E-05   0.00000E+00
  2.369   4.820    0.49113E-05   0.00000E+00   0.13049E+02   0.00000E+00  -0.25833E-05   0.00000E+00
  2.379   4.830    0.49179E-05   0.00000E+00   0.12932E+02   0.00000E+00  -0.25761E-05   0.00000E+00
  2.389   4.840    0.49242E-05   0.00000E+00   0.12816E+02   0.00000E+00  -0.25688E-05   0.00000E+00
  2.399   4.850    0.49302E-05   0.00000E+00   0.12701E+02   0.00000E+00  -0.25613E-05   0.00000E+00
  2.409   4.860    0.49359E-05   0.00000E+00   0.12586E+02   0.00000E+00  -0.25537E-05   0.00000E+00
  2.418   4.870    0.49413E-05   0.00000E+00   0.12471E+02   0.00000E+00  -0.25459E-05   0.00000E+00
  2.428   4.880    0.49463E-05   0.00000E+00   0.12358E+02   0.00000E+00  -0.25381E-05   0.00000E+00
  2.438   4.890    0.49511E-05   0.00000E+00   0.12245E+02   0.00000E+00  -0.25301E-05   0.00000E+00
  2.448   4.900    0.49556E-05   0.00000E+00   0.12132E+02   0.00000E+00  -0.25220E-05   0.00000E+00
  2.458   4.910    0.49599E-05   0.00000E+00   0.12020E+02   0.00000E+00  -0.25138E-05   0.00000E+00
  2.468   4.920    0.49638E-05   0.00000E+00   0.11909E+02   0.00000E+00  -0.25055E-05   0.00000E+00
  2.478   4.930    0.49674E-05   0.00000E+00   0.11798E+02   0.00000E+00  -0.24970E-05   0.00000E+00
  2.488   4.940    0.49707E-05   0.00000E+00   0.11689E+02   0.00000E+00  -0.24885E-05   0.00000E+00
  2.499   4.950    0.49737E-05   0.00000E+00   0.11579E+02   0.00000E+00  -0.24798E-05   0.00000E+00
  2.509   4.960    0.49764E-05   0.00000E+00   0.11471E+02   0.00000E+00  -0.24710E-05   0.00000E+00
  2.519   4.970    0.49788E-05   0.00000E+00   0.11362E+02   0.00000E+00  -0.24621E-05   0.00000E+00
  2.529   4.980    0.49810E-05   0.00000E+00   0.11255E+02   0.00000E+00  -0.24532E-05   0.00000E+00
  2.539   4.990    0.49828E-05   0.00000E+00   0.11148E+02   0.00000E+00  -0.24441E-05   0.00000E+00
