  0.000   0.010   0.685117E+01  0.238156E-09
  0.000   0.020   0.273987E+02 -0.854740E-09
  0.000   0.030   0.616244E+02 -0.135083E-08
  0.000   0.040   0.109498E+03 -0.117782E-08
  0.000   0.050   0.170979E+03  0.387259E-08
  0.000   0.060   0.246011E+03  0.306262E-07
  0.000   0.070   0.334531E+03  0.116082E-06
  0.001   0.080   0.436459E+03  0.350791E-06
  0.001   0.090   0.551707E+03  0.910473E-06
  0.001   0.100   0.680174E+03  0.212066E-05
  0.001   0.110   0.821749E+03  0.454613E-05
  0.001   0.120   0.976307E+03  0.909299E-05
  0.002   0.130   0.114371E+04  0.171882E-04
  0.002   0.140   0.132382E+04  0.309597E-04
  0.002   0.150   0.151648E+04  0.534947E-04
  0.003   0.160   0.172152E+04  0.891520E-04
  0.003   0.170   0.193876E+04  0.143936E-03
  0.003   0.180   0.216801E+04  0.225930E-03
  0.004   0.190   0.240908E+04  0.345840E-03
  0.004   0.200   0.266176E+04  0.517573E-03
  0.004   0.210   0.292584E+04  0.758937E-03
  0.005   0.220   0.320108E+04  0.109243E-02
  0.005   0.230   0.348725E+04  0.154609E-02
  0.006   0.240   0.378412E+04  0.215449E-02
  0.006   0.250   0.409142E+04  0.295979E-02
  0.007   0.260   0.440890E+04  0.401290E-02
  0.007   0.270   0.473629E+04  0.537473E-02
  0.008   0.280   0.507331E+04  0.711757E-02
  0.009   0.290   0.541969E+04  0.932651E-02
  0.009   0.300   0.577513E+04  0.121010E-01
  0.010   0.310   0.613934E+04  0.155563E-01
  0.010   0.320   0.651201E+04  0.198255E-01
  0.011   0.330   0.689285E+04  0.250610E-01
  0.012   0.340   0.728153E+04  0.314362E-01
  0.012   0.350   0.767774E+04  0.391476E-01
  0.013   0.360   0.808116E+04  0.484168E-01
  0.014   0.370   0.849145E+04  0.594920E-01
  0.015   0.380   0.890830E+04  0.726499E-01
  0.016   0.390   0.933136E+04  0.881982E-01
  0.016   0.400   0.976030E+04  0.106477E+00
  0.017   0.410   0.101948E+05  0.127860E+00
  0.018   0.420   0.106344E+05  0.152758E+00
  0.019   0.430   0.110790E+05  0.181619E+00
  0.020   0.440   0.115280E+05  0.214931E+00
  0.021   0.450   0.119812E+05  0.253222E+00
  0.022   0.460   0.124382E+05  0.297064E+00
  0.023   0.470   0.128986E+05  0.347072E+00
  0.023   0.480   0.133622E+05  0.403904E+00
  0.024   0.490   0.138285E+05  0.468267E+00
  0.025   0.500   0.142973E+05  0.540913E+00
  0.027   0.510   0.147681E+05  0.622642E+00
  0.028   0.520   0.152406E+05  0.714302E+00
  0.029   0.530   0.157145E+05  0.816787E+00
  0.030   0.540   0.161894E+05  0.931043E+00
  0.031   0.550   0.166650E+05  0.105806E+01
  0.032   0.560   0.171410E+05  0.119888E+01
  0.033   0.570   0.176170E+05  0.135459E+01
  0.034   0.580   0.180926E+05  0.152631E+01
  0.035   0.590   0.185676E+05  0.171524E+01
  0.037   0.600   0.190417E+05  0.192259E+01
  0.038   0.610   0.195144E+05  0.214962E+01
  0.039   0.620   0.199856E+05  0.239764E+01
  0.040   0.630   0.204548E+05  0.266799E+01
  0.042   0.640   0.209217E+05  0.296205E+01
  0.043   0.650   0.213862E+05  0.328124E+01
  0.044   0.660   0.218478E+05  0.362699E+01
  0.046   0.670   0.223063E+05  0.400079E+01
  0.047   0.680   0.227613E+05  0.440413E+01
  0.049   0.690   0.232127E+05  0.483853E+01
  0.050   0.700   0.236601E+05  0.530554E+01
  0.051   0.710   0.241033E+05  0.580671E+01
  0.053   0.720   0.245419E+05  0.634361E+01
  0.054   0.730   0.249759E+05  0.691781E+01
  0.056   0.740   0.254048E+05  0.753091E+01
  0.057   0.750   0.258285E+05  0.818449E+01
  0.059   0.760   0.262467E+05  0.888013E+01
  0.060   0.770   0.266593E+05  0.961940E+01
  0.062   0.780   0.270659E+05  0.104039E+02
  0.064   0.790   0.274664E+05  0.112351E+02
  0.065   0.800   0.278606E+05  0.121146E+02
  0.067   0.810   0.282483E+05  0.130439E+02
  0.069   0.820   0.286292E+05  0.140246E+02
  0.070   0.830   0.290033E+05  0.150579E+02
  0.072   0.840   0.293703E+05  0.161454E+02
  0.074   0.850   0.297301E+05  0.172885E+02
  0.075   0.860   0.300825E+05  0.184886E+02
  0.077   0.870   0.304274E+05  0.197468E+02
  0.079   0.880   0.307646E+05  0.210645E+02
  0.081   0.890   0.310941E+05  0.224430E+02
  0.083   0.900   0.314156E+05  0.238833E+02
  0.084   0.910   0.317291E+05  0.253866E+02
  0.086   0.920   0.320345E+05  0.269539E+02
  0.088   0.930   0.323316E+05  0.285862E+02
  0.090   0.940   0.326204E+05  0.302845E+02
  0.092   0.950   0.329008E+05  0.320496E+02
  0.094   0.960   0.331727E+05  0.338824E+02
  0.096   0.970   0.334361E+05  0.357835E+02
  0.098   0.980   0.336909E+05  0.377537E+02
  0.100   0.990   0.339370E+05  0.397935E+02
  0.102   1.000   0.341744E+05  0.419036E+02
  0.104   1.010   0.344030E+05  0.440843E+02
  0.106   1.020   0.346229E+05  0.463360E+02
  0.108   1.030   0.348340E+05  0.486592E+02
  0.110   1.040   0.350363E+05  0.510539E+02
  0.112   1.050   0.352298E+05  0.535205E+02
  0.115   1.060   0.354145E+05  0.560591E+02
  0.117   1.070   0.355904E+05  0.586697E+02
  0.119   1.080   0.357575E+05  0.613522E+02
  0.121   1.090   0.359158E+05  0.641066E+02
  0.123   1.100   0.360654E+05  0.669327E+02
  0.126   1.110   0.362062E+05  0.698303E+02
  0.128   1.120   0.363384E+05  0.727991E+02
  0.130   1.130   0.364619E+05  0.758388E+02
  0.133   1.140   0.365769E+05  0.789489E+02
  0.135   1.150   0.366833E+05  0.821290E+02
  0.137   1.160   0.367813E+05  0.853784E+02
  0.140   1.170   0.368709E+05  0.886968E+02
  0.142   1.180   0.369521E+05  0.920832E+02
  0.144   1.190   0.370251E+05  0.955372E+02
  0.147   1.200   0.370899E+05  0.990579E+02
  0.149   1.210   0.371467E+05  0.102644E+03
  0.152   1.220   0.371954E+05  0.106296E+03
  0.154   1.230   0.372362E+05  0.110012E+03
  0.157   1.240   0.372692E+05  0.113791E+03
  0.159   1.250   0.372945E+05  0.117632E+03
  0.162   1.260   0.373123E+05  0.121534E+03
  0.164   1.270   0.373225E+05  0.125497E+03
  0.167   1.280   0.373253E+05  0.129519E+03
  0.170   1.290   0.373209E+05  0.133598E+03
  0.172   1.300   0.373093E+05  0.137734E+03
  0.175   1.310   0.372906E+05  0.141926E+03
  0.178   1.320   0.372651E+05  0.146172E+03
  0.180   1.330   0.372328E+05  0.150471E+03
  0.183   1.340   0.371938E+05  0.154822E+03
  0.186   1.350   0.371483E+05  0.159224E+03
  0.189   1.360   0.370964E+05  0.163674E+03
  0.191   1.370   0.370383E+05  0.168173E+03
  0.194   1.380   0.369740E+05  0.172718E+03
  0.197   1.390   0.369037E+05  0.177308E+03
  0.200   1.400   0.368275E+05  0.181942E+03
  0.203   1.410   0.367456E+05  0.186619E+03
  0.206   1.420   0.366582E+05  0.191337E+03
  0.209   1.430   0.365653E+05  0.196094E+03
  0.211   1.440   0.364670E+05  0.200890E+03
  0.214   1.450   0.363637E+05  0.205722E+03
  0.217   1.460   0.362552E+05  0.210590E+03
  0.220   1.470   0.361419E+05  0.215493E+03
  0.223   1.480   0.360239E+05  0.220428E+03
  0.226   1.490   0.359012E+05  0.225394E+03
  0.229   1.500   0.357741E+05  0.230391E+03
  0.233   1.510   0.356427E+05  0.235416E+03
  0.236   1.520   0.355070E+05  0.240468E+03
  0.239   1.530   0.353673E+05  0.245546E+03
  0.242   1.540   0.352237E+05  0.250649E+03
  0.245   1.550   0.350763E+05  0.255775E+03
  0.248   1.560   0.349253E+05  0.260923E+03
  0.251   1.570   0.347708E+05  0.266091E+03
  0.255   1.580   0.346129E+05  0.271279E+03
  0.258   1.590   0.344517E+05  0.276485E+03
  0.261   1.600   0.342874E+05  0.281708E+03
  0.264   1.610   0.341202E+05  0.286946E+03
  0.268   1.620   0.339501E+05  0.292198E+03
  0.271   1.630   0.337773E+05  0.297464E+03
  0.274   1.640   0.336018E+05  0.302741E+03
  0.278   1.650   0.334239E+05  0.308030E+03
  0.281   1.660   0.332437E+05  0.313328E+03
  0.284   1.670   0.330612E+05  0.318634E+03
  0.288   1.680   0.328765E+05  0.323948E+03
  0.291   1.690   0.326899E+05  0.329268E+03
  0.295   1.700   0.325014E+05  0.334593E+03
  0.298   1.710   0.323111E+05  0.339923E+03
  0.302   1.720   0.321192E+05  0.345256E+03
  0.305   1.730   0.319256E+05  0.350591E+03
  0.309   1.740   0.317307E+05  0.355928E+03
  0.312   1.750   0.315344E+05  0.361265E+03
  0.316   1.760   0.313368E+05  0.366601E+03
  0.319   1.770   0.311381E+05  0.371936E+03
  0.323   1.780   0.309384E+05  0.377269E+03
  0.327   1.790   0.307377E+05  0.382598E+03
  0.330   1.800   0.305361E+05  0.387924E+03
  0.334   1.810   0.303338E+05  0.393245E+03
  0.338   1.820   0.301308E+05  0.398561E+03
  0.341   1.830   0.299272E+05  0.403871E+03
  0.345   1.840   0.297231E+05  0.409174E+03
  0.349   1.850   0.295185E+05  0.414469E+03
  0.353   1.860   0.293137E+05  0.419756E+03
  0.357   1.870   0.291085E+05  0.425035E+03
  0.360   1.880   0.289032E+05  0.430304E+03
  0.364   1.890   0.286977E+05  0.435563E+03
  0.368   1.900   0.284922E+05  0.440812E+03
  0.372   1.910   0.282867E+05  0.446050E+03
  0.376   1.920   0.280813E+05  0.451276E+03
  0.380   1.930   0.278761E+05  0.456490E+03
  0.384   1.940   0.276711E+05  0.461692E+03
  0.388   1.950   0.274663E+05  0.466882E+03
  0.392   1.960   0.272619E+05  0.472057E+03
  0.396   1.970   0.270579E+05  0.477220E+03
  0.400   1.980   0.268543E+05  0.482368E+03
  0.404   1.990   0.266513E+05  0.487502E+03
  0.408   2.000   0.264487E+05  0.492621E+03
  0.412   2.010   0.262468E+05  0.497726E+03
  0.416   2.020   0.260455E+05  0.502815E+03
  0.420   2.030   0.258449E+05  0.507889E+03
  0.424   2.040   0.256451E+05  0.512947E+03
  0.429   2.050   0.254460E+05  0.517989E+03
  0.433   2.060   0.252477E+05  0.523015E+03
  0.437   2.070   0.250503E+05  0.528025E+03
  0.441   2.080   0.248538E+05  0.533018E+03
  0.445   2.090   0.246582E+05  0.537994E+03
  0.450   2.100   0.244635E+05  0.542954E+03
  0.454   2.110   0.242699E+05  0.547897E+03
  0.458   2.120   0.240772E+05  0.552823E+03
  0.463   2.130   0.238856E+05  0.557732E+03
  0.467   2.140   0.236951E+05  0.562623E+03
  0.471   2.150   0.235056E+05  0.567498E+03
  0.476   2.160   0.233173E+05  0.572355E+03
  0.480   2.170   0.231301E+05  0.577195E+03
  0.485   2.180   0.229440E+05  0.582017E+03
  0.489   2.190   0.227592E+05  0.586822E+03
  0.494   2.200   0.225755E+05  0.591609E+03
  0.498   2.210   0.223931E+05  0.596379E+03
  0.503   2.220   0.222118E+05  0.601132E+03
  0.507   2.230   0.220319E+05  0.605867E+03
  0.512   2.240   0.218531E+05  0.610585E+03
  0.516   2.250   0.216757E+05  0.615285E+03
  0.521   2.260   0.214995E+05  0.619968E+03
  0.525   2.270   0.213246E+05  0.624634E+03
  0.530   2.280   0.211510E+05  0.629282E+03
  0.535   2.290   0.209788E+05  0.633913E+03
  0.539   2.300   0.208078E+05  0.638527E+03
  0.544   2.310   0.206381E+05  0.643124E+03
  0.549   2.320   0.204698E+05  0.647704E+03
  0.554   2.330   0.203028E+05  0.652267E+03
  0.558   2.340   0.201371E+05  0.656813E+03
  0.563   2.350   0.199728E+05  0.661342E+03
  0.568   2.360   0.198098E+05  0.665854E+03
  0.573   2.370   0.196482E+05  0.670349E+03
  0.578   2.380   0.194878E+05  0.674828E+03
  0.582   2.390   0.193288E+05  0.679290E+03
  0.587   2.400   0.191712E+05  0.683736E+03
  0.592   2.410   0.190149E+05  0.688165E+03
  0.597   2.420   0.188599E+05  0.692578E+03
  0.602   2.430   0.187062E+05  0.696974E+03
  0.607   2.440   0.185539E+05  0.701354E+03
  0.612   2.450   0.184029E+05  0.705718E+03
  0.617   2.460   0.182532E+05  0.710066E+03
  0.622   2.470   0.181049E+05  0.714398E+03
  0.627   2.480   0.179578E+05  0.718713E+03
  0.632   2.490   0.178121E+05  0.723013E+03
  0.637   2.500   0.176676E+05  0.727297E+03
  0.642   2.510   0.175244E+05  0.731565E+03
  0.648   2.520   0.173826E+05  0.735817E+03
  0.653   2.530   0.172420E+05  0.740053E+03
  0.658   2.540   0.171026E+05  0.744273E+03
  0.663   2.550   0.169646E+05  0.748478E+03
  0.668   2.560   0.168277E+05  0.752667E+03
  0.674   2.570   0.166922E+05  0.756840E+03
  0.679   2.580   0.165579E+05  0.760998E+03
  0.684   2.590   0.164248E+05  0.765140E+03
  0.689   2.600   0.162929E+05  0.769266E+03
  0.695   2.610   0.161622E+05  0.773377E+03
  0.700   2.620   0.160327E+05  0.777472E+03
  0.705   2.630   0.159045E+05  0.781551E+03
  0.711   2.640   0.157774E+05  0.785615E+03
  0.716   2.650   0.156515E+05  0.789663E+03
  0.722   2.660   0.155267E+05  0.793695E+03
  0.727   2.670   0.154031E+05  0.797712E+03
  0.732   2.680   0.152807E+05  0.801713E+03
  0.738   2.690   0.151593E+05  0.805698E+03
  0.743   2.700   0.150391E+05  0.809667E+03
  0.749   2.710   0.149200E+05  0.813620E+03
  0.754   2.720   0.148021E+05  0.817557E+03
  0.760   2.730   0.146852E+05  0.821478E+03
  0.766   2.740   0.145694E+05  0.825383E+03
  0.771   2.750   0.144546E+05  0.829272E+03
  0.777   2.760   0.143409E+05  0.833144E+03
  0.782   2.770   0.142283E+05  0.837001E+03
  0.788   2.780   0.141167E+05  0.840840E+03
  0.794   2.790   0.140061E+05  0.844664E+03
  0.799   2.800   0.138966E+05  0.848470E+03
  0.805   2.810   0.137881E+05  0.852260E+03
  0.811   2.820   0.136805E+05  0.856033E+03
  0.817   2.830   0.135739E+05  0.859788E+03
  0.822   2.840   0.134684E+05  0.863527E+03
  0.828   2.850   0.133637E+05  0.867249E+03
  0.834   2.860   0.132601E+05  0.870953E+03
  0.840   2.870   0.131574E+05  0.874639E+03
  0.846   2.880   0.130556E+05  0.878308E+03
  0.852   2.890   0.129547E+05  0.881959E+03
  0.858   2.900   0.128548E+05  0.885592E+03
  0.864   2.910   0.127557E+05  0.889206E+03
  0.869   2.920   0.126575E+05  0.892803E+03
  0.875   2.930   0.125603E+05  0.896380E+03
  0.881   2.940   0.124639E+05  0.899939E+03
  0.887   2.950   0.123683E+05  0.903479E+03
  0.893   2.960   0.122736E+05  0.907000E+03
  0.899   2.970   0.121798E+05  0.910502E+03
  0.906   2.980   0.120868E+05  0.913984E+03
  0.912   2.990   0.119946E+05  0.917446E+03
  0.918   3.000   0.119032E+05  0.920889E+03
  0.924   3.010   0.118127E+05  0.924311E+03
  0.930   3.020   0.117229E+05  0.927713E+03
  0.936   3.030   0.116339E+05  0.931094E+03
  0.942   3.040   0.115457E+05  0.934455E+03
  0.949   3.050   0.114582E+05  0.937794E+03
  0.955   3.060   0.113716E+05  0.941112E+03
  0.961   3.070   0.112856E+05  0.944408E+03
  0.967   3.080   0.112004E+05  0.947683E+03
  0.974   3.090   0.111160E+05  0.950935E+03
  0.980   3.100   0.110322E+05  0.954165E+03
  0.986   3.110   0.109492E+05  0.957373E+03
  0.993   3.120   0.108669E+05  0.960557E+03
  0.999   3.130   0.107853E+05  0.963719E+03
  1.005   3.140   0.107044E+05  0.966857E+03
  1.012   3.150   0.106241E+05  0.969971E+03
  1.018   3.160   0.105446E+05  0.973062E+03
  1.025   3.170   0.104657E+05  0.976128E+03
  1.031   3.180   0.103874E+05  0.979169E+03
  1.038   3.190   0.103098E+05  0.982186E+03
  1.044   3.200   0.102329E+05  0.985178E+03
  1.051   3.210   0.101566E+05  0.988144E+03
  1.057   3.220   0.100809E+05  0.991084E+03
  1.064   3.230   0.100058E+05  0.993998E+03
  1.070   3.240   0.993136E+04  0.996886E+03
  1.077   3.250   0.985751E+04  0.999748E+03
  1.084   3.260   0.978427E+04  0.100258E+04
  1.090   3.270   0.971161E+04  0.100539E+04
  1.097   3.280   0.963955E+04  0.100817E+04
  1.104   3.290   0.956806E+04  0.101092E+04
  1.110   3.300   0.949714E+04  0.101364E+04
  1.117   3.310   0.942679E+04  0.101634E+04
  1.124   3.320   0.935700E+04  0.101900E+04
  1.131   3.330   0.928777E+04  0.102164E+04
  1.138   3.340   0.921907E+04  0.102425E+04
  1.144   3.350   0.915092E+04  0.102682E+04
  1.151   3.360   0.908330E+04  0.102937E+04
  1.158   3.370   0.901622E+04  0.103189E+04
  1.165   3.380   0.894965E+04  0.103437E+04
  1.172   3.390   0.888360E+04  0.103682E+04
  1.179   3.400   0.881805E+04  0.103925E+04
  1.186   3.410   0.875302E+04  0.104164E+04
  1.193   3.420   0.868848E+04  0.104400E+04
  1.200   3.430   0.862443E+04  0.104632E+04
  1.207   3.440   0.856088E+04  0.104861E+04
  1.214   3.450   0.849780E+04  0.105087E+04
  1.221   3.460   0.843521E+04  0.105310E+04
  1.228   3.470   0.837308E+04  0.105529E+04
  1.235   3.480   0.831142E+04  0.105745E+04
  1.242   3.490   0.825023E+04  0.105957E+04
  1.249   3.500   0.818949E+04  0.106166E+04
  1.256   3.510   0.812920E+04  0.106371E+04
  1.263   3.520   0.806936E+04  0.106572E+04
  1.271   3.530   0.800996E+04  0.106771E+04
  1.278   3.540   0.795100E+04  0.106965E+04
  1.285   3.550   0.789247E+04  0.107156E+04
  1.292   3.560   0.783437E+04  0.107343E+04
  1.300   3.570   0.777669E+04  0.107526E+04
  1.307   3.580   0.771944E+04  0.107705E+04
  1.314   3.590   0.766260E+04  0.107881E+04
  1.322   3.600   0.760616E+04  0.108053E+04
  1.329   3.610   0.755014E+04  0.108221E+04
  1.336   3.620   0.749452E+04  0.108385E+04
  1.344   3.630   0.743929E+04  0.108545E+04
  1.351   3.640   0.738446E+04  0.108701E+04
  1.359   3.650   0.733003E+04  0.108853E+04
  1.366   3.660   0.727597E+04  0.109001E+04
  1.373   3.670   0.722230E+04  0.109145E+04
  1.381   3.680   0.716901E+04  0.109284E+04
  1.388   3.690   0.711609E+04  0.109420E+04
  1.396   3.700   0.706355E+04  0.109551E+04
  1.404   3.710   0.701137E+04  0.109679E+04
  1.411   3.720   0.695956E+04  0.109802E+04
  1.419   3.730   0.690811E+04  0.109920E+04
  1.426   3.740   0.685701E+04  0.110035E+04
  1.434   3.750   0.680627E+04  0.110145E+04
  1.442   3.760   0.675588E+04  0.110251E+04
  1.449   3.770   0.670583E+04  0.110352E+04
  1.457   3.780   0.665614E+04  0.110449E+04
  1.465   3.790   0.660678E+04  0.110541E+04
  1.472   3.800   0.655776E+04  0.110629E+04
  1.480   3.810   0.650907E+04  0.110713E+04
  1.488   3.820   0.646072E+04  0.110792E+04
  1.496   3.830   0.641269E+04  0.110866E+04
  1.504   3.840   0.636499E+04  0.110936E+04
  1.511   3.850   0.631762E+04  0.111001E+04
  1.519   3.860   0.627056E+04  0.111062E+04
  1.527   3.870   0.622383E+04  0.111117E+04
  1.535   3.880   0.617740E+04  0.111169E+04
  1.543   3.890   0.613129E+04  0.111215E+04
  1.551   3.900   0.608549E+04  0.111257E+04
  1.559   3.910   0.603999E+04  0.111294E+04
  1.567   3.920   0.599480E+04  0.111326E+04
  1.575   3.930   0.594991E+04  0.111353E+04
  1.583   3.940   0.590533E+04  0.111376E+04
  1.591   3.950   0.586103E+04  0.111393E+04
  1.599   3.960   0.581703E+04  0.111406E+04
  1.607   3.970   0.577333E+04  0.111414E+04
  1.615   3.980   0.572991E+04  0.111417E+04
  1.623   3.990   0.568678E+04  0.111415E+04
  1.632   4.000   0.564394E+04  0.111408E+04
  1.640   4.010   0.560138E+04  0.111397E+04
  1.648   4.020   0.555910E+04  0.111380E+04
  1.656   4.030   0.551710E+04  0.111358E+04
  1.664   4.040   0.547538E+04  0.111331E+04
  1.673   4.050   0.543393E+04  0.111299E+04
  1.681   4.060   0.539276E+04  0.111263E+04
  1.689   4.070   0.535186E+04  0.111221E+04
  1.697   4.080   0.531122E+04  0.111174E+04
  1.706   4.090   0.527085E+04  0.111122E+04
  1.714   4.100   0.523075E+04  0.111065E+04
  1.723   4.110   0.519091E+04  0.111003E+04
  1.731   4.120   0.515133E+04  0.110936E+04
  1.739   4.130   0.511202E+04  0.110863E+04
  1.748   4.140   0.507296E+04  0.110786E+04
  1.756   4.150   0.503415E+04  0.110704E+04
  1.765   4.160   0.499561E+04  0.110616E+04
  1.773   4.170   0.495731E+04  0.110523E+04
  1.782   4.180   0.491926E+04  0.110426E+04
  1.790   4.190   0.488147E+04  0.110323E+04
  1.799   4.200   0.484392E+04  0.110215E+04
  1.807   4.210   0.480662E+04  0.110102E+04
  1.816   4.220   0.476957E+04  0.109984E+04
  1.825   4.230   0.473276E+04  0.109860E+04
  1.833   4.240   0.469619E+04  0.109732E+04
  1.842   4.250   0.465986E+04  0.109598E+04
  1.851   4.260   0.462377E+04  0.109460E+04
  1.859   4.270   0.458792E+04  0.109316E+04
  1.868   4.280   0.455230E+04  0.109167E+04
  1.877   4.290   0.451692E+04  0.109014E+04
  1.885   4.300   0.448178E+04  0.108855E+04
  1.894   4.310   0.444686E+04  0.108691E+04
  1.903   4.320   0.441218E+04  0.108522E+04
  1.912   4.330   0.437773E+04  0.108348E+04
  1.921   4.340   0.434350E+04  0.108169E+04
  1.930   4.350   0.430951E+04  0.107985E+04
  1.938   4.360   0.427574E+04  0.107796E+04
  1.947   4.370   0.424219E+04  0.107602E+04
  1.956   4.380   0.420887E+04  0.107404E+04
  1.965   4.390   0.417577E+04  0.107200E+04
  1.974   4.400   0.414289E+04  0.106991E+04
  1.983   4.410   0.411023E+04  0.106778E+04
  1.992   4.420   0.407779E+04  0.106560E+04
  2.001   4.430   0.404557E+04  0.106336E+04
  2.010   4.440   0.401357E+04  0.106108E+04
  2.019   4.450   0.398178E+04  0.105876E+04
  2.028   4.460   0.395021E+04  0.105638E+04
  2.037   4.470   0.391885E+04  0.105396E+04
  2.047   4.480   0.388770E+04  0.105149E+04
  2.056   4.490   0.385677E+04  0.104897E+04
  2.065   4.500   0.382604E+04  0.104641E+04
  2.074   4.510   0.379553E+04  0.104380E+04
  2.083   4.520   0.376523E+04  0.104115E+04
  2.093   4.530   0.373513E+04  0.103845E+04
  2.102   4.540   0.370524E+04  0.103570E+04
  2.111   4.550   0.367555E+04  0.103291E+04
  2.120   4.560   0.364607E+04  0.103008E+04
  2.130   4.570   0.361680E+04  0.102720E+04
  2.139   4.580   0.358772E+04  0.102428E+04
  2.148   4.590   0.355885E+04  0.102131E+04
  2.158   4.600   0.353018E+04  0.101830E+04
  2.167   4.610   0.350171E+04  0.101525E+04
  2.177   4.620   0.347344E+04  0.101216E+04
  2.186   4.630   0.344537E+04  0.100902E+04
  2.195   4.640   0.341750E+04  0.100585E+04
  2.205   4.650   0.338982E+04  0.100263E+04
  2.214   4.660   0.336234E+04  0.999375E+03
  2.224   4.670   0.333506E+04  0.996078E+03
  2.233   4.680   0.330797E+04  0.992741E+03
  2.243   4.690   0.328107E+04  0.989366E+03
  2.253   4.700   0.325436E+04  0.985952E+03
  2.262   4.710   0.322785E+04  0.982500E+03
  2.272   4.720   0.320152E+04  0.979010E+03
  2.281   4.730   0.317539E+04  0.975484E+03
  2.291   4.740   0.314945E+04  0.971920E+03
  2.301   4.750   0.312369E+04  0.968321E+03
  2.310   4.760   0.309812E+04  0.964686E+03
  2.320   4.770   0.307274E+04  0.961016E+03
  2.330   4.780   0.304754E+04  0.957312E+03
  2.340   4.790   0.302253E+04  0.953573E+03
  2.349   4.800   0.299771E+04  0.949802E+03
  2.359   4.810   0.297306E+04  0.945997E+03
  2.369   4.820   0.294860E+04  0.942160E+03
  2.379   4.830   0.292432E+04  0.938291E+03
  2.389   4.840   0.290023E+04  0.934391E+03
  2.399   4.850   0.287631E+04  0.930460E+03
  2.409   4.860   0.285257E+04  0.926499E+03
  2.418   4.870   0.282901E+04  0.922509E+03
  2.428   4.880   0.280563E+04  0.918490E+03
  2.438   4.890   0.278242E+04  0.914442E+03
  2.448   4.900   0.275939E+04  0.910366E+03
  2.458   4.910   0.273654E+04  0.906263E+03
  2.468   4.920   0.271386E+04  0.902134E+03
  2.478   4.930   0.269135E+04  0.897978E+03
  2.488   4.940   0.266902E+04  0.893797E+03
  2.499   4.950   0.264686E+04  0.889592E+03
  2.509   4.960   0.262487E+04  0.885361E+03
  2.519   4.970   0.260305E+04  0.881108E+03
  2.529   4.980   0.258140E+04  0.876831E+03
  2.539   4.990   0.255992E+04  0.872531E+03
