  0.000   0.010  -0.386515E-07 -0.272958E+04
  0.000   0.020  -0.616706E-06 -0.272766E+04
  0.000   0.030  -0.311397E-05 -0.272446E+04
  0.000   0.040  -0.980851E-05 -0.271998E+04
  0.000   0.050  -0.238446E-04 -0.271423E+04
  0.000   0.060  -0.491881E-04 -0.270722E+04
  0.000   0.070  -0.905704E-04 -0.269893E+04
  0.001   0.080  -0.153421E-03 -0.268939E+04
  0.001   0.090  -0.243789E-03 -0.267860E+04
  0.001   0.100  -0.368257E-03 -0.266656E+04
  0.001   0.110  -0.533844E-03 -0.265328E+04
  0.001   0.120  -0.747903E-03 -0.263878E+04
  0.002   0.130  -0.101801E-02 -0.262306E+04
  0.002   0.140  -0.135185E-02 -0.260614E+04
  0.002   0.150  -0.175711E-02 -0.258802E+04
  0.003   0.160  -0.224133E-02 -0.256872E+04
  0.003   0.170  -0.281181E-02 -0.254825E+04
  0.003   0.180  -0.347549E-02 -0.252663E+04
  0.004   0.190  -0.423879E-02 -0.250387E+04
  0.004   0.200  -0.510756E-02 -0.247999E+04
  0.004   0.210  -0.608692E-02 -0.245500E+04
  0.005   0.220  -0.718116E-02 -0.242892E+04
  0.005   0.230  -0.839365E-02 -0.240176E+04
  0.006   0.240  -0.972677E-02 -0.237356E+04
  0.006   0.250  -0.111818E-01 -0.234431E+04
  0.007   0.260  -0.127589E-01 -0.231406E+04
  0.007   0.270  -0.144569E-01 -0.228281E+04
  0.008   0.280  -0.162734E-01 -0.225058E+04
  0.009   0.290  -0.182049E-01 -0.221740E+04
  0.009   0.300  -0.202462E-01 -0.218330E+04
  0.010   0.310  -0.223912E-01 -0.214828E+04
  0.010   0.320  -0.246322E-01 -0.211238E+04
  0.011   0.330  -0.269602E-01 -0.207562E+04
  0.012   0.340  -0.293649E-01 -0.203802E+04
  0.012   0.350  -0.318350E-01 -0.199960E+04
  0.013   0.360  -0.343579E-01 -0.196040E+04
  0.014   0.370  -0.369197E-01 -0.192044E+04
  0.015   0.380  -0.395058E-01 -0.187973E+04
  0.016   0.390  -0.421005E-01 -0.183832E+04
  0.016   0.400  -0.446872E-01 -0.179622E+04
  0.017   0.410  -0.472488E-01 -0.175346E+04
  0.018   0.420  -0.497674E-01 -0.171006E+04
  0.019   0.430  -0.522248E-01 -0.166606E+04
  0.020   0.440  -0.546024E-01 -0.162148E+04
  0.021   0.450  -0.568812E-01 -0.157635E+04
  0.022   0.460  -0.590425E-01 -0.153069E+04
  0.023   0.470  -0.610674E-01 -0.148453E+04
  0.023   0.480  -0.629373E-01 -0.143791E+04
  0.024   0.490  -0.646340E-01 -0.139084E+04
  0.025   0.500  -0.661397E-01 -0.134335E+04
  0.027   0.510  -0.674374E-01 -0.129548E+04
  0.028   0.520  -0.685107E-01 -0.124724E+04
  0.029   0.530  -0.693441E-01 -0.119867E+04
  0.030   0.540  -0.699232E-01 -0.114980E+04
  0.031   0.550  -0.702345E-01 -0.110065E+04
  0.032   0.560  -0.702661E-01 -0.105124E+04
  0.033   0.570  -0.700068E-01 -0.100161E+04
  0.034   0.580  -0.694474E-01 -0.951788E+03
  0.035   0.590  -0.685797E-01 -0.901791E+03
  0.037   0.600  -0.673971E-01 -0.851650E+03
  0.038   0.610  -0.658947E-01 -0.801390E+03
  0.039   0.620  -0.640688E-01 -0.751038E+03
  0.040   0.630  -0.619178E-01 -0.700619E+03
  0.042   0.640  -0.594411E-01 -0.650159E+03
  0.043   0.650  -0.566400E-01 -0.599683E+03
  0.044   0.660  -0.535172E-01 -0.549216E+03
  0.046   0.670  -0.500771E-01 -0.498781E+03
  0.047   0.680  -0.463253E-01 -0.448404E+03
  0.049   0.690  -0.422689E-01 -0.398108E+03
  0.050   0.700  -0.379162E-01 -0.347916E+03
  0.051   0.710  -0.332768E-01 -0.297852E+03
  0.053   0.720  -0.283614E-01 -0.247937E+03
  0.054   0.730  -0.231818E-01 -0.198193E+03
  0.056   0.740  -0.177505E-01 -0.148643E+03
  0.057   0.750  -0.120809E-01 -0.993080E+02
  0.059   0.760  -0.618689E-02 -0.502077E+02
  0.060   0.770  -0.830593E-04 -0.136285E+01
  0.062   0.780   0.621579E-02  0.472069E+02
  0.064   0.790   0.126946E-01  0.954823E+02
  0.065   0.800   0.193383E-01  0.143445E+03
  0.067   0.810   0.261320E-01  0.191076E+03
  0.069   0.820   0.330608E-01  0.238358E+03
  0.070   0.830   0.401104E-01  0.285274E+03
  0.072   0.840   0.472671E-01  0.331808E+03
  0.074   0.850   0.545178E-01  0.377943E+03
  0.075   0.860   0.618503E-01  0.423664E+03
  0.077   0.870   0.692534E-01  0.468956E+03
  0.079   0.880   0.767170E-01  0.513804E+03
  0.081   0.890   0.842323E-01  0.558194E+03
  0.083   0.900   0.917919E-01  0.602114E+03
  0.084   0.910   0.993900E-01  0.645551E+03
  0.086   0.920   0.107022E+00  0.688492E+03
  0.088   0.930   0.114686E+00  0.730926E+03
  0.090   0.940   0.122381E+00  0.772841E+03
  0.092   0.950   0.130108E+00  0.814228E+03
  0.094   0.960   0.137870E+00  0.855076E+03
  0.096   0.970   0.145673E+00  0.895376E+03
  0.098   0.980   0.153523E+00  0.935120E+03
  0.100   0.990   0.161431E+00  0.974297E+03
  0.102   1.000   0.169408E+00  0.101290E+04
  0.104   1.010   0.177468E+00  0.105093E+04
  0.106   1.020   0.185628E+00  0.108836E+04
  0.108   1.030   0.193905E+00  0.112521E+04
  0.110   1.040   0.202320E+00  0.116146E+04
  0.112   1.050   0.210897E+00  0.119710E+04
  0.115   1.060   0.219660E+00  0.123213E+04
  0.117   1.070   0.228637E+00  0.126655E+04
  0.119   1.080   0.237858E+00  0.130036E+04
  0.121   1.090   0.247353E+00  0.133354E+04
  0.123   1.100   0.257157E+00  0.136611E+04
  0.126   1.110   0.267306E+00  0.139804E+04
  0.128   1.120   0.277837E+00  0.142936E+04
  0.130   1.130   0.288790E+00  0.146004E+04
  0.133   1.140   0.300206E+00  0.149010E+04
  0.135   1.150   0.312128E+00  0.151953E+04
  0.137   1.160   0.324602E+00  0.154832E+04
  0.140   1.170   0.337674E+00  0.157650E+04
  0.142   1.180   0.351391E+00  0.160404E+04
  0.144   1.190   0.365804E+00  0.163095E+04
  0.147   1.200   0.380963E+00  0.165724E+04
  0.149   1.210   0.396919E+00  0.168291E+04
  0.152   1.220   0.413727E+00  0.170796E+04
  0.154   1.230   0.431439E+00  0.173239E+04
  0.157   1.240   0.450111E+00  0.175620E+04
  0.159   1.250   0.469800E+00  0.177940E+04
  0.162   1.260   0.490562E+00  0.180199E+04
  0.164   1.270   0.512454E+00  0.182397E+04
  0.167   1.280   0.535534E+00  0.184536E+04
  0.170   1.290   0.559861E+00  0.186615E+04
  0.172   1.300   0.585495E+00  0.188634E+04
  0.175   1.310   0.612494E+00  0.190595E+04
  0.178   1.320   0.640918E+00  0.192498E+04
  0.180   1.330   0.670827E+00  0.194343E+04
  0.183   1.340   0.702281E+00  0.196130E+04
  0.186   1.350   0.735340E+00  0.197862E+04
  0.189   1.360   0.770065E+00  0.199537E+04
  0.191   1.370   0.806515E+00  0.201157E+04
  0.194   1.380   0.844750E+00  0.202722E+04
  0.197   1.390   0.884830E+00  0.204233E+04
  0.200   1.400   0.926816E+00  0.205691E+04
  0.203   1.410   0.970765E+00  0.207096E+04
  0.206   1.420   0.101674E+01  0.208449E+04
  0.209   1.430   0.106479E+01  0.209751E+04
  0.211   1.440   0.111498E+01  0.211002E+04
  0.214   1.450   0.116738E+01  0.212203E+04
  0.217   1.460   0.122202E+01  0.213355E+04
  0.220   1.470   0.127898E+01  0.214459E+04
  0.223   1.480   0.133831E+01  0.215514E+04
  0.226   1.490   0.140006E+01  0.216523E+04
  0.229   1.500   0.146429E+01  0.217486E+04
  0.233   1.510   0.153106E+01  0.218403E+04
  0.236   1.520   0.160041E+01  0.219276E+04
  0.239   1.530   0.167241E+01  0.220104E+04
  0.242   1.540   0.174710E+01  0.220890E+04
  0.245   1.550   0.182454E+01  0.221633E+04
  0.248   1.560   0.190478E+01  0.222335E+04
  0.251   1.570   0.198787E+01  0.222995E+04
  0.255   1.580   0.207386E+01  0.223616E+04
  0.258   1.590   0.216280E+01  0.224198E+04
  0.261   1.600   0.225475E+01  0.224740E+04
  0.264   1.610   0.234974E+01  0.225246E+04
  0.268   1.620   0.244783E+01  0.225714E+04
  0.271   1.630   0.254906E+01  0.226146E+04
  0.274   1.640   0.265348E+01  0.226543E+04
  0.278   1.650   0.276114E+01  0.226905E+04
  0.281   1.660   0.287208E+01  0.227233E+04
  0.284   1.670   0.298635E+01  0.227527E+04
  0.288   1.680   0.310399E+01  0.227790E+04
  0.291   1.690   0.322505E+01  0.228020E+04
  0.295   1.700   0.334956E+01  0.228220E+04
  0.298   1.710   0.347758E+01  0.228389E+04
  0.302   1.720   0.360913E+01  0.228528E+04
  0.305   1.730   0.374427E+01  0.228639E+04
  0.309   1.740   0.388303E+01  0.228721E+04
  0.312   1.750   0.402546E+01  0.228776E+04
  0.316   1.760   0.417158E+01  0.228804E+04
  0.319   1.770   0.432145E+01  0.228806E+04
  0.323   1.780   0.447510E+01  0.228783E+04
  0.327   1.790   0.463256E+01  0.228734E+04
  0.330   1.800   0.479388E+01  0.228661E+04
  0.334   1.810   0.495909E+01  0.228565E+04
  0.338   1.820   0.512822E+01  0.228445E+04
  0.341   1.830   0.530131E+01  0.228303E+04
  0.345   1.840   0.547840E+01  0.228140E+04
  0.349   1.850   0.565951E+01  0.227955E+04
  0.353   1.860   0.584468E+01  0.227749E+04
  0.357   1.870   0.603395E+01  0.227524E+04
  0.360   1.880   0.622734E+01  0.227279E+04
  0.364   1.890   0.642489E+01  0.227014E+04
  0.368   1.900   0.662663E+01  0.226732E+04
  0.372   1.910   0.683258E+01  0.226431E+04
  0.376   1.920   0.704278E+01  0.226114E+04
  0.380   1.930   0.725725E+01  0.225779E+04
  0.384   1.940   0.747603E+01  0.225428E+04
  0.388   1.950   0.769913E+01  0.225061E+04
  0.392   1.960   0.792659E+01  0.224678E+04
  0.396   1.970   0.815843E+01  0.224281E+04
  0.400   1.980   0.839467E+01  0.223869E+04
  0.404   1.990   0.863535E+01  0.223443E+04
  0.408   2.000   0.888047E+01  0.223003E+04
  0.412   2.010   0.913008E+01  0.222550E+04
  0.416   2.020   0.938418E+01  0.222085E+04
  0.420   2.030   0.964280E+01  0.221607E+04
  0.424   2.040   0.990596E+01  0.221116E+04
  0.429   2.050   0.101737E+02  0.220615E+04
  0.433   2.060   0.104460E+02  0.220102E+04
  0.437   2.070   0.107229E+02  0.219578E+04
  0.441   2.080   0.110044E+02  0.219043E+04
  0.445   2.090   0.112905E+02  0.218499E+04
  0.450   2.100   0.115813E+02  0.217944E+04
  0.454   2.110   0.118767E+02  0.217380E+04
  0.458   2.120   0.121768E+02  0.216807E+04
  0.463   2.130   0.124816E+02  0.216225E+04
  0.467   2.140   0.127911E+02  0.215634E+04
  0.471   2.150   0.131053E+02  0.215036E+04
  0.476   2.160   0.134242E+02  0.214429E+04
  0.480   2.170   0.137478E+02  0.213814E+04
  0.485   2.180   0.140761E+02  0.213192E+04
  0.489   2.190   0.144092E+02  0.212563E+04
  0.494   2.200   0.147471E+02  0.211927E+04
  0.498   2.210   0.150896E+02  0.211284E+04
  0.503   2.220   0.154370E+02  0.210634E+04
  0.507   2.230   0.157891E+02  0.209979E+04
  0.512   2.240   0.161459E+02  0.209318E+04
  0.516   2.250   0.165075E+02  0.208650E+04
  0.521   2.260   0.168739E+02  0.207978E+04
  0.525   2.270   0.172450E+02  0.207300E+04
  0.530   2.280   0.176208E+02  0.206617E+04
  0.535   2.290   0.180014E+02  0.205929E+04
  0.539   2.300   0.183868E+02  0.205236E+04
  0.544   2.310   0.187769E+02  0.204539E+04
  0.549   2.320   0.191717E+02  0.203837E+04
  0.554   2.330   0.195712E+02  0.203131E+04
  0.558   2.340   0.199754E+02  0.202421E+04
  0.563   2.350   0.203844E+02  0.201708E+04
  0.568   2.360   0.207980E+02  0.200990E+04
  0.573   2.370   0.212163E+02  0.200270E+04
  0.578   2.380   0.216392E+02  0.199545E+04
  0.582   2.390   0.220668E+02  0.198818E+04
  0.587   2.400   0.224990E+02  0.198087E+04
  0.592   2.410   0.229358E+02  0.197354E+04
  0.597   2.420   0.233773E+02  0.196618E+04
  0.602   2.430   0.238232E+02  0.195879E+04
  0.607   2.440   0.242737E+02  0.195137E+04
  0.612   2.450   0.247288E+02  0.194393E+04
  0.617   2.460   0.251883E+02  0.193647E+04
  0.622   2.470   0.256523E+02  0.192898E+04
  0.627   2.480   0.261208E+02  0.192148E+04
  0.632   2.490   0.265937E+02  0.191395E+04
  0.637   2.500   0.270709E+02  0.190641E+04
  0.642   2.510   0.275526E+02  0.189884E+04
  0.648   2.520   0.280385E+02  0.189126E+04
  0.653   2.530   0.285287E+02  0.188367E+04
  0.658   2.540   0.290233E+02  0.187606E+04
  0.663   2.550   0.295220E+02  0.186843E+04
  0.668   2.560   0.300249E+02  0.186079E+04
  0.674   2.570   0.305320E+02  0.185314E+04
  0.679   2.580   0.310431E+02  0.184548E+04
  0.684   2.590   0.315584E+02  0.183781E+04
  0.689   2.600   0.320777E+02  0.183013E+04
  0.695   2.610   0.326009E+02  0.182244E+04
  0.700   2.620   0.331282E+02  0.181474E+04
  0.705   2.630   0.336593E+02  0.180703E+04
  0.711   2.640   0.341942E+02  0.179931E+04
  0.716   2.650   0.347330E+02  0.179159E+04
  0.722   2.660   0.352756E+02  0.178386E+04
  0.727   2.670   0.358218E+02  0.177613E+04
  0.732   2.680   0.363717E+02  0.176840E+04
  0.738   2.690   0.369252E+02  0.176066E+04
  0.743   2.700   0.374823E+02  0.175291E+04
  0.749   2.710   0.380429E+02  0.174517E+04
  0.754   2.720   0.386069E+02  0.173742E+04
  0.760   2.730   0.391743E+02  0.172967E+04
  0.766   2.740   0.397451E+02  0.172191E+04
  0.771   2.750   0.403191E+02  0.171416E+04
  0.777   2.760   0.408964E+02  0.170641E+04
  0.782   2.770   0.414768E+02  0.169866E+04
  0.788   2.780   0.420603E+02  0.169091E+04
  0.794   2.790   0.426468E+02  0.168316E+04
  0.799   2.800   0.432364E+02  0.167541E+04
  0.805   2.810   0.438288E+02  0.166767E+04
  0.811   2.820   0.444241E+02  0.165993E+04
  0.817   2.830   0.450222E+02  0.165219E+04
  0.822   2.840   0.456229E+02  0.164445E+04
  0.828   2.850   0.462264E+02  0.163672E+04
  0.834   2.860   0.468324E+02  0.162900E+04
  0.840   2.870   0.474409E+02  0.162127E+04
  0.846   2.880   0.480519E+02  0.161356E+04
  0.852   2.890   0.486652E+02  0.160585E+04
  0.858   2.900   0.492809E+02  0.159814E+04
  0.864   2.910   0.498988E+02  0.159044E+04
  0.869   2.920   0.505188E+02  0.158275E+04
  0.875   2.930   0.511410E+02  0.157507E+04
  0.881   2.940   0.517651E+02  0.156739E+04
  0.887   2.950   0.523912E+02  0.155972E+04
  0.893   2.960   0.530192E+02  0.155206E+04
  0.899   2.970   0.536489E+02  0.154440E+04
  0.906   2.980   0.542804E+02  0.153676E+04
  0.912   2.990   0.549135E+02  0.152912E+04
  0.918   3.000   0.555481E+02  0.152150E+04
  0.924   3.010   0.561843E+02  0.151388E+04
  0.930   3.020   0.568218E+02  0.150628E+04
  0.936   3.030   0.574607E+02  0.149868E+04
  0.942   3.040   0.581008E+02  0.149109E+04
  0.949   3.050   0.587422E+02  0.148352E+04
  0.955   3.060   0.593845E+02  0.147596E+04
  0.961   3.070   0.600279E+02  0.146840E+04
  0.967   3.080   0.606723E+02  0.146086E+04
  0.974   3.090   0.613175E+02  0.145333E+04
  0.980   3.100   0.619634E+02  0.144582E+04
  0.986   3.110   0.626101E+02  0.143831E+04
  0.993   3.120   0.632573E+02  0.143082E+04
  0.999   3.130   0.639051E+02  0.142335E+04
  1.005   3.140   0.645534E+02  0.141588E+04
  1.012   3.150   0.652020E+02  0.140843E+04
  1.018   3.160   0.658508E+02  0.140099E+04
  1.025   3.170   0.664999E+02  0.139357E+04
  1.031   3.180   0.671491E+02  0.138616E+04
  1.038   3.190   0.677984E+02  0.137876E+04
  1.044   3.200   0.684476E+02  0.137138E+04
  1.051   3.210   0.690966E+02  0.136402E+04
  1.057   3.220   0.697455E+02  0.135667E+04
  1.064   3.230   0.703941E+02  0.134933E+04
  1.070   3.240   0.710422E+02  0.134201E+04
  1.077   3.250   0.716900E+02  0.133471E+04
  1.084   3.260   0.723372E+02  0.132742E+04
  1.090   3.270   0.729838E+02  0.132015E+04
  1.097   3.280   0.736297E+02  0.131289E+04
  1.104   3.290   0.742748E+02  0.130565E+04
  1.110   3.300   0.749190E+02  0.129843E+04
  1.117   3.310   0.755623E+02  0.129122E+04
  1.124   3.320   0.762046E+02  0.128404E+04
  1.131   3.330   0.768458E+02  0.127687E+04
  1.138   3.340   0.774858E+02  0.126971E+04
  1.144   3.350   0.781245E+02  0.126258E+04
  1.151   3.360   0.787619E+02  0.125546E+04
  1.158   3.370   0.793978E+02  0.124836E+04
  1.165   3.380   0.800323E+02  0.124128E+04
  1.172   3.390   0.806652E+02  0.123421E+04
  1.179   3.400   0.812964E+02  0.122717E+04
  1.186   3.410   0.819259E+02  0.122014E+04
  1.193   3.420   0.825535E+02  0.121314E+04
  1.200   3.430   0.831793E+02  0.120615E+04
  1.207   3.440   0.838031E+02  0.119918E+04
  1.214   3.450   0.844249E+02  0.119223E+04
  1.221   3.460   0.850445E+02  0.118530E+04
  1.228   3.470   0.856620E+02  0.117839E+04
  1.235   3.480   0.862772E+02  0.117150E+04
  1.242   3.490   0.868900E+02  0.116463E+04
  1.249   3.500   0.875005E+02  0.115778E+04
  1.256   3.510   0.881084E+02  0.115095E+04
  1.263   3.520   0.887138E+02  0.114414E+04
  1.271   3.530   0.893165E+02  0.113735E+04
  1.278   3.540   0.899166E+02  0.113058E+04
  1.285   3.550   0.905139E+02  0.112383E+04
  1.292   3.560   0.911083E+02  0.111710E+04
  1.300   3.570   0.916998E+02  0.111040E+04
  1.307   3.580   0.922884E+02  0.110371E+04
  1.314   3.590   0.928739E+02  0.109705E+04
  1.322   3.600   0.934562E+02  0.109040E+04
  1.329   3.610   0.940354E+02  0.108378E+04
  1.336   3.620   0.946114E+02  0.107718E+04
  1.344   3.630   0.951840E+02  0.107061E+04
  1.351   3.640   0.957533E+02  0.106405E+04
  1.359   3.650   0.963191E+02  0.105752E+04
  1.366   3.660   0.968815E+02  0.105100E+04
  1.373   3.670   0.974402E+02  0.104451E+04
  1.381   3.680   0.979954E+02  0.103805E+04
  1.388   3.690   0.985468E+02  0.103160E+04
  1.396   3.700   0.990946E+02  0.102518E+04
  1.404   3.710   0.996385E+02  0.101878E+04
  1.411   3.720   0.100179E+03  0.101240E+04
  1.419   3.730   0.100715E+03  0.100604E+04
  1.426   3.740   0.101247E+03  0.999711E+03
  1.434   3.750   0.101775E+03  0.993402E+03
  1.442   3.760   0.102299E+03  0.987115E+03
  1.449   3.770   0.102819E+03  0.980851E+03
  1.457   3.780   0.103335E+03  0.974611E+03
  1.465   3.790   0.103846E+03  0.968393E+03
  1.472   3.800   0.104353E+03  0.962199E+03
  1.480   3.810   0.104856E+03  0.956028E+03
  1.488   3.820   0.105355E+03  0.949881E+03
  1.496   3.830   0.105849E+03  0.943757E+03
  1.504   3.840   0.106338E+03  0.937656E+03
  1.511   3.850   0.106823E+03  0.931579E+03
  1.519   3.860   0.107304E+03  0.925526E+03
  1.527   3.870   0.107779E+03  0.919496E+03
  1.535   3.880   0.108251E+03  0.913491E+03
  1.543   3.890   0.108717E+03  0.907508E+03
  1.551   3.900   0.109179E+03  0.901550E+03
  1.559   3.910   0.109635E+03  0.895616E+03
  1.567   3.920   0.110088E+03  0.889705E+03
  1.575   3.930   0.110535E+03  0.883819E+03
  1.583   3.940   0.110977E+03  0.877956E+03
  1.591   3.950   0.111414E+03  0.872118E+03
  1.599   3.960   0.111847E+03  0.866304E+03
  1.607   3.970   0.112274E+03  0.860514E+03
  1.615   3.980   0.112696E+03  0.854748E+03
  1.623   3.990   0.113113E+03  0.849006E+03
  1.632   4.000   0.113525E+03  0.843289E+03
  1.640   4.010   0.113932E+03  0.837596E+03
  1.648   4.020   0.114334E+03  0.831927E+03
  1.656   4.030   0.114730E+03  0.826283E+03
  1.664   4.040   0.115121E+03  0.820663E+03
  1.673   4.050   0.115507E+03  0.815067E+03
  1.681   4.060   0.115888E+03  0.809496E+03
  1.689   4.070   0.116263E+03  0.803949E+03
  1.697   4.080   0.116633E+03  0.798427E+03
  1.706   4.090   0.116998E+03  0.792929E+03
  1.714   4.100   0.117357E+03  0.787456E+03
  1.723   4.110   0.117711E+03  0.782007E+03
  1.731   4.120   0.118059E+03  0.776583E+03
  1.739   4.130   0.118402E+03  0.771183E+03
  1.748   4.140   0.118739E+03  0.765808E+03
  1.756   4.150   0.119071E+03  0.760458E+03
  1.765   4.160   0.119397E+03  0.755132E+03
  1.773   4.170   0.119718E+03  0.749830E+03
  1.782   4.180   0.120033E+03  0.744553E+03
  1.790   4.190   0.120343E+03  0.739301E+03
  1.799   4.200   0.120647E+03  0.734074E+03
  1.807   4.210   0.120945E+03  0.728870E+03
  1.816   4.220   0.121238E+03  0.723692E+03
  1.825   4.230   0.121525E+03  0.718538E+03
  1.833   4.240   0.121807E+03  0.713409E+03
  1.842   4.250   0.122082E+03  0.708304E+03
  1.851   4.260   0.122353E+03  0.703224E+03
  1.859   4.270   0.122617E+03  0.698168E+03
  1.868   4.280   0.122876E+03  0.693137E+03
  1.877   4.290   0.123129E+03  0.688130E+03
  1.885   4.300   0.123377E+03  0.683148E+03
  1.894   4.310   0.123618E+03  0.678191E+03
  1.903   4.320   0.123854E+03  0.673258E+03
  1.912   4.330   0.124085E+03  0.668349E+03
  1.921   4.340   0.124309E+03  0.663465E+03
  1.930   4.350   0.124528E+03  0.658605E+03
  1.938   4.360   0.124742E+03  0.653770E+03
  1.947   4.370   0.124949E+03  0.648959E+03
  1.956   4.380   0.125151E+03  0.644173E+03
  1.965   4.390   0.125347E+03  0.639410E+03
  1.974   4.400   0.125537E+03  0.634673E+03
  1.983   4.410   0.125722E+03  0.629959E+03
  1.992   4.420   0.125901E+03  0.625270E+03
  2.001   4.430   0.126074E+03  0.620605E+03
  2.010   4.440   0.126241E+03  0.615964E+03
  2.019   4.450   0.126403E+03  0.611347E+03
  2.028   4.460   0.126559E+03  0.606755E+03
  2.037   4.470   0.126709E+03  0.602186E+03
  2.047   4.480   0.126854E+03  0.597642E+03
  2.056   4.490   0.126993E+03  0.593122E+03
  2.065   4.500   0.127127E+03  0.588626E+03
  2.074   4.510   0.127254E+03  0.584154E+03
  2.083   4.520   0.127376E+03  0.579705E+03
  2.093   4.530   0.127493E+03  0.575281E+03
  2.102   4.540   0.127604E+03  0.570880E+03
  2.111   4.550   0.127709E+03  0.566504E+03
  2.120   4.560   0.127808E+03  0.562151E+03
  2.130   4.570   0.127902E+03  0.557822E+03
  2.139   4.580   0.127991E+03  0.553516E+03
  2.148   4.590   0.128074E+03  0.549235E+03
  2.158   4.600   0.128151E+03  0.544976E+03
  2.167   4.610   0.128223E+03  0.540742E+03
  2.177   4.620   0.128289E+03  0.536531E+03
  2.186   4.630   0.128350E+03  0.532343E+03
  2.195   4.640   0.128405E+03  0.528179E+03
  2.205   4.650   0.128455E+03  0.524038E+03
  2.214   4.660   0.128499E+03  0.519921E+03
  2.224   4.670   0.128538E+03  0.515826E+03
  2.233   4.680   0.128572E+03  0.511756E+03
  2.243   4.690   0.128600E+03  0.507708E+03
  2.253   4.700   0.128623E+03  0.503683E+03
  2.262   4.710   0.128640E+03  0.499682E+03
  2.272   4.720   0.128653E+03  0.495703E+03
  2.281   4.730   0.128659E+03  0.491747E+03
  2.291   4.740   0.128661E+03  0.487815E+03
  2.301   4.750   0.128657E+03  0.483905E+03
  2.310   4.760   0.128648E+03  0.480018E+03
  2.320   4.770   0.128634E+03  0.476153E+03
  2.330   4.780   0.128615E+03  0.472312E+03
  2.340   4.790   0.128590E+03  0.468493E+03
  2.349   4.800   0.128561E+03  0.464696E+03
  2.359   4.810   0.128526E+03  0.460922E+03
  2.369   4.820   0.128486E+03  0.457171E+03
  2.379   4.830   0.128441E+03  0.453442E+03
  2.389   4.840   0.128391E+03  0.449735E+03
  2.399   4.850   0.128336E+03  0.446050E+03
  2.409   4.860   0.128277E+03  0.442388E+03
  2.418   4.870   0.128212E+03  0.438748E+03
  2.428   4.880   0.128142E+03  0.435129E+03
  2.438   4.890   0.128067E+03  0.431533E+03
  2.448   4.900   0.127988E+03  0.427959E+03
  2.458   4.910   0.127903E+03  0.424407E+03
  2.468   4.920   0.127814E+03  0.420876E+03
  2.478   4.930   0.127720E+03  0.417367E+03
  2.488   4.940   0.127622E+03  0.413880E+03
  2.499   4.950   0.127518E+03  0.410415E+03
  2.509   4.960   0.127410E+03  0.406971E+03
  2.519   4.970   0.127298E+03  0.403548E+03
  2.529   4.980   0.127180E+03  0.400147E+03
  2.539   4.990   0.127058E+03  0.396767E+03
