  0.000   0.010  -0.122719E+01  0.185336E-09
  0.000   0.020  -0.490793E+01  0.631132E-09
  0.000   0.030  -0.110397E+02  0.141607E-08
  0.000   0.040  -0.196183E+02  0.222989E-08
  0.000   0.050  -0.306380E+02  0.245851E-08
  0.000   0.060  -0.440913E+02 -0.877655E-09
  0.000   0.070  -0.599689E+02 -0.143113E-07
  0.001   0.080  -0.782602E+02 -0.543137E-07
  0.001   0.090  -0.989528E+02 -0.152601E-06
  0.001   0.100  -0.122033E+03 -0.367026E-06
  0.001   0.110  -0.147484E+03 -0.799690E-06
  0.001   0.120  -0.175290E+03 -0.161368E-05
  0.002   0.130  -0.205432E+03 -0.306532E-05
  0.002   0.140  -0.237889E+03 -0.553763E-05
  0.002   0.150  -0.272639E+03 -0.958782E-05
  0.003   0.160  -0.309660E+03 -0.160029E-04
  0.003   0.170  -0.348927E+03 -0.258667E-04
  0.003   0.180  -0.390413E+03 -0.406431E-04
  0.004   0.190  -0.434091E+03 -0.622695E-04
  0.004   0.200  -0.479931E+03 -0.932690E-04
  0.004   0.210  -0.527904E+03 -0.136877E-03
  0.005   0.220  -0.577978E+03 -0.197183E-03
  0.005   0.230  -0.630120E+03 -0.279298E-03
  0.006   0.240  -0.684295E+03 -0.389531E-03
  0.006   0.250  -0.740469E+03 -0.535586E-03
  0.007   0.260  -0.798604E+03 -0.726789E-03
  0.007   0.270  -0.858663E+03 -0.974318E-03
  0.008   0.280  -0.920608E+03 -0.129146E-02
  0.009   0.290  -0.984397E+03 -0.169391E-02
  0.009   0.300  -0.104999E+04 -0.220000E-02
  0.010   0.310  -0.111735E+04 -0.283111E-02
  0.010   0.320  -0.118643E+04 -0.361190E-02
  0.011   0.330  -0.125718E+04 -0.457072E-02
  0.012   0.340  -0.132956E+04 -0.573994E-02
  0.012   0.350  -0.140353E+04 -0.715630E-02
  0.013   0.360  -0.147904E+04 -0.886134E-02
  0.014   0.370  -0.155605E+04 -0.109017E-01
  0.015   0.380  -0.163450E+04 -0.133298E-01
  0.016   0.390  -0.171435E+04 -0.162036E-01
  0.016   0.400  -0.179555E+04 -0.195879E-01
  0.017   0.410  -0.187805E+04 -0.235539E-01
  0.018   0.420  -0.196180E+04 -0.281802E-01
  0.019   0.430  -0.204675E+04 -0.335528E-01
  0.020   0.440  -0.213285E+04 -0.397657E-01
  0.021   0.450  -0.222005E+04 -0.469212E-01
  0.022   0.460  -0.230831E+04 -0.551304E-01
  0.023   0.470  -0.239756E+04 -0.645132E-01
  0.023   0.480  -0.248776E+04 -0.751991E-01
  0.024   0.490  -0.257885E+04 -0.873271E-01
  0.025   0.500  -0.267079E+04 -0.101046E+00
  0.027   0.510  -0.276352E+04 -0.116515E+00
  0.028   0.520  -0.285699E+04 -0.133905E+00
  0.029   0.530  -0.295115E+04 -0.153394E+00
  0.030   0.540  -0.304595E+04 -0.175174E+00
  0.031   0.550  -0.314134E+04 -0.199447E+00
  0.032   0.560  -0.323726E+04 -0.226426E+00
  0.033   0.570  -0.333367E+04 -0.256335E+00
  0.034   0.580  -0.343051E+04 -0.289409E+00
  0.035   0.590  -0.352773E+04 -0.325894E+00
  0.037   0.600  -0.362530E+04 -0.366047E+00
  0.038   0.610  -0.372314E+04 -0.410137E+00
  0.039   0.620  -0.382122E+04 -0.458442E+00
  0.040   0.630  -0.391949E+04 -0.511251E+00
  0.042   0.640  -0.401790E+04 -0.568866E+00
  0.043   0.650  -0.411639E+04 -0.631595E+00
  0.044   0.660  -0.421494E+04 -0.699759E+00
  0.046   0.670  -0.431347E+04 -0.773687E+00
  0.047   0.680  -0.441197E+04 -0.853719E+00
  0.049   0.690  -0.451036E+04 -0.940201E+00
  0.050   0.700  -0.460862E+04 -0.103349E+01
  0.051   0.710  -0.470670E+04 -0.113395E+01
  0.053   0.720  -0.480455E+04 -0.124195E+01
  0.054   0.730  -0.490214E+04 -0.135787E+01
  0.056   0.740  -0.499941E+04 -0.148210E+01
  0.057   0.750  -0.509634E+04 -0.161502E+01
  0.059   0.760  -0.519288E+04 -0.175703E+01
  0.060   0.770  -0.528899E+04 -0.190854E+01
  0.062   0.780  -0.538463E+04 -0.206995E+01
  0.064   0.790  -0.547977E+04 -0.224166E+01
  0.065   0.800  -0.557437E+04 -0.242409E+01
  0.067   0.810  -0.566839E+04 -0.261765E+01
  0.069   0.820  -0.576181E+04 -0.282276E+01
  0.070   0.830  -0.585458E+04 -0.303984E+01
  0.072   0.840  -0.594668E+04 -0.326930E+01
  0.074   0.850  -0.603807E+04 -0.351157E+01
  0.075   0.860  -0.612872E+04 -0.376705E+01
  0.077   0.870  -0.621860E+04 -0.403617E+01
  0.079   0.880  -0.630769E+04 -0.431933E+01
  0.081   0.890  -0.639596E+04 -0.461696E+01
  0.083   0.900  -0.648338E+04 -0.492946E+01
  0.084   0.910  -0.656992E+04 -0.525723E+01
  0.086   0.920  -0.665557E+04 -0.560069E+01
  0.088   0.930  -0.674029E+04 -0.596022E+01
  0.090   0.940  -0.682407E+04 -0.633623E+01
  0.092   0.950  -0.690688E+04 -0.672910E+01
  0.094   0.960  -0.698871E+04 -0.713921E+01
  0.096   0.970  -0.706953E+04 -0.756694E+01
  0.098   0.980  -0.714932E+04 -0.801266E+01
  0.100   0.990  -0.722808E+04 -0.847674E+01
  0.102   1.000  -0.730577E+04 -0.895954E+01
  0.104   1.010  -0.738240E+04 -0.946141E+01
  0.106   1.020  -0.745794E+04 -0.998269E+01
  0.108   1.030  -0.753238E+04 -0.105237E+02
  0.110   1.040  -0.760570E+04 -0.110848E+02
  0.112   1.050  -0.767790E+04 -0.116663E+02
  0.115   1.060  -0.774897E+04 -0.122685E+02
  0.117   1.070  -0.781890E+04 -0.128918E+02
  0.119   1.080  -0.788767E+04 -0.135363E+02
  0.121   1.090  -0.795528E+04 -0.142025E+02
  0.123   1.100  -0.802173E+04 -0.148905E+02
  0.126   1.110  -0.808701E+04 -0.156008E+02
  0.128   1.120  -0.815110E+04 -0.163334E+02
  0.130   1.130  -0.821402E+04 -0.170888E+02
  0.133   1.140  -0.827575E+04 -0.178670E+02
  0.135   1.150  -0.833630E+04 -0.186685E+02
  0.137   1.160  -0.839566E+04 -0.194934E+02
  0.140   1.170  -0.845383E+04 -0.203420E+02
  0.142   1.180  -0.851081E+04 -0.212144E+02
  0.144   1.190  -0.856660E+04 -0.221109E+02
  0.147   1.200  -0.862120E+04 -0.230317E+02
  0.149   1.210  -0.867462E+04 -0.239770E+02
  0.152   1.220  -0.872685E+04 -0.249470E+02
  0.154   1.230  -0.877791E+04 -0.259419E+02
  0.157   1.240  -0.882779E+04 -0.269618E+02
  0.159   1.250  -0.887651E+04 -0.280069E+02
  0.162   1.260  -0.892405E+04 -0.290775E+02
  0.164   1.270  -0.897044E+04 -0.301736E+02
  0.167   1.280  -0.901568E+04 -0.312955E+02
  0.170   1.290  -0.905977E+04 -0.324432E+02
  0.172   1.300  -0.910273E+04 -0.336170E+02
  0.175   1.310  -0.914455E+04 -0.348169E+02
  0.178   1.320  -0.918525E+04 -0.360432E+02
  0.180   1.330  -0.922484E+04 -0.372959E+02
  0.183   1.340  -0.926333E+04 -0.385751E+02
  0.186   1.350  -0.930073E+04 -0.398811E+02
  0.189   1.360  -0.933704E+04 -0.412139E+02
  0.191   1.370  -0.937228E+04 -0.425737E+02
  0.194   1.380  -0.940647E+04 -0.439605E+02
  0.197   1.390  -0.943960E+04 -0.453745E+02
  0.200   1.400  -0.947169E+04 -0.468158E+02
  0.203   1.410  -0.950276E+04 -0.482844E+02
  0.206   1.420  -0.953281E+04 -0.497806E+02
  0.209   1.430  -0.956187E+04 -0.513044E+02
  0.211   1.440  -0.958993E+04 -0.528559E+02
  0.214   1.450  -0.961702E+04 -0.544351E+02
  0.217   1.460  -0.964315E+04 -0.560423E+02
  0.220   1.470  -0.966833E+04 -0.576775E+02
  0.223   1.480  -0.969257E+04 -0.593407E+02
  0.226   1.490  -0.971589E+04 -0.610322E+02
  0.229   1.500  -0.973831E+04 -0.627519E+02
  0.233   1.510  -0.975983E+04 -0.644999E+02
  0.236   1.520  -0.978047E+04 -0.662764E+02
  0.239   1.530  -0.980025E+04 -0.680814E+02
  0.242   1.540  -0.981918E+04 -0.699150E+02
  0.245   1.550  -0.983727E+04 -0.717774E+02
  0.248   1.560  -0.985453E+04 -0.736685E+02
  0.251   1.570  -0.987099E+04 -0.755884E+02
  0.255   1.580  -0.988666E+04 -0.775373E+02
  0.258   1.590  -0.990154E+04 -0.795153E+02
  0.261   1.600  -0.991567E+04 -0.815223E+02
  0.264   1.610  -0.992904E+04 -0.835585E+02
  0.268   1.620  -0.994167E+04 -0.856240E+02
  0.271   1.630  -0.995359E+04 -0.877189E+02
  0.274   1.640  -0.996480E+04 -0.898431E+02
  0.278   1.650  -0.997531E+04 -0.919969E+02
  0.281   1.660  -0.998515E+04 -0.941803E+02
  0.284   1.670  -0.999432E+04 -0.963933E+02
  0.288   1.680  -0.100028E+05 -0.986361E+02
  0.291   1.690  -0.100107E+05 -0.100909E+03
  0.295   1.700  -0.100180E+05 -0.103211E+03
  0.298   1.710  -0.100246E+05 -0.105544E+03
  0.302   1.720  -0.100307E+05 -0.107906E+03
  0.305   1.730  -0.100362E+05 -0.110299E+03
  0.309   1.740  -0.100411E+05 -0.112722E+03
  0.312   1.750  -0.100454E+05 -0.115175E+03
  0.316   1.760  -0.100492E+05 -0.117659E+03
  0.319   1.770  -0.100525E+05 -0.120173E+03
  0.323   1.780  -0.100553E+05 -0.122717E+03
  0.327   1.790  -0.100575E+05 -0.125292E+03
  0.330   1.800  -0.100593E+05 -0.127898E+03
  0.334   1.810  -0.100606E+05 -0.130535E+03
  0.338   1.820  -0.100614E+05 -0.133203E+03
  0.341   1.830  -0.100618E+05 -0.135901E+03
  0.345   1.840  -0.100617E+05 -0.138631E+03
  0.349   1.850  -0.100612E+05 -0.141391E+03
  0.353   1.860  -0.100602E+05 -0.144183E+03
  0.357   1.870  -0.100589E+05 -0.147006E+03
  0.360   1.880  -0.100571E+05 -0.149860E+03
  0.364   1.890  -0.100550E+05 -0.152746E+03
  0.368   1.900  -0.100525E+05 -0.155664E+03
  0.372   1.910  -0.100496E+05 -0.158613E+03
  0.376   1.920  -0.100463E+05 -0.161593E+03
  0.380   1.930  -0.100428E+05 -0.164606E+03
  0.384   1.940  -0.100388E+05 -0.167650E+03
  0.388   1.950  -0.100346E+05 -0.170726E+03
  0.392   1.960  -0.100300E+05 -0.173834E+03
  0.396   1.970  -0.100251E+05 -0.176974E+03
  0.400   1.980  -0.100199E+05 -0.180147E+03
  0.404   1.990  -0.100145E+05 -0.183351E+03
  0.408   2.000  -0.100087E+05 -0.186589E+03
  0.412   2.010  -0.100027E+05 -0.189858E+03
  0.416   2.020  -0.999637E+04 -0.193160E+03
  0.420   2.030  -0.998981E+04 -0.196494E+03
  0.424   2.040  -0.998300E+04 -0.199862E+03
  0.429   2.050  -0.997595E+04 -0.203262E+03
  0.433   2.060  -0.996866E+04 -0.206694E+03
  0.437   2.070  -0.996114E+04 -0.210160E+03
  0.441   2.080  -0.995340E+04 -0.213659E+03
  0.445   2.090  -0.994545E+04 -0.217190E+03
  0.450   2.100  -0.993728E+04 -0.220755E+03
  0.454   2.110  -0.992892E+04 -0.224353E+03
  0.458   2.120  -0.992036E+04 -0.227985E+03
  0.463   2.130  -0.991161E+04 -0.231650E+03
  0.467   2.140  -0.990268E+04 -0.235348E+03
  0.471   2.150  -0.989358E+04 -0.239080E+03
  0.476   2.160  -0.988430E+04 -0.242845E+03
  0.480   2.170  -0.987485E+04 -0.246644E+03
  0.485   2.180  -0.986525E+04 -0.250477E+03
  0.489   2.190  -0.985549E+04 -0.254344E+03
  0.494   2.200  -0.984558E+04 -0.258244E+03
  0.498   2.210  -0.983553E+04 -0.262179E+03
  0.503   2.220  -0.982533E+04 -0.266147E+03
  0.507   2.230  -0.981500E+04 -0.270150E+03
  0.512   2.240  -0.980454E+04 -0.274187E+03
  0.516   2.250  -0.979395E+04 -0.278258E+03
  0.521   2.260  -0.978324E+04 -0.282363E+03
  0.525   2.270  -0.977241E+04 -0.286503E+03
  0.530   2.280  -0.976146E+04 -0.290677E+03
  0.535   2.290  -0.975041E+04 -0.294886E+03
  0.539   2.300  -0.973924E+04 -0.299129E+03
  0.544   2.310  -0.972798E+04 -0.303407E+03
  0.549   2.320  -0.971661E+04 -0.307720E+03
  0.554   2.330  -0.970514E+04 -0.312067E+03
  0.558   2.340  -0.969359E+04 -0.316449E+03
  0.563   2.350  -0.968194E+04 -0.320866E+03
  0.568   2.360  -0.967020E+04 -0.325318E+03
  0.573   2.370  -0.965838E+04 -0.329804E+03
  0.578   2.380  -0.964648E+04 -0.334326E+03
  0.582   2.390  -0.963449E+04 -0.338882E+03
  0.587   2.400  -0.962244E+04 -0.343474E+03
  0.592   2.410  -0.961030E+04 -0.348101E+03
  0.597   2.420  -0.959810E+04 -0.352763E+03
  0.602   2.430  -0.958582E+04 -0.357459E+03
  0.607   2.440  -0.957348E+04 -0.362192E+03
  0.612   2.450  -0.956107E+04 -0.366959E+03
  0.617   2.460  -0.954860E+04 -0.371761E+03
  0.622   2.470  -0.953607E+04 -0.376599E+03
  0.627   2.480  -0.952347E+04 -0.381472E+03
  0.632   2.490  -0.951082E+04 -0.386380E+03
  0.637   2.500  -0.949812E+04 -0.391324E+03
  0.642   2.510  -0.948536E+04 -0.396303E+03
  0.648   2.520  -0.947254E+04 -0.401317E+03
  0.653   2.530  -0.945968E+04 -0.406366E+03
  0.658   2.540  -0.944677E+04 -0.411451E+03
  0.663   2.550  -0.943380E+04 -0.416571E+03
  0.668   2.560  -0.942080E+04 -0.421727E+03
  0.674   2.570  -0.940774E+04 -0.426918E+03
  0.679   2.580  -0.939464E+04 -0.432144E+03
  0.684   2.590  -0.938150E+04 -0.437405E+03
  0.689   2.600  -0.936831E+04 -0.442701E+03
  0.695   2.610  -0.935508E+04 -0.448033E+03
  0.700   2.620  -0.934182E+04 -0.453400E+03
  0.705   2.630  -0.932851E+04 -0.458802E+03
  0.711   2.640  -0.931517E+04 -0.464240E+03
  0.716   2.650  -0.930178E+04 -0.469712E+03
  0.722   2.660  -0.928836E+04 -0.475220E+03
  0.727   2.670  -0.927491E+04 -0.480762E+03
  0.732   2.680  -0.926142E+04 -0.486339E+03
  0.738   2.690  -0.924789E+04 -0.491952E+03
  0.743   2.700  -0.923433E+04 -0.497599E+03
  0.749   2.710  -0.922074E+04 -0.503281E+03
  0.754   2.720  -0.920711E+04 -0.508998E+03
  0.760   2.730  -0.919345E+04 -0.514749E+03
  0.766   2.740  -0.917976E+04 -0.520535E+03
  0.771   2.750  -0.916604E+04 -0.526355E+03
  0.777   2.760  -0.915228E+04 -0.532210E+03
  0.782   2.770  -0.913850E+04 -0.538099E+03
  0.788   2.780  -0.912469E+04 -0.544023E+03
  0.794   2.790  -0.911084E+04 -0.549980E+03
  0.799   2.800  -0.909697E+04 -0.555972E+03
  0.805   2.810  -0.908306E+04 -0.561997E+03
  0.811   2.820  -0.906913E+04 -0.568056E+03
  0.817   2.830  -0.905517E+04 -0.574149E+03
  0.822   2.840  -0.904118E+04 -0.580275E+03
  0.828   2.850  -0.902716E+04 -0.586435E+03
  0.834   2.860  -0.901311E+04 -0.592628E+03
  0.840   2.870  -0.899904E+04 -0.598854E+03
  0.846   2.880  -0.898493E+04 -0.605113E+03
  0.852   2.890  -0.897080E+04 -0.611405E+03
  0.858   2.900  -0.895664E+04 -0.617730E+03
  0.864   2.910  -0.894246E+04 -0.624087E+03
  0.869   2.920  -0.892824E+04 -0.630476E+03
  0.875   2.930  -0.891400E+04 -0.636898E+03
  0.881   2.940  -0.889973E+04 -0.643351E+03
  0.887   2.950  -0.888543E+04 -0.649836E+03
  0.893   2.960  -0.887110E+04 -0.656353E+03
  0.899   2.970  -0.885674E+04 -0.662901E+03
  0.906   2.980  -0.884236E+04 -0.669480E+03
  0.912   2.990  -0.882795E+04 -0.676091E+03
  0.918   3.000  -0.881351E+04 -0.682731E+03
  0.924   3.010  -0.879905E+04 -0.689403E+03
  0.930   3.020  -0.878455E+04 -0.696104E+03
  0.936   3.030  -0.877003E+04 -0.702835E+03
  0.942   3.040  -0.875547E+04 -0.709597E+03
  0.949   3.050  -0.874089E+04 -0.716387E+03
  0.955   3.060  -0.872628E+04 -0.723207E+03
  0.961   3.070  -0.871164E+04 -0.730055E+03
  0.967   3.080  -0.869697E+04 -0.736933E+03
  0.974   3.090  -0.868228E+04 -0.743838E+03
  0.980   3.100  -0.866755E+04 -0.750772E+03
  0.986   3.110  -0.865279E+04 -0.757733E+03
  0.993   3.120  -0.863800E+04 -0.764722E+03
  0.999   3.130  -0.862319E+04 -0.771738E+03
  1.005   3.140  -0.860834E+04 -0.778780E+03
  1.012   3.150  -0.859346E+04 -0.785849E+03
  1.018   3.160  -0.857855E+04 -0.792944E+03
  1.025   3.170  -0.856361E+04 -0.800065E+03
  1.031   3.180  -0.854864E+04 -0.807211E+03
  1.038   3.190  -0.853363E+04 -0.814382E+03
  1.044   3.200  -0.851860E+04 -0.821577E+03
  1.051   3.210  -0.850353E+04 -0.828797E+03
  1.057   3.220  -0.848843E+04 -0.836041E+03
  1.064   3.230  -0.847329E+04 -0.843308E+03
  1.070   3.240  -0.845812E+04 -0.850597E+03
  1.077   3.250  -0.844292E+04 -0.857910E+03
  1.084   3.260  -0.842769E+04 -0.865244E+03
  1.090   3.270  -0.841242E+04 -0.872600E+03
  1.097   3.280  -0.839712E+04 -0.879978E+03
  1.104   3.290  -0.838178E+04 -0.887376E+03
  1.110   3.300  -0.836641E+04 -0.894794E+03
  1.117   3.310  -0.835100E+04 -0.902232E+03
  1.124   3.320  -0.833556E+04 -0.909690E+03
  1.131   3.330  -0.832008E+04 -0.917166E+03
  1.138   3.340  -0.830457E+04 -0.924660E+03
  1.144   3.350  -0.828902E+04 -0.932173E+03
  1.151   3.360  -0.827343E+04 -0.939702E+03
  1.158   3.370  -0.825780E+04 -0.947248E+03
  1.165   3.380  -0.824214E+04 -0.954810E+03
  1.172   3.390  -0.822644E+04 -0.962388E+03
  1.179   3.400  -0.821070E+04 -0.969981E+03
  1.186   3.410  -0.819493E+04 -0.977589E+03
  1.193   3.420  -0.817911E+04 -0.985210E+03
  1.200   3.430  -0.816326E+04 -0.992844E+03
  1.207   3.440  -0.814736E+04 -0.100049E+04
  1.214   3.450  -0.813143E+04 -0.100815E+04
  1.221   3.460  -0.811545E+04 -0.101582E+04
  1.228   3.470  -0.809944E+04 -0.102350E+04
  1.235   3.480  -0.808339E+04 -0.103119E+04
  1.242   3.490  -0.806729E+04 -0.103889E+04
  1.249   3.500  -0.805115E+04 -0.104660E+04
  1.256   3.510  -0.803498E+04 -0.105432E+04
  1.263   3.520  -0.801876E+04 -0.106205E+04
  1.271   3.530  -0.800249E+04 -0.106978E+04
  1.278   3.540  -0.798619E+04 -0.107752E+04
  1.285   3.550  -0.796984E+04 -0.108526E+04
  1.292   3.560  -0.795345E+04 -0.109301E+04
  1.300   3.570  -0.793702E+04 -0.110076E+04
  1.307   3.580  -0.792054E+04 -0.110851E+04
  1.314   3.590  -0.790402E+04 -0.111627E+04
  1.322   3.600  -0.788746E+04 -0.112403E+04
  1.329   3.610  -0.787085E+04 -0.113179E+04
  1.336   3.620  -0.785419E+04 -0.113955E+04
  1.344   3.630  -0.783749E+04 -0.114730E+04
  1.351   3.640  -0.782075E+04 -0.115506E+04
  1.359   3.650  -0.780396E+04 -0.116282E+04
  1.366   3.660  -0.778712E+04 -0.117057E+04
  1.373   3.670  -0.777024E+04 -0.117831E+04
  1.381   3.680  -0.775331E+04 -0.118606E+04
  1.388   3.690  -0.773634E+04 -0.119379E+04
  1.396   3.700  -0.771932E+04 -0.120152E+04
  1.404   3.710  -0.770225E+04 -0.120924E+04
  1.411   3.720  -0.768514E+04 -0.121696E+04
  1.419   3.730  -0.766798E+04 -0.122466E+04
  1.426   3.740  -0.765077E+04 -0.123236E+04
  1.434   3.750  -0.763351E+04 -0.124004E+04
  1.442   3.760  -0.761621E+04 -0.124771E+04
  1.449   3.770  -0.759886E+04 -0.125537E+04
  1.457   3.780  -0.758146E+04 -0.126301E+04
  1.465   3.790  -0.756401E+04 -0.127064E+04
  1.472   3.800  -0.754652E+04 -0.127826E+04
  1.480   3.810  -0.752898E+04 -0.128585E+04
  1.488   3.820  -0.751138E+04 -0.129343E+04
  1.496   3.830  -0.749374E+04 -0.130099E+04
  1.504   3.840  -0.747606E+04 -0.130854E+04
  1.511   3.850  -0.745832E+04 -0.131606E+04
  1.519   3.860  -0.744053E+04 -0.132356E+04
  1.527   3.870  -0.742270E+04 -0.133103E+04
  1.535   3.880  -0.740482E+04 -0.133849E+04
  1.543   3.890  -0.738689E+04 -0.134592E+04
  1.551   3.900  -0.736891E+04 -0.135332E+04
  1.559   3.910  -0.735088E+04 -0.136070E+04
  1.567   3.920  -0.733280E+04 -0.136805E+04
  1.575   3.930  -0.731467E+04 -0.137537E+04
  1.583   3.940  -0.729650E+04 -0.138266E+04
  1.591   3.950  -0.727828E+04 -0.138992E+04
  1.599   3.960  -0.726000E+04 -0.139715E+04
  1.607   3.970  -0.724168E+04 -0.140434E+04
  1.615   3.980  -0.722332E+04 -0.141151E+04
  1.623   3.990  -0.720490E+04 -0.141863E+04
  1.632   4.000  -0.718644E+04 -0.142573E+04
  1.640   4.010  -0.716792E+04 -0.143278E+04
  1.648   4.020  -0.714936E+04 -0.143980E+04
  1.656   4.030  -0.713076E+04 -0.144678E+04
  1.664   4.040  -0.711210E+04 -0.145371E+04
  1.673   4.050  -0.709340E+04 -0.146061E+04
  1.681   4.060  -0.707465E+04 -0.146747E+04
  1.689   4.070  -0.705586E+04 -0.147428E+04
  1.697   4.080  -0.703701E+04 -0.148104E+04
  1.706   4.090  -0.701813E+04 -0.148777E+04
  1.714   4.100  -0.699919E+04 -0.149444E+04
  1.723   4.110  -0.698021E+04 -0.150107E+04
  1.731   4.120  -0.696119E+04 -0.150765E+04
  1.739   4.130  -0.694212E+04 -0.151418E+04
  1.748   4.140  -0.692300E+04 -0.152066E+04
  1.756   4.150  -0.690385E+04 -0.152708E+04
  1.765   4.160  -0.688464E+04 -0.153346E+04
  1.773   4.170  -0.686540E+04 -0.153978E+04
  1.782   4.180  -0.684611E+04 -0.154605E+04
  1.790   4.190  -0.682678E+04 -0.155226E+04
  1.799   4.200  -0.680740E+04 -0.155841E+04
  1.807   4.210  -0.678799E+04 -0.156450E+04
  1.816   4.220  -0.676853E+04 -0.157054E+04
  1.825   4.230  -0.674903E+04 -0.157652E+04
  1.833   4.240  -0.672950E+04 -0.158243E+04
  1.842   4.250  -0.670992E+04 -0.158829E+04
  1.851   4.260  -0.669030E+04 -0.159408E+04
  1.859   4.270  -0.667065E+04 -0.159980E+04
  1.868   4.280  -0.665095E+04 -0.160546E+04
  1.877   4.290  -0.663122E+04 -0.161106E+04
  1.885   4.300  -0.661146E+04 -0.161659E+04
  1.894   4.310  -0.659165E+04 -0.162205E+04
  1.903   4.320  -0.657181E+04 -0.162744E+04
  1.912   4.330  -0.655194E+04 -0.163276E+04
  1.921   4.340  -0.653203E+04 -0.163801E+04
  1.930   4.350  -0.651209E+04 -0.164319E+04
  1.938   4.360  -0.649211E+04 -0.164829E+04
  1.947   4.370  -0.647210E+04 -0.165333E+04
  1.956   4.380  -0.645206E+04 -0.165829E+04
  1.965   4.390  -0.643199E+04 -0.166317E+04
  1.974   4.400  -0.641189E+04 -0.166797E+04
  1.983   4.410  -0.639176E+04 -0.167270E+04
  1.992   4.420  -0.637160E+04 -0.167736E+04
  2.001   4.430  -0.635142E+04 -0.168193E+04
  2.010   4.440  -0.633121E+04 -0.168642E+04
  2.019   4.450  -0.631097E+04 -0.169084E+04
  2.028   4.460  -0.629070E+04 -0.169517E+04
  2.037   4.470  -0.627041E+04 -0.169942E+04
  2.047   4.480  -0.625010E+04 -0.170358E+04
  2.056   4.490  -0.622977E+04 -0.170767E+04
  2.065   4.500  -0.620941E+04 -0.171167E+04
  2.074   4.510  -0.618903E+04 -0.171558E+04
  2.083   4.520  -0.616864E+04 -0.171941E+04
  2.093   4.530  -0.614822E+04 -0.172315E+04
  2.102   4.540  -0.612779E+04 -0.172681E+04
  2.111   4.550  -0.610734E+04 -0.173037E+04
  2.120   4.560  -0.608687E+04 -0.173385E+04
  2.130   4.570  -0.606639E+04 -0.173724E+04
  2.139   4.580  -0.604589E+04 -0.174054E+04
  2.148   4.590  -0.602538E+04 -0.174375E+04
  2.158   4.600  -0.600486E+04 -0.174687E+04
  2.167   4.610  -0.598432E+04 -0.174990E+04
  2.177   4.620  -0.596378E+04 -0.175284E+04
  2.186   4.630  -0.594322E+04 -0.175568E+04
  2.195   4.640  -0.592266E+04 -0.175843E+04
  2.205   4.650  -0.590209E+04 -0.176109E+04
  2.214   4.660  -0.588152E+04 -0.176365E+04
  2.224   4.670  -0.586094E+04 -0.176612E+04
  2.233   4.680  -0.584035E+04 -0.176850E+04
  2.243   4.690  -0.581977E+04 -0.177078E+04
  2.253   4.700  -0.579918E+04 -0.177296E+04
  2.262   4.710  -0.577859E+04 -0.177505E+04
  2.272   4.720  -0.575800E+04 -0.177704E+04
  2.281   4.730  -0.573741E+04 -0.177894E+04
  2.291   4.740  -0.571682E+04 -0.178073E+04
  2.301   4.750  -0.569624E+04 -0.178244E+04
  2.310   4.760  -0.567566E+04 -0.178404E+04
  2.320   4.770  -0.565509E+04 -0.178555E+04
  2.330   4.780  -0.563452E+04 -0.178696E+04
  2.340   4.790  -0.561396E+04 -0.178827E+04
  2.349   4.800  -0.559342E+04 -0.178948E+04
  2.359   4.810  -0.557288E+04 -0.179059E+04
  2.369   4.820  -0.555235E+04 -0.179161E+04
  2.379   4.830  -0.553183E+04 -0.179253E+04
  2.389   4.840  -0.551133E+04 -0.179335E+04
  2.399   4.850  -0.549084E+04 -0.179407E+04
  2.409   4.860  -0.547037E+04 -0.179469E+04
  2.418   4.870  -0.544991E+04 -0.179521E+04
  2.428   4.880  -0.542947E+04 -0.179563E+04
  2.438   4.890  -0.540905E+04 -0.179596E+04
  2.448   4.900  -0.538865E+04 -0.179618E+04
  2.458   4.910  -0.536828E+04 -0.179631E+04
  2.468   4.920  -0.534792E+04 -0.179634E+04
  2.478   4.930  -0.532759E+04 -0.179626E+04
  2.488   4.940  -0.530728E+04 -0.179610E+04
  2.499   4.950  -0.528699E+04 -0.179583E+04
  2.509   4.960  -0.526673E+04 -0.179546E+04
  2.519   4.970  -0.524650E+04 -0.179500E+04
  2.529   4.980  -0.522630E+04 -0.179443E+04
  2.539   4.990  -0.520613E+04 -0.179377E+04
