Type:NRELOffshrBsline5MW
Node(m) RNodes(m) AeroTwst(¡£) DRNodes(m)  Chord(m) NFoil
1	2.8667	 13.308   2.7333        3.542      1   (CYLINDER 1)
2	5.6	 13.308	  2.7333        3.854      1   (CYLINDER 1)
3	8.3333	 13.308	  2.7333        4.167      2   (CYLINDER 2)
4	11.75	 13.308	     4.1        4.557      3   (DU40_A17)
5	15.85	 11.48	     4.1	4.652      4   (DU35_A17)
6	19.95	 10.162	     4.1	4.458      4   (DU35_A17)
7	24.05	  9.011	     4.1	4.249      5   (DU30_A17)
8	28.15	  7.795	     4.1	4.007      6   (DU25_A17)
9	32.25	  6.544	     4.1	3.748      6   (DU25_A17)
10	36.35	  5.361	     4.1	3.502      7   (DU20_A17)
11	40.45	  4.188	     4.1	3.256      7   (DU20_A17)
12	44.45	  3.125	     4.1	3.01       8   (NACA64_A17)
13	48.65	  2.319	     4.1	2.764      8   (NACA64_A17)
14	52.75	  1.526	     4.1	2.518      8   (NACA64_A17)
15	56.1667	  0.863	  2.7333	2.313      8   (NACA64_A17)
16	58.9	  0.37	  2.7333	2.086      8   (NACA64_A17)
17	61.6333	  0.106	  2.7333	1.419      8   (NACA64_A17)