 The center of rotation is:
  0.000000000000000E+000  0.000000000000000E+000  0.000000000000000E+000
 The mass matrix is:
   8.19395E+06   0.00000E+00   0.00000E+00   0.00000E+00   -6.1749E+08   0.00000E+00
   0.00000E+00   8.19395E+06   0.00000E+00   6.17489E+08   0.00000E+00   -5.4003E+05
   0.00000E+00   0.00000E+00   8.19395E+06   0.00000E+00   5.40027E+05   0.00000E+00
   0.00000E+00   6.17489E+08   0.00000E+00   6.91199E+10   0.00000E+00   1.01700E+02
   -6.1749E+08   0.00000E+00   5.40027E+05   0.00000E+00   6.91391E+10   0.00000E+00
   0.00000E+00   -5.4003E+05   0.00000E+00   1.01700E+02   0.00000E+00   2.49844E+08     
 The restoring matrix is:
   0.00000E+00   0.00000E+00   0.00000E+00   0.00000E+00   0.00000E+00   0.00000E+00
   0.00000E+00   0.00000E+00   0.00000E+00   0.00000E+00   0.00000E+00   0.00000E+00
   0.00000E+00   0.00000E+00   3.32941E+05   0.00000E+00   0.00000E+00   0.00000E+00
   0.00000E+00   0.00000E+00   0.00000E+00   1.05839E+09   0.00000E+00   0.00000E+00
   0.00000E+00   0.00000E+00   0.00000E+00   0.00000E+00   1.05839E+09   0.00000E+00
   0.00000E+00   0.00000E+00   0.00000E+00   0.00000E+00   0.00000E+00   0.00000E+00
