 The center of gravity is:
  0.000000000000000E+000  0.000000000000000E+000  0.000000000000000E+000
 The mass matrix is:
   1.79735E+07   0.00000E+00   0.00000E+00   0.00000E+00   -8.0198E+07   0.00000E+00
   0.00000E+00   1.79735E+07   0.00000E+00   8.01980E+07   0.00000E+00   0.00000E+00
   0.00000E+00   0.00000E+00   1.79735E+07   0.00000E+00   0.00000E+00   0.00000E+00
   0.00000E+00   8.01980E+07   0.00000E+00   2.81230E+10   0.00000E+00   0.00000E+00
   -8.0198E+07   0.00000E+00   0.00000E+00   0.00000E+00   2.78020E+10   0.00000E+00
   0.00000E+00   0.00000E+00   0.00000E+00   0.00000E+00   0.00000E+00   1.71390E+10  
 The restoring matrix is:
   0.00000E+00   0.00000E+00   0.00000E+00   0.00000E+00   0.00000E+00   0.00000E+00
   0.00000E+00   0.00000E+00   0.00000E+00   0.00000E+00   0.00000E+00   0.00000E+00
   0.00000E+00   0.00000E+00   5.11338E+06   0.00000E+00   0.00000E+00   0.00000E+00
   0.00000E+00   0.00000E+00   0.00000E+00   2.05986E+09   0.00000E+00   0.00000E+00
   0.00000E+00   0.00000E+00   0.00000E+00   0.00000E+00   2.05985E+09   0.00000E+00
   0.00000E+00   0.00000E+00   0.00000E+00   0.00000E+00   0.00000E+00   0.00000E+00
 The linear damping matrix is:
   0.00000E+00   0.00000E+00   0.00000E+00   0.00000E+00   0.00000E+00   0.00000E+00
   0.00000E+00   0.00000E+00   0.00000E+00   0.00000E+00   0.00000E+00   0.00000E+00
   0.00000E+00   0.00000E+00   0.00000E+00   0.00000E+00   0.00000E+00   0.00000E+00
   0.00000E+00   0.00000E+00   0.00000E+00   0.00000E+00   0.00000E+00   0.00000E+00
   0.00000E+00   0.00000E+00   0.00000E+00   0.00000E+00   0.00000E+00   0.00000E+00
   0.00000E+00   0.00000E+00   0.00000E+00   0.00000E+00   0.00000E+00   0.00000E+00
 The Added Heave damping matrix is:
   1.17198E+05   0.00000E+00   0.00000E+00   0.00000E+00   0.00000E+00   0.00000E+00
   0.00000E+00   1.17323E+05   0.00000E+00   0.00000E+00   0.00000E+00   0.00000E+00
   0.00000E+00   0.00000E+00   1.43290E+06   0.00000E+00   0.00000E+00   0.00000E+00
   0.00000E+00   0.00000E+00   0.00000E+00   4.45590E+08   0.00000E+00   0.00000E+00
   0.00000E+00   0.00000E+00   0.00000E+00   0.00000E+00   4.43656E+08   0.00000E+00
   0.00000E+00   0.00000E+00   0.00000E+00   0.00000E+00   0.00000E+00   1.93183E+08