Attack(degree)  Cl     Cd      Cm
 -180.00     0.0000   0.0202   0.0000
 -175.00     0.3680   0.0324   0.1845
 -170.00     0.7350   0.0943   0.3701
 -160.00     0.6950   0.2848   0.2679
 -155.00     0.7770   0.4001   0.3046
 -150.00     0.8280   0.5215   0.3329
 -145.00     0.8500   0.6447   0.3540
 -140.00     0.8460   0.7660   0.3693
 -135.00     0.8180   0.8823   0.3794
 -130.00     0.7710   0.9911   0.3854
 -125.00     0.7050   1.0905   0.3878
 -120.00     0.6240   1.1787   0.3872
 -115.00     0.5300   1.2545   0.3841
 -110.00     0.4260   1.3168   0.3788
 -105.00     0.3140   1.3650   0.3716
 -100.00     0.1950   1.3984   0.3629
  -95.00     0.0730   1.4169   0.3529
  -90.00    -0.0500   1.4201   0.3416
  -85.00    -0.1730   1.4081   0.3292
  -80.00    -0.2940   1.3811   0.3159
  -75.00    -0.4090   1.3394   0.3017
  -70.00    -0.5180   1.2833   0.2866
  -65.00    -0.6170   1.2138   0.2707
  -60.00    -0.7060   1.1315   0.2539
  -55.00    -0.7800   1.0378   0.2364
  -50.00    -0.8390   0.9341   0.2181
  -45.00    -0.8790   0.8221   0.1991
  -40.00    -0.8980   0.7042   0.1792
  -35.00    -0.8930   0.5829   0.1587
  -30.00    -0.8620   0.4616   0.1374
  -25.00    -0.8030   0.3441   0.1154
  -24.00    -0.7920   0.3209   0.1101
  -23.00    -0.7890   0.2972   0.1031
  -22.00    -0.7920   0.2730   0.0947
  -21.00    -0.8010   0.2485   0.0849
  -20.00    -0.8150   0.2237   0.0739
  -19.00    -0.8330   0.1990   0.0618
  -18.00    -0.8540   0.1743   0.0488
  -17.00    -0.8790   0.1498   0.0351
  -16.00    -0.9050   0.1256   0.0208
  -15.00    -0.9320   0.1020   0.0060
  -14.00    -0.9590   0.0789  -0.0091
  -13.00    -0.9850   0.0567  -0.0243
  -13.00    -0.9850   0.0567  -0.0243
  -12.01    -0.9530   0.0271  -0.0349
  -11.00    -0.9000   0.0303  -0.0361
   -9.98    -0.8270   0.0287  -0.0464
   -8.98    -0.7530   0.0271  -0.0534
   -8.47    -0.6910   0.0264  -0.0650
   -7.45    -0.5550   0.0114  -0.0782
   -6.42    -0.4130   0.0094  -0.0904
   -5.40    -0.2710   0.0086  -0.1006
   -5.00    -0.2200   0.0073  -0.1107
   -4.50    -0.1520   0.0071  -0.1135
   -4.00    -0.0840   0.0070  -0.1162
   -3.50    -0.0180   0.0069  -0.1186
   -3.00     0.0490   0.0068  -0.1209
   -2.50     0.1150   0.0068  -0.1231
   -2.00     0.1810   0.0068  -0.1252
   -1.50     0.2470   0.0067  -0.1272
   -1.00     0.3120   0.0067  -0.1293
   -0.50     0.3770   0.0067  -0.1311
    0.00     0.4440   0.0065  -0.1330
    0.50     0.5080   0.0065  -0.1347
    1.00     0.5730   0.0066  -0.1364
    1.50     0.6360   0.0067  -0.1380
    2.00     0.7010   0.0068  -0.1396
    2.50     0.7650   0.0069  -0.1411
    3.00     0.8270   0.0070  -0.1424
    3.50     0.8900   0.0071  -0.1437
    4.00     0.9520   0.0073  -0.1448
    4.50     1.0130   0.0076  -0.1456
    5.00     1.0620   0.0079  -0.1445
    6.00     1.1610   0.0099  -0.1419
    6.50     1.2080   0.0117  -0.1403
    7.00     1.2540   0.0132  -0.1382
    7.50     1.3010   0.0143  -0.1362
    8.00     1.3360   0.0153  -0.1320
    8.50     1.3690   0.0165  -0.1276
    9.00     1.4000   0.0181  -0.1234
    9.50     1.4280   0.0211  -0.1193
   10.00     1.4420   0.0262  -0.1152
   10.50     1.4270   0.0336  -0.1115
   11.00     1.3740   0.0420  -0.1081
   11.50     1.3160   0.0515  -0.1052
   12.00     1.2770   0.0601  -0.1026
   12.50     1.2500   0.0693  -0.1000
   13.00     1.2460   0.0785  -0.0980
   13.50     1.2470   0.0888  -0.0969
   14.00     1.2560   0.1000  -0.0968
   14.50     1.2600   0.1108  -0.0973
   15.00     1.2710   0.1219  -0.0981
   15.50     1.2810   0.1325  -0.0992
   16.00     1.2890   0.1433  -0.1006
   16.50     1.2940   0.1541  -0.1023
   17.00     1.3040   0.1649  -0.1042
   17.50     1.3090   0.1754  -0.1064
   18.00     1.3150   0.1845  -0.1082
   18.50     1.3200   0.1953  -0.1110
   19.00     1.3300   0.2061  -0.1143
   19.50     1.3430   0.2170  -0.1179
   20.00     1.3540   0.2280  -0.1219
   20.50     1.3590   0.2390  -0.1261
   21.00     1.3600   0.2536  -0.1303
   22.00     1.3250   0.2814  -0.1375
   23.00     1.2880   0.3098  -0.1446
   24.00     1.2510   0.3386  -0.1515
   25.00     1.2150   0.3678  -0.1584
   26.00     1.1810   0.3972  -0.1651
   28.00     1.1200   0.4563  -0.1781
   30.00     1.0760   0.5149  -0.1904
   32.00     1.0560   0.5720  -0.2017
   35.00     1.0660   0.6548  -0.2173
   40.00     1.0640   0.7901  -0.2418
   45.00     1.0350   0.9190  -0.2650
   50.00     0.9800   1.0378  -0.2867
   55.00     0.9040   1.1434  -0.3072
   60.00     0.8100   1.2333  -0.3265
   65.00     0.7020   1.3055  -0.3446
   70.00     0.5820   1.3587  -0.3616
   75.00     0.4560   1.3922  -0.3775
   80.00     0.3260   1.4063  -0.3921
   85.00     0.1970   1.4042  -0.4057
   90.00     0.0720   1.3985  -0.4180
   95.00    -0.0500   1.3973  -0.4289
  100.00    -0.1700   1.3810  -0.4385
  105.00    -0.2870   1.3498  -0.4464
  110.00    -0.3990   1.3041  -0.4524
  115.00    -0.5020   1.2442  -0.4563
  120.00    -0.5960   1.1709  -0.4577
  125.00    -0.6770   1.0852  -0.4563
  130.00    -0.7430   0.9883  -0.4514
  135.00    -0.7920   0.8818  -0.4425
  140.00    -0.8210   0.7676  -0.4288
  145.00    -0.8260   0.6481  -0.4095
  150.00    -0.8060   0.5264  -0.3836
  155.00    -0.7580   0.4060  -0.3497
  160.00    -0.6790   0.2912  -0.3065
  170.00    -0.7350   0.0995  -0.3706
  175.00    -0.3680   0.0356  -0.1846
  180.00     0.0000   0.0202   0.0000
