  0.001   0.100   -4.80735e+03    1.02277e+08   -4.46177e+02    7.28825e+09    2.31626e+05   -8.49773e+03
  0.002   0.130   -4.83713e+03    1.02547e+08   -4.64807e+02    7.29295e+09    2.30238e+05   -5.96744e+03
  0.003   0.160   -4.88149e+03    1.02906e+08   -1.89335e+02    7.29907e+09    2.31767e+05   -7.09257e+03
  0.004   0.190   -4.99478e+03    1.03367e+08   -3.07595e+02    7.30681e+09    2.33622e+05   -7.61511e+03
  0.005   0.220   -5.06375e+03    1.03951e+08   -4.24639e+02    7.31641e+09    2.38996e+05   -4.13985e+03
  0.006   0.250   -5.18426e+03    1.04683e+08   -2.58176e+02    7.32821e+09    2.41766e+05   -5.34493e+03
  0.008   0.280   -5.27479e+03    1.05596e+08   -2.87059e+02    7.34270e+09    2.40087e+05   -5.01785e+03
  0.010   0.310   -5.41116e+03    1.06731e+08   -3.19362e+02    7.36052e+09    2.44721e+05   -6.23193e+03
  0.012   0.340   -5.59645e+03    1.08126e+08   -3.36049e+02    7.38255e+09    2.49539e+05   -3.76785e+03
  0.014   0.370   -5.78841e+03    1.09809e+08   -3.14305e+02    7.40981e+09    2.55018e+05   -7.87082e+03
  0.016   0.400   -6.02194e+03    1.11769e+08   -3.14616e+02    7.44335e+09    2.60754e+05   -5.33971e+03
  0.019   0.430   -6.21736e+03    1.13933e+08   -5.47401e+02    7.48406e+09    2.69921e+05   -4.93605e+03
  0.022   0.460   -6.37004e+03    1.16146e+08   -2.24528e+02    7.53212e+09    2.77375e+05   -5.64656e+03
  0.024   0.490   -6.45439e+03    1.18165e+08   -3.29024e+02    7.58661e+09    2.83583e+05   -5.21885e+03
  0.028   0.520   -6.46277e+03    1.19677e+08   -2.71890e+02    7.64515e+09    2.93482e+05   -6.14030e+03
  0.031   0.550   -6.25486e+03    1.20316e+08   -4.90909e+02    7.70339e+09    2.97728e+05   -7.39554e+03
  0.034   0.580   -5.90674e+03    1.19690e+08   -2.46432e+02    7.75494e+09    3.02790e+05   -5.27717e+03
  0.038   0.610   -5.43647e+03    1.17410e+08   -2.84866e+02    7.79120e+09    3.05533e+05   -4.06222e+03
  0.042   0.640   -4.82009e+03    1.13149e+08   -2.59880e+02    7.80155e+09    3.02265e+05   -1.09102e+04
  0.046   0.670   -4.05949e+03    1.06742e+08   -2.83302e+02    7.77429e+09    2.92768e+05   -8.33675e+03
  0.050   0.700   -3.21983e+03    9.83566e+07   -4.63714e+01    7.69802e+09    2.70844e+05   -7.56079e+03
  0.054   0.730   -2.27295e+03    8.87418e+07    4.42834e+01    7.56381e+09    2.45650e+05   -1.08229e+04
  0.059   0.760   -1.23830e+03    7.95362e+07   -8.49139e+01    7.36939e+09    2.10011e+05   -1.02361e+04
  0.064   0.790   -3.29105e+02    7.33911e+07   -5.77233e+01    7.12763e+09    1.69185e+05   -6.21319e+03
  0.069   0.820    4.65064e+02    7.31335e+07    2.72913e+01    6.87845e+09    1.31917e+05   -8.64056e+03
  0.074   0.850    6.06422e+02    7.93034e+07   -4.01583e+01    6.68345e+09    1.08363e+05   -3.78348e+03
  0.079   0.880    1.84396e+02    8.85070e+07   -8.17614e+01    6.58224e+09    1.01273e+05    2.53320e+03
  0.084   0.910   -6.76407e+02    9.61623e+07   -2.37470e+02    6.55909e+09    1.03797e+05    9.15520e+02
  0.090   0.940   -1.69976e+03    1.00124e+08   -1.57096e+02    6.57044e+09    1.12957e+05    1.04489e+03
  0.096   0.970   -2.55572e+03    1.00693e+08   -2.22602e+02    6.58395e+09    1.19560e+05    1.58068e+03
  0.102   1.000   -3.29292e+03    9.89765e+07   -1.90843e+02    6.58671e+09    1.21334e+05    3.57802e+03
  0.108   1.030   -3.85866e+03    9.59563e+07    2.89922e+01    6.57782e+09    1.22958e+05    5.23452e+03
  0.115   1.060   -4.13801e+03    9.22827e+07   -1.09756e+02    6.56112e+09    1.22938e+05    6.58902e+03
  0.121   1.090   -3.94293e+03    8.83085e+07   -2.57386e+02    6.54132e+09    1.22366e+05    8.32344e+03
  0.128   1.120   -3.36616e+03    8.41491e+07   -2.70190e+02    6.52226e+09    1.19955e+05    6.08654e+03
  0.135   1.150   -2.27599e+03    7.97081e+07   -1.15946e+02    6.50603e+09    1.16138e+05    6.48239e+03
  0.142   1.180   -8.69608e+02    7.46641e+07   -9.55590e+01    6.49336e+09    1.12753e+05    4.20424e+03
  0.149   1.210    5.80365e+02    6.86786e+07   -1.19527e+02    6.48480e+09    1.10853e+05    2.89694e+03
  0.157   1.240    1.34720e+03    6.22207e+07    5.17614e+01    6.48321e+09    1.07795e+05    8.72095e+02
  0.164   1.270    1.06426e+03    5.72545e+07   -2.59542e+02    6.49407e+09    1.10865e+05   -9.09641e+02
  0.172   1.300    1.58377e+01    5.57693e+07   -5.38604e+02    6.51967e+09    1.14092e+05   -7.24674e+02
  0.180   1.330   -1.02616e+03    5.76926e+07   -4.81476e+02    6.55453e+09    1.22452e+05    8.42048e+02
  0.189   1.360   -1.57236e+03    6.10230e+07   -3.48242e+02    6.58835e+09    1.29863e+05   -3.13331e+03
  0.197   1.390   -1.66363e+03    6.38762e+07   -2.39583e+02    6.61498e+09    1.31720e+05   -4.77478e+03
  0.206   1.420   -1.54220e+03    6.58064e+07   -2.55433e+02    6.63511e+09    1.32672e+05   -6.47463e+03
  0.214   1.450   -1.44389e+03    6.71541e+07   -3.68092e+02    6.65151e+09    1.34106e+05   -8.81264e+03
  0.223   1.480   -1.53146e+03    6.83750e+07   -3.40711e+02    6.66645e+09    1.32460e+05   -8.24458e+03
  0.233   1.510   -1.73674e+03    6.98515e+07   -4.33456e+02    6.68161e+09    1.35983e+05   -8.83841e+03
  0.242   1.540   -1.77580e+03    7.15008e+07   -3.29155e+02    6.69698e+09    1.34703e+05   -8.70686e+03
  0.251   1.570   -1.63076e+03    7.26609e+07   -3.19378e+02    6.71028e+09    1.38358e+05   -5.38718e+03
  0.261   1.600   -1.66865e+03    7.26431e+07   -2.68533e+02    6.71911e+09    1.37858e+05   -4.65566e+03
  0.271   1.630   -2.13612e+03    7.14609e+07   -3.47880e+02    6.72382e+09    1.44149e+05   -2.29872e+03
  0.281   1.660   -2.55115e+03    7.06024e+07   -3.03603e+02    6.72928e+09    1.41381e+05    2.27202e+03
  0.291   1.690   -2.81204e+03    7.05549e+07   -5.19438e+02    6.73671e+09    1.44716e+05    5.34861e+03
  0.302   1.720   -3.00784e+03    7.08835e+07   -4.17908e+02    6.74462e+09    1.47719e+05    6.53771e+03
  0.312   1.750   -3.29562e+03    7.13639e+07   -5.36357e+02    6.75238e+09    1.44409e+05    5.80904e+03
  0.323   1.780   -3.47802e+03    7.18982e+07   -3.05472e+02    6.75977e+09    1.47709e+05    2.38230e+03
  0.334   1.810   -3.30775e+03    7.22886e+07   -3.40418e+02    6.76628e+09    1.49293e+05    2.91185e+03
  0.345   1.840   -2.66821e+03    7.21577e+07   -4.30682e+02    6.77094e+09    1.51308e+05   -1.49414e+03
  0.357   1.870   -1.93261e+03    7.12647e+07   -3.92410e+02    6.77320e+09    1.53957e+05   -5.13580e+03
  0.368   1.900   -9.00065e+02    7.08341e+07   -5.45313e+02    6.77635e+09    1.51462e+05   -3.89865e+03
  0.380   1.930   -3.05955e+03    7.11037e+07   -4.68144e+02    6.78159e+09    1.50661e+05   -7.91195e+03
  0.392   1.960   -3.38824e+03    7.21352e+07   -3.56461e+02    6.78803e+09    1.52980e+05   -8.77735e+03
  0.404   1.990   -3.40871e+03    7.29496e+07   -3.64907e+02    6.79362e+09    1.53740e+05   -6.78713e+03
  0.416   2.020   -3.32995e+03    7.35340e+07   -4.15458e+02    6.79838e+09    1.57121e+05   -4.33921e+03
  0.429   2.050   -3.50189e+03    7.40238e+07   -2.86537e+02    6.80269e+09    1.55473e+05   -1.57249e+03
  0.441   2.080   -3.74186e+03    7.45281e+07   -4.32211e+02    6.80679e+09    1.56820e+05   -9.90915e+02
  0.454   2.110   -2.78003e+03    7.49120e+07   -3.67487e+02    6.81042e+09    1.55974e+05   -3.24448e+03
  0.467   2.140   -2.03669e+03    7.50356e+07   -1.39632e+02    6.81332e+09    1.58352e+05   -1.23168e+03
  0.480   2.170   -2.88764e+03    7.49969e+07   -4.03659e+02    6.81571e+09    1.58530e+05    4.89259e+02
  0.494   2.200   -3.65480e+03    7.51181e+07   -4.67759e+02    6.81834e+09    1.55210e+05    5.77759e+02
  0.507   2.230   -3.84756e+03    7.53192e+07   -2.83661e+02    6.82100e+09    1.57255e+05   -9.60879e+02
  0.521   2.260   -3.92435e+03    7.55398e+07   -2.64299e+02    6.82356e+09    1.57564e+05   -1.54582e+03
  0.535   2.290   -3.53106e+03    7.57352e+07   -4.74741e+01    6.82599e+09    1.59616e+05   -2.82453e+03
  0.549   2.320   -2.03888e+03    7.57721e+07   -3.08997e+02    6.82802e+09    1.62303e+05   -2.90072e+03
  0.563   2.350   -1.50972e+03    7.56480e+07   -2.67044e+02    6.82983e+09    1.59881e+05   -5.60082e+03
  0.578   2.380   -3.22617e+03    7.57729e+07   -2.95861e+02    6.83225e+09    1.57584e+05   -6.73015e+03
  0.592   2.410   -4.71978e+02    7.70256e+07   -4.44293e+02    6.83741e+09    1.37014e+05   -8.89392e+03
  0.607   2.440   -3.69621e+03    7.65164e+07   -2.27300e+02    6.83629e+09    1.61351e+05    1.59847e+03
  0.622   2.470   -3.19437e+03    7.67027e+07   -3.47292e+02    6.83810e+09    1.60796e+05   -6.93201e+02
  0.637   2.500   -3.41245e+03    7.68897e+07   -2.39192e+02    6.83988e+09    1.58933e+05   -1.58303e+03
  0.653   2.530   -3.26247e+03    7.70877e+07   -3.63022e+02    6.84162e+09    1.60227e+05   -1.68913e+03
  0.668   2.560   -2.60163e+03    7.72411e+07   -2.69669e+02    6.84321e+09    1.59443e+05    4.27899e+02
  0.684   2.590   -3.18663e+03    7.72927e+07   -3.48614e+02    6.84457e+09    1.60231e+05    7.12525e+02
  0.700   2.620   -3.44454e+03    7.73537e+07   -1.04495e+02    6.84590e+09    1.59263e+05   -8.72946e+02
  0.716   2.650   -3.37796e+03    7.74549e+07   -2.36930e+02    6.84724e+09    1.61941e+05   -2.75037e+03
  0.732   2.680   -3.39362e+03    7.75871e+07   -1.67097e+02    6.84858e+09    1.61591e+05   -6.33631e+02
  0.749   2.710   -2.35087e+03    7.77024e+07   -3.10917e+02    6.84986e+09    1.61187e+05   -1.80440e+03
  0.766   2.740   -1.91363e+03    7.77243e+07   -2.80930e+02    6.85094e+09    1.62915e+05   -1.91187e+03
  0.782   2.770   -3.31356e+03    7.77293e+07   -3.19577e+02    6.85196e+09    1.59815e+05   -4.11358e+03
  0.799   2.800   -3.64029e+03    7.77641e+07   -5.63831e+00    6.85301e+09    1.61502e+05   -1.52792e+03
  0.817   2.830   -3.22221e+03    7.79378e+07   -2.43372e+02    6.85420e+09    1.63728e+05   -2.55939e+03
  0.834   2.860   -3.19055e+03    7.80726e+07   -2.15243e+02    6.85528e+09    1.63778e+05   -2.32764e+03
  0.852   2.890   -2.93598e+03    7.81996e+07   -1.89675e+02    6.85634e+09    1.61070e+05   -2.39171e+03
  0.869   2.920   -3.01648e+03    7.82872e+07   -2.16365e+02    6.85728e+09    1.60539e+05   -2.02226e+03
  0.887   2.950   -3.13583e+03    7.83540e+07   -7.48582e+01    6.85818e+09    1.65448e+05   -2.30876e+03
  0.906   2.980   -3.15838e+03    7.83903e+07   -7.74564e+01    6.85902e+09    1.63050e+05   -1.76622e+03
