  0.001   0.100   -1.86659e+02   -7.91446e+02   -8.23759e+03   -6.78662e+03    2.71923e+03    1.45108e+10
  0.002   0.130    3.65982e+00   -8.41770e+02   -9.08420e+03   -6.74821e+03    4.64828e+01    1.45336e+10
  0.003   0.160   -1.13939e+02   -6.49458e+02   -9.80398e+03   -8.13262e+03    1.93842e+03    1.45630e+10
  0.004   0.190   -1.95085e+02   -6.16269e+02   -1.04883e+04   -7.76285e+03    1.19695e+02    1.45992e+10
  0.005   0.220   -1.13668e+02   -7.02639e+02   -1.11406e+04   -7.81619e+03    2.75993e+03    1.46430e+10
  0.006   0.250   -1.51277e+02   -7.68017e+02   -1.18808e+04   -6.93051e+03    1.01404e+03    1.46948e+10
  0.008   0.280   -2.76659e+02   -7.95292e+02   -1.26094e+04   -6.56090e+03    1.69096e+03    1.47557e+10
  0.010   0.310   -1.06709e+02   -7.08330e+02   -1.33738e+04   -8.96575e+03    1.85106e+03    1.48267e+10
  0.012   0.340   -1.95116e+02   -8.49362e+02   -1.40849e+04   -7.98463e+03    8.16750e+02    1.49093e+10
  0.014   0.370   -1.34185e+02   -7.83493e+02   -1.46525e+04   -9.39270e+03    1.52602e+03    1.50054e+10
  0.016   0.400   -1.65575e+02   -9.09847e+02   -1.49357e+04   -7.83640e+03    2.23815e+03    1.51176e+10
  0.019   0.430   -2.70127e+01   -7.89876e+02   -1.47105e+04   -9.43905e+03    9.21196e+02    1.52495e+10
  0.022   0.460   -1.52475e+02   -8.08787e+02   -1.37547e+04   -8.71419e+03    3.00248e+03    1.54054e+10
  0.024   0.490    1.96236e+01   -9.42615e+02   -1.20924e+04   -9.90595e+03    1.11499e+03    1.55912e+10
  0.028   0.520   -5.86236e+01   -1.06834e+03   -9.67775e+03   -1.11371e+04    1.83100e+03    1.58143e+10
  0.031   0.550   -1.74670e+02   -1.03004e+03   -6.88124e+03   -1.21265e+04    2.43963e+03    1.60830e+10
  0.034   0.580   -1.92899e+02   -1.02083e+03   -4.14941e+03   -1.45101e+04    3.07758e+03    1.64064e+10
  0.038   0.610   -7.97555e+00   -1.09701e+03   -2.23766e+03   -1.51102e+04    1.19898e+03    1.67922e+10
  0.042   0.640   -8.19843e+01   -1.21790e+03   -1.80121e+03   -1.59171e+04    2.08122e+03    1.72434e+10
  0.046   0.670   -1.02614e+02   -1.17924e+03   -3.24227e+03   -1.51750e+04    2.76786e+03    1.77536e+10
  0.050   0.700   -1.60063e+02   -1.20345e+03   -6.36404e+03   -1.79506e+04    2.68657e+03    1.82977e+10
  0.054   0.730   -3.22580e+00   -1.18671e+03   -1.06184e+04   -1.67252e+04    1.44976e+03    1.88222e+10
  0.059   0.760   -1.90044e+02   -1.21340e+03   -1.53854e+04   -1.58392e+04    3.51532e+03    1.92356e+10
  0.064   0.790   -2.28060e+02   -1.20730e+03   -1.98262e+04   -1.13246e+04    3.03359e+03    1.94106e+10
  0.069   0.820   -2.26083e+02   -1.28646e+03   -2.34083e+04   -5.70544e+03    2.26903e+03    1.92115e+10
  0.074   0.850   -1.96946e+02   -1.53112e+03   -2.56946e+04   -9.12953e+02    1.46875e+03    1.85516e+10
  0.079   0.880   -1.03079e+02   -1.49072e+03   -2.65705e+04    3.14591e+03    4.87976e+00    1.74564e+10
  0.084   0.910   -2.63923e+02   -1.51174e+03   -2.60846e+04    5.34141e+03    1.33478e+03    1.60781e+10
  0.090   0.940   -1.58209e+02   -1.18418e+03   -2.47235e+04    6.89082e+03    1.04404e+03    1.46394e+10
  0.096   0.970   -1.90028e+02   -6.14156e+02   -2.29077e+04    9.13297e+03   -8.34072e+02    1.33488e+10
  0.102   1.000    3.90655e+01    1.33429e+02   -2.08046e+04    1.17623e+04   -3.81669e+02    1.23477e+10
  0.108   1.030    3.91397e+01    1.08590e+03   -1.83274e+04    1.58184e+04   -2.10870e+02    1.17060e+10
  0.115   1.060   -5.94643e+01    2.15792e+03   -1.45100e+04    1.77080e+04   -1.39425e+03    1.14391e+10
  0.121   1.090    1.76399e+02    3.05549e+03   -9.89579e+03    2.02180e+04   -1.77918e+03    1.15163e+10
  0.128   1.120    3.40497e+02    3.78487e+03   -8.87825e+03    1.98194e+04   -1.79136e+03    1.18426e+10
  0.135   1.150    2.37885e+02    3.96896e+03   -1.01350e+04    1.80914e+04   -1.84856e+03    1.22215e+10
  0.142   1.180    1.74860e+02    3.41807e+03   -1.13130e+04    1.26730e+04   -1.36296e+03    1.23662e+10
  0.149   1.210    5.21798e+01    1.90635e+03   -1.19927e+04    6.78085e+03   -2.25992e+03    1.20438e+10
  0.157   1.240    1.08113e+02    3.21183e+02   -1.21299e+04    1.81652e+03   -1.35875e+03    1.12625e+10
  0.164   1.270    7.59814e+01   -7.70835e+02   -1.18846e+04   -4.44183e+02    5.35585e+02    1.02500e+10
  0.172   1.300    1.01655e+02   -6.62007e+02   -1.13743e+04   -5.62142e+02   -1.27754e+03    9.25771e+09
  0.180   1.330    1.36862e+01   -6.40259e+02   -1.05934e+04   -2.34917e+03   -7.21861e+02    8.45183e+09
  0.189   1.360   -6.86774e+01   -1.03517e+03   -9.75581e+03   -5.48607e+03    2.27769e+02    7.94046e+09
  0.197   1.390   -1.17643e+02   -1.61237e+03   -9.02383e+03   -1.06200e+04    1.01779e+03    7.81547e+09
  0.206   1.420   -1.87976e+02   -2.09680e+03   -8.72121e+03   -1.29148e+04    2.49199e+03    8.08887e+09
  0.214   1.450   -2.53695e+02   -2.20002e+03   -8.64619e+03   -1.40213e+04    1.02079e+03    8.56382e+09
  0.223   1.480   -4.27918e+01   -2.07936e+03   -8.79626e+03   -1.21880e+04    1.88558e+03    8.94474e+09
  0.233   1.510   -6.87301e+01   -1.73150e+03   -9.42267e+03   -1.08497e+04    2.46576e+03    9.10530e+09
  0.242   1.540   -8.80390e+01   -1.57074e+03   -1.00185e+04   -8.10819e+03   -1.52133e+02    9.08301e+09
  0.251   1.570   -1.00469e+01   -1.36068e+03   -1.03795e+04   -8.19227e+03    1.16004e+03    8.93211e+09
  0.261   1.600   -1.49936e+02   -9.06810e+02   -1.03610e+04   -4.62856e+03    2.92340e+02    8.66365e+09
  0.271   1.630   -3.68621e+00    2.91143e+02   -9.67391e+03    2.35129e+03   -1.10802e+03    8.29187e+09
  0.281   1.660   -3.46686e+01    1.86662e+03   -8.31822e+03    9.23077e+03    1.48191e+01    7.99397e+09
  0.291   1.690   -1.58055e+01    2.49478e+03   -7.22474e+03    1.16937e+04   -6.54169e+02    8.02850e+09
  0.302   1.720    1.37439e+00    2.21852e+03   -6.95284e+03    1.21763e+04   -2.27269e+02    8.29229e+09
  0.312   1.750   -5.43743e+01    1.78261e+03   -7.34983e+03    8.98236e+03   -8.19237e+02    8.56786e+09
  0.323   1.780   -8.70762e+01    1.17598e+03   -8.04680e+03    6.75406e+03   -1.71879e+03    8.78515e+09
  0.334   1.810   -4.14056e+01    4.65687e+02   -8.69584e+03    2.62184e+03    1.61845e+02    8.92797e+09
  0.345   1.840   -8.67604e+01   -3.79274e+02   -9.34918e+03   -2.13341e+03   -9.57027e+01    8.96960e+09
  0.357   1.870   -1.14235e+02   -1.20791e+03   -9.86242e+03   -3.21026e+03   -6.25462e+02    8.89402e+09
  0.368   1.900    2.99579e+01   -1.58889e+03   -9.80471e+03   -5.73516e+03    9.24668e+02    8.75542e+09
  0.380   1.930   -8.87223e+01   -1.73037e+03   -9.09131e+03   -8.67512e+03    6.36113e+02    8.65377e+09
  0.392   1.960    8.00390e+00   -1.73410e+03   -8.15360e+03   -8.60486e+03   -1.32324e+02    8.65967e+09
  0.404   1.990    7.25659e+01   -1.33979e+03   -7.28689e+03   -5.98578e+03   -4.45505e+02    8.79885e+09
  0.416   2.020    7.02414e+01   -6.50869e+02   -7.39144e+03   -4.72111e+03    9.44046e+01    8.99746e+09
  0.429   2.050    2.70967e+01   -2.47857e+02   -8.21035e+03   -1.56353e+03    5.00942e+02    9.13807e+09
  0.441   2.080    6.35454e+01    3.38670e+01   -9.10236e+03   -6.96930e+01    1.40825e+02    9.19927e+09
  0.454   2.110    6.89188e+01    1.27965e+02   -9.92361e+03    5.42310e+02   -2.15413e+02    9.20841e+09
  0.467   2.140    5.66783e+01    4.61427e+01   -1.04384e+04    4.93200e+02    9.29962e+02    9.17482e+09
  0.480   2.170    8.55649e+01    3.14977e+02   -1.01719e+04    2.06586e+03   -2.78201e+02    9.09934e+09
  0.494   2.200    7.50322e+01    3.39548e+02   -8.58906e+03    2.08203e+02    2.60567e+02    9.08191e+09
  0.507   2.230    9.28836e+01   -2.95523e+02   -7.70716e+03   -1.44879e+03    3.82475e+02    9.20158e+09
  0.521   2.260    4.47135e+01   -8.24629e+02   -8.04052e+03   -2.71349e+03   -2.45005e+02    9.32187e+09
  0.535   2.290   -1.38831e+02   -1.19193e+03   -8.91718e+03   -3.95745e+03    1.05892e+02    9.39317e+09
  0.549   2.320   -7.60312e+01   -1.60794e+03   -9.93805e+03   -4.58397e+03    5.64222e+02    9.41390e+09
  0.563   2.350    7.46311e+02   -2.13700e+03   -1.05726e+04   -5.08377e+03   -1.71443e+03    9.37093e+09
  0.578   2.380    7.19912e+02   -1.47859e+03   -9.35271e+03   -4.39929e+03    1.23424e+03    9.26240e+09
  0.592   2.410    3.80610e+03    1.80041e+03   -1.26533e+03   -5.05803e+03   -1.23996e+04    1.00461e+10
  0.607   2.440   -8.05336e+02    1.58078e+03   -7.69998e+03    3.82167e+03    2.47521e+03    9.68419e+09
  0.622   2.470   -4.80338e+02    6.94476e+02   -8.14898e+03    1.47378e+03    1.15895e+03    9.68380e+09
  0.637   2.500   -3.98840e+02    4.72508e+02   -9.24392e+03    1.52311e+03    1.41599e+02    9.72837e+09
  0.653   2.530   -1.05644e+02    3.89755e+02   -1.02233e+04    1.05794e+03    4.36199e+02    9.75267e+09
  0.668   2.560   -1.70070e+02    4.11505e+02   -1.06679e+04   -4.16844e+02   -6.42306e+02    9.75507e+09
  0.684   2.590   -3.10508e+01    6.27640e+02   -1.01187e+04   -7.54017e+02   -8.74721e+02    9.72513e+09
  0.700   2.620   -3.68152e+01    5.76885e+02   -8.34204e+03   -1.01192e+03   -1.50913e+02    9.69472e+09
  0.716   2.650   -1.19721e+02    2.47034e+02   -8.38493e+03   -2.09642e+03    9.06588e+02    9.75627e+09
  0.732   2.680   -1.92325e+02   -3.05963e+00   -9.38875e+03   -9.84116e+02   -1.03524e+03    9.81998e+09
  0.749   2.710   -2.12463e+02   -1.24246e+02   -1.00836e+04   -2.57220e+03   -4.92175e+02    9.86040e+09
  0.766   2.740   -1.72880e+02   -3.88805e+02   -1.04761e+04   -1.41745e+03   -9.71315e+02    9.88242e+09
  0.782   2.770    4.62854e+00   -6.71170e+02   -9.57591e+03   -1.43703e+03    2.09611e+03    9.86770e+09
  0.799   2.800   -1.60420e+01    1.03512e+03   -9.25860e+03   -3.17184e+01    1.68065e+03    9.86038e+09
  0.817   2.830    9.02707e+01   -3.31525e+02   -8.96201e+03   -7.98216e+02   -6.97665e+02    9.88335e+09
  0.834   2.860    1.87051e+02    3.06021e+01   -9.48379e+03   -2.96821e+02   -1.73623e+03    9.94299e+09
  0.852   2.890    7.25200e+01    3.79472e+00   -1.03293e+04    5.27702e+01    2.21177e+02    9.97395e+09
  0.869   2.920    3.92727e+01    1.07390e+01   -1.05436e+04   -1.90526e+03   -2.58846e+00    9.99090e+09
  0.887   2.950    1.10385e+02   -2.40489e+01   -9.99400e+03   -9.49457e+02   -7.41247e+02    9.98999e+09
  0.906   2.980   -5.53489e+01   -1.28262e+02   -8.82063e+03   -1.12610e+03   -4.08336e+02    9.96925e+09
