  0.001   0.100    8.75654e+01   -4.23902e+01    2.31730e+07   -6.02420e+02   -7.84046e+02   -9.23754e+03
  0.002   0.130    8.89940e+01   -4.21006e+01    2.30761e+07   -4.89157e+02   -6.48742e+02   -9.20515e+03
  0.003   0.160    8.88895e+01   -4.24252e+01    2.30018e+07   -4.60981e+02   -6.14443e+02   -9.15816e+03
  0.004   0.190    8.94466e+01   -4.24596e+01    2.29460e+07   -4.46307e+02   -4.05927e+02   -9.17180e+03
  0.005   0.220    8.96905e+01   -4.31429e+01    2.29080e+07   -5.64050e+02   -5.31128e+02   -9.16500e+03
  0.006   0.250    9.16656e+01   -4.21388e+01    2.28900e+07   -6.23432e+02   -4.81736e+02   -9.10663e+03
  0.008   0.280    9.28777e+01   -4.44088e+01    2.28974e+07   -4.97118e+02   -5.97223e+02   -9.08788e+03
  0.010   0.310    9.35923e+01   -4.48240e+01    2.29382e+07   -6.08938e+02   -5.89075e+02   -9.02987e+03
  0.012   0.340    9.60830e+01   -4.59012e+01    2.30231e+07   -7.67651e+02   -6.54013e+02   -8.99902e+03
  0.014   0.370    9.71045e+01   -4.56503e+01    2.31634e+07   -7.65716e+02   -7.75647e+02   -8.85862e+03
  0.016   0.400    1.01066e+02   -4.86107e+01    2.33663e+07   -7.62670e+02   -6.99166e+02   -8.68032e+03
  0.019   0.430    1.03060e+02   -4.77561e+01    2.36285e+07   -6.07124e+02   -9.18365e+02   -8.39418e+03
  0.022   0.460    1.06721e+02   -4.89709e+01    2.39301e+07   -6.15073e+02   -4.96578e+02   -7.99751e+03
  0.024   0.490    1.09477e+02   -4.89242e+01    2.42309e+07   -7.30701e+02   -8.72163e+02   -7.35669e+03
  0.028   0.520    1.09715e+02   -5.12319e+01    2.44713e+07   -7.32359e+02   -9.35100e+02   -6.68017e+03
  0.031   0.550    1.11250e+02   -5.08577e+01    2.45797e+07   -8.96805e+02   -1.06094e+03   -5.96927e+03
  0.034   0.580    1.09907e+02   -4.94281e+01    2.44900e+07   -7.95104e+02   -1.03223e+03   -5.42192e+03
  0.038   0.610    1.06404e+02   -4.76896e+01    2.41694e+07   -5.74361e+02   -1.10703e+03   -5.37413e+03
  0.042   0.640    1.02176e+02   -4.47219e+01    2.36452e+07   -5.01223e+02   -1.09774e+03   -6.10677e+03
  0.046   0.670    9.65126e+01   -4.43216e+01    2.30035e+07   -5.47022e+02   -1.01820e+03   -7.54195e+03
  0.050   0.700    9.00019e+01   -4.06198e+01    2.23560e+07   -6.64934e+02   -7.82216e+02   -9.68639e+03
  0.054   0.730    8.46817e+01   -3.72161e+01    2.17926e+07   -5.01700e+02   -6.90017e+02   -1.23841e+04
  0.059   0.760    7.87084e+01   -3.85556e+01    2.13571e+07   -3.63069e+02   -7.52093e+02   -1.51175e+04
  0.064   0.790    7.67497e+01   -3.87112e+01    2.10498e+07   -3.41665e+02   -6.16039e+02   -1.77252e+04
  0.069   0.820    7.94464e+01   -3.67971e+01    2.08480e+07   -3.16336e+02   -2.76833e+02   -1.97905e+04
  0.074   0.850    8.41370e+01   -4.01594e+01    2.07226e+07   -3.21452e+02   -4.21036e+02   -2.12038e+04
  0.079   0.880    9.32563e+01   -4.16100e+01    2.06497e+07   -3.31259e+02   -2.34995e+02   -2.16548e+04
  0.084   0.910    1.00759e+02   -4.18477e+01    2.06138e+07   -3.02039e+02   -2.08430e+02   -2.11968e+04
  0.090   0.940    1.07172e+02   -3.84386e+01    2.06092e+07   -2.81808e+02   -2.16907e+02   -1.99041e+04
  0.096   0.970    1.10207e+02   -3.61024e+01    2.06399e+07   -3.56967e+02   -2.88531e+02   -1.80663e+04
  0.102   1.000    1.16015e+02   -3.26072e+01    2.07223e+07   -3.94907e+02   -2.09986e+02   -1.55440e+04
  0.108   1.030    1.24041e+02   -3.05650e+01    2.08903e+07   -4.78723e+02   -3.00496e+02   -1.23628e+04
  0.115   1.060    1.30415e+02   -2.67145e+01    2.11571e+07   -2.94662e+02   -3.10576e+02   -7.99408e+03
  0.121   1.090    1.15214e+02   -2.31767e+01    2.12626e+07   -2.69053e+02   -1.61822e+02   -4.40759e+03
  0.128   1.120    7.39403e+01   -1.78769e+01    2.10258e+07   -2.28119e+02    1.66178e+01   -4.83052e+03
  0.135   1.150    4.25078e+01   -1.09977e+01    2.08474e+07   -4.60854e+02    2.07937e+02   -6.22625e+03
  0.142   1.180    2.00093e+01   -6.16581e+00    2.07917e+07   -3.50911e+02    2.83980e+02   -7.36393e+03
  0.149   1.210    4.22360e+00   -2.50510e+00    2.07959e+07   -2.34080e+02    3.90944e+02   -8.48809e+03
  0.157   1.240   -4.84543e+00   -4.99150e+00    2.08254e+07   -4.20989e+02    4.96500e+01   -9.68462e+03
  0.164   1.270    2.23314e+00   -1.29834e+01    2.08655e+07   -3.85878e+02    6.03558e+01   -1.07277e+04
  0.172   1.300    1.53438e+01   -2.42260e+01    2.09097e+07   -5.45810e+02    7.78025e+01   -1.15567e+04
  0.180   1.330    3.14024e+01   -3.03032e+01    2.09554e+07   -4.99159e+02   -6.34916e+01   -1.20281e+04
  0.189   1.360    4.05127e+01   -3.46218e+01    2.10013e+07   -4.58639e+02   -6.39999e+01   -1.22060e+04
  0.197   1.390    4.19478e+01   -3.35182e+01    2.10466e+07   -4.52848e+02   -9.19725e+01   -1.21804e+04
  0.206   1.420    3.70165e+01   -3.14662e+01    2.10918e+07   -4.00719e+02    3.16402e+01   -1.20948e+04
  0.214   1.450    3.02931e+01   -3.04989e+01    2.11396e+07   -3.05865e+02    1.46518e+02   -1.15235e+04
  0.223   1.480    2.96060e+01   -3.14314e+01    2.11856e+07   -2.24608e+02    8.13763e+01   -1.08726e+04
  0.233   1.510    3.42957e+01   -3.08421e+01    2.12237e+07   -3.66782e+02   -1.37400e+02   -1.09498e+04
  0.242   1.540    3.93795e+01   -3.26820e+01    2.12582e+07   -3.30287e+02    2.84965e+01   -1.11910e+04
  0.251   1.570    4.36505e+01   -3.11422e+01    2.12901e+07   -3.17699e+02   -1.05392e+02   -1.12592e+04
  0.261   1.600    3.96239e+01   -2.92549e+01    2.13196e+07   -2.95562e+02   -4.70303e+01   -1.10538e+04
  0.271   1.630    2.90628e+01   -2.60658e+01    2.13467e+07   -3.38766e+02    1.04610e+02   -1.05316e+04
  0.281   1.660    1.98050e+01   -2.43607e+01    2.13714e+07   -2.08950e+02    1.27163e+02   -9.60326e+03
  0.291   1.690    1.77600e+01   -2.70344e+01    2.13941e+07   -2.71536e+02    7.66842e+01   -8.77568e+03
  0.302   1.720    1.92390e+01   -2.55594e+01    2.14146e+07   -1.84262e+02   -6.04496e+00   -8.61344e+03
  0.312   1.750    1.88279e+01   -2.64247e+01    2.14333e+07   -2.58260e+02    4.59276e+01   -8.83316e+03
  0.323   1.780    1.97563e+01   -2.65955e+01    2.14506e+07   -3.22533e+02   -8.84535e+01   -9.35855e+03
  0.334   1.810    1.94834e+01   -2.74692e+01    2.14663e+07   -3.30389e+02    8.33626e+00   -9.74054e+03
  0.345   1.840    1.93846e+01   -2.84373e+01    2.14806e+07   -2.59106e+02   -8.32296e+01   -1.01816e+04
  0.357   1.870    2.08350e+01   -3.08234e+01    2.14939e+07   -2.26127e+02   -7.71456e+01   -1.04756e+04
  0.368   1.900    7.75390e+01   -3.29394e+01    2.15067e+07   -4.45145e+02   -2.43581e+02   -1.00498e+04
  0.380   1.930    3.09560e+01   -3.02001e+01    2.15170e+07   -4.66502e+02   -1.49826e+02   -9.82582e+03
  0.392   1.960    2.90022e+01   -2.91377e+01    2.15275e+07   -3.46357e+02   -1.52891e+02   -8.85568e+03
  0.404   1.990    2.89010e+01   -2.72938e+01    2.15372e+07   -3.46158e+02   -1.56191e+02   -7.92698e+03
  0.416   2.020    2.98350e+01   -2.99589e+01    2.15462e+07   -3.74545e+02   -1.08410e+02   -7.93612e+03
  0.429   2.050    3.06495e+01   -3.02011e+01    2.15544e+07   -3.65837e+02   -3.57654e+02   -8.55202e+03
  0.441   2.080    3.30347e+01   -3.12281e+01    2.15623e+07   -4.52629e+02   -2.28379e+02   -9.44828e+03
  0.454   2.110    4.06449e+01   -3.05376e+01    2.15698e+07   -4.34021e+02   -1.84227e+02   -1.02776e+04
  0.467   2.140    4.60926e+01   -2.99856e+01    2.15767e+07   -4.73020e+02   -1.01513e+02   -1.08446e+04
  0.480   2.170    4.94320e+01   -2.95592e+01    2.15834e+07   -5.04410e+02   -1.63652e+02   -1.05851e+04
  0.494   2.200    4.70193e+01   -2.94511e+01    2.15895e+07   -4.41931e+02   -2.84637e+02   -9.08574e+03
  0.507   2.230    4.25694e+01   -2.95978e+01    2.15955e+07   -6.22568e+02   -3.45908e+02   -8.10917e+03
  0.521   2.260    3.92881e+01   -3.00484e+01    2.16010e+07   -5.22275e+02   -3.15401e+02   -8.37328e+03
  0.535   2.290    2.88392e+01   -3.01745e+01    2.16062e+07   -3.97747e+02   -1.31542e+02   -9.15890e+03
  0.549   2.320    1.62730e+01   -3.00861e+01    2.16113e+07   -4.44543e+02   -1.93814e+02   -9.99115e+03
  0.563   2.350    1.84242e+01   -2.97547e+01    2.16161e+07   -3.83464e+02   -2.37638e+02   -1.04289e+04
  0.578   2.380    3.86529e+01   -3.13322e+01    2.16206e+07   -5.59691e+02   -1.03648e+02   -9.77460e+03
  0.592   2.410    2.09606e+01   -3.06764e+01    2.16250e+07   -2.75839e+02   -1.30322e+02   -1.21062e+04
  0.607   2.440    5.35760e+01   -3.21087e+01    2.16292e+07   -5.80578e+02   -3.76422e+02   -7.99151e+03
  0.622   2.470    5.13890e+01   -3.14798e+01    2.16330e+07   -5.63722e+02   -2.87617e+02   -8.47558e+03
  0.637   2.500    5.17883e+01   -3.23988e+01    2.16368e+07   -5.99045e+02   -1.85619e+02   -9.63013e+03
  0.653   2.530    5.72128e+01   -3.12467e+01    2.16403e+07   -4.96422e+02   -3.63613e+02   -1.05384e+04
  0.668   2.560    5.86290e+01   -3.05182e+01    2.16437e+07   -5.23503e+02   -1.95566e+02   -1.10253e+04
  0.684   2.590    4.71349e+01   -3.09856e+01    2.16469e+07   -6.13282e+02   -2.35417e+02   -1.04909e+04
  0.700   2.620    3.77062e+01   -3.01082e+01    2.16500e+07   -6.46615e+02   -1.89826e+02   -8.74572e+03
  0.716   2.650    3.48810e+01   -3.03726e+01    2.16530e+07   -5.88445e+02   -2.39961e+02   -8.60440e+03
  0.732   2.680    3.20312e+01   -3.07373e+01    2.16559e+07   -4.91894e+02   -1.55949e+02   -9.54461e+03
  0.749   2.710    2.55960e+01   -3.18310e+01    2.16586e+07   -5.39206e+02   -1.06189e+02   -1.02113e+04
  0.766   2.740    3.36551e+01   -3.06501e+01    2.16612e+07   -3.84567e+02   -1.87034e+02   -1.05135e+04
  0.782   2.770    4.48949e+01   -3.02518e+01    2.16638e+07   -4.26819e+02   -1.86870e+02   -9.92320e+03
  0.799   2.800    5.43110e+01   -2.95255e+01    2.16663e+07   -3.70060e+02   -2.49001e+02   -9.65385e+03
  0.817   2.830    5.66598e+01   -3.07186e+01    2.16686e+07   -3.64422e+02   -1.38706e+02   -8.95996e+03
  0.834   2.860    5.30412e+01   -3.16113e+01    2.16709e+07   -6.08559e+02   -1.95574e+02   -9.88043e+03
  0.852   2.890    5.18619e+01   -3.08467e+01    2.16733e+07   -4.83949e+02   -3.60782e+02   -1.02538e+04
  0.869   2.920    5.12201e+01   -3.03423e+01    2.16752e+07   -4.97943e+02   -2.99073e+02   -1.05348e+04
  0.887   2.950    4.55396e+01   -3.30612e+01    2.16773e+07   -3.85783e+02   -3.38369e+02   -1.02646e+04
  0.906   2.980    3.77468e+01   -3.24589e+01    2.16793e+07   -4.31257e+02   -3.36445e+02   -9.06317e+03
