  0.001   0.100    1.13855e+07    5.21732e+02    8.98515e+01    1.82471e+04   -1.02226e+08   -2.21774e+02
  0.002   0.130    1.14213e+07    5.25582e+02    9.03825e+01    1.83841e+04   -1.02495e+08   -1.77107e+02
  0.003   0.160    1.14676e+07    5.32470e+02    9.13826e+01    1.84590e+04   -1.02852e+08   -1.07774e+02
  0.004   0.190    1.15256e+07    5.40503e+02    9.11191e+01    1.85706e+04   -1.03312e+08   -4.95000e+01
  0.005   0.220    1.15966e+07    5.49645e+02    9.12075e+01    1.87533e+04   -1.03893e+08   -2.47204e+02
  0.006   0.250    1.16824e+07    5.59385e+02    9.14266e+01    1.89719e+04   -1.04622e+08   -2.50367e+02
  0.008   0.280    1.17841e+07    5.75475e+02    9.16685e+01    1.91915e+04   -1.05532e+08   -4.60123e+01
  0.010   0.310    1.19024e+07    5.90419e+02    9.33721e+01    1.95104e+04   -1.06662e+08   -1.43979e+02
  0.012   0.340    1.20352e+07    6.09205e+02    9.54692e+01    1.99311e+04   -1.08052e+08   -2.02119e+02
  0.014   0.370    1.21769e+07    6.31468e+02    9.85523e+01    2.03527e+04   -1.09729e+08   -1.69155e+02
  0.016   0.400    1.23167e+07    6.47961e+02    1.01267e+02    2.07984e+04   -1.11683e+08   -1.03730e+02
  0.019   0.430    1.24383e+07    6.62113e+02    1.02700e+02    2.13532e+04   -1.13843e+08   -7.40242e+01
  0.022   0.460    1.25229e+07    6.70776e+02    1.04870e+02    2.18462e+04   -1.16053e+08   -1.97200e+02
  0.024   0.490    1.25528e+07    6.66155e+02    1.08643e+02    2.22804e+04   -1.18072e+08   -1.08558e+02
  0.028   0.520    1.25156e+07    6.47737e+02    1.09251e+02    2.25612e+04   -1.19589e+08   -2.38670e+02
  0.031   0.550    1.24061e+07    6.10083e+02    1.07157e+02    2.25962e+04   -1.20239e+08   -2.51778e+02
  0.034   0.580    1.22280e+07    5.53788e+02    1.06251e+02    2.23081e+04   -1.19628e+08   -1.86181e+01
  0.038   0.610    1.19940e+07    4.83385e+02    1.04063e+02    2.16409e+04   -1.17370e+08   -7.02476e+01
  0.042   0.640    1.17278e+07    4.01517e+02    9.86431e+01    2.04381e+04   -1.13137e+08   -1.89028e+02
  0.046   0.670    1.14683e+07    3.08331e+02    9.14619e+01    1.89165e+04   -1.06763e+08    4.69063e+01
  0.050   0.700    1.12752e+07    2.18417e+02    8.37253e+01    1.69186e+04   -9.84126e+07   -2.69005e+02
  0.054   0.730    1.12322e+07    1.40456e+02    7.79213e+01    1.46592e+04   -8.88322e+07   -6.97402e+01
  0.059   0.760    1.14324e+07    8.87619e+01    7.28761e+01    1.27160e+04   -7.96534e+07   -2.20800e+02
  0.064   0.790    1.19215e+07    8.26394e+01    7.04620e+01    1.14181e+04   -7.35191e+07   -1.77171e+02
  0.069   0.820    1.25926e+07    1.29740e+02    7.26141e+01    1.13529e+04   -7.32486e+07   -2.85992e+02
  0.074   0.850    1.31441e+07    2.26683e+02    7.85334e+01    1.23578e+04   -7.93841e+07   -1.41240e+02
  0.079   0.880    1.32881e+07    3.53043e+02    8.67145e+01    1.35942e+04   -8.85476e+07   -2.19791e+02
  0.084   0.910    1.30151e+07    4.67042e+02    9.40514e+01    1.44980e+04   -9.61738e+07   -2.12995e+02
  0.090   0.940    1.25278e+07    5.46867e+02    9.92428e+01    1.48181e+04   -1.00123e+08   -2.34860e+02
  0.096   0.970    1.20204e+07    5.86917e+02    1.01405e+02    1.45914e+04   -1.00693e+08   -9.24977e+01
  0.102   1.000    1.15931e+07    5.90096e+02    1.04277e+02    1.40261e+04   -9.89860e+07   -7.80021e+01
  0.108   1.030    1.12753e+07    5.62423e+02    1.08284e+02    1.33037e+04   -9.59796e+07   -2.15344e+01
  0.115   1.060    1.10592e+07    5.04337e+02    1.16887e+02    1.25691e+04   -9.23205e+07    1.16529e+02
  0.121   1.090    1.09188e+07    4.13840e+02    1.13016e+02    1.19197e+04   -8.83595e+07    2.45129e+01
  0.128   1.120    1.08085e+07    2.88459e+02    8.76822e+01    1.15165e+04   -8.42100e+07    6.35311e+01
  0.135   1.150    1.06368e+07    1.39587e+02    6.32187e+01    1.12211e+04   -7.97731e+07    4.73009e+01
  0.142   1.180    1.02174e+07   -1.35228e+01    4.60607e+01    1.10521e+04   -7.47247e+07    5.04796e+01
  0.149   1.210    9.26494e+06   -1.07663e+02    3.19598e+01    1.08234e+04   -6.87206e+07    4.08825e+01
  0.157   1.240    7.63957e+06   -7.70852e+01    2.44823e+01    1.03500e+04   -6.22299e+07    4.81490e+00
  0.164   1.270    5.77977e+06    4.37257e+01    2.42766e+01    9.49606e+03   -5.72271e+07    7.55989e+01
  0.172   1.300    4.48320e+06    1.43483e+02    3.06512e+01    8.76742e+03   -5.57160e+07   -3.73410e+01
  0.180   1.330    4.11477e+06    1.94966e+02    3.87495e+01    8.75759e+03   -5.76306e+07    2.08627e+01
  0.189   1.360    4.39804e+06    2.27685e+02    4.31947e+01    9.30913e+03   -6.09657e+07   -9.02322e+01
  0.197   1.390    4.86113e+06    2.46255e+02    4.49742e+01    9.86981e+03   -6.38298e+07   -1.01616e+02
  0.206   1.420    5.27526e+06    2.48881e+02    4.44312e+01    1.01209e+04   -6.57705e+07   -1.92481e+02
  0.214   1.450    5.63568e+06    2.40888e+02    3.99355e+01    1.00039e+04   -6.71281e+07   -2.58275e+02
  0.223   1.480    6.01538e+06    2.33646e+02    3.94956e+01    9.57827e+03   -6.83586e+07   -2.29712e+02
  0.233   1.510    6.48586e+06    2.35342e+02    4.33015e+01    9.28254e+03   -6.98432e+07   -2.05354e+02
  0.242   1.540    6.99381e+06    2.32197e+02    4.83424e+01    9.49895e+03   -7.14969e+07   -1.39062e+02
  0.251   1.570    7.34316e+06    2.23158e+02    4.98112e+01    1.01996e+04   -7.26561e+07   -1.85858e+02
  0.261   1.600    7.32961e+06    2.32717e+02    4.69952e+01    1.08453e+04   -7.26287e+07   -1.52650e+02
  0.271   1.630    6.92222e+06    2.44513e+02    3.77127e+01    1.06926e+04   -7.14307e+07   -1.15298e+02
  0.281   1.660    6.57346e+06    2.41976e+02    2.97562e+01    1.01245e+04   -7.05633e+07   -7.95977e+01
  0.291   1.690    6.47478e+06    2.35135e+02    2.84424e+01    9.68092e+03   -7.05147e+07   -2.00523e+01
  0.302   1.720    6.50459e+06    2.28034e+02    3.02745e+01    9.42924e+03   -7.08449e+07   -5.36199e+01
  0.312   1.750    6.59181e+06    2.28213e+02    3.05197e+01    9.22566e+03   -7.13277e+07   -2.37516e+01
  0.323   1.780    6.70231e+06    2.27512e+02    3.02921e+01    9.13295e+03   -7.18640e+07   -5.51285e+01
  0.334   1.810    6.76456e+06    2.28804e+02    3.33569e+01    9.57444e+03   -7.22552e+07   -1.08518e+02
  0.345   1.840    6.63836e+06    3.05729e+02    3.71739e+01    1.10159e+04   -7.21225e+07   -2.09543e+02
  0.357   1.870    6.22098e+06    4.48892e+02    4.44310e+01    1.28520e+04   -7.12180e+07   -6.41273e+02
  0.368   1.900    5.96751e+06    1.29427e+01    3.90329e+01    1.16730e+04   -7.07271e+07   -4.56705e+02
  0.380   1.930    5.94875e+06    3.69981e+02    5.84652e+01    1.09222e+04   -7.10902e+07   -2.81011e+02
  0.392   1.960    6.26438e+06    2.55260e+02    4.86229e+01    1.02193e+04   -7.20986e+07   -5.30147e+02
  0.404   1.990    6.50970e+06    2.99632e+02    4.43558e+01    1.06012e+04   -7.29056e+07   -2.70002e+02
  0.416   2.020    6.67377e+06    3.22191e+02    4.49961e+01    1.09135e+04   -7.34880e+07   -1.93040e+02
  0.429   2.050    6.80726e+06    3.27588e+02    4.51884e+01    1.07722e+04   -7.39776e+07   -1.41146e+02
  0.441   2.080    6.95450e+06    3.46795e+02    4.75191e+01    1.07769e+04   -7.44794e+07   -1.30139e+02
  0.454   2.110    7.05560e+06    3.17620e+02    5.07015e+01    1.16773e+04   -7.48561e+07   -4.83438e+01
  0.467   2.140    7.04417e+06    2.51831e+02    5.26433e+01    1.21669e+04   -7.49738e+07    4.12269e+01
  0.480   2.170    6.95726e+06    2.51913e+02    5.42776e+01    1.12071e+04   -7.49351e+07   -1.49633e+01
  0.494   2.200    6.94531e+06    2.67842e+02    5.15313e+01    1.05225e+04   -7.50586e+07   -1.77473e+02
  0.507   2.230    6.97457e+06    2.96719e+02    4.94353e+01    1.04923e+04   -7.52607e+07   -1.61705e+02
  0.521   2.260    7.01743e+06    3.45054e+02    4.70228e+01    1.07102e+04   -7.54807e+07   -1.51408e+02
  0.535   2.290    7.05121e+06    3.94797e+02    3.98842e+01    1.14280e+04   -7.56747e+07   -2.35867e+02
  0.549   2.320    7.00286e+06    3.27036e+02    3.17323e+01    1.27715e+04   -7.57339e+07   -7.22611e+00
  0.563   2.350    6.86477e+06    1.46160e+02    3.68680e+01    1.21790e+04   -7.57117e+07    1.09436e+02
  0.578   2.380    6.86109e+06    2.69368e+02    6.20600e+01    9.42789e+03   -7.60687e+07    3.28069e+02
  0.592   2.410    7.52474e+06   -5.60299e+02    5.54858e+01    4.62872e+02   -7.81221e+07   -3.85486e+02
  0.607   2.440    7.16734e+06    3.67637e+02    6.32110e+01    1.10106e+04   -7.65335e+07   -8.29248e+02
  0.622   2.470    7.21559e+06    2.95329e+02    6.24952e+01    1.12731e+04   -7.66982e+07   -4.78616e+02
  0.637   2.500    7.26925e+06    3.17532e+02    6.17941e+01    1.12122e+04   -7.68778e+07   -4.52060e+02
  0.653   2.530    7.33454e+06    3.44102e+02    6.55871e+01    1.14498e+04   -7.70776e+07   -3.25620e+02
  0.668   2.560    7.37666e+06    3.59702e+02    6.57331e+01    1.21835e+04   -7.72309e+07   -1.89061e+02
  0.684   2.590    7.35641e+06    3.53551e+02    5.50038e+01    1.16319e+04   -7.72725e+07   -1.77954e+02
  0.700   2.620    7.34287e+06    2.52638e+02    4.53986e+01    1.10642e+04   -7.73256e+07   -8.85208e+01
  0.716   2.650    7.35653e+06    2.24845e+02    4.37242e+01    1.10486e+04   -7.74235e+07   -1.89348e+02
  0.732   2.680    7.39368e+06    3.01414e+02    4.04287e+01    1.13185e+04   -7.75562e+07   -2.33116e+02
  0.749   2.710    7.42175e+06    3.37877e+02    3.43834e+01    1.25291e+04   -7.76695e+07   -8.66486e+01
  0.766   2.740    7.38431e+06    2.46847e+02    5.08164e+01    1.27575e+04   -7.76842e+07    1.36983e+02
  0.782   2.770    7.33680e+06    4.10262e+02    8.09150e+01    1.13370e+04   -7.76856e+07    5.98790e+01
  0.799   2.800    7.31103e+06    2.99449e+02    4.85641e+01    1.16799e+04   -7.77218e+07   -5.83981e+02
  0.817   2.830    7.39102e+06    3.44414e+02    6.23170e+01    1.19811e+04   -7.78996e+07   -3.67881e+01
  0.834   2.860    7.44524e+06    3.30236e+02    6.15934e+01    1.17416e+04   -7.80341e+07   -2.70890e+02
  0.852   2.890    7.49960e+06    3.02762e+02    6.06613e+01    1.17408e+04   -7.81602e+07   -4.31682e+02
  0.869   2.920    7.52280e+06    3.64546e+02    6.25789e+01    1.20704e+04   -7.82462e+07   -1.51183e+02
  0.887   2.950    7.53138e+06    3.16691e+02    5.79981e+01    1.18289e+04   -7.83111e+07   -2.07978e+02
  0.906   2.980    7.51641e+06    2.75717e+02    4.98948e+01    1.16507e+04   -7.83481e+07   -2.55163e+02
