  0.001   0.100   -1.02269e+08   -7.84956e+03   -9.00816e+02   -2.92622e+05    7.28813e+09    1.62279e+03
  0.002   0.130   -1.02539e+08   -7.89741e+03   -1.08683e+03   -2.91968e+05    7.29282e+09    1.72786e+03
  0.003   0.160   -1.02898e+08   -7.98679e+03   -1.12442e+03   -2.94337e+05    7.29896e+09    1.25790e+03
  0.004   0.190   -1.03359e+08   -8.07698e+03   -1.05734e+03   -2.96636e+05    7.30672e+09    2.41393e+03
  0.005   0.220   -1.03943e+08   -8.17085e+03   -1.04052e+03   -2.97657e+05    7.31629e+09    3.64281e+03
  0.006   0.250   -1.04675e+08   -8.33026e+03   -1.06333e+03   -2.99833e+05    7.32812e+09    2.84576e+03
  0.008   0.280   -1.05588e+08   -8.50056e+03   -9.09035e+02   -3.02662e+05    7.34259e+09    2.82762e+03
  0.010   0.310   -1.06722e+08   -8.66612e+03   -1.05573e+03   -3.08810e+05    7.36042e+09    3.99109e+03
  0.012   0.340   -1.08118e+08   -8.91869e+03   -1.28568e+03   -3.10965e+05    7.38243e+09    1.79911e+03
  0.014   0.370   -1.09800e+08   -9.18522e+03   -1.39894e+03   -3.19849e+05    7.40966e+09    4.67433e+03
  0.016   0.400   -1.11760e+08   -9.44007e+03   -1.30477e+03   -3.27403e+05    7.44322e+09    3.06185e+03
  0.019   0.430   -1.13924e+08   -9.74900e+03   -1.23483e+03   -3.36134e+05    7.48393e+09    4.07161e+03
  0.022   0.460   -1.16137e+08   -9.95747e+03   -1.45698e+03   -3.45894e+05    7.53200e+09    5.13142e+03
  0.024   0.490   -1.18155e+08   -1.01228e+04   -1.26559e+03   -3.55836e+05    7.58649e+09    2.61735e+03
  0.028   0.520   -1.19667e+08   -1.01471e+04   -1.78956e+03   -3.68180e+05    7.64501e+09    4.61351e+03
  0.031   0.550   -1.20307e+08   -9.98055e+03   -1.56778e+03   -3.78098e+05    7.70324e+09    2.40555e+03
  0.034   0.580   -1.19680e+08   -9.63145e+03   -1.26417e+03   -3.83979e+05    7.75479e+09    4.13482e+03
  0.038   0.610   -1.17400e+08   -9.06565e+03   -1.61849e+03   -3.86206e+05    7.79105e+09   -9.09876e+02
  0.042   0.640   -1.13139e+08   -8.30154e+03   -1.30957e+03   -3.84897e+05    7.80141e+09    7.07327e+03
  0.046   0.670   -1.06733e+08   -7.27458e+03   -1.15668e+03   -3.68487e+05    7.77416e+09    5.24800e+03
  0.050   0.700   -9.83479e+07   -6.09803e+03   -9.71792e+02   -3.46677e+05    7.69787e+09    2.03916e+03
  0.054   0.730   -8.87339e+07   -4.73184e+03   -9.71612e+02   -3.10371e+05    7.56369e+09    7.01374e+03
  0.059   0.760   -7.95293e+07   -3.29167e+03   -8.93903e+02   -2.68479e+05    7.36929e+09    4.67515e+03
  0.064   0.790   -7.33848e+07   -2.08654e+03   -7.58220e+02   -2.14531e+05    7.12754e+09    3.68383e+03
  0.069   0.820   -7.31281e+07   -1.34033e+03   -5.79300e+02   -1.64852e+05    6.87840e+09    4.01150e+03
  0.074   0.850   -7.92985e+07   -1.33613e+03   -2.69986e+02   -1.33233e+05    6.68340e+09    1.74387e+03
  0.079   0.880   -8.85017e+07   -2.08933e+03   -1.83304e+02   -1.24017e+05    6.58219e+09    2.66281e+03
  0.084   0.910   -9.61570e+07   -3.16038e+03   -2.49388e+02   -1.31194e+05    6.55904e+09    2.83682e+03
  0.090   0.940   -1.00118e+08   -4.36820e+03   -2.73716e+02   -1.37327e+05    6.57039e+09    3.13667e+03
  0.096   0.970   -1.00687e+08   -5.34333e+03   -2.78256e+02   -1.46018e+05    6.58390e+09    3.03616e+02
  0.102   1.000   -9.89702e+07   -6.13555e+03   -4.45485e+02   -1.51029e+05    6.58666e+09    2.42414e+03
  0.108   1.030   -9.59500e+07   -6.59464e+03   -3.46193e+02   -1.50706e+05    6.57778e+09    2.73088e+03
  0.115   1.060   -9.22767e+07   -6.75436e+03   -2.40293e+02   -1.50764e+05    6.56104e+09    1.08886e+03
  0.121   1.090   -8.83025e+07   -6.40287e+03   -2.11198e+02   -1.46193e+05    6.54129e+09    2.46504e+03
  0.128   1.120   -8.41434e+07   -5.53587e+03   -3.19413e+02   -1.44395e+05    6.52222e+09    8.07775e+02
  0.135   1.150   -7.97026e+07   -4.15845e+03   -2.78619e+02   -1.41768e+05    6.50600e+09   -1.94019e+02
  0.142   1.180   -7.46595e+07   -2.37279e+03   -2.16348e+02   -1.39307e+05    6.49332e+09   -1.68753e+02
  0.149   1.210   -6.86751e+07   -5.48592e+02   -1.91773e+02   -1.36425e+05    6.48476e+09   -7.98222e+02
  0.157   1.240   -6.22186e+07    4.77510e+02   -1.43656e+02   -1.33707e+05    6.48319e+09    1.52375e+02
  0.164   1.270   -5.72537e+07    2.85372e+02   -3.18420e+02   -1.38030e+05    6.49402e+09   -1.98558e+02
  0.172   1.300   -5.57683e+07   -8.44192e+02   -1.55319e+02   -1.43579e+05    6.51962e+09    1.00495e+03
  0.180   1.330   -5.76902e+07   -2.05850e+03   -3.84144e+02   -1.54573e+05    6.55446e+09    9.58924e+02
  0.189   1.360   -6.10196e+07   -2.78246e+03   -3.18706e+02   -1.61812e+05    6.58831e+09    2.50185e+03
  0.197   1.390   -6.38727e+07   -2.91689e+03   -3.45630e+02   -1.65479e+05    6.61493e+09    1.16601e+03
  0.206   1.420   -6.58028e+07   -2.92340e+03   -4.49849e+02   -1.69356e+05    6.63506e+09    3.43075e+03
  0.214   1.450   -6.71505e+07   -2.89392e+03   -2.61654e+02   -1.67604e+05    6.65147e+09    2.49510e+03
  0.223   1.480   -6.83715e+07   -3.00831e+03   -1.41149e+02   -1.70235e+05    6.66640e+09    3.85900e+03
  0.233   1.510   -6.98478e+07   -3.25093e+03   -2.70170e+02   -1.69873e+05    6.68154e+09    2.88074e+03
  0.242   1.540   -7.14969e+07   -3.36678e+03   -2.73493e+02   -1.71235e+05    6.69694e+09    2.11356e+03
  0.251   1.570   -7.26570e+07   -3.27796e+03   -4.81130e+02   -1.75145e+05    6.71022e+09    3.62185e+03
  0.261   1.600   -7.26391e+07   -3.39600e+03   -1.76485e+02   -1.77978e+05    6.71906e+09    7.45270e+02
  0.271   1.630   -7.14566e+07   -3.86344e+03   -5.34287e+02   -1.80968e+05    6.72375e+09    1.58849e+03
  0.281   1.660   -7.05977e+07   -4.26955e+03   -2.02627e+02   -1.81473e+05    6.72921e+09    8.86429e+02
  0.291   1.690   -7.05503e+07   -4.55371e+03   -3.38917e+02   -1.80543e+05    6.73665e+09    1.25088e+03
  0.302   1.720   -7.08790e+07   -4.78586e+03   -3.60582e+02   -1.81266e+05    6.74457e+09    1.51867e+03
  0.312   1.750   -7.13596e+07   -5.03578e+03   -4.00844e+02   -1.82908e+05    6.75233e+09    8.64203e+02
  0.323   1.780   -7.18939e+07   -5.26783e+03   -3.32950e+02   -1.83166e+05    6.75970e+09    1.62460e+03
  0.334   1.810   -7.22844e+07   -5.09106e+03   -3.09048e+02   -1.91086e+05    6.76620e+09    1.76403e+03
  0.345   1.840   -7.21539e+07   -4.40757e+03   -2.46584e+02   -1.89851e+05    6.77086e+09    6.78690e+02
  0.357   1.870   -7.12611e+07   -3.73409e+03   -2.56019e+02   -1.92183e+05    6.77314e+09    3.27150e+03
  0.368   1.900   -7.08299e+07   -3.08873e+03   -2.96899e+02   -1.91541e+05    6.77629e+09    2.34366e+03
  0.380   1.930   -7.11001e+07   -4.81622e+03   -2.78647e+02   -1.91982e+05    6.78155e+09    2.89755e+03
  0.392   1.960   -7.21311e+07   -5.25562e+03   -5.45094e+02   -1.94928e+05    6.78797e+09    2.68351e+03
  0.404   1.990   -7.29453e+07   -5.29728e+03   -3.97482e+02   -1.94849e+05    6.79357e+09    1.51368e+03
  0.416   2.020   -7.35297e+07   -5.19055e+03   -4.66455e+02   -1.95708e+05    6.79833e+09    2.33074e+03
  0.429   2.050   -7.40196e+07   -5.48031e+03   -6.68089e+02   -1.99321e+05    6.80262e+09    3.44307e+03
  0.441   2.080   -7.45238e+07   -5.69454e+03   -6.33481e+02   -1.99625e+05    6.80673e+09    1.93136e+03
  0.454   2.110   -7.49075e+07   -4.73646e+03   -4.38725e+02   -1.99146e+05    6.81037e+09    2.87554e+03
  0.467   2.140   -7.50310e+07   -3.98314e+03   -5.46037e+02   -1.97969e+05    6.81323e+09    1.54569e+03
  0.480   2.170   -7.49923e+07   -4.87909e+03   -4.75655e+02   -1.96501e+05    6.81566e+09    1.16198e+03
  0.494   2.200   -7.51136e+07   -5.64402e+03   -5.12817e+02   -1.98495e+05    6.81828e+09    1.36695e+03
  0.507   2.230   -7.53148e+07   -5.81755e+03   -3.53001e+02   -2.02635e+05    6.82092e+09    3.27483e+03
  0.521   2.260   -7.55355e+07   -5.90827e+03   -4.33411e+02   -1.99301e+05    6.82349e+09    2.62552e+03
  0.535   2.290   -7.57312e+07   -5.52032e+03   -5.63628e+02   -2.02014e+05    6.82591e+09    1.50875e+03
  0.549   2.320   -7.57682e+07   -4.02750e+03   -2.42361e+02   -2.03409e+05    6.82795e+09    2.91215e+03
  0.563   2.350   -7.56436e+07   -3.57915e+03   -4.36621e+02   -2.01110e+05    6.82977e+09    3.20974e+03
  0.578   2.380   -7.57684e+07   -5.19920e+03   -4.22303e+02   -1.97000e+05    6.83221e+09   -1.22463e+01
  0.592   2.410   -7.70189e+07   -2.56364e+03   -7.05446e+02   -1.79686e+05    6.83733e+09    2.49133e+03
  0.607   2.440   -7.65115e+07   -5.58624e+03   -3.83667e+02   -2.02757e+05    6.83623e+09    1.71486e+03
  0.622   2.470   -7.66979e+07   -5.15213e+03   -4.30885e+02   -1.99982e+05    6.83806e+09    4.04014e+03
  0.637   2.500   -7.68851e+07   -5.37978e+03   -4.45184e+02   -2.00152e+05    6.83984e+09    2.55377e+03
  0.653   2.530   -7.70829e+07   -5.25665e+03   -4.51953e+02   -2.00675e+05    6.84156e+09    1.42589e+03
  0.668   2.560   -7.72364e+07   -4.55856e+03   -4.13493e+02   -2.05410e+05    6.84313e+09    2.01046e+03
  0.684   2.590   -7.72883e+07   -5.13215e+03   -4.94201e+02   -2.02336e+05    6.84450e+09    1.03885e+03
  0.700   2.620   -7.73490e+07   -5.42305e+03   -2.01126e+02   -2.01682e+05    6.84583e+09    1.51090e+03
  0.716   2.650   -7.74500e+07   -5.37917e+03   -5.03370e+02   -2.03158e+05    6.84718e+09    3.14557e+03
  0.732   2.680   -7.75822e+07   -5.35956e+03   -2.44618e+02   -2.04575e+05    6.84853e+09    4.30513e+03
  0.749   2.710   -7.76978e+07   -4.29373e+03   -5.94744e+02   -2.01186e+05    6.84979e+09    4.41026e+03
  0.766   2.740   -7.77191e+07   -3.92015e+03   -5.31413e+02   -2.06917e+05    6.85088e+09    3.98565e+03
  0.782   2.770   -7.77247e+07   -5.40115e+03   -2.27793e+02   -2.02878e+05    6.85192e+09    1.73851e+03
  0.799   2.800   -7.77593e+07   -5.59711e+03   -4.74983e+02   -2.03290e+05    6.85295e+09    3.96107e+03
  0.817   2.830   -7.79332e+07   -5.23470e+03   -4.50670e+02   -2.05433e+05    6.85413e+09    4.26368e+03
  0.834   2.860   -7.80680e+07   -5.20601e+03   -5.78467e+02   -2.04403e+05    6.85523e+09    4.57582e+03
  0.852   2.890   -7.81950e+07   -4.98747e+03   -5.44160e+02   -2.02254e+05    6.85626e+09    4.52505e+03
  0.869   2.920   -7.82827e+07   -5.03319e+03   -4.87323e+02   -2.06843e+05    6.85722e+09    4.62843e+03
  0.887   2.950   -7.83491e+07   -5.11788e+03   -5.86623e+02   -2.04937e+05    6.85812e+09    1.87601e+03
  0.906   2.980   -7.83852e+07   -5.15504e+03   -5.51855e+02   -2.04853e+05    6.85897e+09    4.50868e+03
