  0.001   0.100   -3.86558e+02    1.13862e+07   -1.45948e+01    1.02234e+08    1.52916e+04   -2.90812e+02
  0.002   0.130   -3.91401e+02    1.14220e+07   -1.64736e+01    1.02503e+08    1.53708e+04   -3.68819e+02
  0.003   0.160   -3.97531e+02    1.14683e+07   -1.69658e+01    1.02860e+08    1.54521e+04   -3.68137e+02
  0.004   0.190   -4.02473e+02    1.15262e+07   -1.79169e+01    1.03320e+08    1.56064e+04   -5.59623e+02
  0.005   0.220   -4.10395e+02    1.15973e+07   -1.83912e+01    1.03901e+08    1.57550e+04   -3.62425e+02
  0.006   0.250   -4.22393e+02    1.16831e+07   -1.90036e+01    1.04630e+08    1.59406e+04   -6.49145e+02
  0.008   0.280   -4.33147e+02    1.17848e+07   -1.92945e+01    1.05540e+08    1.61707e+04   -5.03646e+02
  0.010   0.310   -4.46843e+02    1.19031e+07   -2.09836e+01    1.06670e+08    1.63927e+04   -3.82140e+02
  0.012   0.340   -4.61500e+02    1.20359e+07   -2.27163e+01    1.08060e+08    1.67253e+04   -3.52705e+02
  0.014   0.370   -4.78008e+02    1.21777e+07   -2.18822e+01    1.09737e+08    1.71052e+04   -4.72618e+02
  0.016   0.400   -4.94929e+02    1.23174e+07   -2.44264e+01    1.11692e+08    1.75222e+04   -4.54519e+02
  0.019   0.430   -5.05215e+02    1.24390e+07   -2.69636e+01    1.13852e+08    1.79803e+04   -4.34557e+02
  0.022   0.460   -5.09632e+02    1.25236e+07   -2.81747e+01    1.16062e+08    1.83778e+04   -6.37771e+02
  0.024   0.490   -5.05107e+02    1.25536e+07   -2.92424e+01    1.18081e+08    1.87286e+04   -6.13704e+02
  0.028   0.520   -4.84410e+02    1.25164e+07   -2.77893e+01    1.19598e+08    1.89534e+04   -7.18007e+02
  0.031   0.550   -4.48616e+02    1.24069e+07   -2.60660e+01    1.20248e+08    1.88818e+04   -5.30284e+02
  0.034   0.580   -3.98428e+02    1.22288e+07   -2.32881e+01    1.19638e+08    1.85968e+04   -6.70786e+02
  0.038   0.610   -3.34510e+02    1.19947e+07   -2.12888e+01    1.17380e+08    1.79547e+04   -6.10648e+02
  0.042   0.640   -2.61871e+02    1.17285e+07   -1.71710e+01    1.13146e+08    1.68970e+04   -5.63454e+02
  0.046   0.670   -1.84485e+02    1.14690e+07   -1.44120e+01    1.06772e+08    1.54931e+04   -6.16917e+02
  0.050   0.700   -1.12084e+02    1.12758e+07   -1.21222e+01    9.84207e+07    1.37102e+04   -8.23912e+02
  0.054   0.730   -5.25088e+01    1.12328e+07   -7.41153e+00    8.88395e+07    1.18730e+04   -6.27914e+02
  0.059   0.760   -1.30517e+01    1.14329e+07   -7.63245e+00    7.96598e+07    1.02104e+04   -6.00687e+02
  0.064   0.790   -1.23934e+01    1.19220e+07   -7.27614e+00    7.35247e+07    9.20660e+03   -6.61763e+02
  0.069   0.820   -5.84501e+01    1.25932e+07   -7.39589e+00    7.32537e+07    9.33783e+03   -7.38923e+02
  0.074   0.850   -1.44556e+02    1.31446e+07   -5.94916e+00    7.93892e+07    1.03959e+04   -4.90409e+02
  0.079   0.880   -2.45337e+02    1.32887e+07   -5.43548e+00    8.85529e+07    1.16832e+04   -9.89024e+02
  0.084   0.910   -3.33467e+02    1.30158e+07   -4.98093e+00    9.61793e+07    1.25379e+04   -7.66793e+02
  0.090   0.940   -3.90891e+02    1.25286e+07   -5.06353e+00    1.00129e+08    1.27989e+04   -7.37091e+02
  0.096   0.970   -4.17545e+02    1.20211e+07   -3.46383e+00    1.00699e+08    1.25783e+04   -3.06166e+02
  0.102   1.000   -4.17032e+02    1.15939e+07   -1.98680e+00    9.89920e+07    1.20000e+04   -5.58570e+01
  0.108   1.030   -3.93323e+02    1.12761e+07   -2.12756e+00    9.59857e+07    1.12993e+04    3.76533e+02
  0.115   1.060   -3.47716e+02    1.10600e+07   -2.35777e+00    9.23267e+07    1.06513e+04    1.06377e+03
  0.121   1.090   -2.73865e+02    1.09196e+07   -3.91886e+00    8.83653e+07    1.01592e+04    1.32152e+03
  0.128   1.120   -1.75514e+02    1.08092e+07   -1.80254e+00    8.42159e+07    9.83422e+03    1.50604e+03
  0.135   1.150   -5.59439e+01    1.06376e+07    5.06353e-01    7.97787e+07    9.74952e+03    1.73557e+03
  0.142   1.180    6.15203e+01    1.02181e+07    1.75024e+00    7.47296e+07    9.71956e+03    1.56077e+03
  0.149   1.210    1.27190e+02    9.26557e+06    2.24633e+00    6.87243e+07    9.65652e+03    1.09639e+03
  0.157   1.240    8.79908e+01    7.63992e+06    1.74975e-01    6.22319e+07    9.22042e+03    4.66294e+02
  0.164   1.270   -2.60151e+01    5.77982e+06   -4.25708e+00    5.72279e+07    8.38912e+03    2.45732e+02
  0.172   1.300   -1.16864e+02    4.48319e+06   -9.59774e+00    5.57172e+07    7.58418e+03    4.59083e+01
  0.180   1.330   -1.61877e+02    4.11492e+06   -1.22121e+01    5.76328e+07    7.44217e+03    2.52326e+01
  0.189   1.360   -1.86549e+02    4.39835e+06   -1.31862e+01    6.09690e+07    7.90950e+03   -2.81032e+02
  0.197   1.390   -1.99757e+02    4.86149e+06   -1.23015e+01    6.38332e+07    8.41508e+03   -6.62442e+02
  0.206   1.420   -1.98305e+02    5.27564e+06   -1.13001e+01    6.57741e+07    8.61036e+03   -9.98479e+02
  0.214   1.450   -1.88854e+02    5.63606e+06   -1.08323e+01    6.71316e+07    8.43885e+03   -1.26068e+03
  0.223   1.480   -1.77979e+02    6.01574e+06   -1.12615e+01    6.83621e+07    7.99186e+03   -1.22378e+03
  0.233   1.510   -1.73394e+02    6.48621e+06   -1.03543e+01    6.98467e+07    7.62663e+03   -1.17921e+03
  0.242   1.540   -1.64632e+02    6.99420e+06   -9.68474e+00    7.15006e+07    7.75525e+03   -1.09621e+03
  0.251   1.570   -1.53262e+02    7.34354e+06   -9.59090e+00    7.26599e+07    8.43074e+03   -1.03304e+03
  0.261   1.600   -1.59891e+02    7.32997e+06   -7.89100e+00    7.26327e+07    9.06722e+03   -8.18623e+02
  0.271   1.630   -1.70242e+02    6.92262e+06   -6.43010e+00    7.14348e+07    8.92956e+03   -2.02566e+02
  0.281   1.660   -1.66935e+02    6.57392e+06   -6.31524e+00    7.05677e+07    8.31026e+03    4.56360e+02
  0.291   1.690   -1.59778e+02    6.47525e+06   -5.97116e+00    7.05190e+07    7.87640e+03    1.06611e+03
  0.302   1.720   -1.53618e+02    6.50506e+06   -6.77956e+00    7.08491e+07    7.57759e+03    1.20085e+03
  0.312   1.750   -1.52373e+02    6.59224e+06   -6.55229e+00    7.13320e+07    7.36994e+03    1.10645e+03
  0.323   1.780   -1.52794e+02    6.70273e+06   -6.62365e+00    7.18682e+07    7.24024e+03    9.47105e+02
  0.334   1.810   -1.60154e+02    6.76493e+06   -7.10703e+00    7.22593e+07    7.68280e+03    6.93912e+02
  0.345   1.840   -2.50431e+02    6.63863e+06   -7.38269e+00    7.21260e+07    9.16138e+03    1.27958e+02
  0.357   1.870   -3.81908e+02    6.22115e+06   -9.78396e+00    7.12215e+07    1.10154e+04   -1.14728e+03
  0.368   1.900    2.13305e+02    5.96797e+06   -9.44183e+00    7.07313e+07    9.64029e+03   -5.77852e+02
  0.380   1.930   -3.39145e+02    5.94904e+06   -7.52883e+00    7.10938e+07    9.06790e+03   -1.83533e+03
  0.392   1.960   -1.78504e+02    6.26476e+06   -8.72873e+00    7.21028e+07    8.31860e+03   -1.97027e+03
  0.404   1.990   -2.13815e+02    6.51011e+06   -8.23460e+00    7.29098e+07    8.63461e+03   -1.54318e+03
  0.416   2.020   -2.35803e+02    6.67419e+06   -8.53665e+00    7.34921e+07    8.95429e+03   -8.22828e+02
  0.429   2.050   -2.40566e+02    6.80765e+06   -8.44183e+00    7.39819e+07    8.82575e+03   -3.77132e+02
  0.441   2.080   -2.61310e+02    6.95488e+06   -8.76441e+00    7.44837e+07    8.78224e+03   -2.13197e+02
  0.454   2.110   -2.31797e+02    7.05599e+06   -8.45796e+00    7.48604e+07    9.70814e+03   -1.75605e+02
  0.467   2.140   -1.58134e+02    7.04461e+06   -7.96236e+00    7.49783e+07    1.01747e+04   -1.21021e+02
  0.480   2.170   -1.59504e+02    6.95770e+06   -8.06793e+00    7.49395e+07    9.20343e+03    1.40717e+02
  0.494   2.200   -1.80459e+02    6.94569e+06   -8.39295e+00    7.50629e+07    8.48801e+03    3.50031e+02
  0.507   2.230   -2.06552e+02    6.97489e+06   -8.04496e+00    7.52649e+07    8.45225e+03    1.62821e+02
  0.521   2.260   -2.56833e+02    7.01770e+06   -8.40468e+00    7.54848e+07    8.65804e+03   -1.92639e+02
  0.535   2.290   -3.10373e+02    7.05140e+06   -8.74975e+00    7.56789e+07    9.43475e+03   -4.16266e+02
  0.549   2.320   -2.38200e+02    7.00307e+06   -1.02820e+01    7.57379e+07    1.07545e+04   -9.34755e+02
  0.563   2.350   -9.81377e+00    6.86516e+06   -1.14843e+01    7.57165e+07    1.01009e+04   -2.05798e+03
  0.578   2.380   -1.49049e+02    6.86149e+06   -1.53113e+01    7.60730e+07    7.51457e+03   -2.10808e+03
  0.592   2.410    7.52556e+02    7.52630e+06   -1.45894e+01    7.81321e+07   -2.17120e+03   -4.80318e+03
  0.607   2.440   -3.41011e+02    7.16785e+06   -1.05836e+01    7.65384e+07    9.15742e+03    2.34404e+03
  0.622   2.470   -2.35525e+02    7.21604e+06   -1.01843e+01    7.67030e+07    9.29227e+03    8.30808e+02
  0.637   2.500   -2.54285e+02    7.26970e+06   -9.78591e+00    7.68826e+07    9.20844e+03    5.42268e+02
  0.653   2.530   -2.74663e+02    7.33502e+06   -1.00904e+01    7.70823e+07    9.45668e+03    5.67438e+02
  0.668   2.560   -2.87752e+02    7.37709e+06   -9.57575e+00    7.72355e+07    1.01639e+04    7.76366e+02
  0.684   2.590   -2.85610e+02    7.35680e+06   -8.94085e+00    7.72770e+07    9.65069e+03    7.85905e+02
  0.700   2.620   -1.80472e+02    7.34330e+06   -8.63880e+00    7.73301e+07    9.08842e+03    3.42732e+02
  0.716   2.650   -1.49189e+02    7.35699e+06   -9.08992e+00    7.74281e+07    9.06590e+03   -3.57932e+01
  0.732   2.680   -2.25214e+02    7.39416e+06   -8.92326e+00    7.75610e+07    9.27184e+03    7.71280e+01
  0.749   2.710   -2.58817e+02    7.42222e+06   -8.82502e+00    7.76742e+07    1.05466e+04    1.91203e+02
  0.766   2.740   -1.52087e+02    7.38474e+06   -1.17888e+01    7.76890e+07    1.06804e+04   -3.57258e+02
  0.782   2.770   -2.78077e+02    7.33717e+06   -1.16515e+01    7.76902e+07    9.04374e+03   -1.49034e+03
  0.799   2.800   -2.28191e+02    7.31145e+06   -8.17692e+00    7.77265e+07    9.76428e+03    1.89670e+03
  0.817   2.830   -2.67081e+02    7.39145e+06   -9.28200e+00    7.79043e+07    9.98672e+03   -1.07214e+02
  0.834   2.860   -2.50660e+02    7.44565e+06   -9.26490e+00    7.80387e+07    9.71129e+03    9.32470e+01
  0.852   2.890   -2.24534e+02    7.50001e+06   -8.29276e+00    7.81649e+07    9.61286e+03   -4.78666e+02
  0.869   2.920   -2.79673e+02    7.52324e+06   -9.63293e+00    7.82509e+07    1.00292e+04   -2.02128e+02
  0.887   2.950   -2.31385e+02    7.53183e+06   -9.67545e+00    7.83159e+07    9.77240e+03    1.58611e+02
  0.906   2.980   -1.89758e+02    7.51684e+06   -8.75610e+00    7.83528e+07    9.56949e+03   -2.37253e+02
