  0.001   0.100   -1.50561e-02    1.10512e-02    5.22314e+04    6.79689e-01   -9.34182e-01    2.58853e+00
  0.002   0.130   -3.21916e-02   -1.09403e-02    6.50224e+04   -7.52780e-01    4.80190e-01    5.70082e+00
  0.003   0.160   -3.08811e-02    2.68654e-02    7.53112e+04    3.85180e-01   -2.40815e+00    9.35072e+00
  0.004   0.190   -3.30106e-02    3.64764e-02    8.22238e+04    2.44531e+00    2.06089e+00    1.59814e+01
  0.005   0.220   -1.02236e-01   -2.84066e-02    8.47138e+04   -2.14703e+00   -4.19039e-01    2.18970e+01
  0.006   0.250   -9.08967e-02   -4.68020e-02    8.16414e+04   -1.76724e+00    1.18272e+00    3.08310e+01
  0.008   0.280   -9.83414e-02    1.87900e-02    7.20050e+04    2.98745e-02    5.52772e+00    3.85189e+01
  0.010   0.310   -1.09976e-01   -4.55647e-02    5.55162e+04    1.16093e+00    2.63266e+00    4.13017e+01
  0.012   0.340    4.01890e-02   -1.29473e-01    3.37155e+04    2.82118e+00   -1.65664e+00    3.26137e+01
  0.014   0.370    3.49666e-01   -2.94973e-01    1.17186e+04   -6.38491e-01   -5.76966e+00    2.41288e+01
  0.016   0.400    8.46942e-01   -4.04621e-01    7.47333e+01    1.88641e+00   -4.32149e+00   -2.04528e-01
  0.019   0.430    1.70424e+00   -1.07116e+00    1.58446e+04   -3.07622e+00   -1.69220e+01   -1.75890e+01
  0.022   0.460    2.95175e+00   -1.73805e+00    8.15017e+04   -1.51791e+01   -2.39263e+01   -1.82899e+01
  0.024   0.490    5.02658e+00   -2.56324e+00    2.21053e+05   -3.50785e+01   -3.86542e+01    6.17290e+01
  0.028   0.520    8.23971e+00   -4.35876e+00    4.53277e+05   -4.28385e+01   -7.27326e+01    2.92397e+02
  0.031   0.550    1.17455e+01   -5.22260e+00    7.81940e+05   -7.22444e+01   -1.19802e+02    7.80065e+02
  0.034   0.580    1.53329e+01   -7.51669e+00    1.18514e+06   -1.00316e+02   -1.47701e+02    1.59002e+03
  0.038   0.610    1.98605e+01   -9.27536e+00    1.61043e+06   -1.53044e+02   -2.22303e+02    2.72814e+03
  0.042   0.640    2.36309e+01   -1.03842e+01    1.98561e+06   -1.75862e+02   -3.01334e+02    4.09239e+03
  0.046   0.670    2.65976e+01   -1.16644e+01    2.24614e+06   -2.05580e+02   -3.83038e+02    5.47305e+03
  0.050   0.700    2.98287e+01   -1.19898e+01    2.36246e+06   -2.30533e+02   -4.39069e+02    6.57733e+03
  0.054   0.730    2.98820e+01   -1.13843e+01    2.34679e+06   -2.59580e+02   -5.40362e+02    7.20491e+03
  0.059   0.760    2.73373e+01   -1.12905e+01    2.23750e+06   -2.06947e+02   -6.02407e+02    7.19150e+03
  0.064   0.790    2.44536e+01   -1.04504e+01    2.07704e+06   -2.28933e+02   -6.68999e+02    6.44300e+03
  0.069   0.820    2.02269e+01   -1.01753e+01    1.89774e+06   -1.98393e+02   -6.79636e+02    4.97123e+03
  0.074   0.850    1.63295e+01   -1.13169e+01    1.71771e+06   -1.66249e+02   -6.46126e+02    2.84868e+03
  0.079   0.880    1.57576e+01   -1.34940e+01    1.54317e+06   -1.42777e+02   -6.00567e+02    3.14390e+02
  0.084   0.910    1.94416e+01   -1.68753e+01    1.37287e+06   -1.02270e+02   -5.30760e+02   -2.38200e+03
  0.090   0.940    2.58391e+01   -1.97385e+01    1.20221e+06   -1.23226e+02   -4.96816e+02   -4.95323e+03
  0.096   0.970    3.40243e+01   -2.21080e+01    1.02676e+06   -1.08392e+02   -4.91959e+02   -7.23684e+03
  0.102   1.000    4.30724e+01   -2.47107e+01    8.47995e+05   -9.18043e+01   -5.04343e+02   -9.18147e+03
  0.108   1.030    5.60607e+01   -2.54488e+01    6.94190e+05   -8.44821e+01   -5.60867e+02   -1.06303e+04
  0.115   1.060    8.28733e+01   -2.63042e+01    6.93599e+05   -8.25121e+01   -6.84260e+02   -1.06224e+04
  0.121   1.090    1.26950e+02   -2.75580e+01    9.96369e+05   -9.93242e+01   -8.47246e+02   -6.87815e+03
  0.128   1.120    1.44782e+02   -2.71311e+01    1.15670e+06   -8.40782e+01   -7.95875e+02   -2.50290e+03
  0.135   1.150    1.38703e+02   -2.44259e+01    1.03988e+06   -4.63451e+01   -6.75448e+02   -4.40961e+02
  0.142   1.180    1.25221e+02   -1.82679e+01    8.73438e+05   -8.16657e+00   -5.47663e+02    7.49617e+02
  0.149   1.210    1.04478e+02   -8.17857e+00    7.26669e+05    2.34974e+01   -4.26305e+02    1.60103e+03
  0.157   1.240    7.68255e+01    4.78182e+00    6.05163e+05    6.34070e+01   -3.20036e+02    1.99594e+03
  0.164   1.270    4.90622e+01    1.54971e+01    5.04103e+05    7.96797e+01   -2.38629e+02    1.83512e+03
  0.172   1.300    3.22744e+01    1.79839e+01    4.18519e+05    6.38249e+01   -2.20583e+02    1.23605e+03
  0.180   1.330    3.10889e+01    1.32808e+01    3.44836e+05    2.74134e+01   -2.56859e+02    3.79476e+02
  0.189   1.360    3.85492e+01    6.72327e+00    2.80715e+05   -1.11784e+01   -3.17360e+02   -5.02764e+02
  0.197   1.390    4.87471e+01    6.06935e-01    2.24375e+05   -3.40285e+01   -3.67706e+02   -1.30219e+03
  0.206   1.420    5.59935e+01   -2.77752e+00    1.73899e+05   -4.16125e+01   -3.96536e+02   -2.16381e+03
  0.214   1.450    5.44470e+01   -3.85125e+00    1.30678e+05   -4.09480e+01   -3.63857e+02   -3.06929e+03
  0.223   1.480    4.43243e+01   -4.05412e+00    1.03822e+05   -3.77739e+01   -2.77867e+02   -2.67222e+03
  0.233   1.510    3.91621e+01   -4.07359e+00    8.36047e+04   -3.33500e+01   -2.41018e+02   -2.29207e+03
  0.242   1.540    3.99251e+01   -5.55454e+00    6.52943e+04   -3.25016e+01   -2.31950e+02   -2.57479e+03
  0.251   1.570    4.90300e+01   -8.65928e+00    4.99005e+04   -3.98084e+01   -2.52612e+02   -3.19674e+03
  0.261   1.600    6.43050e+01   -1.19142e+01    3.75404e+04   -4.70963e+01   -2.92635e+02   -4.00451e+03
  0.271   1.630    7.06957e+01   -1.10631e+01    2.78687e+04   -4.13376e+01   -3.00961e+02   -4.82654e+03
  0.281   1.660    6.09706e+01   -7.05198e+00    2.04492e+04   -2.71475e+01   -2.60995e+02   -5.03336e+03
  0.291   1.690    4.87877e+01   -3.66257e+00    1.48609e+04   -1.57513e+01   -2.16148e+02   -4.14506e+03
  0.302   1.720    4.06484e+01   -1.67579e+00    1.07090e+04   -9.26169e+00   -1.88434e+02   -2.80247e+03
  0.312   1.750    3.61974e+01   -4.73093e-01    7.51561e+03   -5.93908e+00   -1.69765e+02   -1.55009e+03
  0.323   1.780    2.84636e+01    7.62196e-01    4.99865e+03    3.86499e-01   -1.19029e+02   -1.17618e+03
  0.334   1.810    2.32588e+01    1.96200e+00    3.42996e+03    5.48628e+00   -9.66192e+01   -1.08604e+03
  0.345   1.840    1.35695e+01    3.31182e+00    2.24896e+03    9.33345e+00   -6.65356e+01   -1.35305e+03
  0.357   1.870   -9.13530e+00    4.06733e+00    1.19478e+03    1.46226e+01    1.34669e+00   -2.24056e+03
  0.368   1.900    6.21039e+01   -1.25475e+01    4.58672e+03   -5.57578e+01   -2.46136e+02   -3.91874e+03
  0.380   1.930    3.34488e+01   -1.93146e+00    1.48426e+03   -8.69627e+00   -9.95141e+01   -4.44177e+03
  0.392   1.960    2.28761e+01   -1.81388e+00    9.83732e+02   -7.21872e+00   -6.46061e+01   -4.62851e+03
  0.404   1.990    1.53747e+01   -1.67050e+00    8.22245e+02   -5.86783e+00   -3.23452e+01   -3.21918e+03
  0.416   2.020    8.54441e+00   -1.44244e+00    9.51290e+02   -6.05766e+00   -7.45228e+00   -9.05275e+02
  0.429   2.050    5.90044e+00   -1.22824e+00    8.77924e+02   -4.98350e+00   -1.53450e+01    6.98258e+02
  0.441   2.080   -5.16826e+00   -1.25690e+00    6.74804e+02   -4.25989e+00    5.01521e+00    1.18855e+03
  0.454   2.110   -9.50157e+00   -1.36173e+00    5.46245e+02   -3.96386e+00    1.47741e+01    6.27546e+02
  0.467   2.140   -2.00806e+00   -1.41533e+00    4.64637e+02   -3.64623e+00   -3.52757e-01   -1.06174e+03
  0.480   2.170    1.48257e+01   -1.17460e+00    4.17109e+02   -2.82790e+00   -3.28722e+01   -3.78489e+03
  0.494   2.200    2.67520e+01   -8.08834e-01    3.97028e+02   -1.67304e+00   -5.28302e+01   -4.80065e+03
  0.507   2.230    3.39104e+01   -4.72813e-01    4.12737e+02   -7.84938e-01   -6.19770e+01   -2.36404e+03
  0.521   2.260    4.19229e+01   -3.66589e-01    4.97496e+02   -1.13127e+00   -7.58802e+01    1.43015e+02
  0.535   2.290    4.69933e+01   -4.69977e-01    4.73090e+02   -1.16290e+00   -8.57218e+01    1.27531e+03
  0.549   2.320    2.31085e+01   -4.26294e-01    3.77730e+02   -4.54942e-01   -3.95825e+01    9.87619e+02
  0.563   2.350   -2.38066e+01   -5.70274e-01    3.25124e+02   -4.82171e-01    3.28233e+01   -6.47670e+02
  0.578   2.380   -3.67378e+01   -3.94574e-01    2.79236e+02   -6.07454e-01    4.70053e+01   -2.51190e+03
  0.592   2.410   -4.43215e+00    3.55059e-01    1.29880e+02   -1.68407e+00    1.03561e+01    8.45865e+01
  0.607   2.440   -2.90584e+01    3.13901e-02    2.71369e+02   -1.23981e-01    5.68387e+01   -3.38497e+03
  0.622   2.470   -8.77598e+00   -3.21245e-01    3.23025e+02   -7.61064e-01    1.15736e+01    1.32860e+03
  0.637   2.500   -5.62909e+00   -4.12893e-01    3.42412e+02   -1.06515e+00    5.63361e+00    2.40261e+03
  0.653   2.530    3.20123e-01   -5.87643e-01    2.85328e+02   -2.06028e+00   -2.19447e+00    1.54159e+03
  0.668   2.560    2.91240e+01   -8.62815e-01    2.44909e+02   -1.87668e+00   -5.11389e+01   -7.46520e+02
  0.684   2.590    5.06965e+01   -8.53230e-01    2.14504e+02   -1.07130e+00   -8.63681e+01   -3.95573e+03
  0.700   2.620    4.01614e+01   -4.18187e-01    1.92186e+02    3.43365e-02   -6.65658e+01   -3.73559e+03
  0.716   2.650    2.73804e+01    1.06401e-02    1.90976e+02    9.09760e-01   -4.46023e+01    4.69778e+02
  0.732   2.680    2.21168e+01    1.88884e-01    2.16986e+02    1.90959e+00   -3.50804e+01    1.69563e+03
  0.749   2.710   -2.72903e+00    2.02929e-01    1.89251e+02    3.20897e+00    6.62748e+00    9.51079e+02
  0.766   2.740   -3.79398e+01   -2.64062e-01    1.43272e+02    1.48486e+00    5.84653e+01   -5.83678e+02
  0.782   2.770   -3.64701e+01   -1.11702e-01    9.79001e+01    4.23917e-01    5.66828e+01   -2.42301e+03
  0.799   2.800   -3.82892e+01    9.76042e-01    4.63623e+01    4.61923e+00    4.34904e+01   -2.51929e+03
  0.817   2.830   -1.09065e+00    8.49496e-01   -5.29441e+00    6.55462e+00    4.82790e-01    7.80409e+02
  0.834   2.860    6.45193e+00    2.35068e+00   -2.38560e+02    1.40406e+01   -2.14416e+00    1.61426e+03
  0.852   2.890    2.05910e+01   -2.38681e+00    3.34915e+02   -1.00192e+01   -3.00438e+01    9.16295e+02
  0.869   2.920    2.04741e+01   -2.46364e+00    4.05957e+02   -1.17101e+01   -2.74729e+01   -5.62816e+02
  0.887   2.950    3.64001e+01   -1.78821e+00    2.96951e+02   -6.50259e+00   -4.51560e+01   -2.54307e+03
  0.906   2.980    2.12226e+01   -1.35353e+00    2.33575e+02   -3.83210e+00   -2.65931e+01   -1.89147e+03
