  0.001   0.100   -8.06754e-01   -6.12459e+02    6.74217e-01    7.36476e+02    1.04399e+01   -3.50058e+00
  0.002   0.130   -1.85582e+00   -1.08718e+03   -1.54700e+00    1.45290e+03    1.70876e+01    9.65937e-01
  0.003   0.160   -3.31602e+00   -1.27747e+03    5.40156e+00    2.67280e+03   -5.19676e+00   -3.00770e+00
  0.004   0.190   -6.75737e+00   -2.03502e+02    1.15292e+01    5.80671e+03    3.89009e+01    1.52023e+01
  0.005   0.220   -1.25257e+01    4.32512e+03    1.85861e+01    1.55156e+04   -5.43704e+00   -1.46795e+01
  0.006   0.250   -2.14387e+01    1.68942e+04    1.05176e+01    4.56598e+04    8.17992e+00   -2.85550e+00
  0.008   0.280   -3.68924e+01    4.67027e+04    7.93711e+00    1.32577e+05    2.40480e+00    4.49575e+01
  0.010   0.310   -6.16300e+01    1.11433e+05   -4.35993e+00    3.64275e+05    1.79943e+02    2.46979e+01
  0.012   0.340   -1.04181e+02    2.43240e+05    5.34892e+00    9.37993e+05    4.76938e+02    2.72858e+01
  0.014   0.370   -1.72770e+02    4.96301e+05    1.79354e+01    2.26214e+06    1.00960e+03   -2.43241e+00
  0.016   0.400   -2.76282e+02    9.53121e+05   -1.10386e+01    5.10380e+06    1.98118e+03   -3.90754e+01
  0.019   0.430   -4.27989e+02    1.72470e+06   -7.00812e+00    1.07587e+07    3.82002e+03   -8.86981e+01
  0.022   0.460   -6.39289e+02    2.94080e+06   -1.23700e+01    2.11895e+07    6.62523e+03   -4.32210e+01
  0.024   0.490   -9.21879e+02    4.73091e+06   -4.92118e+01    3.90784e+07    1.08465e+04   -1.29464e+01
  0.028   0.520   -1.27060e+03    7.20023e+06   -6.26732e+01    6.77594e+07    1.73887e+04   -2.76085e+02
  0.031   0.550   -1.66749e+03    1.04022e+07   -6.76691e+01    1.11003e+08    2.65613e+04   -4.10751e+02
  0.034   0.580   -2.12918e+03    1.43072e+07   -1.21349e+02    1.72598e+08    3.81319e+04   -6.75593e+02
  0.038   0.610   -2.55226e+03    1.87629e+07   -1.15220e+02    2.55661e+08    5.29411e+04   -9.36570e+02
  0.042   0.640   -2.98243e+03    2.34430e+07   -1.36748e+02    3.61620e+08    7.06861e+04   -1.50818e+03
  0.046   0.670   -3.33680e+03    2.77905e+07   -1.07593e+02    4.88895e+08    9.10538e+04   -2.11724e+03
  0.050   0.700   -3.59373e+03    3.09796e+07   -1.59000e+02    6.31363e+08    1.12122e+05   -3.19722e+03
  0.054   0.730   -3.74050e+03    3.19523e+07   -1.08605e+02    7.76603e+08    1.32216e+05   -4.64737e+03
  0.059   0.760   -3.67453e+03    2.96556e+07   -1.09914e+02    9.03825e+08    1.47538e+05   -6.27646e+03
  0.064   0.790   -3.26181e+03    2.37083e+07   -1.03000e+02    9.83325e+08    1.52146e+05   -7.81344e+03
  0.069   0.820   -2.48422e+03    1.55477e+07   -9.59639e+01    9.85661e+08    1.44080e+05   -9.39011e+03
  0.074   0.850   -1.44372e+03    8.80182e+06   -6.79966e+01    9.08026e+08    1.23717e+05   -9.56158e+03
  0.079   0.880   -4.04513e+02    6.87034e+06   -7.67234e+01    7.90988e+08    1.00608e+05   -8.33652e+03
  0.084   0.910    3.05841e+02    9.95375e+06   -6.30741e+01    6.86720e+08    8.38577e+04   -7.99213e+03
  0.090   0.940    5.84461e+02    1.58223e+07   -6.27544e+01    6.18644e+08    7.44088e+04   -7.77336e+03
  0.096   0.970    5.44989e+02    2.23045e+07   -5.45428e+01    5.82021e+08    6.97870e+04   -7.52101e+03
  0.102   1.000    1.59188e+02    2.82359e+07   -4.76226e+01    5.62887e+08    6.83732e+04   -7.45123e+03
  0.108   1.030   -4.99544e+02    3.32181e+07   -4.17225e+01    5.49031e+08    6.82284e+04   -6.78366e+03
  0.115   1.060   -1.40797e+03    3.72392e+07   -2.05264e+01    5.32667e+08    6.78433e+04   -6.26642e+03
  0.121   1.090   -2.49902e+03    4.04480e+07    2.24866e+00    5.10085e+08    6.70572e+04   -3.83391e+03
  0.128   1.120   -3.59165e+03    4.30328e+07   -8.73416e-01    4.80499e+08    6.54104e+04   -1.07642e+03
  0.135   1.150   -4.39623e+03    4.51328e+07   -4.44233e+00    4.44563e+08    6.26157e+04    1.73770e+03
  0.142   1.180   -4.59195e+03    4.66416e+07    2.23060e+01    4.02807e+08    5.81400e+04    3.75003e+03
  0.149   1.210   -3.74954e+03    4.67627e+07    3.51211e+01    3.54274e+08    5.11475e+04    5.37861e+03
  0.157   1.240   -1.89291e+03    4.38488e+07    3.91566e+01    2.97230e+08    4.12889e+04    4.59276e+03
  0.164   1.270    1.36288e+02    3.69532e+07    3.93776e+01    2.34376e+08    3.01352e+04    3.34221e+03
  0.172   1.300    1.32135e+03    2.78532e+07    2.73898e+01    1.76064e+08    2.05956e+04    5.43508e+03
  0.180   1.330    1.46219e+03    1.99460e+07    7.27392e+00    1.33884e+08    1.56108e+04    6.48105e+03
  0.189   1.360    9.98317e+02    1.53004e+07   -8.39040e+00    1.10622e+08    1.53410e+04    8.59645e+03
  0.197   1.390    5.47583e+02    1.32981e+07   -2.03333e+01    9.86177e+07    1.71625e+04    7.83761e+03
  0.206   1.420    4.29315e+02    1.23550e+07   -1.98733e+01    8.97973e+07    1.86427e+04    5.31397e+03
  0.214   1.450    6.22877e+02    1.15322e+07   -2.11626e+01    8.07674e+07    1.87912e+04    2.54362e+03
  0.223   1.480    9.16569e+02    1.05578e+07   -2.27138e+01    7.09231e+07    1.71912e+04   -9.43418e+02
  0.233   1.510    1.02975e+03    9.75773e+06   -2.05415e+01    6.16046e+07    1.36610e+04   -3.69771e+03
  0.242   1.540    9.43493e+02    9.97159e+06   -2.04073e+01    5.60288e+07    9.24213e+03   -5.89816e+03
  0.251   1.570    1.16053e+03    1.15476e+07   -2.10384e+01    5.57387e+07    5.86396e+03   -8.39003e+03
  0.261   1.600    1.85147e+03    1.37722e+07   -2.32073e+01    5.81466e+07    5.05338e+03   -1.17991e+04
  0.271   1.630    2.33059e+03    1.46251e+07   -1.95954e+01    5.64872e+07    6.39015e+03   -1.41565e+04
  0.281   1.660    2.24851e+03    1.33917e+07   -1.25778e+01    4.90982e+07    6.78797e+03   -1.33143e+04
  0.291   1.690    2.03152e+03    1.18059e+07   -8.02931e+00    4.16050e+07    5.84909e+03   -8.03257e+03
  0.302   1.720    1.83448e+03    1.05834e+07   -5.48454e+00    3.58830e+07    4.48678e+03   -2.73376e+03
  0.312   1.750    1.50371e+03    9.74928e+06   -3.88972e+00    3.17454e+07    3.09895e+03    1.27994e+03
  0.323   1.780    7.62057e+02    9.39373e+06    1.26089e+00    2.92856e+07    1.65532e+03    4.68028e+03
  0.334   1.810   -3.01828e+02    9.66674e+06    6.45152e+00    2.88022e+07   -8.39674e+01    8.08654e+03
  0.345   1.840   -8.86098e+02    1.03825e+07    1.21586e+01    2.96556e+07   -1.54816e+03    1.09547e+04
  0.357   1.870   -5.54947e+02    1.01713e+07    1.66544e+01    2.80646e+07    1.34567e+03    1.01260e+04
  0.368   1.900    5.92417e+02    7.71236e+06   -1.36815e+01    2.06156e+07    5.13915e+03   -1.13750e+04
  0.380   1.930    3.24245e+03    5.16799e+06    1.87524e+00    1.34873e+07    2.66443e+03    1.32343e+04
  0.392   1.960    2.23609e+03    3.78858e+06   -2.30164e-01    9.69618e+06    1.00970e+03    7.73617e+02
  0.404   1.990    1.40289e+03    3.35570e+06    8.02770e-01    8.34360e+06    6.69690e+02   -5.74225e+03
  0.416   2.020    1.20925e+03    3.17650e+06    8.00931e-01    7.64650e+06    1.09169e+03   -8.62391e+03
  0.429   2.050    1.21105e+03    3.00704e+06    8.26020e-01    7.00138e+06    1.43552e+03   -8.24300e+03
  0.441   2.080   -1.96423e+02    2.99420e+06   -1.39866e-01    6.74737e+06    1.78020e+03   -6.84959e+03
  0.454   2.110   -1.25854e+03    3.35498e+06   -1.39672e+00    7.32797e+06    2.55847e+03   -5.49010e+03
  0.467   2.140    8.45324e+02    3.78078e+06   -1.30428e+00    7.99578e+06    2.97439e+03   -4.60681e+03
  0.480   2.170    2.72916e+03    3.68713e+06    6.97423e-01    7.51430e+06    2.73358e+03   -2.67341e+03
  0.494   2.200    1.85508e+03    3.28163e+06    1.17728e+00    6.41923e+06    2.33313e+03    1.07843e+03
  0.507   2.230    7.79788e+02    2.98675e+06    4.36141e+00    5.58995e+06    1.95876e+03    2.19365e+03
  0.521   2.260   -3.38857e+02    2.80067e+06    8.87917e+00    4.98524e+06    2.11071e+03    1.70842e+03
  0.535   2.290   -2.30177e+03    2.81638e+06    1.30261e+01    4.71160e+06    2.92765e+03    1.32073e+03
  0.549   2.320   -2.38616e+03    2.90724e+06    2.39050e+01    4.43394e+06    5.37385e+03    9.04815e+02
  0.563   2.350    1.75008e+03    2.50786e+06    1.82772e+01    3.17620e+06    9.93280e+03   -2.16839e+03
  0.578   2.380    3.04940e+03    1.19977e+06    1.72905e+01    5.01315e+05    1.13112e+04   -1.57131e+04
  0.592   2.410    5.55485e+03    8.29594e+05    2.75586e+00    3.18198e+06   -2.43703e+04   -9.31510e+03
  0.607   2.440   -1.66653e+02    1.66748e+06   -1.04647e+01    3.99554e+06   -5.66492e+03    3.29372e+03
  0.622   2.470    2.21123e+02    1.40011e+06   -7.71904e+00    2.92336e+06   -3.36038e+03   -2.28722e+02
  0.637   2.500    5.00446e+02    1.29458e+06   -6.64581e+00    2.49554e+06   -2.78650e+03   -1.05571e+03
  0.653   2.530   -9.54163e+02    1.28143e+06   -7.71199e+00    2.32648e+06   -1.28666e+03   -1.17537e+03
  0.668   2.560    1.69141e+02    1.43602e+06   -7.04471e+00    2.49658e+06   -1.09202e+03   -4.71337e+02
  0.684   2.590    1.41829e+03    1.54245e+06   -3.73637e+00    2.59069e+06   -6.10137e+02    1.99944e+03
  0.700   2.620    3.11057e+02    1.42553e+06   -9.81225e-01    2.31270e+06   -2.20757e+02    3.21964e+03
  0.716   2.650   -2.05354e+02    1.29419e+06    1.23792e-01    2.02718e+06   -5.20557e+02    9.41401e+02
  0.732   2.680   -1.24570e+03    1.21214e+06    1.19044e-02    1.83868e+06   -6.66253e+02   -3.62352e+02
  0.749   2.710   -2.30477e+03    1.31942e+06    2.90410e+00    1.94839e+06    1.75490e+02    2.60281e+01
  0.766   2.740    1.98942e+03    1.41080e+06    9.73267e+00    2.02270e+06    2.57372e+01    2.09268e+03
  0.782   2.770    3.25144e+03    1.25207e+06    1.44266e-01    1.76164e+06   -5.01871e+02   -7.26468e+03
  0.799   2.800    5.08526e+02    9.10043e+05   -3.28466e+00    1.18476e+06   -2.70674e+03   -1.10747e+03
  0.817   2.830   -1.93036e+02    6.56881e+05   -1.17684e-01    8.41702e+05    6.83723e+02    4.36278e+02
  0.834   2.860    1.73786e+01    6.12402e+05   -6.20205e-01    7.61978e+05    1.05441e+03   -1.92290e+02
  0.852   2.890   -8.01692e+01    6.25043e+05   -2.55193e+00    7.58898e+05   -5.33648e+02   -4.83029e+02
  0.869   2.920   -3.77041e+01    6.70907e+05    6.38161e-01    7.77353e+05    2.72110e+02   -1.69763e+03
  0.887   2.950    4.49115e+02    7.52451e+05    3.49040e+00    8.42521e+05    8.37155e+02   -7.88106e+02
  0.906   2.980    2.73071e+01    7.00209e+05    2.37023e+00    7.33768e+05    5.10896e+02   -2.40341e+02
