  0.001   0.100   -1.31334e-01   -7.93305e-03    4.25897e+02   -1.78550e-01   -3.64450e+00    5.22071e+00
  0.002   0.130   -8.56542e-02   -2.38410e-01    5.48719e+02    5.68982e+00    3.47052e+01    5.74849e+00
  0.003   0.160   -8.77135e-02   -8.25095e-01    6.72587e+02    1.33251e+01    8.10324e+00    6.09073e+01
  0.004   0.190   -5.16268e-01    9.84127e-02    7.92033e+02   -2.71942e+01    1.14420e+01    2.22372e+02
  0.005   0.220    1.54704e-01   -2.71161e-01    9.06023e+02    1.55792e+01   -4.34835e+00    7.74227e+02
  0.006   0.250   -1.24924e-01   -1.43986e+00    9.78107e+02   -8.03836e+00   -1.69247e+01    2.66788e+03
  0.008   0.280    4.46738e-02   -1.85321e+00    1.01679e+03   -1.22276e+01    1.16497e+01    8.44113e+03
  0.010   0.310    2.21581e+00   -3.29520e+00    9.63613e+02   -3.14080e+01   -3.12437e+01    2.55457e+04
  0.012   0.340    1.36990e+00   -1.34134e+00    8.25751e+02   -6.41584e+01    1.00192e+01    7.51392e+04
  0.014   0.370   -4.13717e+00   -4.24050e+00    5.39823e+02   -9.01359e+01   -1.09181e+01    2.14183e+05
  0.016   0.400   -2.30082e+00   -1.30116e+01    4.71303e+01   -6.08023e+01   -3.69527e+01    5.88746e+05
  0.019   0.430   -2.36389e+00   -1.13384e+01   -6.30888e+02   -1.61230e+02   -1.35586e+01    1.54904e+06
  0.022   0.460   -5.30382e+00   -2.81471e+01   -1.41175e+03   -2.68611e+02    1.69600e+01    3.87201e+06
  0.024   0.490   -6.76110e+00   -2.94398e+01   -2.14519e+03   -2.41054e+02    1.82924e+02    9.15925e+06
  0.028   0.520   -4.14654e-01   -3.69295e+01   -2.58569e+03   -5.87222e+02    8.82915e+01    2.04877e+07
  0.031   0.550    1.13574e+01   -1.06055e+02   -2.47378e+03   -7.62724e+02   -7.25041e+01    4.34172e+07
  0.034   0.580   -1.14704e+01   -1.50963e+02   -1.53841e+03   -1.18041e+03   -8.65269e+01    8.74447e+07
  0.038   0.610   -3.43331e+01   -1.78200e+02    3.41407e+02   -1.73662e+03    1.43392e+02    1.67943e+08
  0.042   0.640   -7.09346e+01   -1.75264e+02    2.95750e+03   -2.74508e+03    8.30443e+02    3.08445e+08
  0.046   0.670   -2.12186e+01   -2.92187e+02    5.88971e+03   -4.56856e+03    2.48116e+02    5.42735e+08
  0.050   0.700   -5.82036e+01   -3.87992e+02    8.51733e+03   -7.29921e+03    1.17207e+03    9.15353e+08
  0.054   0.730   -1.95453e+01   -4.62599e+02    1.02915e+04   -9.45801e+03    1.23214e+03    1.47764e+09
  0.059   0.760   -7.61650e+01   -5.20071e+02    1.08924e+04   -1.41173e+04    1.01101e+02    2.27487e+09
  0.064   0.790   -4.78262e+01   -6.01679e+02    1.01433e+04   -1.77710e+04    2.48251e+03    3.32096e+09
  0.069   0.820   -6.92199e+01   -6.45271e+02    8.17445e+03   -1.99708e+04    1.60753e+03    4.56490e+09
  0.074   0.850   -4.46342e+01   -8.28548e+02    5.23264e+03   -2.03188e+04    2.63629e+03    5.87066e+09
  0.079   0.880   -3.80937e+01   -1.13015e+03    1.81318e+03   -1.89580e+04    2.59993e+03    7.04076e+09
  0.084   0.910   -1.06754e+02   -1.68942e+03   -1.60068e+03   -1.74451e+04    2.79023e+03    7.88834e+09
  0.090   0.940   -1.39199e+02   -2.24906e+03   -4.63646e+03   -1.64453e+04    2.75832e+03    8.31134e+09
  0.096   0.970   -2.04920e+02   -2.80557e+03   -7.17579e+03   -1.58467e+04    2.65872e+03    8.31622e+09
  0.102   1.000   -1.89341e+02   -3.19691e+03   -9.35830e+03   -1.55097e+04    2.21465e+03    7.99014e+09
  0.108   1.030   -1.86076e+02   -3.36812e+03   -1.14541e+04   -1.22758e+04    2.68149e+03    7.46093e+09
  0.115   1.060   -1.81523e+02   -3.10375e+03   -1.31121e+04   -9.59375e+03    2.73534e+03    6.87583e+09
  0.121   1.090   -1.62903e+02   -2.49994e+03   -1.14257e+04   -5.12485e+03    2.06012e+03    6.40246e+09
  0.128   1.120   -7.63479e+01   -1.23939e+03   -7.19261e+03    1.65872e+03    1.98996e+03    6.22975e+09
  0.135   1.150   -2.44698e+00    5.18481e+02   -5.07899e+03    8.42752e+03    7.78387e+02    6.52337e+09
  0.142   1.180    1.04132e+02    2.45858e+03   -4.68634e+03    1.43553e+04    8.13869e+02    7.29849e+09
  0.149   1.210    2.77729e+02    3.65666e+03   -5.12629e+03    1.69102e+04   -3.01936e+02    8.30100e+09
  0.157   1.240    6.47677e+01    3.68786e+03   -5.90258e+03    1.53830e+04   -1.08186e+03    9.11613e+09
  0.164   1.270    1.55309e+02    2.67903e+03   -6.69261e+03    1.18231e+04   -1.31391e+03    9.45274e+09
  0.172   1.300    6.86440e+01    1.96594e+03   -7.34185e+03    1.22369e+04   -1.61696e+03    9.25696e+09
  0.180   1.330    1.69733e+02    1.92946e+03   -7.72391e+03    1.33121e+04   -2.12418e+03    8.60746e+09
  0.189   1.360    1.51736e+02    2.16898e+03   -7.66732e+03    1.44497e+04   -2.11093e+03    7.61932e+09
  0.197   1.390    1.82543e+02    2.00922e+03   -7.05046e+03    1.22500e+04   -1.91534e+03    6.47392e+09
  0.206   1.420    7.02155e+01    1.14441e+03   -6.09218e+03    7.38883e+03   -1.04540e+03    5.49817e+09
  0.214   1.450   -2.14974e+01    6.13006e+01   -5.33832e+03    2.33367e+02    1.61574e+02    5.02235e+09
  0.223   1.480   -3.74309e+01   -8.44758e+02   -4.30901e+03   -4.80967e+03    1.12568e+03    5.04391e+09
  0.233   1.510   -2.27147e+01   -1.50728e+03   -3.77877e+03   -8.42978e+03    1.43286e+03    5.29312e+09
  0.242   1.540   -9.32265e+01   -1.97478e+03   -4.08831e+03   -1.15728e+04    1.80389e+03    5.56003e+09
  0.251   1.570   -3.23016e+01   -2.74719e+03   -4.94892e+03   -1.54075e+04    2.25119e+03    5.76681e+09
  0.261   1.600   -1.23760e+02   -3.90175e+03   -6.23237e+03   -2.06837e+04    2.53562e+03    5.85845e+09
  0.271   1.630   -1.06304e+02   -4.84244e+03   -7.61065e+03   -2.40902e+04    3.00167e+03    5.67129e+09
  0.281   1.660   -3.87047e+01   -3.87460e+03   -7.97151e+03   -1.95284e+04    2.41689e+03    5.00059e+09
  0.291   1.690    1.28298e+01   -1.54827e+03   -6.52653e+03   -8.65627e+03    1.57532e+03    4.12480e+09
  0.302   1.720   -4.28107e+01    3.79755e+02   -4.45891e+03    7.72264e+02    6.77077e+02    3.55077e+09
  0.312   1.750   -1.29864e+01    1.64432e+03   -2.72241e+03    7.13894e+03    1.21355e+02    3.31056e+09
  0.323   1.780    1.20271e+02    2.62331e+03   -1.86888e+03    1.18262e+04   -3.85730e+02    3.27286e+09
  0.334   1.810    1.82275e+02    3.32965e+03   -1.52265e+03    1.55192e+04   -7.96986e+02    3.36908e+09
  0.345   1.840    1.11080e+02    3.59418e+03   -1.72940e+03    1.70995e+04   -7.27316e+02    3.54126e+09
  0.357   1.870   -1.25287e+02    2.92382e+03   -2.65410e+03    1.48122e+04    2.09307e+02    3.65986e+09
  0.368   1.900   -1.47572e+02    1.69218e+03   -5.44477e+03    1.03590e+04    1.43499e+02    3.56953e+09
  0.380   1.930   -3.06399e+01    5.16093e+02   -5.47563e+03    5.09800e+03    3.28920e+02    3.24465e+09
  0.392   1.960    2.56990e+01   -7.89037e+02   -5.55705e+03   -1.33290e+03    4.16355e+02    2.78483e+09
  0.404   1.990   -5.52330e+01   -2.04106e+03   -3.95451e+03   -8.01084e+03    5.61093e+02    2.37395e+09
  0.416   2.020   -6.83636e+01   -2.54233e+03   -1.39014e+03   -1.06839e+04    4.08555e+02    2.21146e+09
  0.429   2.050    1.09604e+02   -2.19091e+03    3.31441e+01   -9.44345e+03   -2.32333e+02    2.25822e+09
  0.441   2.080    2.47934e+02   -1.60618e+03    2.53320e+02   -7.22109e+03   -4.80939e+02    2.35084e+09
  0.454   2.110    1.26128e+02   -1.15992e+03   -4.41915e+02   -5.43317e+03   -8.37716e+02    2.41648e+09
  0.467   2.140    1.06916e+01   -1.05954e+03   -2.19890e+03   -3.58919e+03   -1.13774e+03    2.43389e+09
  0.480   2.170    1.41038e+02   -8.66870e+02   -4.96018e+03   -1.46125e+03   -7.23054e+02    2.31288e+09
  0.494   2.200    1.45467e+02    4.12091e+02   -5.91450e+03    4.43208e+03   -7.92315e+02    1.94371e+09
  0.507   2.230    2.58887e+02    1.02012e+03   -3.37087e+03    4.86409e+03   -1.30481e+03    1.65191e+09
  0.521   2.260    3.32650e+02    6.19708e+02   -9.88826e+02    2.69686e+03   -2.22410e+03    1.58745e+09
  0.535   2.290   -2.93371e+01    3.18704e+01    6.38976e+00    1.31423e+03   -2.85510e+03    1.61185e+09
  0.549   2.320   -1.14228e+03   -8.48098e+02   -8.26764e+02   -2.51268e+03    4.40683e+03    1.65075e+09
  0.563   2.350   -1.31353e+03   -3.49375e+03   -3.96033e+03   -7.79565e+03    2.62147e+03    1.61869e+09
  0.578   2.380    1.00225e+03   -1.04043e+04   -9.21507e+03   -1.97381e+04   -1.05267e+04    1.21540e+09
  0.592   2.410    6.61799e+03    2.02905e+03   -1.47627e+03    6.98641e+03   -2.22650e+04    6.30308e+07
  0.607   2.440    1.34701e+03    2.65568e+03    1.71258e+03    9.64449e+03   -1.21180e+03    1.56745e+09
  0.622   2.470    6.51081e+02    7.39914e+02    2.88681e+03    3.38125e+03    2.23653e+03    1.35038e+09
  0.637   2.500   -1.79808e+02    2.83524e+02    3.45027e+03    2.99324e+03    2.55936e+03    1.33958e+09
  0.653   2.530   -1.18924e+02    3.00568e+01    2.20819e+03    2.12447e+03    1.53530e+03    1.37870e+09
  0.668   2.560    2.41983e+01   -1.67613e+02   -3.59217e+02    1.61218e+03    1.39406e+03    1.42254e+09
  0.684   2.590   -8.29498e+01    1.76238e+02   -3.70005e+03    2.87125e+03    1.13545e+03    1.42717e+09
  0.700   2.620    8.97742e+01    8.62930e+02   -3.27841e+03    2.95248e+03   -1.01761e+03    1.24163e+09
  0.716   2.650    1.25787e+02    1.21461e+03    1.04104e+03    2.22606e+03    2.36633e+00    1.05380e+09
  0.732   2.680    1.38427e+02    1.10644e+03    2.05888e+03    1.35587e+03    1.86836e+03    1.02841e+09
  0.749   2.710    4.48693e+02    6.11832e+02    1.25573e+03    8.88914e+02    7.25843e+02    1.05005e+09
  0.766   2.740   -3.68303e+02    3.33421e+02   -6.76885e+02    1.50975e+03    5.20345e+01    1.09347e+09
  0.782   2.770    1.82153e+02   -2.92056e+03   -3.55811e+03   -9.64286e+02   -7.66361e+03    1.11781e+09
  0.799   2.800    4.73541e+02    1.46980e+03   -8.85041e+02    2.22716e+03    8.53325e+03    1.04537e+09
  0.817   2.830   -3.15088e+02    9.38529e+01    3.37278e+02    1.98065e+03   -1.69672e+02    8.36975e+08
  0.834   2.860    9.99887e+01   -2.95909e+02    1.25119e+03    1.18625e+03   -8.77916e+02    8.18885e+08
  0.852   2.890    5.55455e+01   -2.60598e+02    1.23433e+03    6.74236e+02    8.68990e+01    8.39952e+08
  0.869   2.920    1.24399e+02   -3.46091e+02   -1.12262e+03    4.74555e+02    2.63682e+02    8.63261e+08
  0.887   2.950    1.22196e+02   -3.30163e+02   -3.20432e+03   -4.51215e+01    1.27154e+02    8.83186e+08
  0.906   2.980    2.00545e+02   -5.19066e+02   -2.03572e+03   -2.08577e+03   -1.77978e+03    7.84573e+08
