  0.001   0.100   -9.76446e-02    6.88946e+02    1.25073e-01   -6.36512e+02   -2.15964e-01   -1.52868e-01
  0.002   0.130   -2.38452e-01    1.63360e+03    3.68301e-01   -1.14495e+03    1.19024e+00    3.09298e-01
  0.003   0.160   -4.86630e-01    3.35729e+03    4.88172e-01   -1.39799e+03    2.37118e+00   -7.30596e-02
  0.004   0.190   -9.12883e-01    6.33360e+03    4.99400e-01   -4.33501e+02    5.56433e+00   -2.11991e-01
  0.005   0.220   -1.63937e+00    1.13240e+04    5.71156e-01    3.90177e+03    1.04791e+01   -5.98867e-01
  0.006   0.250   -2.85271e+00    1.95570e+04    5.84831e-01    1.61456e+04    1.97845e+01   -6.25085e-01
  0.008   0.280   -4.86404e+00    3.29927e+04    6.63906e-01    4.54030e+04    3.59979e+01    5.61581e-02
  0.010   0.310   -8.11486e+00    5.46587e+04    6.11970e-01    1.09217e+05    6.44105e+01   -1.00687e+00
  0.012   0.340   -1.33929e+01    8.89530e+04    7.02743e-01    2.39510e+05    1.11404e+02   -8.26517e-01
  0.014   0.370   -2.15623e+01    1.41645e+05    3.32690e-01    4.90157e+05    1.98095e+02   -2.90895e+00
  0.016   0.400   -3.39272e+01    2.19176e+05   -3.70982e-02    9.43268e+05    3.40563e+02   -4.34887e+00
  0.019   0.430   -5.12796e+01    3.27083e+05   -9.58446e-01    1.70945e+06    5.58532e+02   -1.11432e+01
  0.022   0.460   -7.38765e+01    4.67929e+05   -2.17258e+00    2.91814e+06    8.76700e+02   -1.23608e+01
  0.024   0.490   -1.02420e+02    6.39639e+05   -3.37773e+00    4.69881e+06    1.32174e+03   -1.59008e+01
  0.028   0.520   -1.34846e+02    8.34814e+05   -5.13000e+00    7.15677e+06    1.91209e+03   -2.69753e+01
  0.031   0.550   -1.68951e+02    1.04099e+06   -7.45213e+00    1.03460e+07    2.63903e+03   -3.79040e+01
  0.034   0.580   -2.01007e+02    1.24138e+06   -8.74037e+00    1.42379e+07    3.48354e+03   -5.71736e+01
  0.038   0.610   -2.27735e+02    1.41553e+06   -1.04989e+01    1.86815e+07    4.40747e+03   -7.67207e+01
  0.042   0.640   -2.44813e+02    1.54010e+06   -1.39818e+01    2.33518e+07    5.34299e+03   -1.11628e+02
  0.046   0.670   -2.47708e+02    1.59070e+06   -1.22444e+01    2.76941e+07    6.15775e+03   -1.40177e+02
  0.050   0.700   -2.32934e+02    1.54819e+06   -1.27332e+01    3.08850e+07    6.68350e+03   -1.70655e+02
  0.054   0.730   -1.97609e+02    1.41414e+06   -1.15209e+01    3.18692e+07    6.76460e+03   -2.26822e+02
  0.059   0.760   -1.40146e+02    1.23953e+06   -1.15816e+01    2.95957e+07    6.24644e+03   -2.82121e+02
  0.064   0.790   -6.61271e+01    1.15652e+06   -1.17029e+01    2.36824e+07    5.14052e+03   -3.16765e+02
  0.069   0.820    8.65235e+00    1.35969e+06   -1.00122e+01    1.55593e+07    3.81188e+03   -3.33112e+02
  0.074   0.850    6.06100e+01    1.95966e+06   -1.02606e+01    8.84040e+06    2.91787e+03   -4.48052e+02
  0.079   0.880    7.21505e+01    2.81945e+06   -9.88806e+00    6.91550e+06    2.86588e+03   -6.70575e+02
  0.084   0.910    4.38766e+01    3.65943e+06   -9.48638e+00    9.98763e+06    3.47645e+03   -1.02122e+03
  0.090   0.940   -1.60221e+01    4.30670e+06   -9.72619e+00    1.58377e+07    4.36643e+03   -1.00500e+03
  0.096   0.970   -8.87327e+01    4.75128e+06   -8.89569e+00    2.23024e+07    5.24244e+03   -1.49906e+03
  0.102   1.000   -1.67154e+02    5.06102e+06   -7.77155e+00    2.82218e+07    5.91991e+03   -1.57816e+03
  0.108   1.030   -2.48584e+02    5.31616e+06   -6.53783e+00    3.31991e+07    6.32171e+03   -1.65048e+03
  0.115   1.060   -3.26415e+02    5.58961e+06   -5.39122e+00    3.72229e+07    6.40468e+03   -1.57209e+03
  0.121   1.090   -3.94133e+02    5.95002e+06   -5.76896e+00    4.04420e+07    6.28716e+03   -1.36337e+03
  0.128   1.120   -4.38227e+02    6.47424e+06   -7.02680e+00    4.30442e+07    6.08016e+03   -7.52674e+02
  0.135   1.150   -4.36031e+02    7.25219e+06   -6.07603e+00    4.51696e+07    5.91752e+03   -3.59191e+01
  0.142   1.180   -3.59486e+02    8.33911e+06   -3.24508e+00    4.67106e+07    5.94391e+03    8.50670e+02
  0.149   1.210   -1.94120e+02    9.57663e+06    2.15155e+00    4.68649e+07    6.25653e+03    1.25394e+03
  0.157   1.240   -3.95242e+00    1.03610e+07    7.17310e+00    4.39712e+07    6.75283e+03    1.43310e+03
  0.164   1.270    9.07239e+01    9.95235e+06    1.10518e+01    3.70695e+07    6.85513e+03    1.08636e+03
  0.172   1.300    8.11406e+01    8.36762e+06    1.04328e+01    2.79403e+07    6.09614e+03    1.03775e+03
  0.180   1.330    4.37564e+01    6.42258e+06    6.97298e+00    1.99967e+07    4.85668e+03    1.14904e+03
  0.189   1.360    1.22900e+01    4.89549e+06    3.36375e+00    1.53216e+07    4.03736e+03    1.42286e+03
  0.197   1.390   -2.26641e+01    3.95133e+06    4.33812e-01    1.33013e+07    3.96962e+03    1.37649e+03
  0.206   1.420   -5.58959e+01    3.35642e+06   -9.10234e-01    1.23488e+07    4.33236e+03    1.03575e+03
  0.214   1.450   -7.52344e+01    2.89972e+06   -1.50273e+00    1.15222e+07    4.70356e+03    5.08612e+02
  0.223   1.480   -7.90342e+01    2.50602e+06   -2.13487e+00    1.05487e+07    4.67741e+03   -4.27424e+01
  0.233   1.510   -7.97362e+01    2.26489e+06   -2.55572e+00    9.75581e+06    3.96549e+03   -5.67298e+02
  0.242   1.540   -8.42627e+01    2.39496e+06   -3.10149e+00    9.98356e+06    2.87477e+03   -1.03246e+03
  0.251   1.570   -6.74440e+01    2.96726e+06   -4.23523e+00    1.15776e+07    2.33503e+03   -1.43497e+03
  0.261   1.600   -4.14168e+01    3.78229e+06   -5.36346e+00    1.38187e+07    2.95009e+03   -2.08902e+03
  0.271   1.630   -4.82255e+01    4.22442e+06   -4.71661e+00    1.46723e+07    4.09017e+03   -2.55919e+03
  0.281   1.660   -5.62199e+01    3.99222e+06   -2.85889e+00    1.34239e+07    4.35450e+03   -2.57941e+03
  0.291   1.690   -5.18123e+01    3.60186e+06   -1.49298e+00    1.18240e+07    3.96165e+03   -1.74460e+03
  0.302   1.720   -3.59213e+01    3.30460e+06   -7.22969e-01    1.05923e+07    3.36590e+03   -7.08890e+02
  0.312   1.750   -1.29509e+01    3.12640e+06   -1.90524e-01    9.75298e+06    2.54980e+03    8.05478e+01
  0.323   1.780    1.57743e+01    3.10960e+06    1.12008e+00    9.39611e+06    1.24445e+03    7.78097e+02
  0.334   1.810    8.30353e+01    3.31569e+06    2.76529e+00    9.67152e+06   -6.29885e+02    1.56430e+03
  0.345   1.840    1.66672e+02    3.68860e+06    4.78882e+00    1.03940e+07   -1.97935e+03    2.36550e+03
  0.357   1.870   -2.19042e+02    3.72803e+06    6.48342e+00    1.01924e+07    4.77952e+02    1.90066e+03
  0.368   1.900   -6.62514e+02    2.90546e+06   -7.10311e+00    7.69537e+06    4.42895e+03   -7.01465e+03
  0.380   1.930   -9.15081e+01    1.99165e+06    7.50429e-01    5.15612e+06    4.48348e+03    4.87349e+03
  0.392   1.960    1.48768e+01    1.48608e+06    1.18624e-02    3.78077e+06    2.58895e+03    5.23221e+02
  0.404   1.990    6.64626e+01    1.34656e+06    4.05242e-01    3.33543e+06    1.51360e+03   -1.32752e+03
  0.416   2.020    3.16888e+01    1.30866e+06    5.25395e-01    3.14319e+06    1.57242e+03   -1.91471e+03
  0.429   2.050    9.72167e+00    1.27467e+06    5.99117e-01    2.96402e+06    1.73628e+03   -1.85906e+03
  0.441   2.080   -3.86073e+01    1.30863e+06    1.52693e-01    2.94694e+06    5.71891e+02   -1.47776e+03
  0.454   2.110   -1.51109e+02    1.50917e+06   -4.39752e-01    3.29520e+06    1.88262e+02   -1.23201e+03
  0.467   2.140   -1.16873e+02    1.74696e+06   -4.79234e-01    3.69378e+06    2.47766e+03   -1.33551e+03
  0.480   2.170    1.77487e+01    1.75000e+06    3.28988e-01    3.56589e+06    3.97222e+03   -1.50493e+03
  0.494   2.200    6.74591e+01    1.59972e+06    4.78041e-01    3.12878e+06    2.82770e+03   -8.01427e+02
  0.507   2.230    1.16030e+02    1.49468e+06    2.02479e+00    2.79707e+06    1.50944e+03   -1.91927e+02
  0.521   2.260    1.20470e+02    1.43836e+06    4.37940e+00    2.56003e+06    5.21715e+02    4.93586e+01
  0.535   2.290   -2.31257e+01    1.48369e+06    6.73914e+00    2.48186e+06   -5.63513e+02    2.70707e+02
  0.549   2.320   -3.22283e+02    1.56999e+06    1.26869e+01    2.39409e+06    1.28169e+03    3.50793e+02
  0.563   2.350   -1.02705e+02    1.38786e+06    9.87933e+00    1.75627e+06    6.73813e+03   -1.18788e+03
  0.578   2.380    6.15791e+02    6.79062e+05    1.00512e+01    2.63997e+05    7.16677e+03   -8.58681e+03
  0.592   2.410    2.29970e+03    4.57270e+05    1.42056e+00    1.75106e+06   -1.07167e+04   -5.59289e+03
  0.607   2.440   -3.81880e+02    9.92226e+05   -6.16455e+00    2.37347e+06   -2.89929e+03    2.68527e+03
  0.622   2.470   -9.81178e+01    8.54271e+05   -4.76264e+00    1.78076e+06   -1.47753e+03    8.47793e+02
  0.637   2.500   -2.25849e+00    8.07928e+05   -3.83257e+00    1.55499e+06   -8.94912e+02    1.02406e+02
  0.653   2.530   -2.68756e+01    8.15612e+05   -4.12912e+00    1.47853e+06   -1.76558e+03   -2.85388e+02
  0.668   2.560   -4.94621e+01    9.30828e+05   -4.12941e+00    1.61613e+06   -5.05934e+02   -2.10852e+02
  0.684   2.590   -2.45636e+02    1.01982e+06   -2.57028e+00    1.71074e+06    1.52095e+03    7.41449e+02
  0.700   2.620   -2.39890e+02    9.65918e+05   -8.08478e-01    1.56506e+06    5.65036e+02    1.37327e+03
  0.716   2.650   -8.00368e+00    8.99568e+05    1.06465e-02    1.40727e+06   -5.83574e+02    5.72718e+02
  0.732   2.680    1.58353e+02    8.62397e+05   -2.93883e-01    1.30642e+06   -2.11559e+03    4.79028e+01
  0.749   2.710   -1.17318e+02    9.56724e+05    1.16829e+00    1.41109e+06   -2.24443e+03    3.92494e+02
  0.766   2.740    6.85841e+01    1.04012e+06    6.85634e+00    1.48964e+06    2.04294e+03    1.81709e+03
  0.782   2.770    3.05676e+02    9.39042e+05   -2.29261e-01    1.31932e+06    2.81689e+03   -5.24372e+03
  0.799   2.800   -1.57361e+01    7.02372e+05   -2.24872e+00    9.12291e+05   -1.65515e+03   -9.17735e+02
  0.817   2.830   -1.79445e+01    5.21184e+05   -2.39038e-01    6.65868e+05    3.70544e+02    9.57866e+02
  0.834   2.860   -5.27324e+01    4.93528e+05   -2.96757e-01    6.12103e+05    9.91835e+02    4.76408e+02
  0.852   2.890    9.61877e+01    5.07699e+05   -5.40082e-01    6.16004e+05   -5.82760e+02    2.71955e+02
  0.869   2.920   -4.43819e+01    5.59026e+05    1.15628e+00    6.46446e+05    2.16602e+02   -1.12222e+03
  0.887   2.950   -1.95568e+02    6.34916e+05    2.20476e+00    7.08953e+05    1.38307e+03   -8.00175e+02
  0.906   2.980    6.34694e+01    6.04758e+05    1.40440e+00    6.32195e+05    3.63669e+02   -3.96976e+02
