  0.001   0.100    6.12786e+02   -6.87864e-01    4.17350e+00    5.97546e-01    7.42234e+02   -5.89982e+00
  0.002   0.130    1.08759e+03   -2.14119e+00    8.39764e+00    9.38590e+00    1.45296e+03   -2.48834e+00
  0.003   0.160    1.27878e+03   -3.75409e+00    4.93700e+00    1.09017e+00    2.67892e+03    2.79040e+00
  0.004   0.190    2.04916e+02   -8.65507e+00    6.11231e+00    8.49283e+00    5.78175e+03   -7.35637e+00
  0.005   0.220   -4.32195e+03   -1.52645e+01    1.44473e+01    1.67770e+01    1.54342e+04   -1.60659e+01
  0.006   0.250   -1.68876e+04   -2.71733e+01    7.00514e+00   -9.14852e+01    4.56509e+04    8.38523e+00
  0.008   0.280   -4.66915e+04   -4.67756e+01    1.59677e+01   -1.26586e+02    1.32514e+05    7.64926e+00
  0.010   0.310   -1.11415e+05   -7.77882e+01    1.09430e+01   -2.05236e+02    3.64121e+05   -5.94657e+01
  0.012   0.340   -2.43204e+05   -1.28329e+02    6.25990e-01   -5.39978e+02    9.37797e+05    3.54203e+00
  0.014   0.370   -4.96236e+05   -2.10894e+02    6.40699e+00   -1.15878e+03    2.26193e+06   -6.00824e+01
  0.016   0.400   -9.53012e+05   -3.41969e+02   -9.84231e+00   -2.35876e+03    5.10315e+06    2.03669e+00
  0.019   0.430   -1.72452e+06   -5.37019e+02   -1.86194e+01   -4.48151e+03    1.07576e+07    1.36222e+01
  0.022   0.460   -2.94050e+06   -8.09374e+02   -6.60691e+01   -7.88254e+03    2.11874e+07   -4.99674e+01
  0.024   0.490   -4.73048e+06   -1.16517e+03   -1.01039e+02   -1.30060e+04    3.90744e+07   -8.90689e+01
  0.028   0.520   -7.19958e+06   -1.61805e+03   -1.57685e+02   -2.09799e+04    6.77529e+07    2.39712e+01
  0.031   0.550   -1.04012e+07   -2.14736e+03   -2.23666e+02   -3.19953e+04    1.10993e+08    6.38353e+01
  0.034   0.580   -1.43059e+07   -2.74898e+03   -3.52675e+02   -4.66645e+04    1.72583e+08   -3.43866e+01
  0.038   0.610   -1.87612e+07   -3.37710e+03   -4.46050e+02   -6.53393e+04    2.55639e+08    1.31313e+02
  0.042   0.640   -2.34407e+07   -3.98987e+03   -5.25165e+02   -8.82124e+04    3.61588e+08    3.97928e+02
  0.046   0.670   -2.77876e+07   -4.53469e+03   -6.44349e+02   -1.14431e+05    4.88851e+08    5.67169e+02
  0.050   0.700   -3.09761e+07   -4.93852e+03   -7.17738e+02   -1.42614e+05    6.31307e+08    5.29879e+02
  0.054   0.730   -3.19483e+07   -5.14421e+03   -7.96309e+02   -1.69271e+05    7.76534e+08    1.10407e+03
  0.059   0.760   -2.96515e+07   -4.96085e+03   -8.55118e+02   -1.89584e+05    9.03745e+08    1.29626e+03
  0.064   0.790   -2.37042e+07   -4.35055e+03   -8.78439e+02   -1.96682e+05    9.83243e+08    1.59252e+03
  0.069   0.820   -1.55441e+07   -3.28142e+03   -8.78501e+02   -1.85949e+05    9.85581e+08    1.28614e+03
  0.074   0.850   -8.79860e+06   -2.01630e+03   -8.12708e+02   -1.60424e+05    9.07959e+08    1.51097e+03
  0.079   0.880   -6.86749e+06   -9.09580e+02   -7.11523e+02   -1.31430e+05    7.90929e+08    2.24503e+03
  0.084   0.910   -9.95104e+06   -2.11067e+02   -6.50213e+02   -1.09460e+05    6.86671e+08    1.80963e+03
  0.090   0.940   -1.58197e+07   -4.55702e+01   -5.75636e+02   -9.66543e+04    6.18602e+08    2.59612e+03
  0.096   0.970   -2.23017e+07   -3.20333e+02   -5.40742e+02   -9.05630e+04    5.81981e+08    3.38209e+03
  0.102   1.000   -2.82329e+07   -9.34190e+02   -5.13698e+02   -8.83411e+04    5.62846e+08    2.29491e+03
  0.108   1.030   -3.32149e+07   -1.85425e+03   -5.00414e+02   -8.74396e+04    5.48991e+08    2.78780e+03
  0.115   1.060   -3.72355e+07   -3.00932e+03   -5.19311e+02   -8.65172e+04    5.32626e+08    2.70106e+03
  0.121   1.090   -4.04439e+07   -4.34090e+03   -5.91450e+02   -8.51592e+04    5.10043e+08    3.24800e+03
  0.128   1.120   -4.30281e+07   -5.61617e+03   -6.10111e+02   -8.27287e+04    4.80455e+08    2.19013e+03
  0.135   1.150   -4.51274e+07   -6.56688e+03   -5.67121e+02   -7.88062e+04    4.44519e+08    1.35845e+03
  0.142   1.180   -4.66353e+07   -6.78955e+03   -4.88905e+02   -7.26273e+04    4.02764e+08    8.10765e+02
  0.149   1.210   -4.67561e+07   -5.79044e+03   -4.07149e+02   -6.30669e+04    3.54233e+08    3.54831e+02
  0.157   1.240   -4.38426e+07   -3.58446e+03   -3.27841e+02   -5.03997e+04    2.97198e+08   -2.47947e+02
  0.164   1.270   -3.69489e+07   -1.10221e+03   -2.56931e+02   -3.63437e+04    2.34357e+08   -7.68162e+02
  0.172   1.300   -2.78514e+07    5.32189e+02   -2.29409e+02   -2.46220e+04    1.76054e+08   -1.28159e+03
  0.180   1.330   -1.99451e+07    9.59253e+02   -2.29753e+02   -1.83897e+04    1.33878e+08   -1.52411e+03
  0.189   1.360   -1.52994e+07    6.06886e+02   -2.44345e+02   -1.77412e+04    1.10614e+08   -2.45625e+03
  0.197   1.390   -1.32968e+07    2.05477e+02   -2.64742e+02   -1.93596e+04    9.86082e+07   -2.03154e+03
  0.206   1.420   -1.23534e+07    1.32115e+02   -2.79055e+02   -2.05840e+04    8.97869e+07   -1.34611e+03
  0.214   1.450   -1.15307e+07    3.63924e+02   -2.62371e+02   -2.03479e+04    8.07573e+07   -4.58578e+02
  0.223   1.480   -1.05564e+07    7.29219e+02   -2.10201e+02   -1.83391e+04    7.09142e+07    7.75117e+02
  0.233   1.510   -9.75658e+06    9.04816e+02   -1.82612e+02   -1.44166e+04    6.15971e+07    1.46010e+03
  0.242   1.540   -9.97066e+06    8.58784e+02   -1.77667e+02   -9.76855e+03    5.60231e+07    2.39190e+03
  0.251   1.570   -1.15468e+07    1.07939e+03   -1.94812e+02   -6.36766e+03    5.57340e+07    2.66096e+03
  0.261   1.600   -1.37714e+07    1.74858e+03   -2.23508e+02   -5.63453e+03    5.81424e+07    2.64123e+03
  0.271   1.630   -1.46244e+07    2.19177e+03   -2.24536e+02   -7.08106e+03    5.64829e+07    2.46925e+03
  0.281   1.660   -1.33907e+07    2.10242e+03   -1.85935e+02   -7.40333e+03    4.90925e+07    2.32308e+03
  0.291   1.690   -1.18045e+07    1.89020e+03   -1.45616e+02   -6.34091e+03    4.15981e+07    1.36142e+03
  0.302   1.720   -1.05819e+07    1.71378e+03   -1.19729e+02   -4.86878e+03    3.58758e+07    3.10498e+02
  0.312   1.750   -9.74758e+06    1.40313e+03   -1.04090e+02   -3.38596e+03    3.17384e+07   -8.59114e+01
  0.323   1.780   -9.39188e+06    6.52152e+02   -5.81452e+01   -2.00148e+03    2.92784e+07   -2.76872e+02
  0.334   1.810   -9.66470e+06   -4.33198e+02   -3.17065e+01   -3.93715e+02    2.87947e+07   -4.92500e+02
  0.345   1.840   -1.03805e+07   -9.77992e+02   -1.26362e+01    9.85293e+02    2.96482e+07   -1.02430e+03
  0.357   1.870   -1.01703e+07   -4.09728e+02   -5.23104e+00   -1.39852e+03    2.80609e+07   -1.09528e+02
  0.368   1.900   -7.71317e+06    7.07450e+02   -9.68268e+00   -4.94277e+03    2.06177e+07    1.21864e+04
  0.380   1.930   -5.16755e+06    3.25884e+03   -5.73810e+01   -2.65114e+03    1.34863e+07   -5.62682e+03
  0.392   1.960   -3.78842e+06    2.29091e+03   -6.39688e+01   -1.00712e+03    9.69581e+06   -7.33534e+02
  0.404   1.990   -3.35542e+06    1.43452e+03   -3.37249e+01   -6.99014e+02    8.34289e+06    4.41105e+02
  0.416   2.020   -3.17613e+06    1.22682e+03   -7.53232e+00   -1.09908e+03    7.64554e+06    5.95447e+02
  0.429   2.050   -3.00664e+06    1.22086e+03   -1.38586e+01   -1.44314e+03    7.00041e+06    6.37228e+02
  0.441   2.080   -2.99387e+06   -1.94027e+02   -3.12002e+00   -1.82530e+03    6.74665e+06    7.96717e+02
  0.454   2.110   -3.35474e+06   -1.24817e+03   -2.95047e+00   -2.60354e+03    7.32738e+06    7.19454e+02
  0.467   2.140   -3.78045e+06    8.58400e+02   -1.16773e+01   -2.97913e+03    7.99476e+06   -1.94103e+01
  0.480   2.170   -3.68637e+06    2.71792e+03   -2.51933e+01   -2.75550e+03    7.51249e+06   -6.01618e+02
  0.494   2.200   -3.28070e+06    1.84436e+03   -2.69236e+01   -2.37240e+03    6.41746e+06   -8.03100e+02
  0.507   2.230   -2.98590e+06    7.61577e+02   -3.56692e+01   -2.08413e+03    5.58880e+06   -6.51552e+02
  0.521   2.260   -2.79997e+06   -3.72814e+02   -4.54299e+01   -2.21684e+03    4.98472e+06   -1.65479e+02
  0.535   2.290   -2.81604e+06   -2.34657e+03   -4.90537e+01   -3.22935e+03    4.71238e+06    3.29715e+02
  0.549   2.320   -2.90775e+06   -2.35032e+03    6.29563e+00   -5.88226e+03    4.43656e+06    5.63881e+02
  0.563   2.350   -2.50910e+06    1.75623e+03    7.49063e+01   -1.02508e+04    3.18002e+06   -3.48701e+02
  0.578   2.380   -1.20007e+06    2.70307e+03    7.60038e+01   -1.19790e+04    5.03102e+05   -1.58201e+03
  0.592   2.410   -8.31565e+05    5.26419e+03    1.04751e+00    2.38460e+04    3.18119e+06   -1.98673e+03
  0.607   2.440   -1.66656e+06   -1.32697e+02    2.85883e+01    5.80443e+03    3.99152e+06   -1.16265e+03
  0.622   2.470   -1.39949e+06    2.52878e+02   -1.68566e+00    3.56661e+03    2.92068e+06    5.13109e+02
  0.637   2.500   -1.29411e+06    5.31511e+02   -7.86290e+00    2.95792e+03    2.49366e+06    5.32355e+02
  0.653   2.530   -1.28101e+06   -9.33480e+02   -1.35977e+01    1.41741e+03    2.32499e+06    5.72337e+02
  0.668   2.560   -1.43550e+06    1.68971e+02   -5.57984e+01    1.09728e+03    2.49501e+06    5.89551e+02
  0.684   2.590   -1.54219e+06    1.43915e+03   -7.82172e+01    7.50731e+02    2.58981e+06    1.99131e+02
  0.700   2.620   -1.42551e+06    3.45525e+02   -5.34616e+01    3.41071e+02    2.31240e+06   -4.56923e+02
  0.716   2.650   -1.29416e+06   -1.78536e+02   -3.05847e+01    6.17499e+02    2.02697e+06   -8.31700e+01
  0.732   2.680   -1.21205e+06   -1.22626e+03   -2.36367e+01    6.76977e+02    1.83834e+06    4.17613e+02
  0.749   2.710   -1.31933e+06   -2.26870e+03    2.61167e+01   -5.11856e+01    1.94800e+06    7.65282e+02
  0.766   2.740   -1.41025e+06    2.11222e+03    9.37603e+01    4.06241e+02    2.02141e+06    5.40871e+02
  0.782   2.770   -1.25371e+06    3.06910e+03   -9.94699e+00   -1.44713e+02    1.76414e+06   -3.32548e+03
  0.799   2.800   -9.09187e+05    5.59119e+02    8.41275e+00    2.63519e+03    1.18324e+06    1.69594e+03
  0.817   2.830   -6.56606e+05   -1.87198e+02    1.27890e+01   -5.03569e+02    8.41138e+05   -3.72559e+02
  0.834   2.860   -6.12232e+05    4.27036e+01   -5.76036e+00   -8.41256e+02    7.61672e+05   -3.34108e+02
  0.852   2.890   -6.24982e+05   -5.96279e+01   -4.19981e+00    4.44630e+02    7.58583e+05   -7.88368e+01
  0.869   2.920   -6.70900e+05   -2.12416e+01   -2.01004e+01   -3.12553e+02    7.77250e+05    5.67026e+02
  0.887   2.950   -7.52445e+05    4.58181e+02   -4.48901e+01   -7.74780e+02    8.42501e+05   -3.06920e+02
  0.906   2.980   -7.00120e+05    2.59824e+01   -2.68216e+01   -5.25149e+02    7.33565e+05   -7.98757e+02
