  0.001   0.100    6.88917e+02    1.05934e-01    3.04091e-02    3.04514e-01    6.36666e+02   -8.47935e-02
  0.002   0.130    1.63352e+03    2.58897e-01    1.50930e-01    2.05046e+00    1.14525e+03   -3.42321e-01
  0.003   0.160    3.35714e+03    5.36733e-01    1.91976e-01    3.30267e+00    1.39796e+03    4.20775e-01
  0.004   0.190    6.33331e+03    1.01740e+00   -1.18862e-02    6.93387e+00    4.36415e+02    1.27339e-01
  0.005   0.220    1.13234e+04    1.78894e+00   -1.41666e-01    1.20368e+01   -3.89740e+03    9.94525e-03
  0.006   0.250    1.95560e+04    3.20507e+00    1.97995e-01    2.26487e+01   -1.61396e+04   -5.78179e-01
  0.008   0.280    3.29911e+04    5.41830e+00   -9.41685e-02    4.03963e+01   -4.53922e+04   -9.82397e-02
  0.010   0.310    5.46560e+04    9.05781e+00    4.68200e-01    7.03292e+01   -1.09198e+05    2.29704e-02
  0.012   0.340    8.89484e+04    1.49365e+01    7.42420e-02    1.27863e+02   -2.39481e+05    1.15101e+00
  0.014   0.370    1.41637e+05    2.40984e+01    2.31143e-01    2.22725e+02   -4.90100e+05   -1.99338e-01
  0.016   0.400    2.19164e+05    3.78302e+01    8.71850e-01    3.77770e+02   -9.43168e+05    2.24811e-01
  0.019   0.430    3.27064e+05    5.75998e+01    2.00579e+00    6.21179e+02   -1.70929e+06   -2.10053e+00
  0.022   0.460    4.67901e+05    8.37936e+01    3.24636e+00    9.83485e+02   -2.91788e+06    5.37518e-01
  0.024   0.490    6.39597e+05    1.15970e+02    5.53645e+00    1.49195e+03   -4.69841e+06   -3.79590e+00
  0.028   0.520    8.34756e+05    1.54211e+02    8.00148e+00    2.16011e+03   -7.15614e+06   -3.94640e+00
  0.031   0.550    1.04091e+06    1.94392e+02    1.12585e+01    2.99746e+03   -1.03451e+07   -9.30873e+00
  0.034   0.580    1.24127e+06    2.34321e+02    1.65026e+01    3.98965e+03   -1.42367e+07   -6.60126e+00
  0.038   0.610    1.41541e+06    2.67588e+02    2.11151e+01    5.07798e+03   -1.86798e+07   -1.05886e+01
  0.042   0.640    1.53994e+06    2.91959e+02    2.39374e+01    6.18810e+03   -2.33496e+07   -2.05532e+01
  0.046   0.670    1.59053e+06    3.00442e+02    2.69909e+01    7.20393e+03   -2.76914e+07   -1.62558e+01
  0.050   0.700    1.54801e+06    2.88109e+02    2.76042e+01    7.94671e+03   -3.08817e+07   -2.33377e+01
  0.054   0.730    1.41396e+06    2.50467e+02    2.74381e+01    8.16176e+03   -3.18657e+07   -2.21320e+01
  0.059   0.760    1.23936e+06    1.84460e+02    2.52214e+01    7.69920e+03   -2.95920e+07   -4.97355e+01
  0.064   0.790    1.15639e+06    9.75034e+01    2.07482e+01    6.51773e+03   -2.36789e+07   -4.59022e+01
  0.069   0.820    1.35962e+06    6.45871e+00    1.54099e+01    5.13770e+03   -1.55562e+07   -2.21015e+01
  0.074   0.850    1.95963e+06   -6.30498e+01    1.03611e+01    4.12174e+03   -8.83772e+06   -1.83085e+01
  0.079   0.880    2.81944e+06   -8.53382e+01    9.53717e+00    3.95544e+03   -6.91310e+06   -7.82258e+01
  0.084   0.910    3.65942e+06   -5.43796e+01    1.28198e+01    4.50344e+03   -9.98538e+06   -1.00519e+02
  0.090   0.940    4.30666e+06    1.74275e+01    1.80775e+01    5.39448e+03   -1.58354e+07   -1.43808e+02
  0.096   0.970    4.75116e+06    1.12027e+02    2.35966e+01    6.29150e+03   -2.22999e+07   -1.35710e+02
  0.102   1.000    5.06085e+06    2.16136e+02    2.96923e+01    7.04368e+03   -2.82191e+07   -1.34835e+02
  0.108   1.030    5.31594e+06    3.22584e+02    3.67012e+01    7.52408e+03   -3.31961e+07   -2.05830e+02
  0.115   1.060    5.58930e+06    4.28123e+02    5.12159e+01    7.70342e+03   -3.72195e+07   -1.59301e+02
  0.121   1.090    5.94967e+06    5.20185e+02    8.22642e+01    7.65079e+03   -4.04381e+07   -1.44696e+02
  0.128   1.120    6.47384e+06    5.82978e+02    1.02440e+02    7.48086e+03   -4.30400e+07   -1.44163e+02
  0.135   1.150    7.25172e+06    5.90462e+02    1.03771e+02    7.31799e+03   -4.51647e+07   -6.88482e+01
  0.142   1.180    8.33851e+06    5.09265e+02    9.75300e+01    7.24907e+03   -4.67048e+07   -2.16686e+01
  0.149   1.210    9.57582e+06    3.16457e+02    8.65941e+01    7.40183e+03   -4.68584e+07    1.04584e+02
  0.157   1.240    1.03600e+07    8.99341e+01    7.01631e+01    7.64693e+03   -4.39651e+07    1.32792e+02
  0.164   1.270    9.95160e+06   -3.24871e+01    5.20505e+01    7.51540e+03   -3.70654e+07    1.23261e+02
  0.172   1.300    8.36725e+06   -3.97235e+01    3.96591e+01    6.54335e+03   -2.79385e+07    1.67533e+02
  0.180   1.330    6.42251e+06   -1.44833e+01    3.48875e+01    5.15763e+03   -1.99958e+07    2.34055e+02
  0.189   1.360    4.89543e+06    9.87352e+00    3.66808e+01    4.26314e+03   -1.53207e+07    1.71283e+02
  0.197   1.390    3.95119e+06    4.12422e+01    4.06551e+01    4.15571e+03   -1.33001e+07    1.64509e+02
  0.206   1.420    3.35624e+06    7.13145e+01    4.43030e+01    4.47986e+03   -1.23474e+07    1.66173e+02
  0.214   1.450    2.89952e+06    8.67790e+01    4.26333e+01    4.80653e+03   -1.15207e+07    1.34308e+02
  0.223   1.480    2.50584e+06    8.46149e+01    3.52583e+01    4.74113e+03   -1.05474e+07    8.26394e+01
  0.233   1.510    2.26473e+06    8.25021e+01    3.20435e+01    3.99216e+03   -9.75474e+06    1.98069e+01
  0.242   1.540    2.39482e+06    8.62469e+01    3.35697e+01    2.90191e+03   -9.98268e+06   -1.07009e+01
  0.251   1.570    2.96709e+06    7.25766e+01    4.12276e+01    2.38840e+03   -1.15768e+07   -3.11679e+01
  0.261   1.600    3.78213e+06    4.73842e+01    5.27424e+01    3.02410e+03   -1.38180e+07   -3.82966e+01
  0.271   1.630    4.22435e+06    5.53316e+01    5.60166e+01    4.17779e+03   -1.46717e+07    4.02308e+01
  0.281   1.660    3.99212e+06    6.50016e+01    4.61211e+01    4.42742e+03   -1.34230e+07   -2.67364e+01
  0.291   1.690    3.60166e+06    6.27211e+01    3.44024e+01    4.01794e+03   -1.18228e+07    3.63927e+00
  0.302   1.720    3.30437e+06    4.64809e+01    2.65085e+01    3.40618e+03   -1.05910e+07    9.84502e+01
  0.312   1.750    3.12613e+06    2.23361e+01    2.19925e+01    2.57928e+03   -9.75159e+06    7.52052e+01
  0.323   1.780    3.10927e+06   -2.09356e+00    1.18945e+01    1.29831e+03   -9.39458e+06    1.16674e+02
  0.334   1.810    3.31531e+06   -6.40179e+01    4.08328e+00   -5.27947e+02   -9.66982e+06    1.54609e+02
  0.345   1.840    3.68822e+06   -1.64462e+02   -2.21477e+00   -1.85341e+03   -1.03923e+07    2.76475e+02
  0.357   1.870    3.72796e+06    1.37590e+02   -3.35320e+00    4.30847e+02   -1.01919e+07   -2.69415e+01
  0.368   1.900    2.90597e+06    6.17412e+02   -1.12741e+01    4.32999e+03   -7.69668e+06   -5.42916e+03
  0.380   1.930    1.99150e+06    8.77071e+01    1.51541e+01    4.47581e+03   -5.15578e+06    2.70071e+03
  0.392   1.960    1.48604e+06   -3.81228e+01    2.21429e+01    2.58750e+03   -3.78072e+06    5.77704e+02
  0.404   1.990    1.34650e+06   -7.71839e+01    1.49023e+01    1.53184e+03   -3.33529e+06    5.45258e+01
  0.416   2.020    1.30858e+06   -3.26350e+01    7.05190e+00    1.59155e+03   -3.14298e+06    3.41850e+01
  0.429   2.050    1.27458e+06   -5.07117e+00    5.06715e+00    1.76354e+03   -2.96380e+06    7.18902e+01
  0.441   2.080    1.30854e+06    4.31201e+01   -1.17878e+00    6.07834e+02   -2.94675e+06    8.81931e+00
  0.454   2.110    1.50912e+06    1.50556e+02   -8.05598e-01    2.19007e+02   -3.29507e+06    2.73020e+01
  0.467   2.140    1.74691e+06    1.19086e+02    4.25542e+00    2.49892e+03   -3.69354e+06    2.38590e+02
  0.480   2.170    1.74981e+06    7.18230e-01    1.20886e+01    4.01307e+03   -3.56539e+06    3.88625e+02
  0.494   2.200    1.59946e+06   -4.99355e+01    1.46669e+01    2.87302e+03   -3.12829e+06    3.44269e+02
  0.507   2.230    1.49445e+06   -9.87888e+01    2.08058e+01    1.58953e+03   -2.79685e+06    2.97376e+02
  0.521   2.260    1.43819e+06   -9.94035e+01    2.48042e+01    5.81054e+02   -2.56009e+06    1.85960e+02
  0.535   2.290    1.48368e+06    4.46606e+01    2.24874e+01   -4.09158e+02   -2.48254e+06    4.20277e+01
  0.549   2.320    1.57037e+06    3.01848e+02   -6.88683e+00    1.55325e+03   -2.39561e+06   -3.94780e+01
  0.563   2.350    1.38853e+06    1.04094e+02   -4.39184e+01    6.91773e+03   -1.75832e+06    4.22060e+02
  0.578   2.380    6.79203e+05   -4.16214e+02   -4.63906e+01    7.54191e+03   -2.64717e+05    8.39815e+02
  0.592   2.410    4.58565e+05   -2.13785e+03    5.31845e+00   -1.04252e+04   -1.75144e+06    1.14561e+03
  0.607   2.440    9.91814e+05    3.73707e+02   -1.44549e+01   -2.94650e+03   -2.37145e+06    5.79856e+02
  0.622   2.470    8.54046e+05    9.33447e+01    2.12156e+00   -1.56379e+03   -1.77946e+06   -1.59154e+02
  0.637   2.500    8.07773e+05   -1.28485e+00    2.41348e+00   -9.62486e+02   -1.55411e+06   -6.23914e+01
  0.653   2.530    8.15488e+05    2.19481e+01    6.09957e+00   -1.83027e+03   -1.47787e+06   -1.05914e+02
  0.668   2.560    9.30664e+05    5.88884e+01    3.44472e+01   -4.93710e+02   -1.61542e+06   -2.43690e+02
  0.684   2.590    1.01976e+06    2.47020e+02    5.09910e+01    1.44696e+03   -1.71035e+06   -2.44643e+02
  0.700   2.620    9.65948e+05    2.26906e+02    3.68147e+01    4.91240e+02   -1.56493e+06    4.65009e+01
  0.716   2.650    8.99581e+05   -5.78406e+00    2.25832e+01   -6.52716e+02   -1.40718e+06    1.11055e+02
  0.732   2.680    8.62371e+05   -1.70907e+02    1.65387e+01   -2.12799e+03   -1.30623e+06   -5.34535e+01
  0.749   2.710    9.56649e+05    9.70582e+01   -2.01634e+01   -2.32789e+03   -1.41079e+06   -3.06215e+02
  0.766   2.740    1.03976e+06   -1.35863e+02   -6.97907e+01    1.76139e+03   -1.48875e+06   -2.72397e+02
  0.782   2.770    9.40434e+05   -1.73201e+02    6.37967e+00    3.28920e+03   -1.32142e+06    2.20967e+03
  0.799   2.800    7.01959e+05   -1.61427e+01   -4.14311e+00   -1.58841e+03   -9.11455e+05   -1.54535e+03
  0.817   2.830    5.21100e+05    2.18816e+01   -9.56667e+00    2.31944e+02   -6.65590e+05    3.69053e+02
  0.834   2.860    4.93469e+05    4.51953e+01    6.08599e+00    8.10065e+02   -6.11951e+05    5.95579e+02
  0.852   2.890    5.07694e+05   -9.97644e+01    4.18680e+00   -5.04905e+02   -6.15802e+05    5.05601e+02
  0.869   2.920    5.59064e+05    4.12553e+01    1.43540e+01    2.79937e+02   -6.46398e+05   -4.04632e+02
  0.887   2.950    6.34918e+05    1.97420e+02    3.59657e+01    1.35444e+03   -7.08927e+05   -4.57116e+01
  0.906   2.980    6.04704e+05   -5.40505e+01    2.27250e+01    3.93830e+02   -6.32038e+05    1.97630e+02
