  0.001   0.100    4.03091e+04    1.16256e+01
  0.002   0.130    3.97582e+04    6.46982e+01
  0.003   0.160    3.92907e+04    8.73731e+01
  0.004   0.190    3.85354e+04    1.29214e+02
  0.005   0.220    3.75287e+04    1.26815e+02
  0.006   0.250    3.66293e+04    1.03459e+02
  0.008   0.280    3.55016e+04    1.36512e+02
  0.010   0.310    3.39353e+04    7.26391e+01
  0.012   0.340    3.25297e+04   -5.93048e+01
  0.014   0.370    3.05929e+04   -2.41130e+02
  0.016   0.400    2.82345e+04   -5.82634e+02
  0.019   0.430    2.55731e+04   -1.17616e+03
  0.022   0.460    2.24399e+04   -1.95032e+03
  0.024   0.490    1.87140e+04   -2.90629e+03
  0.028   0.520    1.44452e+04   -4.21454e+03
  0.031   0.550    9.63217e+03   -5.48589e+03
  0.034   0.580    4.49829e+03   -6.57281e+03
  0.038   0.610   -9.71500e+02   -7.65788e+03
  0.042   0.640   -6.22962e+03   -8.45883e+03
  0.046   0.670   -1.12215e+04   -9.05654e+03
  0.050   0.700   -1.55481e+04   -9.59153e+03
  0.054   0.730   -1.89425e+04   -1.02218e+04
  0.059   0.760   -2.15054e+04   -1.10250e+04
  0.064   0.790   -2.30946e+04   -1.19117e+04
  0.069   0.820   -2.37761e+04   -1.29979e+04
  0.074   0.850   -2.34382e+04   -1.40648e+04
  0.079   0.880   -2.21427e+04   -1.51457e+04
  0.084   0.910   -2.01099e+04   -1.62755e+04
  0.090   0.940   -1.74794e+04   -1.73815e+04
  0.096   0.970   -1.46560e+04   -1.83511e+04
  0.102   1.000   -1.23711e+04   -1.89846e+04
  0.108   1.030   -1.11579e+04   -1.84671e+04
  0.115   1.060   -1.16611e+04   -1.49385e+04
  0.121   1.090   -9.53248e+03   -5.96949e+03
  0.128   1.120   -1.18071e+03    1.23163e+03
  0.135   1.150    6.34864e+03    3.84198e+03
  0.142   1.180    1.13150e+04    4.80290e+03
  0.149   1.210    1.40854e+04    5.05904e+03
  0.157   1.240    1.44739e+04    4.71892e+03
  0.164   1.270    1.25730e+04    4.36688e+03
  0.172   1.300    8.95190e+03    4.46070e+03
  0.180   1.330    4.40683e+03    5.22394e+03
  0.189   1.360    3.28997e+01    6.66829e+03
  0.197   1.390   -2.91250e+03    8.57375e+03
  0.206   1.420   -2.88474e+03    1.05605e+04
  0.214   1.450    3.57556e+03    8.51190e+03
  0.223   1.480    6.11766e+03   -5.10781e+03
  0.233   1.510   -1.59757e+03   -1.46559e+04
  0.242   1.540   -8.82747e+03   -1.63744e+04
  0.251   1.570   -1.22729e+04   -1.37407e+04
  0.261   1.600   -1.20161e+04   -8.82793e+03
  0.271   1.630   -8.36051e+03   -2.94909e+03
  0.281   1.660   -2.18764e+03    1.69198e+03
  0.291   1.690    3.07601e+03    3.76333e+03
  0.302   1.720    5.52531e+03    4.89508e+03
  0.312   1.750    5.03728e+03    3.35638e+03
  0.323   1.780   -4.82805e+03    6.63976e+03
  0.334   1.810   -6.75295e+03    1.42904e+04
  0.345   1.840   -5.13266e+03    1.67887e+04
  0.357   1.870   -1.63705e+03    1.33056e+04
  0.368   1.900   -6.76380e+03    6.51890e+03
  0.380   1.930    1.79572e+03   -2.87692e+03
  0.392   1.960    1.64882e+01   -1.12994e+04
  0.404   1.990   -2.56004e+03   -1.25467e+04
  0.416   2.020    1.64452e+03   -2.48680e+03
  0.429   2.050    1.69815e+04    8.90746e+02
  0.441   2.080    2.23101e+04   -5.58375e+02
  0.454   2.110    2.08823e+04    1.69031e+03
  0.467   2.140    1.57797e+04    4.94109e+03
  0.480   2.170    7.32628e+03    6.23959e+03
  0.494   2.200   -2.55268e+03    5.17346e+03
  0.507   2.230   -9.51852e+03   -9.46959e+02
  0.521   2.260   -1.47105e+04   -1.42927e+04
  0.535   2.290   -1.86854e+04   -2.71501e+04
  0.549   2.320   -1.40886e+04   -3.80334e+04
  0.563   2.350   -4.72897e+03   -4.90362e+04
  0.578   2.380   -2.29301e+02   -6.05540e+04
  0.592   2.410   -4.46769e+04   -4.73760e+04
  0.607   2.440    1.65422e+04    1.84525e+04
  0.622   2.470    4.09817e+04    2.30517e+04
  0.637   2.500    4.54520e+04    1.70503e+04
  0.653   2.530    3.19497e+04    1.34308e+04
  0.668   2.560    1.57049e+04    9.49490e+03
  0.684   2.590    3.78876e+03    3.32954e+03
  0.700   2.620   -1.38041e+00   -7.96272e+03
  0.716   2.650   -1.55020e+03   -1.91758e+04
  0.732   2.680    2.98601e+03   -2.63284e+04
  0.749   2.710   -1.25211e+03   -2.71365e+04
  0.766   2.740   -4.57912e+03   -8.43245e+03
  0.782   2.770    4.48778e+03    1.34502e+04
  0.799   2.800    3.40899e+03    3.64581e+03
  0.817   2.830   -1.02069e+04    1.12408e+04
  0.834   2.860   -1.90372e+04    9.50485e+03
  0.852   2.890   -7.02136e+03    1.03644e+04
  0.869   2.920    1.11308e+04   -8.24199e+03
  0.887   2.950    2.93873e+02   -2.51887e+04
  0.906   2.980   -5.62593e+03   -8.25437e+03
