  0.001   0.100    4.95107e+06    4.88415e+03
  0.002   0.130    4.69607e+06    7.69829e+03
  0.003   0.160    4.37793e+06    1.06154e+04
  0.004   0.190    3.99888e+06    1.31556e+04
  0.005   0.220    3.56190e+06    1.46629e+04
  0.006   0.250    3.07090e+06    1.42719e+04
  0.008   0.280    2.53088e+06    1.09099e+04
  0.010   0.310    1.94823e+06    3.38441e+03
  0.012   0.340    1.33065e+06   -9.30620e+03
  0.014   0.370    6.86986e+05   -2.73471e+04
  0.016   0.400    2.69742e+04   -4.91601e+04
  0.019   0.430   -6.38922e+05   -7.03589e+04
  0.022   0.460   -1.29896e+06   -8.30822e+04
  0.024   0.490   -1.93882e+06   -7.62233e+04
  0.028   0.520   -2.53945e+06   -3.69529e+04
  0.031   0.550   -3.07508e+06    4.57056e+04
  0.034   0.580   -3.51367e+06    1.75083e+05
  0.038   0.610   -3.82243e+06    3.40742e+05
  0.042   0.640   -3.97867e+06    5.17028e+05
  0.046   0.670   -3.98044e+06    6.70799e+05
  0.050   0.700   -3.84821e+06    7.75239e+05
  0.054   0.730   -3.61588e+06    8.20006e+05
  0.059   0.760   -3.31863e+06    8.11408e+05
  0.064   0.790   -2.98535e+06    7.65486e+05
  0.069   0.820   -2.63768e+06    7.00521e+05
  0.074   0.850   -2.29209e+06    6.32428e+05
  0.079   0.880   -1.96270e+06    5.73278e+05
  0.084   0.910   -1.66329e+06    5.31844e+05
  0.090   0.940   -1.40874e+06    5.15736e+05
  0.096   0.970   -1.21616e+06    5.36163e+05
  0.102   1.000   -1.10379e+06    6.19918e+05
  0.108   1.030   -1.07065e+06    8.39734e+05
  0.115   1.060   -9.65334e+05    1.32871e+06
  0.121   1.090   -3.49831e+05    1.83939e+06
  0.128   1.120    3.61509e+05    1.68728e+06
  0.135   1.150    6.14253e+05    1.33167e+06
  0.142   1.180    6.45620e+05    1.07841e+06
  0.149   1.210    6.07450e+05    9.02933e+05
  0.157   1.240    5.43605e+05    7.65369e+05
  0.164   1.270    4.67632e+05    6.46803e+05
  0.172   1.300    3.86116e+05    5.41384e+05
  0.180   1.330    3.04489e+05    4.49777e+05
  0.189   1.360    2.28528e+05    3.75948e+05
  0.197   1.390    1.66748e+05    3.26343e+05
  0.206   1.420    1.41203e+05    3.05619e+05
  0.214   1.450    1.89873e+05    2.65747e+05
  0.223   1.480    2.06577e+05    1.37579e+05
  0.233   1.510    1.54446e+05    5.52186e+04
  0.242   1.540    1.13422e+05    1.97016e+04
  0.251   1.570    8.84696e+04    1.08149e+03
  0.261   1.600    7.27715e+04   -1.02198e+04
  0.271   1.630    6.19413e+04   -1.76338e+04
  0.281   1.660    5.32142e+04   -2.30638e+04
  0.291   1.690    4.45562e+04   -2.74454e+04
  0.302   1.720    3.45052e+04   -3.08672e+04
  0.312   1.750    2.05830e+04   -3.10994e+04
  0.323   1.780    1.31571e+04   -2.12202e+04
  0.334   1.810    1.23483e+04   -1.85674e+04
  0.345   1.840    1.04749e+04   -1.77123e+04
  0.357   1.870    8.18496e+03   -1.69500e+04
  0.368   1.900    2.53578e+04   -1.78504e+04
  0.380   1.930    8.04550e+03   -2.30102e+04
  0.392   1.960    2.65865e+03   -2.36025e+04
  0.404   1.990   -5.24093e+03   -2.21905e+04
  0.416   2.020   -1.32955e+04   -1.07093e+04
  0.429   2.050   -4.63760e+03    9.56156e+02
  0.441   2.080    3.45485e+03   -3.20999e+02
  0.454   2.110    6.54680e+03   -3.93056e+03
  0.467   2.140    7.15056e+03   -7.27895e+03
  0.480   2.170    6.51057e+03   -9.65856e+03
  0.494   2.200    5.52738e+03   -1.09565e+04
  0.507   2.230    4.08030e+03   -1.19160e+04
  0.521   2.260   -9.61357e+01   -1.08776e+04
  0.535   2.290   -9.86373e+02   -4.49857e+03
  0.549   2.320    1.77939e+03   -1.58512e+03
  0.563   2.350    3.28464e+03   -7.54047e+02
  0.578   2.380    4.13786e+03   -2.41324e+02
  0.592   2.410    5.92676e+03   -1.02369e+03
  0.607   2.440    6.24336e+03   -1.50499e+03
  0.622   2.470    6.83036e+03   -3.30952e+03
  0.637   2.500    4.98388e+03   -4.27896e+03
  0.653   2.530    3.52510e+03   -2.98670e+03
  0.668   2.560    2.57157e+03   -9.61850e+02
  0.684   2.590    2.41837e+03    1.30210e+03
  0.700   2.620    3.10359e+03    2.67409e+03
  0.716   2.650    3.64663e+03    2.68141e+03
  0.732   2.680    4.13760e+03    2.62802e+03
  0.749   2.710    5.10539e+03    1.25138e+03
  0.766   2.740    4.28092e+03   -7.60280e+01
  0.782   2.770    3.34461e+03    1.84613e+02
  0.799   2.800    2.29183e+03    7.75269e+02
  0.817   2.830    1.64660e+03    1.83885e+03
  0.834   2.860    2.19960e+03    2.48677e+03
  0.852   2.890   -1.67048e+03    2.03707e+03
  0.869   2.920    3.73772e+02    5.18115e+03
  0.887   2.950    2.63166e+03    2.86581e+03
  0.906   2.980    2.04503e+03    8.83274e+02
