  0.001   0.100   -3.93733e+05    7.17423e+05
  0.002   0.130   -6.74172e+05    7.05420e+05
  0.003   0.160   -1.03884e+06    5.06127e+05
  0.004   0.190   -1.49638e+06    6.49795e+04
  0.005   0.220   -2.05872e+06   -6.80051e+05
  0.006   0.250   -2.74231e+06   -1.79998e+06
  0.008   0.280   -3.56812e+06   -3.37512e+06
  0.010   0.310   -4.56385e+06   -5.49342e+06
  0.012   0.340   -5.76251e+06   -8.24448e+06
  0.014   0.370   -7.20172e+06   -1.17071e+07
  0.016   0.400   -8.91907e+06   -1.59305e+07
  0.019   0.430   -1.09451e+07   -2.09121e+07
  0.022   0.460   -1.32957e+07   -2.65810e+07
  0.024   0.490   -1.59643e+07   -3.27906e+07
  0.028   0.520   -1.89153e+07   -3.93252e+07
  0.031   0.550   -2.20809e+07   -4.59124e+07
  0.034   0.580   -2.53553e+07   -5.22454e+07
  0.038   0.610   -2.85922e+07   -5.80145e+07
  0.042   0.640   -3.16116e+07   -6.29536e+07
  0.046   0.670   -3.42308e+07   -6.68971e+07
  0.050   0.700   -3.63413e+07   -6.98269e+07
  0.054   0.730   -3.80309e+07   -7.18529e+07
  0.059   0.760   -3.96960e+07   -7.30559e+07
  0.064   0.790   -4.19646e+07   -7.31595e+07
  0.069   0.820   -4.51759e+07   -7.12844e+07
  0.074   0.850   -4.86178e+07   -6.64456e+07
  0.079   0.880   -5.07450e+07   -5.87873e+07
  0.084   0.910   -5.06296e+07   -4.97783e+07
  0.090   0.940   -4.85608e+07   -4.09358e+07
  0.096   0.970   -4.53006e+07   -3.30316e+07
  0.102   1.000   -4.14324e+07   -2.62776e+07
  0.108   1.030   -3.72720e+07   -2.06728e+07
  0.115   1.060   -3.29951e+07   -1.61144e+07
  0.121   1.090   -2.86600e+07   -1.23631e+07
  0.128   1.120   -2.41334e+07   -9.13467e+06
  0.135   1.150   -1.91657e+07   -6.30030e+06
  0.142   1.180   -1.35947e+07   -3.99217e+06
  0.149   1.210   -7.60933e+06   -2.60085e+06
  0.157   1.240   -2.05333e+06   -2.43655e+06
  0.164   1.270    1.92668e+06   -3.00954e+06
  0.172   1.300    3.98977e+06   -3.23325e+06
  0.180   1.330    4.63869e+06   -2.54556e+06
  0.189   1.360    4.43368e+06   -1.07705e+06
  0.197   1.390    3.77138e+06    7.51443e+05
  0.206   1.420    2.94528e+06    2.43737e+06
  0.214   1.450    2.18828e+06    3.49305e+06
  0.223   1.480    1.64324e+06    3.48284e+06
  0.233   1.510    1.20894e+06    2.15588e+06
  0.242   1.540    6.55195e+05   -1.62891e+05
  0.251   1.570    2.56582e+05   -2.82544e+06
  0.261   1.600    2.89014e+05   -5.77014e+06
  0.271   1.630    7.80460e+04   -8.62174e+06
  0.281   1.660   -2.54136e+05   -1.01064e+07
  0.291   1.690    1.00161e+04   -1.02907e+07
  0.302   1.720    6.02203e+05   -9.73001e+06
  0.312   1.750    1.03161e+06   -8.65499e+06
  0.323   1.780    1.07617e+06   -7.25229e+06
  0.334   1.810    6.52885e+05   -5.97839e+06
  0.345   1.840   -7.00267e+05   -5.19822e+06
  0.357   1.870   -3.24651e+06   -4.03678e+06
  0.368   1.900   -4.60843e+06   -1.56195e+06
  0.380   1.930   -5.30246e+06   -5.34207e+05
  0.392   1.960   -4.37695e+06   -2.91151e+05
  0.404   1.990   -3.57134e+06   -7.81633e+05
  0.416   2.020   -2.78975e+06   -1.12351e+06
  0.429   2.050   -1.98903e+06   -1.04058e+06
  0.441   2.080   -1.26822e+06   -4.54045e+05
  0.454   2.110   -6.88489e+05    5.46356e+05
  0.467   2.140   -9.49206e+04    1.77575e+06
  0.480   2.170    6.63054e+05    2.38332e+06
  0.494   2.200    8.71355e+05    2.19579e+06
  0.507   2.230    7.60957e+05    1.72223e+06
  0.521   2.260    7.08040e+05    1.05266e+06
  0.535   2.290    7.61255e+05    2.81238e+05
  0.549   2.320    9.23059e+05   -2.10880e+05
  0.563   2.350    1.36405e+06   -5.82797e+05
  0.578   2.380    1.23977e+06   -9.39459e+05
  0.592   2.410    3.19150e+05    2.13441e+05
  0.607   2.440    1.15448e+06    2.60913e+05
  0.622   2.470    9.17333e+05    3.06303e+05
  0.637   2.500    6.37313e+05    1.12923e+05
  0.653   2.530    4.05337e+05   -1.49728e+05
  0.668   2.560    4.33273e+05   -4.73179e+05
  0.684   2.590    5.02251e+05   -7.32022e+05
  0.700   2.620    5.73909e+05   -7.52507e+05
  0.716   2.650    5.24863e+05   -5.66144e+05
  0.732   2.680    3.65389e+05   -2.22605e+05
  0.749   2.710    2.69461e+05   -3.82927e+04
  0.766   2.740   -8.16764e+04   -2.56976e+05
  0.782   2.770   -6.65809e+05   -2.80286e+05
  0.799   2.800   -5.14987e+05   -3.42761e+04
  0.817   2.830   -3.29555e+05   -1.62154e+05
  0.834   2.860   -2.28417e+05   -6.44695e+04
  0.852   2.890   -1.61689e+05    2.26905e+05
  0.869   2.920   -1.80896e+05    4.13048e+05
  0.887   2.950   -3.25285e+05    6.52800e+05
  0.906   2.980   -2.47775e+05    6.78171e+05
