  0.001   0.100    3.83698e+03    8.04667e+05
  0.002   0.130    6.82839e+03    1.05338e+06
  0.003   0.160    1.10387e+04    1.30820e+06
  0.004   0.190    1.68427e+04    1.57093e+06
  0.005   0.220    2.48236e+04    1.84355e+06
  0.006   0.250    3.58620e+04    2.12811e+06
  0.008   0.280    5.13094e+04    2.42636e+06
  0.010   0.310    7.31742e+04    2.73915e+06
  0.012   0.340    1.04333e+05    3.06532e+06
  0.014   0.370    1.48705e+05    3.40027e+06
  0.016   0.400    2.11022e+05    3.73445e+06
  0.019   0.430    2.96340e+05    4.05284e+06
  0.022   0.460    4.09188e+05    4.33595e+06
  0.024   0.490    5.52952e+05    4.56226e+06
  0.028   0.520    7.29688e+05    4.71115e+06
  0.031   0.550    9.40449e+05    4.76520e+06
  0.034   0.580    1.18585e+06    4.71159e+06
  0.038   0.610    1.46659e+06    4.54298e+06
  0.042   0.640    1.78394e+06    4.25787e+06
  0.046   0.670    2.14041e+06    3.86077e+06
  0.050   0.700    2.54084e+06    3.36056e+06
  0.054   0.730    2.99168e+06    2.76560e+06
  0.059   0.760    3.49328e+06    2.07595e+06
  0.064   0.790    4.01907e+06    1.28325e+06
  0.069   0.820    4.49372e+06    4.00293e+05
  0.074   0.850    4.82100e+06   -4.83897e+05
  0.079   0.880    4.97669e+06   -1.21237e+06
  0.084   0.910    5.03807e+06   -1.67163e+06
  0.090   0.940    5.09405e+06   -1.85464e+06
  0.096   0.970    5.17723e+06   -1.81589e+06
  0.102   1.000    5.27196e+06   -1.62120e+06
  0.108   1.030    5.34076e+06   -1.33750e+06
  0.115   1.060    5.33256e+06   -1.03879e+06
  0.121   1.090    5.17845e+06   -7.98701e+05
  0.128   1.120    4.79950e+06   -6.71493e+05
  0.135   1.150    4.11817e+06   -6.81406e+05
  0.142   1.180    3.06009e+06   -7.95063e+05
  0.149   1.210    1.60669e+06   -8.61586e+05
  0.157   1.240   -4.49174e+04   -6.46981e+05
  0.164   1.270   -1.45212e+06   -1.20187e+05
  0.172   1.300   -2.31010e+06    4.14763e+05
  0.180   1.330   -2.66316e+06    6.78226e+05
  0.189   1.360   -2.67587e+06    6.21404e+05
  0.197   1.390   -2.48235e+06    3.33719e+05
  0.206   1.420   -2.18223e+06   -4.47197e+04
  0.214   1.450   -1.85519e+06   -3.59227e+05
  0.223   1.480   -1.55208e+06   -4.56317e+05
  0.233   1.510   -1.25500e+06   -2.32498e+05
  0.242   1.540   -9.24456e+05    2.53027e+05
  0.251   1.570   -6.72389e+05    8.67004e+05
  0.261   1.600   -5.86171e+05    1.65224e+06
  0.271   1.630   -4.32918e+05    2.52867e+06
  0.281   1.660   -2.16345e+05    3.06558e+06
  0.291   1.690   -1.85279e+05    3.21909e+06
  0.302   1.720   -2.88437e+05    3.13395e+06
  0.312   1.750   -3.78766e+05    2.86623e+06
  0.323   1.780   -3.80181e+05    2.46666e+06
  0.334   1.810   -2.46063e+05    2.09447e+06
  0.345   1.840    2.24570e+05    1.88426e+06
  0.357   1.870    1.16883e+06    1.51184e+06
  0.368   1.900    1.68777e+06    6.01717e+05
  0.380   1.930    2.06593e+06    2.33058e+05
  0.392   1.960    1.74488e+06    1.19844e+05
  0.404   1.990    1.45835e+06    3.17726e+05
  0.416   2.020    1.16648e+06    4.71630e+05
  0.429   2.050    8.49207e+05    4.53324e+05
  0.441   2.080    5.48210e+05    2.11471e+05
  0.454   2.110    2.96460e+05   -2.32500e+05
  0.467   2.140    2.95708e+04   -8.09897e+05
  0.480   2.170   -3.24763e+05   -1.12590e+06
  0.494   2.200   -4.27693e+05   -1.07004e+06
  0.507   2.230   -3.75533e+05   -8.63246e+05
  0.521   2.260   -3.51202e+05   -5.39613e+05
  0.535   2.290   -3.84803e+05   -1.42153e+05
  0.549   2.320   -4.83514e+05    1.25522e+05
  0.563   2.350   -7.44766e+05    3.38121e+05
  0.578   2.380   -6.97966e+05    5.49979e+05
  0.592   2.410   -1.73886e+05   -1.20407e+05
  0.607   2.440   -6.86307e+05   -1.63874e+05
  0.622   2.470   -5.56119e+05   -2.00393e+05
  0.637   2.500   -3.88836e+05   -8.47915e+04
  0.653   2.530   -2.42555e+05    8.56066e+04
  0.668   2.560   -2.63261e+05    3.03276e+05
  0.684   2.590   -3.21447e+05    4.86801e+05
  0.700   2.620   -3.88474e+05    5.14016e+05
  0.716   2.650   -3.73178e+05    3.93693e+05
  0.732   2.680   -2.71607e+05    1.52154e+05
  0.749   2.710   -2.03865e+05    1.21013e+04
  0.766   2.740    5.60334e+04    1.67271e+05
  0.782   2.770    4.97723e+05    1.95197e+05
  0.799   2.800    4.00455e+05    2.25851e+04
  0.817   2.830    2.60078e+05    1.34802e+05
  0.834   2.860    1.79806e+05    6.55031e+04
  0.852   2.890    1.28094e+05   -1.78008e+05
  0.869   2.920    1.32893e+05   -3.48477e+05
  0.887   2.950    2.59572e+05   -5.54010e+05
  0.906   2.980    2.13275e+05   -5.84459e+05
