  0.001   0.100    3.04169e+01   -1.04608e+02
  0.002   0.130    3.03689e+01   -1.37451e+02
  0.003   0.160    3.63315e+01   -1.71532e+02
  0.004   0.190    3.57276e+01   -2.06551e+02
  0.005   0.220    4.37800e+01   -2.43580e+02
  0.006   0.250    5.18420e+01   -2.82449e+02
  0.008   0.280    6.32974e+01   -3.24640e+02
  0.010   0.310    6.93463e+01   -3.70347e+02
  0.012   0.340    8.58920e+01   -4.18484e+02
  0.014   0.370    9.68202e+01   -4.70498e+02
  0.016   0.400    1.14027e+02   -5.22983e+02
  0.019   0.430    1.34532e+02   -5.76023e+02
  0.022   0.460    1.52065e+02   -6.24802e+02
  0.024   0.490    1.73059e+02   -6.67518e+02
  0.028   0.520    1.93362e+02   -6.98812e+02
  0.031   0.550    2.13004e+02   -7.18425e+02
  0.034   0.580    2.34180e+02   -7.20908e+02
  0.038   0.610    2.55855e+02   -7.07794e+02
  0.042   0.640    2.74969e+02   -6.76188e+02
  0.046   0.670    2.91381e+02   -6.27184e+02
  0.050   0.700    3.07668e+02   -5.59324e+02
  0.054   0.730    3.25316e+02   -4.76557e+02
  0.059   0.760    3.41008e+02   -3.82938e+02
  0.064   0.790    3.58153e+02   -2.83650e+02
  0.069   0.820    3.73568e+02   -1.93904e+02
  0.074   0.850    3.75111e+02   -1.23702e+02
  0.079   0.880    3.51596e+02   -7.05002e+01
  0.084   0.910    3.03364e+02   -2.50403e+01
  0.090   0.940    2.36086e+02    1.24165e+01
  0.096   0.970    1.60882e+02    3.69259e+01
  0.102   1.000    7.55102e+01    3.89629e+01
  0.108   1.030   -2.12214e+01    2.25371e+01
  0.115   1.060   -1.27208e+02   -6.42273e+00
  0.121   1.090   -2.28793e+02   -3.46827e+01
  0.128   1.120   -3.04111e+02   -6.28612e+01
  0.135   1.150   -3.40831e+02   -1.10468e+02
  0.142   1.180   -3.55575e+02   -1.95582e+02
  0.149   1.210   -3.86345e+02   -3.05062e+02
  0.157   1.240   -4.44977e+02   -3.79415e+02
  0.164   1.270   -4.77614e+02   -3.78833e+02
  0.172   1.300   -4.35990e+02   -3.34713e+02
  0.180   1.330   -3.34103e+02   -2.97058e+02
  0.189   1.360   -2.13735e+02   -2.79381e+02
  0.197   1.390   -1.10761e+02   -2.66238e+02
  0.206   1.420   -3.34054e+01   -2.37774e+02
  0.214   1.450    2.50894e+01   -1.89667e+02
  0.223   1.480    7.22796e+01   -1.40552e+02
  0.233   1.510    7.85059e+01   -1.22923e+02
  0.242   1.540    2.15689e-01   -1.07581e+02
  0.251   1.570   -1.24716e+02   -4.09089e+01
  0.261   1.600   -2.17611e+02    5.32655e+01
  0.271   1.630   -2.77769e+02    1.01172e+02
  0.281   1.660   -3.32218e+02    1.29207e+02
  0.291   1.690   -3.38197e+02    1.36809e+02
  0.302   1.720   -3.07974e+02    1.08858e+02
  0.312   1.750   -2.50743e+02    8.61334e+01
  0.323   1.780   -1.19489e+02    8.17795e+01
  0.334   1.810    6.15515e+01    3.59733e+01
  0.345   1.840    1.89484e+02   -4.38495e+01
  0.357   1.870    1.37420e+02   -1.36930e+02
  0.368   1.900   -1.29583e+02    8.55819e+02
  0.380   1.930    5.10646e+02    4.00294e+01
  0.392   1.960    3.29377e+02    2.29817e+02
  0.404   1.990    2.42920e+02    1.96653e+02
  0.416   2.020    4.32710e+01    1.33665e+02
  0.429   2.050   -1.35476e+02    1.10415e+02
  0.441   2.080   -1.41252e+02    8.71130e+01
  0.454   2.110    7.34204e+01   -1.28713e+02
  0.467   2.140    2.08298e+02   -6.27841e+02
  0.480   2.170   -4.25817e+01   -8.65045e+02
  0.494   2.200    2.14370e+00   -6.39104e+02
  0.507   2.230    2.15086e+02   -4.83377e+02
  0.521   2.260    2.56620e+02   -3.66730e+02
  0.535   2.290   -3.66814e+01   -2.65139e+02
  0.549   2.320   -8.39278e+02    1.82693e+02
  0.563   2.350   -1.47818e+03    1.14118e+03
  0.578   2.380   -1.84534e+03    2.20274e+03
  0.592   2.410    1.87549e+03    3.86485e+03
  0.607   2.440    5.26147e+02    6.20771e+02
  0.622   2.470   -7.49997e+00    3.29057e+01
  0.637   2.500   -1.75321e+02   -3.00088e+02
  0.653   2.530   -1.45476e+01   -4.59750e+02
  0.668   2.560    2.06870e+02   -5.37930e+02
  0.684   2.590    2.90130e+02   -4.42195e+02
  0.700   2.620    4.08141e+02   -2.02251e+02
  0.716   2.650    2.85468e+02   -1.87690e+02
  0.732   2.680   -1.34660e+02   -4.69542e+01
  0.749   2.710   -2.46007e+02   -1.21361e+01
  0.766   2.740   -6.09764e+02   -1.39033e+02
  0.782   2.770   -4.01345e+02   -3.49847e+02
  0.799   2.800   -3.90449e+02   -7.69433e+01
  0.817   2.830   -4.03471e+02   -9.56980e+01
  0.834   2.860    8.63569e+01    4.49808e+02
  0.852   2.890    4.83574e+02   -3.98029e+02
  0.869   2.920   -1.19763e+02    5.23591e+02
  0.887   2.950   -6.12448e+01    6.13295e+02
  0.906   2.980   -4.21692e+01    3.60444e+02
