  0.001   0.100    3.23042e+02   -8.47013e+02
  0.002   0.130    4.21614e+02   -1.11984e+03
  0.003   0.160    3.98406e+02   -1.39688e+03
  0.004   0.190    4.59721e+02   -1.67955e+03
  0.005   0.220    6.17845e+02   -1.99452e+03
  0.006   0.250    6.81161e+02   -2.29923e+03
  0.008   0.280    8.16257e+02   -2.63994e+03
  0.010   0.310    8.70895e+02   -3.06172e+03
  0.012   0.340    1.27799e+03   -3.45026e+03
  0.014   0.370    1.59774e+03   -3.93156e+03
  0.016   0.400    1.86720e+03   -4.42712e+03
  0.019   0.430    2.26697e+03   -4.96357e+03
  0.022   0.460    2.62510e+03   -5.51964e+03
  0.024   0.490    3.31128e+03   -6.10036e+03
  0.028   0.520    3.68751e+03   -6.54956e+03
  0.031   0.550    4.17951e+03   -7.02842e+03
  0.034   0.580    4.70838e+03   -7.43608e+03
  0.038   0.610    5.14847e+03   -7.80475e+03
  0.042   0.640    5.60651e+03   -8.07651e+03
  0.046   0.670    5.83890e+03   -8.17896e+03
  0.050   0.700    5.94209e+03   -8.21445e+03
  0.054   0.730    5.91299e+03   -8.00164e+03
  0.059   0.760    5.77466e+03   -7.54521e+03
  0.064   0.790    5.55426e+03   -6.92666e+03
  0.069   0.820    5.42737e+03   -6.00033e+03
  0.074   0.850    5.45933e+03   -5.11462e+03
  0.079   0.880    5.52215e+03   -4.47012e+03
  0.084   0.910    5.54636e+03   -4.11431e+03
  0.090   0.940    5.40077e+03   -4.06102e+03
  0.096   0.970    5.06029e+03   -4.32542e+03
  0.102   1.000    4.39817e+03   -4.95954e+03
  0.108   1.030    3.29500e+03   -5.85932e+03
  0.115   1.060    1.67903e+03   -6.64869e+03
  0.121   1.090   -9.56699e+01   -6.98607e+03
  0.128   1.120   -1.49847e+03   -6.88180e+03
  0.135   1.150   -2.25259e+03   -6.75872e+03
  0.142   1.180   -2.48974e+03   -6.96983e+03
  0.149   1.210   -2.63306e+03   -7.64703e+03
  0.157   1.240   -3.01778e+03   -8.46108e+03
  0.164   1.270   -3.62080e+03   -8.88587e+03
  0.172   1.300   -4.04792e+03   -8.76098e+03
  0.180   1.330   -4.08266e+03   -8.32368e+03
  0.189   1.360   -3.86098e+03   -7.75005e+03
  0.197   1.390   -3.53452e+03   -7.09856e+03
  0.206   1.420   -3.20233e+03   -6.36459e+03
  0.214   1.450   -2.92039e+03   -5.61844e+03
  0.223   1.480   -2.80237e+03   -4.96697e+03
  0.233   1.510   -3.13462e+03   -4.46346e+03
  0.242   1.540   -4.07785e+03   -3.74558e+03
  0.251   1.570   -5.23594e+03   -2.50093e+03
  0.261   1.600   -6.09835e+03   -8.68028e+02
  0.271   1.630   -6.37431e+03    7.07680e+02
  0.281   1.660   -6.21640e+03    1.85363e+03
  0.291   1.690   -5.88265e+03    2.56113e+03
  0.302   1.720   -5.53847e+03    3.06157e+03
  0.312   1.750   -5.07905e+03    3.77806e+03
  0.323   1.780   -3.95233e+03    4.77816e+03
  0.334   1.810   -2.07928e+03    5.34655e+03
  0.345   1.840   -5.73169e+02    5.25808e+03
  0.357   1.870    1.94974e+02    5.83987e+03
  0.368   1.900    2.43605e+03    8.60168e+03
  0.380   1.930    5.52726e+03    6.45335e+03
  0.392   1.960    6.38473e+03    4.66049e+03
  0.404   1.990    5.96164e+03    3.05158e+03
  0.416   2.020    5.16047e+03    2.11522e+03
  0.429   2.050    4.78699e+03    1.62359e+03
  0.441   2.080    5.74812e+03    9.17310e+02
  0.454   2.110    7.62423e+03   -1.75742e+03
  0.467   2.140    7.86333e+03   -6.97675e+03
  0.480   2.170    3.35094e+03   -1.05495e+04
  0.494   2.200   -2.53519e+02   -8.89512e+03
  0.507   2.230   -8.68296e+02   -6.44477e+03
  0.521   2.260   -3.78446e+02   -5.50682e+03
  0.535   2.290   -2.28342e+03   -6.52899e+03
  0.549   2.320   -7.62785e+03   -4.35423e+03
  0.563   2.350   -1.09945e+04    1.28667e+03
  0.578   2.380   -1.05468e+04    8.44119e+03
  0.592   2.410    7.43027e+02    1.11175e+04
  0.607   2.440    6.81935e+02    6.00768e+03
  0.622   2.470    8.24602e+02    2.52014e+03
  0.637   2.500   -3.08466e+02    1.87457e+03
  0.653   2.530    2.68517e+03    2.79589e+03
  0.668   2.560    5.29697e+03    3.48223e+01
  0.684   2.590    5.26906e+03   -2.86876e+03
  0.700   2.620    2.75374e+03   -4.54486e+03
  0.716   2.650   -6.96183e+02   -3.91689e+03
  0.732   2.680   -2.47738e+03   -1.12848e+03
  0.749   2.710   -1.24926e+03   -1.47930e+03
  0.766   2.740   -4.08190e+03   -1.58091e+03
  0.782   2.770   -2.57191e+03   -5.17484e+02
  0.799   2.800   -4.92900e+03   -1.38052e+02
  0.817   2.830   -3.72246e+03    3.44358e+03
  0.834   2.860    4.09192e+02    5.33374e+03
  0.852   2.890    2.62702e+03    1.08016e+03
  0.869   2.920    2.75868e+02    3.46580e+03
  0.887   2.950    1.71319e+03    3.18859e+03
  0.906   2.980    2.57504e+03    2.42517e+03
