 Number of Elements,   Number of Parts
        223          25
 
 Element No.,  Element Affiliation,  Element Coordinates (X,Y,Z) 
    1    1    0.00000000     0.00000000     -18.50000000 
    2    1    0.00000000     0.00000000     -15.50000000 
    3    1    0.00000000     0.00000000     -12.50000000 
    4    1    0.00000000     0.00000000     -9.50000000 
    5    1    0.00000000     0.00000000     -6.50000000 
    6    1    0.00000000     0.00000000     -3.50000000 
    7    1    0.00000000     0.00000000     -0.50000000 
    8    1    0.00000000     0.00000000     2.50000000 
    9    1    0.00000000     0.00000000     5.50000000 
    10    1    0.00000000     0.00000000     8.50000000 
    11    2    14.43376000     25.00000000     -12.70000000 
    12    2    14.43376000     25.00000000     -10.10000000 
    13    2    14.43376000     25.00000000     -7.50000000 
    14    2    14.43376000     25.00000000     -4.90000000 
    15    2    14.43376000     25.00000000     -2.30000000 
    16    2    14.43376000     25.00000000     0.30000000 
    17    2    14.43376000     25.00000000     2.90000000 
    18    2    14.43376000     25.00000000     5.50000000 
    19    2    14.43376000     25.00000000     8.10000000 
    20    2    14.43376000     25.00000000     10.70000000 
    21    3    -28.86751000     0.00000000     -12.70000000 
    22    3    -28.86751000     0.00000000     -10.10000000 
    23    3    -28.86751000     0.00000000     -7.50000000 
    24    3    -28.86751000     0.00000000     -4.90000000 
    25    3    -28.86751000     0.00000000     -2.30000000 
    26    3    -28.86751000     0.00000000     0.30000000 
    27    3    -28.86751000     0.00000000     2.90000000 
    28    3    -28.86751000     0.00000000     5.50000000 
    29    3    -28.86751000     0.00000000     8.10000000 
    30    3    -28.86751000     0.00000000     10.70000000 
    31    4    14.43376000     -25.00000000     -12.70000000 
    32    4    14.43376000     -25.00000000     -10.10000000 
    33    4    14.43376000     -25.00000000     -7.50000000 
    34    4    14.43376000     -25.00000000     -4.90000000 
    35    4    14.43376000     -25.00000000     -2.30000000 
    36    4    14.43376000     -25.00000000     0.30000000 
    37    4    14.43376000     -25.00000000     2.90000000 
    38    4    14.43376000     -25.00000000     5.50000000 
    39    4    14.43376000     -25.00000000     8.10000000 
    40    4    14.43376000     -25.00000000     10.70000000 
    41    5    14.43376000     25.00000000     -19.64300000 
    42    5    14.43376000     25.00000000     -19.04900000 
    43    5    14.43376000     25.00000000     -18.45500000 
    44    5    14.43376000     25.00000000     -17.86100000 
    45    5    14.43376000     25.00000000     -17.26700000 
    46    5    14.43376000     25.00000000     -16.67300000 
    47    5    14.43376000     25.00000000     -16.07900000 
    48    5    14.43376000     25.00000000     -15.48500000 
    49    5    14.43376000     25.00000000     -14.89100000 
    50    5    14.43376000     25.00000000     -14.29700000 
    51    6    -28.86751000     0.00000000     -19.64300000 
    52    6    -28.86751000     0.00000000     -19.04900000 
    53    6    -28.86751000     0.00000000     -18.45500000 
    54    6    -28.86751000     0.00000000     -17.86100000 
    55    6    -28.86751000     0.00000000     -17.26700000 
    56    6    -28.86751000     0.00000000     -16.67300000 
    57    6    -28.86751000     0.00000000     -16.07900000 
    58    6    -28.86751000     0.00000000     -15.48500000 
    59    6    -28.86751000     0.00000000     -14.89100000 
    60    6    -28.86751000     0.00000000     -14.29700000 
    61    7    14.43376000     -25.00000000     -19.64300000 
    62    7    14.43376000     -25.00000000     -19.04900000 
    63    7    14.43376000     -25.00000000     -18.45500000 
    64    7    14.43376000     -25.00000000     -17.86100000 
    65    7    14.43376000     -25.00000000     -17.26700000 
    66    7    14.43376000     -25.00000000     -16.67300000 
    67    7    14.43376000     -25.00000000     -16.07900000 
    68    7    14.43376000     -25.00000000     -15.48500000 
    69    7    14.43376000     -25.00000000     -14.89100000 
    70    7    14.43376000     -25.00000000     -14.29700000 
    71    8    7.59215500     21.05000000     10.00000000 
    72    8    4.30126500     19.15000000     10.00000000 
    73    8    1.01037500     17.25000000     10.00000000 
    74    8    -2.28051500     15.35000000     10.00000000 
    75    8    -5.57140500     13.45000000     10.00000000 
    76    8    -8.86229500     11.55000000     10.00000000 
    77    8    -12.15318500     9.65000000     10.00000000 
    78    8    -15.44407500     7.75000000     10.00000000 
    79    8    -18.73496500     5.85000000     10.00000000 
    80    8    -22.02585500     3.95000000     10.00000000 
    81    9    -22.02585500     -3.95000000     10.00000000 
    82    9    -18.73496500     -5.85000000     10.00000000 
    83    9    -15.44407500     -7.75000000     10.00000000 
    84    9    -12.15318500     -9.65000000     10.00000000 
    85    9    -8.86229500     -11.55000000     10.00000000 
    86    9    -5.57140500     -13.45000000     10.00000000 
    87    9    -2.28051500     -15.35000000     10.00000000 
    88    9    1.01037500     -17.25000000     10.00000000 
    89    9    4.30126500     -19.15000000     10.00000000 
    90    9    7.59215500     -21.05000000     10.00000000 
    91    10    14.43375000     -17.10000000     10.00000000 
    92    10    14.43375000     -13.30000000     10.00000000 
    93    10    14.43375000     -9.50000000     10.00000000 
    94    10    14.43375000     -5.70000000     10.00000000 
    95    10    14.43375000     -1.90000000     10.00000000 
    96    10    14.43375000     1.90000000     10.00000000 
    97    10    14.43375000     5.70000000     10.00000000 
    98    10    14.43375000     9.50000000     10.00000000 
    99    10    14.43375000     13.30000000     10.00000000 
    100    10    14.43375000     17.10000000     10.00000000 
    101    11    2.91561750     18.35000000     -17.00000000 
    102    11    0.66395250     17.05000000     -17.00000000 
    103    11    -1.58771250     15.75000000     -17.00000000 
    104    11    -3.83937750     14.45000000     -17.00000000 
    105    11    -6.09104250     13.15000000     -17.00000000 
    106    11    -8.34270750     11.85000000     -17.00000000 
    107    11    -10.59437250     10.55000000     -17.00000000 
    108    11    -12.84603750     9.25000000     -17.00000000 
    109    11    -15.09770250     7.95000000     -17.00000000 
    110    11    -17.34936750     6.65000000     -17.00000000 
    111    12    -17.34936750     -6.65000000     -17.00000000 
    112    12    -15.09770250     -7.95000000     -17.00000000 
    113    12    -12.84603750     -9.25000000     -17.00000000 
    114    12    -10.59437250     -10.55000000     -17.00000000 
    115    12    -8.34270750     -11.85000000     -17.00000000 
    116    12    -6.09104250     -13.15000000     -17.00000000 
    117    12    -3.83937750     -14.45000000     -17.00000000 
    118    12    -1.58771250     -15.75000000     -17.00000000 
    119    12    0.66395250     -17.05000000     -17.00000000 
    120    12    2.91561750     -18.35000000     -17.00000000 
    121    13    14.43375000     -11.70000000     -17.00000000 
    122    13    14.43375000     -9.10000000     -17.00000000 
    123    13    14.43375000     -6.50000000     -17.00000000 
    124    13    14.43375000     -3.90000000     -17.00000000 
    125    13    14.43375000     -1.30000000     -17.00000000 
    126    13    14.43375000     1.30000000     -17.00000000 
    127    13    14.43375000     3.90000000     -17.00000000 
    128    13    14.43375000     6.50000000     -17.00000000 
    129    13    14.43375000     9.10000000     -17.00000000 
    130    13    14.43375000     11.70000000     -17.00000000 
    131    14    2.11543800     3.66444250     10.00000000 
    132    14    3.09631400     5.36332750     10.00000000 
    133    14    4.07719000     7.06221250     10.00000000 
    134    14    5.05806600     8.76109750     10.00000000 
    135    14    6.03894200     10.45998250     10.00000000 
    136    14    7.01981800     12.15886750     10.00000000 
    137    14    8.00069400     13.85775250     10.00000000 
    138    14    8.98157000     15.55663750     10.00000000 
    139    14    9.96244600     17.25552250     10.00000000 
    140    14    10.94332200     18.95440750     10.00000000 
    141    15    -4.23100000     0.00000000     10.00000000 
    142    15    -6.19300000     0.00000000     10.00000000 
    143    15    -8.15500000     0.00000000     10.00000000 
    144    15    -10.11700000     0.00000000     10.00000000 
    145    15    -12.07900000     0.00000000     10.00000000 
    146    15    -14.04100000     0.00000000     10.00000000 
    147    15    -16.00300000     0.00000000     10.00000000 
    148    15    -17.96500000     0.00000000     10.00000000 
    149    15    -19.92700000     0.00000000     10.00000000 
    150    15    -21.88900000     0.00000000     10.00000000 
    151    16    2.11543800     -3.66444250     10.00000000 
    152    16    3.09631400     -5.36332750     10.00000000 
    153    16    4.07719000     -7.06221250     10.00000000 
    154    16    5.05806600     -8.76109750     10.00000000 
    155    16    6.03894200     -10.45998250     10.00000000 
    156    16    7.01981800     -12.15886750     10.00000000 
    157    16    8.00069400     -13.85775250     10.00000000 
    158    16    8.98157000     -15.55663750     10.00000000 
    159    16    9.96244600     -17.25552250     10.00000000 
    160    16    10.94332200     -18.95440750     10.00000000 
    161    17    1.96543800     3.40463500     -17.00000000 
    162    17    2.64631400     4.58390500     -17.00000000 
    163    17    3.32719000     5.76317500     -17.00000000 
    164    17    4.00806600     6.94244500     -17.00000000 
    165    17    4.68894200     8.12171500     -17.00000000 
    166    17    5.36981800     9.30098500     -17.00000000 
    167    17    6.05069400     10.48025500     -17.00000000 
    168    17    6.73157000     11.65952500     -17.00000000 
    169    17    7.41244600     12.83879500     -17.00000000 
    170    17    8.09332200     14.01806500     -17.00000000 
    171    18    -3.93100000     0.00000000     -17.00000000 
    172    18    -5.29300000     0.00000000     -17.00000000 
    173    18    -6.65500000     0.00000000     -17.00000000 
    174    18    -8.01700000     0.00000000     -17.00000000 
    175    18    -9.37900000     0.00000000     -17.00000000 
    176    18    -10.74100000     0.00000000     -17.00000000 
    177    18    -12.10300000     0.00000000     -17.00000000 
    178    18    -13.46500000     0.00000000     -17.00000000 
    179    18    -14.82700000     0.00000000     -17.00000000 
    180    18    -16.18900000     0.00000000     -17.00000000 
    181    19    1.96543800     -3.40463500     -17.00000000 
    182    19    2.64631400     -4.58390500     -17.00000000 
    183    19    3.32719000     -5.76317500     -17.00000000 
    184    19    4.00806600     -6.94244500     -17.00000000 
    185    19    4.68894200     -8.12171500     -17.00000000 
    186    19    5.36981800     -9.30098500     -17.00000000 
    187    19    6.05069400     -10.48025500     -17.00000000 
    188    19    6.73157000     -11.65952500     -17.00000000 
    189    19    7.41244600     -12.83879500     -17.00000000 
    190    19    8.09332200     -14.01806500     -17.00000000 
    191    20    2.11543800     3.66444250     -14.93350000 
    192    20    3.09631400     5.36332750     -12.40050000 
    193    20    4.07719000     7.06221250     -9.86750000 
    194    20    5.05806600     8.76109750     -7.33450000 
    195    20    6.03894200     10.45998250     -4.80150000 
    196    20    7.01981800     12.15886750     -2.26850000 
    197    20    8.00069400     13.85775250     0.26450000 
    198    20    8.98157000     15.55663750     2.79750000 
    199    20    9.96244600     17.25552250     5.33050000 
    200    20    10.94332200     18.95440750     7.86350000 
    201    21    -4.23100000     0.00000000     -14.93350000 
    202    21    -6.19300000     0.00000000     -12.40050000 
    203    21    -8.15500000     0.00000000     -9.86750000 
    204    21    -10.11700000     0.00000000     -7.33450000 
    205    21    -12.07900000     0.00000000     -4.80150000 
    206    21    -14.04100000     0.00000000     -2.26850000 
    207    21    -16.00300000     0.00000000     0.26450000 
    208    21    -17.96500000     0.00000000     2.79750000 
    209    21    -19.92700000     0.00000000     5.33050000 
    210    21    -21.88900000     0.00000000     7.86350000 
    211    22    2.11543800     -3.66444250     -14.93350000 
    212    22    3.09631400     -5.36332750     -12.40050000 
    213    22    4.07719000     -7.06221250     -9.86750000 
    214    22    5.05806600     -8.76109750     -7.33450000 
    215    22    6.03894200     -10.45998250     -4.80150000 
    216    22    7.01981800     -12.15886750     -2.26850000 
    217    22    8.00069400     -13.85775250     0.26450000 
    218    22    8.98157000     -15.55663750     2.79750000 
    219    22    9.96244600     -17.25552250     5.33050000 
    220    22    10.94332200     -18.95440750     7.86350000 
    221    23    14.43375050     25.00000000     -19.99700000 
    222    24    -28.86750050     0.00000000     -19.99700000 
    223    25    14.43375050     -25.00000000     -19.99700000 

 Part No.,  Part Axis Direction Vector (LX,LY,LZ) 
    1    0.00000000     0.00000000     1.00000000 
    2    0.00000000     0.00000000     1.00000000 
    3    0.00000000     0.00000000     1.00000000 
    4    0.00000000     0.00000000     1.00000000 
    5    0.00000000     0.00000000     1.00000000 
    6    0.00000000     0.00000000     1.00000000 
    7    0.00000000     0.00000000     1.00000000 
    8    -0.86602497     -0.50000074     0.00000000 
    9    0.86602497     -0.50000074     0.00000000 
    10    0.00000000     1.00000000     0.00000000 
    11    -0.86602530     -0.50000017     0.00000000 
    12    0.86602530     -0.50000017     0.00000000 
    13    0.00000000     1.00000000     0.00000000 
    14    0.50000929     0.86602004     0.00000000 
    15    -1.00000000     0.00000000     0.00000000 
    16    0.50000929     -0.86602004     0.00000000 
    17    0.50001330     0.86601772     0.00000000 
    18    -1.00000000     0.00000000     0.00000000 
    19    0.50001330     -0.86601772     0.00000000 
    20    0.30615895     0.53026973     0.79062046 
    21    -0.61236203     0.00000000     0.79057748 
    22    0.30615895     -0.53026973     0.79062046 
    23    0.00016667     0.00000000     0.99999999 
    24    -0.00016667     0.00000000     0.99999999 
    25    0.00016667     0.00000000     0.99999999 
 
 Part No.,  Part Location,  No. of Elements, Diameter, Area, Length of Element 
    1    1    10    6.50000000     33.18307184     3.00000000 
    2    2    10    12.00000000     113.09733360     2.60000000 
    3    2    10    12.00000000     113.09733360     2.60000000 
    4    2    10    12.00000000     113.09733360     2.60000000 
    5    3    10    24.00000000     452.38933440     0.59400000 
    6    3    10    24.00000000     452.38933440     0.59400000 
    7    3    10    24.00000000     452.38933440     0.59400000 
    8    4    10    1.60000000     2.01061926     3.79999434 
    9    4    10    1.60000000     2.01061926     3.79999434 
    10    4    10    1.60000000     2.01061926     3.80000000 
    11    4    10    1.60000000     2.01061926     2.59999909 
    12    4    10    1.60000000     2.01061926     2.59999909 
    13    4    10    1.60000000     2.01061926     2.60000000 
    14    4    10    1.60000000     2.01061926     1.96171557 
    15    4    10    1.60000000     2.01061926     1.96200000 
    16    4    10    1.60000000     2.01061926     1.96171557 
    17    4    10    1.60000000     2.01061926     1.36171578 
    18    4    10    1.60000000     2.01061926     1.36200000 
    19    4    10    1.60000000     2.01061926     1.36171578 
    20    4    10    1.60000000     2.01061926     3.20381288 
    21    4    10    1.60000000     2.01061926     3.20398705 
    22    4    10    1.60000000     2.01061926     3.20381288 
    23    3    1    24.00000000     452.38933440     0.00600000 
    24    3    1    24.00000000     452.38933440     0.00600000 
    25    3    1    24.00000000     452.38933440     0.00600000

 Part No.,  Location of Stick Start (X,Y,Z),  Location of Stick End (X,Y,Z),
    1    0.00000000     0.00000000     -20.00000000     0.00000000     0.00000000     10.00000000 
    2    14.43376000     25.00000000     -14.00000000     14.43376000     25.00000000     12.00000000 
    3    -28.86751000     0.00000000     -14.00000000     -28.86751000     0.00000000     12.00000000 
    4    14.43376000     -25.00000000     -14.00000000     14.43376000     -25.00000000     12.00000000 
    5    14.43376000     25.00000000     -19.94000000     14.43376000     25.00000000     -14.00000000 
    6    -28.86751000     0.00000000     -19.94000000     -28.86751000     0.00000000     -14.00000000 
    7    14.43376000     -25.00000000     -19.94000000     14.43376000     -25.00000000     -14.00000000 
    8    9.23760000     22.00000000     10.00000000     -23.67130000     3.00000000     10.00000000 
    9    -23.67130000     -3.00000000     10.00000000     9.23760000     -22.00000000     10.00000000 
    10    14.43375000     -19.00000000     10.00000000     14.43375000     19.00000000     10.00000000 
    11    4.04145000     19.00000000     -17.00000000     -18.47520000     6.00000000     -17.00000000 
    12    -18.47520000     -6.00000000     -17.00000000     4.04145000     -19.00000000     -17.00000000 
    13    14.43375000     -13.00000000     -17.00000000     14.43375000     13.00000000     -17.00000000 
    14    1.62500000     2.81500000     10.00000000     11.43376000     19.80385000     10.00000000 
    15    -3.25000000     0.00000000     10.00000000     -22.87000000     0.00000000     10.00000000 
    16    1.62500000     -2.81500000     10.00000000     11.43376000     -19.80385000     10.00000000 
    17    1.62500000     2.81500000     -17.00000000     8.43376000     14.60770000     -17.00000000 
    18    -3.25000000     0.00000000     -17.00000000     -16.87000000     0.00000000     -17.00000000 
    19    1.62500000     -2.81500000     -17.00000000     8.43376000     -14.60770000     -17.00000000 
    20    1.62500000     2.81500000     -16.20000000     11.43376000     19.80385000     9.13000000 
    21    -3.25000000     0.00000000     -16.20000000     -22.87000000     0.00000000     9.13000000 
    22    1.62500000     -2.81500000     -16.20000000     11.43376000     -19.80385000     9.13000000 
    23    14.43375000     25.00000000     -20.00000000     14.43376000     25.00000000     -19.94000000 
    24    -28.86750000     0.00000000     -20.00000000     -28.86751000     0.00000000     -19.94000000 
    25    14.43375000     -25.00000000     -20.00000000     14.43376000     -25.00000000     -19.94000000




