 Number of Elements, Number of Parts
	235	14

 Element, Part No., Element Coordinates (X,Y,Z)
	1	1	-34.513889	0.000000	-17.500000	2.640000
	2	1	-33.541667	0.000000	-17.500000	2.640000
	3	1	-32.569444	0.000000	-17.500000	2.640000
	4	1	-31.597222	0.000000	-17.500000	2.640000
	5	1	-30.625000	0.000000	-17.500000	2.640000
	6	1	-29.652778	0.000000	-17.500000	2.640000
	7	1	-28.680556	0.000000	-17.500000	2.640000
	8	1	-27.708333	0.000000	-17.500000	2.640000
	9	1	-26.736111	0.000000	-17.500000	2.640000
	10	1	-25.763889	0.000000	-17.500000	2.640000
	11	1	-24.791667	0.000000	-17.500000	2.640000
	12	1	-23.819444	0.000000	-17.500000	2.640000
	13	1	-22.847222	0.000000	-17.500000	2.640000
	14	1	-21.875000	0.000000	-17.500000	2.640000
	15	1	-20.902778	0.000000	-17.500000	2.640000
	16	1	-19.930556	0.000000	-17.500000	2.640000
	17	1	-18.958333	0.000000	-17.500000	2.640000
	18	1	-17.986111	0.000000	-17.500000	2.640000
	19	1	-17.013889	0.000000	-17.500000	2.640000
	20	1	-16.041667	0.000000	-17.500000	2.640000
	21	1	-15.069444	0.000000	-17.500000	2.640000
	22	1	-14.097222	0.000000	-17.500000	2.640000
	23	1	-13.125000	0.000000	-17.500000	2.640000
	24	1	-12.152778	0.000000	-17.500000	2.640000
	25	1	-11.180556	0.000000	-17.500000	2.640000
	26	1	-10.208333	0.000000	-17.500000	2.640000
	27	1	-9.236111	0.000000	-17.500000	2.640000
	28	1	-8.263889	0.000000	-17.500000	2.640000
	29	1	-7.291667	0.000000	-17.500000	2.640000
	30	1	-6.319444	0.000000	-17.500000	2.640000
	31	1	-5.347222	0.000000	-17.500000	2.640000
	32	1	-4.375000	0.000000	-17.500000	2.640000
	33	1	-3.402778	0.000000	-17.500000	2.640000
	34	1	-2.430556	0.000000	-17.500000	2.640000
	35	1	-1.458333	0.000000	-17.500000	2.640000
	36	1	-0.486111	0.000000	-17.500000	2.640000
	37	2	17.256944	-29.889905	-17.500000	2.640000
	38	2	16.770833	-29.047935	-17.500000	2.640000
	39	2	16.284722	-28.205966	-17.500000	2.640000
	40	2	15.798611	-27.363997	-17.500000	2.640000
	41	2	15.312500	-26.522028	-17.500000	2.640000
	42	2	14.826389	-25.680059	-17.500000	2.640000
	43	2	14.340278	-24.838090	-17.500000	2.640000
	44	2	13.854167	-23.996121	-17.500000	2.640000
	45	2	13.368056	-23.154151	-17.500000	2.640000
	46	2	12.881944	-22.312182	-17.500000	2.640000
	47	2	12.395833	-21.470213	-17.500000	2.640000
	48	2	11.909722	-20.628244	-17.500000	2.640000
	49	2	11.423611	-19.786275	-17.500000	2.640000
	50	2	10.937500	-18.944306	-17.500000	2.640000
	51	2	10.451389	-18.102337	-17.500000	2.640000
	52	2	9.965278	-17.260367	-17.500000	2.640000
	53	2	9.479167	-16.418398	-17.500000	2.640000
	54	2	8.993056	-15.576429	-17.500000	2.640000
	55	2	8.506944	-14.734460	-17.500000	2.640000
	56	2	8.020833	-13.892491	-17.500000	2.640000
	57	2	7.534722	-13.050522	-17.500000	2.640000
	58	2	7.048611	-12.208553	-17.500000	2.640000
	59	2	6.562500	-11.366583	-17.500000	2.640000
	60	2	6.076389	-10.524614	-17.500000	2.640000
	61	2	5.590278	-9.682645	-17.500000	2.640000
	62	2	5.104167	-8.840676	-17.500000	2.640000
	63	2	4.618056	-7.998707	-17.500000	2.640000
	64	2	4.131944	-7.156738	-17.500000	2.640000
	65	2	3.645833	-6.314769	-17.500000	2.640000
	66	2	3.159722	-5.472799	-17.500000	2.640000
	67	2	2.673611	-4.630830	-17.500000	2.640000
	68	2	2.187500	-3.788861	-17.500000	2.640000
	69	2	1.701389	-2.946892	-17.500000	2.640000
	70	2	1.215278	-2.104923	-17.500000	2.640000
	71	2	0.729167	-1.262954	-17.500000	2.640000
	72	2	0.243056	-0.420985	-17.500000	2.640000
	73	3	17.256944	29.889905	-17.500000	2.640000
	74	3	16.770833	29.047935	-17.500000	2.640000
	75	3	16.284722	28.205966	-17.500000	2.640000
	76	3	15.798611	27.363997	-17.500000	2.640000
	77	3	15.312500	26.522028	-17.500000	2.640000
	78	3	14.826389	25.680059	-17.500000	2.640000
	79	3	14.340278	24.838090	-17.500000	2.640000
	80	3	13.854167	23.996121	-17.500000	2.640000
	81	3	13.368056	23.154151	-17.500000	2.640000
	82	3	12.881944	22.312182	-17.500000	2.640000
	83	3	12.395833	21.470213	-17.500000	2.640000
	84	3	11.909722	20.628244	-17.500000	2.640000
	85	3	11.423611	19.786275	-17.500000	2.640000
	86	3	10.937500	18.944306	-17.500000	2.640000
	87	3	10.451389	18.102337	-17.500000	2.640000
	88	3	9.965278	17.260367	-17.500000	2.640000
	89	3	9.479167	16.418398	-17.500000	2.640000
	90	3	8.993056	15.576429	-17.500000	2.640000
	91	3	8.506944	14.734460	-17.500000	2.640000
	92	3	8.020833	13.892491	-17.500000	2.640000
	93	3	7.534722	13.050522	-17.500000	2.640000
	94	3	7.048611	12.208553	-17.500000	2.640000
	95	3	6.562500	11.366583	-17.500000	2.640000
	96	3	6.076389	10.524614	-17.500000	2.640000
	97	3	5.590278	9.682645	-17.500000	2.640000
	98	3	5.104167	8.840676	-17.500000	2.640000
	99	3	4.618056	7.998707	-17.500000	2.640000
	100	3	4.131944	7.156738	-17.500000	2.640000
	101	3	3.645833	6.314769	-17.500000	2.640000
	102	3	3.159722	5.472799	-17.500000	2.640000
	103	3	2.673611	4.630830	-17.500000	2.640000
	104	3	2.187500	3.788861	-17.500000	2.640000
	105	3	1.701389	2.946892	-17.500000	2.640000
	106	3	1.215278	2.104923	-17.500000	2.640000
	107	3	0.729167	1.262954	-17.500000	2.640000
	108	3	0.243056	0.420985	-17.500000	2.640000
	109	4	0.000000	0.000000	-14.555556	0.723000
	110	4	0.000000	0.000000	-13.666667	0.723000
	111	4	0.000000	0.000000	-12.777778	0.723000
	112	4	0.000000	0.000000	-11.888889	0.723000
	113	4	0.000000	0.000000	-11.000000	0.723000
	114	4	0.000000	0.000000	-10.111111	0.723000
	115	4	0.000000	0.000000	-9.222222	0.723000
	116	4	0.000000	0.000000	-8.333333	0.723000
	117	4	0.000000	0.000000	-7.444444	0.723000
	118	5	0.000000	0.000000	-6.500000	0.730000
	119	5	0.000000	0.000000	-5.500000	0.730000
	120	5	0.000000	0.000000	-4.500000	0.730000
	121	5	0.000000	0.000000	-3.500000	0.730000
	122	5	0.000000	0.000000	-2.500000	0.730000
	123	5	0.000000	0.000000	-1.500000	0.730000
	124	5	0.000000	0.000000	-0.500000	0.730000
	125	5	0.000000	0.000000	0.500000	0.730000
	126	5	0.000000	0.000000	1.500000	0.730000
	127	5	0.000000	0.000000	2.500000	0.730000
	128	5	0.000000	0.000000	3.500000	0.730000
	129	5	0.000000	0.000000	4.500000	0.730000
	130	5	0.000000	0.000000	5.500000	0.730000
	131	5	0.000000	0.000000	6.500000	0.730000
	132	5	0.000000	0.000000	7.500000	0.730000
	133	5	0.000000	0.000000	8.500000	0.730000
	134	5	0.000000	0.000000	9.500000	0.730000
	135	5	0.000000	0.000000	10.500000	0.730000
	136	5	0.000000	0.000000	11.500000	0.730000
	137	6	-35.000000	0.000000	-19.583333	0.716000
	138	6	-35.000000	0.000000	-18.750000	0.716000
	139	6	-35.000000	0.000000	-17.916667	0.716000
	140	6	-35.000000	0.000000	-17.083333	0.716000
	141	6	-35.000000	0.000000	-16.250000	0.716000
	142	6	-35.000000	0.000000	-15.416667	0.716000
	143	7	-35.000000	0.000000	-14.500000	0.720000
	144	7	-35.000000	0.000000	-13.500000	0.720000
	145	7	-35.000000	0.000000	-12.500000	0.720000
	146	7	-35.000000	0.000000	-11.500000	0.720000
	147	8	-35.000000	0.000000	-10.500000	0.723000
	148	8	-35.000000	0.000000	-9.500000	0.723000
	149	8	-35.000000	0.000000	-8.500000	0.723000
	150	8	-35.000000	0.000000	-7.500000	0.723000
	151	8	-35.000000	0.000000	-6.500000	0.723000
	152	8	-35.000000	0.000000	-5.500000	0.723000
	153	8	-35.000000	0.000000	-4.500000	0.723000
	154	8	-35.000000	0.000000	-3.500000	0.723000
	155	8	-35.000000	0.000000	-2.500000	0.723000
	156	8	-35.000000	0.000000	-1.500000	0.723000
	157	8	-35.000000	0.000000	-0.500000	0.723000
	158	8	-35.000000	0.000000	0.500000	0.723000
	159	8	-35.000000	0.000000	1.500000	0.723000
	160	8	-35.000000	0.000000	2.500000	0.723000
	161	8	-35.000000	0.000000	3.500000	0.723000
	162	8	-35.000000	0.000000	4.500000	0.723000
	163	8	-35.000000	0.000000	5.500000	0.723000
	164	8	-35.000000	0.000000	6.500000	0.723000
	165	8	-35.000000	0.000000	7.500000	0.723000
	166	8	-35.000000	0.000000	8.500000	0.723000
	167	8	-35.000000	0.000000	9.500000	0.723000
	168	8	-35.000000	0.000000	10.500000	0.723000
	169	8	-35.000000	0.000000	11.500000	0.723000
	170	9	17.500000	-30.310889	-19.583333	0.716000
	171	9	17.500000	-30.310889	-18.750000	0.716000
	172	9	17.500000	-30.310889	-17.916667	0.716000
	173	9	17.500000	-30.310889	-17.083333	0.716000
	174	9	17.500000	-30.310889	-16.250000	0.716000
	175	9	17.500000	-30.310889	-15.416667	0.716000
	176	10	17.500000	-30.310889	-14.500000	0.720000
	177	10	17.500000	-30.310889	-13.500000	0.720000
	178	10	17.500000	-30.310889	-12.500000	0.720000
	179	10	17.500000	-30.310889	-11.500000	0.720000
	180	11	17.500000	-30.310889	-10.500000	0.723000
	181	11	17.500000	-30.310889	-9.500000	0.723000
	182	11	17.500000	-30.310889	-8.500000	0.723000
	183	11	17.500000	-30.310889	-7.500000	0.723000
	184	11	17.500000	-30.310889	-6.500000	0.723000
	185	11	17.500000	-30.310889	-5.500000	0.723000
	186	11	17.500000	-30.310889	-4.500000	0.723000
	187	11	17.500000	-30.310889	-3.500000	0.723000
	188	11	17.500000	-30.310889	-2.500000	0.723000
	189	11	17.500000	-30.310889	-1.500000	0.723000
	190	11	17.500000	-30.310889	-0.500000	0.723000
	191	11	17.500000	-30.310889	0.500000	0.723000
	192	11	17.500000	-30.310889	1.500000	0.723000
	193	11	17.500000	-30.310889	2.500000	0.723000
	194	11	17.500000	-30.310889	3.500000	0.723000
	195	11	17.500000	-30.310889	4.500000	0.723000
	196	11	17.500000	-30.310889	5.500000	0.723000
	197	11	17.500000	-30.310889	6.500000	0.723000
	198	11	17.500000	-30.310889	7.500000	0.723000
	199	11	17.500000	-30.310889	8.500000	0.723000
	200	11	17.500000	-30.310889	9.500000	0.723000
	201	11	17.500000	-30.310889	10.500000	0.723000
	202	11	17.500000	-30.310889	11.500000	0.723000
	203	12	17.500000	30.310889	-19.583333	0.716000
	204	12	17.500000	30.310889	-18.750000	0.716000
	205	12	17.500000	30.310889	-17.916667	0.716000
	206	12	17.500000	30.310889	-17.083333	0.716000
	207	12	17.500000	30.310889	-16.250000	0.716000
	208	12	17.500000	30.310889	-15.416667	0.716000
	209	13	17.500000	30.310889	-14.500000	0.720000
	210	13	17.500000	30.310889	-13.500000	0.720000
	211	13	17.500000	30.310889	-12.500000	0.720000
	212	13	17.500000	30.310889	-11.500000	0.720000
	213	14	17.500000	30.310889	-10.500000	0.723000
	214	14	17.500000	30.310889	-9.500000	0.723000
	215	14	17.500000	30.310889	-8.500000	0.723000
	216	14	17.500000	30.310889	-7.500000	0.723000
	217	14	17.500000	30.310889	-6.500000	0.723000
	218	14	17.500000	30.310889	-5.500000	0.723000
	219	14	17.500000	30.310889	-4.500000	0.723000
	220	14	17.500000	30.310889	-3.500000	0.723000
	221	14	17.500000	30.310889	-2.500000	0.723000
	222	14	17.500000	30.310889	-1.500000	0.723000
	223	14	17.500000	30.310889	-0.500000	0.723000
	224	14	17.500000	30.310889	0.500000	0.723000
	225	14	17.500000	30.310889	1.500000	0.723000
	226	14	17.500000	30.310889	2.500000	0.723000
	227	14	17.500000	30.310889	3.500000	0.723000
	228	14	17.500000	30.310889	4.500000	0.723000
	229	14	17.500000	30.310889	5.500000	0.723000
	230	14	17.500000	30.310889	6.500000	0.723000
	231	14	17.500000	30.310889	7.500000	0.723000
	232	14	17.500000	30.310889	8.500000	0.723000
	233	14	17.500000	30.310889	9.500000	0.723000
	234	14	17.500000	30.310889	10.500000	0.723000
	235	14	17.500000	30.310889	11.500000	0.723000

 Part No., Part Axis Direction Vector (LX,LY,LZ)
	1	1.000000	0.000000	0.000000
	2	-0.500000	0.866025	0.000000
	3	-0.500000	-0.866025	0.000000
	4	0.000000	0.000000	1.000000
	5	0.000000	0.000000	1.000000
	6	0.000000	0.000000	1.000000
	7	0.000000	0.000000	1.000000
	8	0.000000	0.000000	1.000000
	9	0.000000	0.000000	1.000000
	10	0.000000	0.000000	1.000000
	11	0.000000	0.000000	1.000000
	12	0.000000	0.000000	1.000000
	13	0.000000	0.000000	1.000000
	14	0.000000	0.000000	1.000000

 Part No., No. of Elements, Diameter, Area, Length of Element
	1	36	10.652686	89.126768	0.972222
	2	36	10.652686	89.126768	0.972222
	3	36	10.652686	89.126768	0.972222
	4	9	13.000000	132.732290	0.888889
	5	19	12.000000	113.097336	1.000000
	6	6	14.000000	153.938040	0.833333
	7	4	13.500000	143.138815	1.000000
	8	23	13.000000	132.732290	1.000000
	9	6	14.000000	153.938040	0.833333
	10	4	13.500000	143.138815	1.000000
	11	23	13.000000	132.732290	1.000000
	12	6	14.000000	153.938040	0.833333
	13	4	13.500000	143.138815	1.000000
	14	23	13.000000	132.732290	1.000000

 Part No., Location of Stick Start (X,Y,Z), Location of Stick End (X,Y,Z)
	1	-35.000000	0.000000	-17.500000	0.000000	0.000000	-17.500000
	2	17.500000	-30.310889	-17.500000	0.000000	0.000000	-17.500000
	3	17.500000	30.310889	-17.500000	0.000000	0.000000	-17.500000
	4	0.000000	0.000000	-15.000000	0.000000	0.000000	-7.000000
	5	0.000000	0.000000	-7.000000	0.000000	0.000000	12.000000
	6	-35.000000	0.000000	-20.000000	-35.000000	0.000000	-15.000000
	7	-35.000000	0.000000	-15.000000	-35.000000	0.000000	-11.000000
	8	-35.000000	0.000000	-11.000000	-35.000000	0.000000	12.000000
	9	17.500000	-30.310889	-20.000000	17.500000	-30.310889	-15.000000
	10	17.500000	-30.310889	-15.000000	17.500000	-30.310889	-11.000000
	11	17.500000	-30.310889	-11.000000	17.500000	-30.310889	12.000000
	12	17.500000	30.310889	-20.000000	17.500000	30.310889	-15.000000
	13	17.500000	30.310889	-15.000000	17.500000	30.310889	-11.000000
	14	17.500000	30.310889	-11.000000	17.500000	30.310889	12.000000
