  0.147313E+02  0.116920E+02  0.886327E+02  0.734231E+00  0.310210E-01  0.200000E+02  0.215527E+00
  0.147313E+02  0.116920E+02  0.886327E+02  0.734231E+00  0.310210E-01  0.200000E+02  0.194013E+00
  0.147313E+02  0.116920E+02  0.886327E+02  0.734231E+00  0.310210E-01  0.200000E+02  0.169678E+00
  0.147313E+02  0.116920E+02  0.886327E+02  0.734231E+00  0.310210E-01  0.200000E+02  0.143930E+00
  0.147313E+02  0.116920E+02  0.886327E+02  0.734231E+00  0.310210E-01  0.200000E+02  0.121589E+00
  0.147313E+02  0.116920E+02  0.886327E+02  0.734231E+00  0.310210E-01  0.200000E+02  0.102296E+00
  0.147313E+02  0.116920E+02  0.886327E+02  0.734231E+00  0.310210E-01  0.200000E+02  0.857121E-01
  0.147313E+02  0.116920E+02  0.886327E+02  0.734231E+00  0.310210E-01  0.200000E+02  0.715229E-01
  0.147313E+02  0.116920E+02  0.886327E+02  0.734231E+00  0.310210E-01  0.200000E+02  0.594385E-01
  0.147313E+02  0.116920E+02  0.886327E+02  0.734231E+00  0.310210E-01  0.200000E+02  0.491938E-01
  0.147313E+02  0.116920E+02  0.886327E+02  0.734231E+00  0.310210E-01  0.200000E+02  0.407418E-01
  0.147313E+02  0.116920E+02  0.886327E+02  0.734231E+00  0.310210E-01  0.200000E+02  0.332854E-01
  0.147313E+02  0.116920E+02  0.886327E+02  0.734231E+00  0.310210E-01  0.200000E+02  0.272116E-01
  0.147313E+02  0.116920E+02  0.886327E+02  0.734231E+00  0.310210E-01  0.200000E+02  0.229339E-01
  0.147313E+02  0.116920E+02  0.886327E+02  0.734231E+00  0.310210E-01  0.200000E+02  0.199604E-01
  0.147313E+02  0.116920E+02  0.886327E+02  0.734231E+00  0.310210E-01  0.200000E+02  0.173407E-01
  0.147082E+02  0.116920E+02  0.886327E+02  0.731490E+00  0.310210E-01  0.200000E+02  0.204853E+00
  0.147082E+02  0.116920E+02  0.886327E+02  0.731490E+00  0.310210E-01  0.200000E+02  0.180615E+00
  0.147082E+02  0.116920E+02  0.886327E+02  0.731490E+00  0.310210E-01  0.200000E+02  0.153770E+00
  0.147082E+02  0.116920E+02  0.886327E+02  0.731490E+00  0.310210E-01  0.200000E+02  0.126121E+00
  0.147082E+02  0.116920E+02  0.886327E+02  0.731490E+00  0.310210E-01  0.200000E+02  0.102866E+00
  0.147082E+02  0.116920E+02  0.886327E+02  0.731490E+00  0.310210E-01  0.200000E+02  0.834318E-01
  0.147082E+02  0.116920E+02  0.886327E+02  0.731490E+00  0.310210E-01  0.200000E+02  0.672916E-01
  0.147082E+02  0.116920E+02  0.886327E+02  0.731490E+00  0.310210E-01  0.200000E+02  0.539711E-01
  0.147082E+02  0.116920E+02  0.886327E+02  0.731490E+00  0.310210E-01  0.200000E+02  0.430459E-01
  0.147082E+02  0.116920E+02  0.886327E+02  0.731490E+00  0.310210E-01  0.200000E+02  0.341409E-01
  0.147082E+02  0.116920E+02  0.886327E+02  0.731490E+00  0.310210E-01  0.200000E+02  0.270852E-01
  0.147082E+02  0.116920E+02  0.886327E+02  0.731490E+00  0.310210E-01  0.200000E+02  0.211190E-01
  0.147082E+02  0.116920E+02  0.886327E+02  0.731490E+00  0.310210E-01  0.200000E+02  0.164713E-01
  0.147082E+02  0.116920E+02  0.886327E+02  0.731490E+00  0.310210E-01  0.200000E+02  0.133327E-01
  0.147082E+02  0.116920E+02  0.886327E+02  0.731490E+00  0.310210E-01  0.200000E+02  0.112269E-01
  0.147082E+02  0.116920E+02  0.886327E+02  0.731490E+00  0.310210E-01  0.200000E+02  0.943013E-02
  0.147082E+02  0.116920E+02  0.886327E+02  0.731490E+00  0.310210E-01  0.200000E+02  0.401929E+00
  0.147082E+02  0.116920E+02  0.886327E+02  0.731490E+00  0.310210E-01  0.200000E+02  0.473882E+00
  0.147082E+02  0.116920E+02  0.886327E+02  0.731490E+00  0.310210E-01  0.200000E+02  0.573426E+00
  0.147082E+02  0.116920E+02  0.886327E+02  0.731490E+00  0.310210E-01  0.200000E+02  0.688640E+00
  0.147082E+02  0.116920E+02  0.886327E+02  0.731490E+00  0.310210E-01  0.200000E+02  0.820758E+00
  0.147082E+02  0.116920E+02  0.886327E+02  0.731490E+00  0.310210E-01  0.200000E+02  0.970835E+00
  0.147082E+02  0.116920E+02  0.886327E+02  0.731490E+00  0.310210E-01  0.200000E+02  0.113968E+01
  0.147082E+02  0.116920E+02  0.886327E+02  0.731490E+00  0.310210E-01  0.200000E+02  0.132779E+01
  0.147082E+02  0.116920E+02  0.886327E+02  0.731490E+00  0.310210E-01  0.200000E+02  0.153527E+01
  0.147082E+02  0.116920E+02  0.886327E+02  0.731490E+00  0.310210E-01  0.200000E+02  0.175601E+01
  0.147082E+02  0.116920E+02  0.886327E+02  0.731490E+00  0.310210E-01  0.200000E+02  0.200638E+01
  0.147082E+02  0.116920E+02  0.886327E+02  0.731490E+00  0.310210E-01  0.200000E+02  0.226773E+01
  0.147082E+02  0.116920E+02  0.886327E+02  0.731490E+00  0.310210E-01  0.200000E+02  0.249684E+01
  0.147004E+02  0.116920E+02  0.886327E+02  0.730546E+00  0.310210E-01  0.200000E+02  0.342760E+00
  0.147004E+02  0.116920E+02  0.886327E+02  0.730546E+00  0.310210E-01  0.200000E+02  0.388952E+00
  0.147004E+02  0.116920E+02  0.886327E+02  0.730546E+00  0.310210E-01  0.200000E+02  0.453696E+00
  0.147004E+02  0.116920E+02  0.886327E+02  0.730546E+00  0.310210E-01  0.200000E+02  0.542521E+00
  0.147004E+02  0.116920E+02  0.886327E+02  0.730546E+00  0.310210E-01  0.200000E+02  0.644530E+00
  0.147004E+02  0.116920E+02  0.886327E+02  0.730546E+00  0.310210E-01  0.200000E+02  0.760753E+00
  0.147004E+02  0.116920E+02  0.886327E+02  0.730546E+00  0.310210E-01  0.200000E+02  0.892111E+00
  0.147004E+02  0.116920E+02  0.886327E+02  0.730546E+00  0.310210E-01  0.200000E+02  0.103937E+01
  0.147004E+02  0.116920E+02  0.886327E+02  0.730546E+00  0.310210E-01  0.200000E+02  0.120308E+01
  0.147004E+02  0.116920E+02  0.886327E+02  0.730546E+00  0.310210E-01  0.200000E+02  0.138355E+01
  0.147004E+02  0.116920E+02  0.886327E+02  0.730546E+00  0.310210E-01  0.200000E+02  0.157576E+01
  0.147004E+02  0.116920E+02  0.886327E+02  0.730546E+00  0.310210E-01  0.200000E+02  0.179439E+01
  0.147004E+02  0.116920E+02  0.886327E+02  0.730546E+00  0.310210E-01  0.200000E+02  0.202367E+01
  0.147004E+02  0.116920E+02  0.886327E+02  0.730546E+00  0.310210E-01  0.200000E+02  0.222587E+01
  0.147004E+02  0.116920E+02  0.886327E+02  0.730546E+00  0.310210E-01  0.200000E+02  0.239429E+01
  0.147004E+02  0.116920E+02  0.886327E+02  0.730546E+00  0.310210E-01  0.200000E+02  0.256801E+01
  0.147004E+02  0.116920E+02  0.886327E+02  0.730546E+00  0.310210E-01  0.200000E+02  0.198126E+00
  0.147004E+02  0.116920E+02  0.886327E+02  0.730546E+00  0.310210E-01  0.200000E+02  0.172014E+00
  0.147004E+02  0.116920E+02  0.886327E+02  0.730546E+00  0.310210E-01  0.200000E+02  0.143543E+00
  0.147004E+02  0.116920E+02  0.886327E+02  0.730546E+00  0.310210E-01  0.200000E+02  0.114807E+00
  0.147004E+02  0.116920E+02  0.886327E+02  0.730546E+00  0.310210E-01  0.200000E+02  0.911973E-01
  0.147004E+02  0.116920E+02  0.886327E+02  0.730546E+00  0.310210E-01  0.200000E+02  0.719498E-01
  0.147004E+02  0.116920E+02  0.886327E+02  0.730546E+00  0.310210E-01  0.200000E+02  0.563779E-01
  0.147004E+02  0.116920E+02  0.886327E+02  0.730546E+00  0.310210E-01  0.200000E+02  0.438753E-01
  0.147004E+02  0.116920E+02  0.886327E+02  0.730546E+00  0.310210E-01  0.200000E+02  0.339128E-01
  0.147004E+02  0.116920E+02  0.886327E+02  0.730546E+00  0.310210E-01  0.200000E+02  0.260339E-01
  0.147004E+02  0.116920E+02  0.886327E+02  0.730546E+00  0.310210E-01  0.200000E+02  0.199827E-01
  0.147004E+02  0.116920E+02  0.886327E+02  0.730546E+00  0.310210E-01  0.200000E+02  0.150309E-01
  0.147004E+02  0.116920E+02  0.886327E+02  0.730546E+00  0.310210E-01  0.200000E+02  0.113046E-01
  0.147004E+02  0.116920E+02  0.886327E+02  0.730546E+00  0.310210E-01  0.200000E+02  0.886913E-02
  0.147004E+02  0.116920E+02  0.886327E+02  0.730546E+00  0.310210E-01  0.200000E+02  0.727944E-02
  0.147004E+02  0.116920E+02  0.886327E+02  0.730546E+00  0.310210E-01  0.200000E+02  0.595657E-02
  0.146987E+02  0.116920E+02  0.886327E+02  0.730345E+00  0.310210E-01  0.200000E+02  0.333840E+00
  0.146987E+02  0.116920E+02  0.886327E+02  0.730345E+00  0.310210E-01  0.200000E+02  0.374436E+00
  0.146987E+02  0.116920E+02  0.886327E+02  0.730345E+00  0.310210E-01  0.200000E+02  0.430765E+00
  0.146987E+02  0.116920E+02  0.886327E+02  0.730345E+00  0.310210E-01  0.200000E+02  0.507188E+00
  0.146987E+02  0.116920E+02  0.886327E+02  0.730345E+00  0.310210E-01  0.200000E+02  0.594015E+00
  0.146987E+02  0.116920E+02  0.886327E+02  0.730345E+00  0.310210E-01  0.200000E+02  0.692033E+00
  0.146987E+02  0.116920E+02  0.886327E+02  0.730345E+00  0.310210E-01  0.200000E+02  0.801969E+00
  0.146987E+02  0.116920E+02  0.886327E+02  0.730345E+00  0.310210E-01  0.200000E+02  0.924462E+00
  0.146987E+02  0.116920E+02  0.886327E+02  0.730345E+00  0.310210E-01  0.200000E+02  0.106004E+01
  0.146987E+02  0.116920E+02  0.886327E+02  0.730345E+00  0.310210E-01  0.200000E+02  0.120908E+01
  0.146987E+02  0.116920E+02  0.886327E+02  0.730345E+00  0.310210E-01  0.200000E+02  0.136766E+01
  0.146987E+02  0.116920E+02  0.886327E+02  0.730345E+00  0.310210E-01  0.200000E+02  0.154819E+01
  0.146987E+02  0.116920E+02  0.886327E+02  0.730345E+00  0.310210E-01  0.200000E+02  0.173804E+01
  0.146987E+02  0.116920E+02  0.886327E+02  0.730345E+00  0.310210E-01  0.200000E+02  0.190619E+01
  0.146987E+02  0.116920E+02  0.886327E+02  0.730345E+00  0.310210E-01  0.200000E+02  0.204693E+01
  0.146987E+02  0.116920E+02  0.886327E+02  0.730345E+00  0.310210E-01  0.200000E+02  0.219288E+01
  0.146987E+02  0.116920E+02  0.886327E+02  0.730345E+00  0.310210E-01  0.200000E+02  0.166322E+00
  0.146987E+02  0.116920E+02  0.886327E+02  0.730345E+00  0.310210E-01  0.200000E+02  0.136778E+00
  0.146987E+02  0.116920E+02  0.886327E+02  0.730345E+00  0.310210E-01  0.200000E+02  0.107396E+00
  0.146987E+02  0.116920E+02  0.886327E+02  0.730345E+00  0.310210E-01  0.200000E+02  0.836714E-01
  0.146987E+02  0.116920E+02  0.886327E+02  0.730345E+00  0.310210E-01  0.200000E+02  0.646809E-01
  0.146987E+02  0.116920E+02  0.886327E+02  0.730345E+00  0.310210E-01  0.200000E+02  0.496121E-01
  0.146987E+02  0.116920E+02  0.886327E+02  0.730345E+00  0.310210E-01  0.200000E+02  0.377582E-01
  0.146987E+02  0.116920E+02  0.886327E+02  0.730345E+00  0.310210E-01  0.200000E+02  0.285133E-01
  0.146987E+02  0.116920E+02  0.886327E+02  0.730345E+00  0.310210E-01  0.200000E+02  0.213647E-01
  0.146987E+02  0.116920E+02  0.886327E+02  0.730345E+00  0.310210E-01  0.200000E+02  0.160007E-01
  0.146987E+02  0.116920E+02  0.886327E+02  0.730345E+00  0.310210E-01  0.200000E+02  0.117174E-01
  0.146989E+02  0.116920E+02  0.886326E+02  0.730370E+00  0.310210E-01  0.199999E+02  0.292307E+00
  0.146989E+02  0.116920E+02  0.886326E+02  0.730370E+00  0.310210E-01  0.199999E+02  0.323899E+00
  0.146989E+02  0.116920E+02  0.886326E+02  0.730370E+00  0.310210E-01  0.199999E+02  0.358260E+00
  0.146989E+02  0.116920E+02  0.886326E+02  0.730370E+00  0.310210E-01  0.199999E+02  0.405357E+00
  0.146989E+02  0.116920E+02  0.886326E+02  0.730370E+00  0.310210E-01  0.199999E+02  0.468373E+00
  0.146989E+02  0.116920E+02  0.886326E+02  0.730370E+00  0.310210E-01  0.199999E+02  0.539001E+00
  0.146989E+02  0.116920E+02  0.886326E+02  0.730370E+00  0.310210E-01  0.199999E+02  0.617773E+00
  0.146989E+02  0.116920E+02  0.886326E+02  0.730370E+00  0.310210E-01  0.199999E+02  0.705197E+00
  0.146989E+02  0.116920E+02  0.886326E+02  0.730370E+00  0.310210E-01  0.199999E+02  0.801742E+00
  0.146989E+02  0.116920E+02  0.886326E+02  0.730370E+00  0.310210E-01  0.199999E+02  0.907823E+00
  0.146989E+02  0.116920E+02  0.886326E+02  0.730370E+00  0.310210E-01  0.199999E+02  0.102379E+01
  0.146989E+02  0.116920E+02  0.886326E+02  0.730370E+00  0.310210E-01  0.199999E+02  0.114670E+01
  0.146989E+02  0.116920E+02  0.886326E+02  0.730370E+00  0.310210E-01  0.199999E+02  0.128634E+01
  0.146989E+02  0.116920E+02  0.886326E+02  0.730370E+00  0.310210E-01  0.199999E+02  0.143315E+01
  0.146989E+02  0.116920E+02  0.886326E+02  0.730370E+00  0.310210E-01  0.199999E+02  0.156337E+01
  0.146989E+02  0.116920E+02  0.886326E+02  0.730370E+00  0.310210E-01  0.199999E+02  0.167262E+01
  0.146989E+02  0.116920E+02  0.886326E+02  0.730370E+00  0.310210E-01  0.199999E+02  0.178630E+01
  0.146987E+02  0.116920E+02  0.886325E+02  0.730342E+00  0.310211E-01  0.199997E+02  0.287096E+00
  0.146987E+02  0.116920E+02  0.886325E+02  0.730342E+00  0.310211E-01  0.199997E+02  0.312926E+00
  0.146987E+02  0.116920E+02  0.886325E+02  0.730342E+00  0.310211E-01  0.199997E+02  0.340646E+00
  0.146987E+02  0.116920E+02  0.886325E+02  0.730342E+00  0.310211E-01  0.199997E+02  0.378099E+00
  0.146987E+02  0.116920E+02  0.886325E+02  0.730342E+00  0.310211E-01  0.199997E+02  0.427395E+00
  0.146987E+02  0.116920E+02  0.886325E+02  0.730342E+00  0.310211E-01  0.199997E+02  0.481737E+00
  0.146987E+02  0.116920E+02  0.886325E+02  0.730342E+00  0.310211E-01  0.199997E+02  0.541436E+00
  0.146987E+02  0.116920E+02  0.886325E+02  0.730342E+00  0.310211E-01  0.199997E+02  0.606796E+00
  0.146987E+02  0.116920E+02  0.886325E+02  0.730342E+00  0.310211E-01  0.199997E+02  0.678103E+00
  0.146987E+02  0.116920E+02  0.886325E+02  0.730342E+00  0.310211E-01  0.199997E+02  0.755623E+00
  0.146987E+02  0.116920E+02  0.886325E+02  0.730342E+00  0.310211E-01  0.199997E+02  0.839601E+00
  0.146987E+02  0.116920E+02  0.886325E+02  0.730342E+00  0.310211E-01  0.199997E+02  0.927954E+00
  0.146987E+02  0.116920E+02  0.886325E+02  0.730342E+00  0.310211E-01  0.199997E+02  0.102773E+01
  0.146987E+02  0.116920E+02  0.886325E+02  0.730342E+00  0.310211E-01  0.199997E+02  0.113219E+01
  0.146987E+02  0.116920E+02  0.886326E+02  0.730342E+00  0.310211E-01  0.199997E+02  0.122463E+01
  0.146987E+02  0.116920E+02  0.886326E+02  0.730342E+00  0.310211E-01  0.199997E+02  0.130211E+01
  0.146987E+02  0.116920E+02  0.886326E+02  0.730342E+00  0.310211E-01  0.199997E+02  0.138274E+01
  0.146968E+02  0.116920E+02  0.886326E+02  0.730115E+00  0.310211E-01  0.199990E+02  0.281310E+00
  0.146968E+02  0.116920E+02  0.886326E+02  0.730115E+00  0.310211E-01  0.199990E+02  0.301086E+00
  0.146968E+02  0.116920E+02  0.886326E+02  0.730115E+00  0.310211E-01  0.199990E+02  0.321992E+00
  0.146968E+02  0.116920E+02  0.886326E+02  0.730115E+00  0.310211E-01  0.199990E+02  0.349779E+00
  0.146968E+02  0.116920E+02  0.886326E+02  0.730115E+00  0.310211E-01  0.199990E+02  0.385661E+00
  0.146968E+02  0.116920E+02  0.886326E+02  0.730115E+00  0.310211E-01  0.199990E+02  0.424450E+00
  0.146968E+02  0.116920E+02  0.886326E+02  0.730115E+00  0.310211E-01  0.199990E+02  0.466290E+00
  0.146968E+02  0.116920E+02  0.886326E+02  0.730115E+00  0.310211E-01  0.199990E+02  0.511321E+00
  0.146968E+02  0.116920E+02  0.886326E+02  0.730115E+00  0.310211E-01  0.199990E+02  0.559681E+00
  0.146968E+02  0.116920E+02  0.886326E+02  0.730115E+00  0.310211E-01  0.199990E+02  0.611498E+00
  0.146968E+02  0.116920E+02  0.886326E+02  0.730115E+00  0.310211E-01  0.199990E+02  0.666896E+00
  0.146968E+02  0.116920E+02  0.886326E+02  0.730115E+00  0.310211E-01  0.199990E+02  0.724502E+00
  0.146968E+02  0.116920E+02  0.886326E+02  0.730115E+00  0.310211E-01  0.199990E+02  0.788877E+00
  0.146968E+02  0.116920E+02  0.886326E+02  0.730115E+00  0.310211E-01  0.199990E+02  0.855653E+00
  0.146968E+02  0.116920E+02  0.886326E+02  0.730115E+00  0.310211E-01  0.199990E+02  0.914324E+00
  0.146968E+02  0.116920E+02  0.886326E+02  0.730115E+00  0.310211E-01  0.199990E+02  0.963266E+00
  0.146968E+02  0.116920E+02  0.886326E+02  0.730115E+00  0.310211E-01  0.199990E+02  0.101401E+01
  0.146931E+02  0.116920E+02  0.886331E+02  0.729668E+00  0.310213E-01  0.199971E+02  0.275070E+00
  0.146931E+02  0.116920E+02  0.886331E+02  0.729668E+00  0.310213E-01  0.199971E+02  0.288644E+00
  0.146931E+02  0.116920E+02  0.886331E+02  0.729668E+00  0.310213E-01  0.199971E+02  0.302752E+00
  0.146931E+02  0.116920E+02  0.886331E+02  0.729668E+00  0.310213E-01  0.199971E+02  0.321161E+00
  0.146931E+02  0.116920E+02  0.886331E+02  0.729668E+00  0.310213E-01  0.199971E+02  0.344418E+00
  0.146931E+02  0.116920E+02  0.886331E+02  0.729668E+00  0.310213E-01  0.199971E+02  0.368988E+00
  0.146931E+02  0.116920E+02  0.886331E+02  0.729668E+00  0.310213E-01  0.199971E+02  0.394914E+00
  0.146931E+02  0.116920E+02  0.886331E+02  0.729668E+00  0.310213E-01  0.199971E+02  0.422237E+00
  0.146931E+02  0.116920E+02  0.886331E+02  0.729668E+00  0.310213E-01  0.199971E+02  0.450999E+00
  0.146931E+02  0.116920E+02  0.886331E+02  0.729668E+00  0.310213E-01  0.199971E+02  0.481236E+00
  0.146931E+02  0.116920E+02  0.886331E+02  0.729668E+00  0.310213E-01  0.199971E+02  0.512985E+00
  0.146931E+02  0.116920E+02  0.886331E+02  0.729668E+00  0.310213E-01  0.199971E+02  0.545450E+00
  0.146931E+02  0.116920E+02  0.886331E+02  0.729668E+00  0.310213E-01  0.199971E+02  0.581153E+00
  0.146931E+02  0.116920E+02  0.886331E+02  0.729668E+00  0.310213E-01  0.199971E+02  0.617631E+00
  0.146931E+02  0.116920E+02  0.886331E+02  0.729668E+00  0.310213E-01  0.199971E+02  0.649275E+00
  0.146931E+02  0.116920E+02  0.886331E+02  0.729668E+00  0.310213E-01  0.199971E+02  0.675414E+00
  0.146931E+02  0.116920E+02  0.886331E+02  0.729668E+00  0.310213E-01  0.199971E+02  0.702292E+00
