      0.00   0.114000E+02
      0.50   0.000000E+00
      1.00   0.000000E+00
      1.50   0.000000E+00
      2.00   0.000000E+00
      2.50   0.000000E+00
      3.00   0.000000E+00
      3.50   0.000000E+00
      4.00   0.000000E+00
      4.50   0.000000E+00
      5.00   0.000000E+00
      5.50   0.000000E+00
      6.00   0.000000E+00
      6.50   0.000000E+00
      7.00   0.000000E+00
      7.50   0.000000E+00
      8.00   0.000000E+00
      8.50   0.000000E+00
      9.00   0.000000E+00
      9.50   0.000000E+00
     10.00   0.000000E+00
     10.50   0.000000E+00
     11.00   0.000000E+00
     11.50   0.000000E+00
     12.00   0.000000E+00
     12.50   0.000000E+00
     13.00   0.000000E+00
     13.50   0.000000E+00
     14.00   0.000000E+00
