  0.115000000000000       1.025310729674921E-028
  0.145000000000000       4.028664141410140E-043
  0.175000000000000       7.184822626533477E-019
  0.205000000000000       6.644032749233433E-009
  0.235000000000000       2.754088251699324E-004
  0.265000000000000       5.738873986690559E-002
  0.295000000000000       0.964765128866379     
  0.325000000000000        4.45629081812508     
  0.355000000000000        10.4008841404461     
  0.385000000000000        19.4092303443333     
  0.415000000000000        42.6656519372833     
  0.445000000000000        63.8201458817962     
  0.475000000000000        42.7278999153527     
  0.505000000000000        23.2794746497541     
  0.535000000000000        15.6712924158984     
  0.565000000000000        12.5213478542947     
  0.595000000000000        10.4545064593259     
  0.625000000000000        8.74154197624806     
  0.655000000000000        7.29250673821720     
  0.685000000000000        6.08138574475750     
  0.715000000000000        5.07786093311499     
  0.745000000000000        4.25001281468891     
  0.775000000000000        3.56812939566298     
  0.805000000000000        3.00625141887883     
  0.835000000000000        2.54247924290964     
  0.865000000000000        2.15871030863112     
  0.895000000000000        1.84015782337808     
  0.925000000000000        1.57482381843964     
  0.955000000000000        1.35300524305009     
  0.985000000000000        1.16686322113442     
   1.01500000000000        1.01006184168060     
   1.04500000000000       0.877472126304818     
   1.07500000000000       0.764932729683605     
   1.10500000000000       0.669058072419189     
   1.13500000000000       0.587085202230891     
   1.16500000000000       0.516751825426832     
   1.19500000000000       0.456199208620942     
   1.22500000000000       0.403894824724894     
   1.25500000000000       0.358570633855561     
   1.28500000000000       0.319173734641492     
   1.31500000000000       0.284826806542720     
   1.34500000000000       0.254796311064867     
   1.37500000000000       0.228466852790761     
   1.40500000000000       0.205320441854814     
   1.43500000000000       0.184919666675310     
   1.46500000000000       0.166893994989977     
   1.49500000000000       0.150928585045919     
   1.52500000000000       0.136755117124048     
   1.55500000000000       0.124144256248023     
   1.58500000000000       0.112899436043349     
   1.61500000000000       0.102851716023978     
   1.64500000000000       9.385551378013261E-002
   1.67500000000000       8.578505248473919E-002
   1.70500000000000       7.853139504848496E-002
   1.73500000000000       7.199996086136813E-002
   1.76500000000000       6.610844070446475E-002
   1.79500000000000       6.078504114624747E-002
   1.82500000000000       5.596700237061014E-002
   1.85500000000000       5.159934355877455E-002
   1.88500000000000       4.763379816669665E-002
   1.91500000000000       4.402790809864449E-002
   1.94500000000000       4.074425118801706E-002
   1.97500000000000       3.774978080484783E-002
   2.00500000000000       3.501526001140357E-002
   2.03500000000000       3.251477563845675E-002
   2.06500000000000       3.022532007930727E-002
   2.09500000000000       2.812643059571576E-002
   2.12500000000000       2.619987757923174E-002
   2.15500000000000       2.442939457697163E-002
   2.18500000000000       2.280044402437783E-002
   2.21500000000000       2.130001357061225E-002
   2.24500000000000       1.991643866885872E-002
   2.27500000000000       1.863924776143309E-002
   2.30500000000000       1.745902694064531E-002
   2.33500000000000       1.636730142913340E-002
   2.36500000000000       1.535643161288783E-002
   2.39500000000000       1.441952168871363E-002
   2.42500000000000       1.355033926556390E-002
   2.45500000000000       1.274324449437324E-002
   2.48500000000000       1.199312750062369E-002
   2.51500000000000       1.129535306361181E-002
   2.54500000000000       1.064571163099784E-002
   2.57500000000000       1.004037588065897E-002
   2.60500000000000       9.475862147432176E-003
   2.63500000000000       8.948996122769049E-003
   2.66500000000000       8.456882312942043E-003
   2.69500000000000       7.996876808168239E-003
   2.72500000000000       7.566562972480856E-003
   2.75500000000000       7.163729713746359E-003
   2.78500000000000       6.786352036051707E-003
   2.81500000000000       6.432573613746836E-003
   2.84500000000000       6.100691158548660E-003
   2.87500000000000       5.789140378995705E-003
   2.90500000000000       5.496483355781428E-003
   2.93500000000000       5.221397177597626E-003
   2.96500000000000       4.962663700518190E-003
