               0.000            -167204567.24                     0.00                 -3784.20                     0.00           -1891385448.63     -.00
               0.500           -1379835139.68                     5.40                  4365.10                   -58.09          -15590995304.24     1071.68
               1.000               7801509.60                    -0.89                  2345.21                    13.29              78567628.31     1126.60
               1.500            1685334465.27                    25.52                  1110.91                  -271.55           19021293705.01     3524.69
               2.000              94956441.49                     1.65                   773.32                   -11.26            1080723356.38     976.88
               2.500           -1796724480.19                    74.67                   786.73                  -797.83          -20264544006.24     5767.27
               3.000             -86602543.26                     6.52                   729.82                   -49.32            -982846261.13     739.36
               3.500            1625486899.83                   105.10                  1341.86                 -1093.82           18332128785.03     6754.79
               4.000             228072202.75                    35.82                  3420.71                  -327.25            2568057674.67     2118.81
               4.500           -1217798166.05                    71.32                  6973.65                  -719.05          -13737505511.03     3815.54
               5.000            -496466696.07                    23.79                 10601.08                  -239.59           -5580530250.36     905.12
               5.500             699812710.77                    -6.46                 12068.96                    27.99            7906760452.85     -1152.87
               6.000             709804110.66                   -47.26                  9988.21                   417.32            7988708151.09     -3693.52
               6.500            -253748226.23                   -64.39                  5331.97                   602.07           -2872258527.48     -5435.63
               7.000            -788252105.80                  -131.64                   925.17                  1358.89           -8878339698.31     -11231.24
               7.500             -55526318.26                   -57.10                 -2415.41                   591.96            -625310814.31     -7359.46
               8.000             723880317.61                  -208.19                -11319.89                  2053.54            8160408217.01     -19142.17
               8.500             249485009.45                   -33.53                -27759.18                   -15.57            2821136854.13     -7215.91
               9.000            -564611498.59                  -295.16                -49410.67                  2556.46           -6374645295.82     -24462.24
               9.500            -380456282.24                   -30.48                -72706.39                  -573.19           -4306163842.87     -6644.72
              10.000             382269892.80                  -342.08                -94285.86                  2562.60            4316139703.64     -26602.80
              10.500             494940185.65                   -84.00               -112201.02                  -536.30            5585574056.14     -10670.95
              11.000            -213810798.39                  -334.04               -126106.13                  2019.01           -2427694906.78     -24100.50
              11.500            -576849790.77                  -130.58               -136186.29                  -652.34           -6518330976.70     -13065.55
              12.000              92730560.51                  -361.01               -141830.89                  1579.06            1050868684.99     -21592.73
              12.500             630207815.72                  -133.21               -141616.89                 -1401.32            7107639013.89     -12254.62
              13.000              26014532.48                  -399.95               -134672.28                  1262.39             283017238.98     -22705.56
              13.500            -619603040.57                  -188.44               -121385.28                 -1320.46           -6996675298.05     -15364.32
              14.000            -178306765.64                  -482.33               -102435.72                  1915.40           -2021585263.26     -26364.09
