
            MATRIX of Added MASS
  0.811874E+07  0.279767E+03  0.572810E+02  0.122803E+05 -0.807985E+08 -0.208968E+03
 -0.187778E+03  0.811920E+07 -0.889315E+01  0.808035E+08  0.101250E+05 -0.371715E+03
  0.446985E+02 -0.334391E+02  0.217610E+08 -0.438800E+03 -0.378727E+03 -0.936087E+04
 -0.316691E+04  0.808494E+08 -0.805483E+02  0.689291E+10  0.168055E+06 -0.212156E+04
 -0.807901E+08 -0.524507E+04 -0.594721E+03 -0.211104E+06  0.689280E+10  0.453887E+04
 -0.174980E+01 -0.256647E+03 -0.954023E+04 -0.168822E+04 -0.651204E+03  0.107466E+11

            ORIGINAL  MATRIX of MASS
M1J      0.261E+08   0.280E+03   0.573E+02   0.123E+05  -0.161E+09  -0.209E+03
M2J     -0.188E+03   0.261E+08  -0.889E+01   0.161E+09   0.101E+05  -0.372E+03
M3J      0.447E+02  -0.334E+02   0.397E+08  -0.439E+03  -0.379E+03  -0.936E+04
M4J     -0.317E+04   0.161E+09  -0.805E+02   0.350E+11   0.168E+06  -0.212E+04
M5J     -0.161E+09  -0.525E+04  -0.595E+03  -0.211E+06   0.347E+11   0.454E+04
M6J     -0.175E+01  -0.257E+03  -0.954E+04  -0.169E+04  -0.651E+03   0.279E+11

            INVERSE  MATRIX of MASS
M1J      0.395E-07   0.202E-12  -0.426E-13   0.176E-14   0.183E-09   0.674E-17
M2J     -0.317E-12   0.394E-07   0.312E-13  -0.181E-09   0.339E-14   0.352E-15
M3J     -0.541E-13   0.846E-14   0.252E-07   0.190E-16   0.180E-15   0.861E-14
M4J     -0.113E-13  -0.181E-09   0.172E-15   0.294E-10   0.991E-16   0.110E-18
M5J      0.183E-09  -0.970E-14   0.769E-16  -0.813E-16   0.297E-10   0.704E-18
M6J      0.266E-15   0.512E-15   0.845E-14  -0.182E-18  -0.346E-17   0.359E-10
