      0.00   0.000000E+00  0.000000E+00  0.000000E+00  0.000000E+00  0.000000E+00  0.000000E+00
      0.50  -0.170808E-02 -0.304857E-07 -0.238336E-01 -0.112379E-08  0.435126E-05 -0.183593E-07
      1.00  -0.656831E-02 -0.169996E-06 -0.694595E-01 -0.647560E-08  0.136087E-04 -0.719573E-07
      1.50  -0.134512E-01 -0.688973E-06 -0.110478E+00 -0.201765E-07  0.150602E-04 -0.159963E-06
      2.00  -0.203449E-01 -0.207487E-05 -0.145613E+00 -0.454889E-07 -0.113309E-04 -0.280183E-06
      2.50  -0.246447E-01 -0.472094E-05 -0.174476E+00 -0.831363E-07 -0.873503E-04 -0.428188E-06
      3.00  -0.229744E-01 -0.865247E-05 -0.197669E+00 -0.130480E-06 -0.230450E-03 -0.601126E-06
      3.50  -0.113896E-01 -0.134731E-04 -0.216650E+00 -0.180751E-06 -0.445767E-03 -0.790736E-06
      4.00   0.135039E-01 -0.184835E-04 -0.233259E+00 -0.222504E-06 -0.717090E-03 -0.975290E-06
      4.50   0.529341E-01 -0.228204E-04 -0.248967E+00 -0.240984E-06 -0.100198E-02 -0.112336E-05
      5.00   0.104851E+00 -0.255775E-04 -0.264128E+00 -0.222902E-06 -0.123832E-02 -0.120590E-05
      5.50   0.163858E+00 -0.259668E-04 -0.277599E+00 -0.162663E-06 -0.136380E-02 -0.120099E-05
      6.00   0.221986E+00 -0.235329E-04 -0.286908E+00 -0.650587E-07 -0.133869E-02 -0.108627E-05
      6.50   0.270068E+00 -0.183105E-04 -0.288879E+00  0.585200E-07 -0.115793E-02 -0.831486E-06
      7.00   0.299680E+00 -0.107354E-04 -0.280423E+00  0.197379E-06 -0.845965E-03 -0.403420E-06
      7.50   0.305194E+00 -0.122137E-05 -0.259235E+00  0.346461E-06 -0.440672E-03  0.222141E-06
      8.00   0.284911E+00  0.103708E-04 -0.224217E+00  0.506416E-06  0.224608E-04  0.105456E-05
      8.50   0.240699E+00  0.248652E-04 -0.175543E+00  0.681034E-06  0.518870E-03  0.209223E-05
      9.00   0.176661E+00  0.432301E-04 -0.114460E+00  0.874802E-06  0.103544E-02  0.332882E-05
      9.50   0.975449E-01  0.658314E-04 -0.429755E-01  0.109059E-05  0.156514E-02  0.475700E-05
     10.00   0.678750E-02  0.923253E-04  0.364304E-01  0.132722E-05  0.209984E-02  0.637180E-05
     10.50  -0.957736E-01  0.122362E-03  0.121070E+00  0.157854E-05  0.262729E-02  0.817369E-05
     11.00  -0.215073E+00  0.156231E-03  0.208365E+00  0.183580E-05  0.313629E-02  0.101661E-04
     11.50  -0.359111E+00  0.194581E-03  0.296181E+00  0.209166E-05  0.362628E-02  0.123473E-04
     12.00  -0.534967E+00  0.237566E-03  0.383024E+00  0.234246E-05  0.411193E-02  0.147048E-04
     12.50  -0.745710E+00  0.284537E-03  0.468009E+00  0.258634E-05  0.461611E-02  0.172187E-04
     13.00  -0.990694E+00  0.334637E-03  0.550614E+00  0.281841E-05  0.515386E-02  0.198622E-04
     13.50  -0.126818E+01  0.387298E-03  0.630295E+00  0.302559E-05  0.571623E-02  0.225905E-04
