      0.00   0.000000E+00  0.000000E+00  0.000000E+00  0.000000E+00  0.000000E+00  0.000000E+00
      0.50  -0.681379E-02 -0.121878E-06 -0.947648E-01 -0.448335E-08  0.173853E-04 -0.730935E-07
      1.00  -0.126331E-01 -0.437319E-06 -0.872614E-01 -0.168711E-07  0.195365E-04 -0.140521E-06
      1.50  -0.149704E-01 -0.163891E-05 -0.764276E-01 -0.378104E-07 -0.138936E-04 -0.211086E-06
      2.00  -0.127521E-01 -0.390630E-05 -0.638351E-01 -0.632245E-07 -0.917338E-04 -0.270398E-06
      2.50  -0.464235E-02 -0.669102E-05 -0.514369E-01 -0.870417E-07 -0.212093E-03 -0.323437E-06
      3.00   0.111394E-01 -0.907342E-05 -0.412258E-01 -0.101915E-06 -0.359537E-03 -0.371420E-06
      3.50   0.351177E-01 -0.102823E-04 -0.346210E-01 -0.987309E-07 -0.500314E-03 -0.391407E-06
      4.00   0.645887E-01 -0.986603E-05 -0.317362E-01 -0.679487E-07 -0.582909E-03 -0.352091E-06
      4.50   0.935903E-01 -0.760951E-05 -0.309965E-01 -0.590799E-08 -0.554108E-03 -0.245502E-06
      5.00   0.114927E+00 -0.354492E-05 -0.295319E-01  0.779050E-07 -0.388646E-03 -0.888907E-07
      5.50   0.122319E+00  0.189267E-05 -0.242422E-01  0.162272E-06 -0.111001E-03  0.106230E-06
      6.00   0.111654E+00  0.780526E-05 -0.129350E-01  0.226969E-06  0.212880E-03  0.352988E-06
      6.50   0.821569E-01  0.131240E-04  0.501960E-02  0.265906E-06  0.510442E-03  0.669515E-06
      7.00   0.375162E-01  0.172981E-04  0.286498E-01  0.287997E-06  0.736287E-03  0.104970E-05
      7.50  -0.147674E-01  0.209499E-04  0.558043E-01  0.306868E-06  0.882312E-03  0.146351E-05
      8.00  -0.663974E-01  0.256590E-04  0.838374E-01  0.331671E-06  0.966317E-03  0.188144E-05
      8.50  -0.111270E+00  0.325912E-04  0.110306E+00  0.365744E-06  0.101440E-02  0.228896E-05
      9.00  -0.146388E+00  0.411762E-04  0.133379E+00  0.408429E-06  0.104639E-02  0.268143E-05
      9.50  -0.172060E+00  0.495924E-04  0.151851E+00  0.453887E-06  0.106684E-02  0.305921E-05
     10.00  -0.193165E+00  0.568223E-04  0.165028E+00  0.491697E-06  0.106672E-02  0.343122E-05
     10.50  -0.219244E+00  0.638420E-04  0.172772E+00  0.512571E-06  0.103847E-02  0.381032E-05
     11.00  -0.259966E+00  0.722189E-04  0.175656E+00  0.515317E-06  0.993384E-03  0.419603E-05
     11.50  -0.318126E+00  0.818337E-04  0.174865E+00  0.506908E-06  0.962388E-03  0.456817E-05
     12.00  -0.387426E+00  0.908306E-04  0.171776E+00  0.494959E-06  0.975229E-03  0.490487E-05
     12.50  -0.458207E+00  0.978718E-04  0.167444E+00  0.479269E-06  0.103497E-02  0.519673E-05
     13.00  -0.525192E+00  0.103429E-03  0.162266E+00  0.447916E-06  0.110779E-02  0.542652E-05
     13.50  -0.589142E+00  0.108190E-03  0.155763E+00  0.380030E-06  0.113195E-02  0.553889E-05
