      0.00   0.000000E+00
      0.50   0.289625E-03
      1.00   0.261025E-02
      1.50   0.886960E-02
      2.00   0.198788E-01
      2.50   0.298266E-01
      3.00   0.228473E-01
      3.50   0.305915E-02
      4.00  -0.230899E-02
      4.50  -0.153420E+00
      5.00  -0.100804E+01
      5.50  -0.289577E+01
      6.00  -0.468293E+01
      6.50  -0.449162E+01
      7.00  -0.245566E+01
      7.50  -0.628015E+00
      8.00  -0.265101E-01
      8.50   0.101991E-01
      9.00   0.246600E+00
      9.50   0.806863E+00
     10.00   0.173299E+01
     10.50   0.385462E+01
     11.00   0.981275E+01
     11.50   0.248718E+02
     12.00   0.543068E+02
     12.50   0.984885E+02
     13.00   0.156193E+03
     13.50   0.235066E+03
     14.00   0.354879E+03
