      0.00   0.164828E+07
      0.50   0.164828E+07
      1.00   0.164828E+07
      1.50   0.164828E+07
      2.00   0.164828E+07
      2.50   0.164828E+07
      3.00   0.164828E+07
      3.50   0.164828E+07
      4.00   0.164828E+07
      4.50   0.164828E+07
      5.00   0.164828E+07
      5.50   0.164828E+07
      6.00   0.164828E+07
      6.50   0.164828E+07
      7.00   0.164828E+07
      7.50   0.164828E+07
      8.00   0.164828E+07
      8.50   0.164828E+07
      9.00   0.164828E+07
      9.50   0.164828E+07
     10.00   0.164828E+07
     10.50   0.164828E+07
     11.00   0.164828E+07
     11.50   0.164828E+07
     12.00   0.164828E+07
     12.50   0.164828E+07
     13.00   0.164828E+07
     13.50   0.164828E+07
     14.00   0.164828E+07
