      0.00   0.143445E+08
      0.50   0.143445E+08
      1.00   0.143445E+08
      1.50   0.143445E+08
      2.00   0.143445E+08
      2.50   0.143445E+08
      3.00   0.143445E+08
      3.50   0.143445E+08
      4.00   0.143445E+08
      4.50   0.143445E+08
      5.00   0.143445E+08
      5.50   0.143445E+08
      6.00   0.143445E+08
      6.50   0.143445E+08
      7.00   0.143445E+08
      7.50   0.143445E+08
      8.00   0.143445E+08
      8.50   0.143445E+08
      9.00   0.143445E+08
      9.50   0.143445E+08
     10.00   0.143445E+08
     10.50   0.143445E+08
     11.00   0.143445E+08
     11.50   0.143445E+08
     12.00   0.143445E+08
     12.50   0.143445E+08
     13.00   0.143445E+08
     13.50   0.143445E+08
     14.00   0.143445E+08
     14.50   0.143445E+08
     15.00   0.143445E+08
     15.50   0.143445E+08
     16.00   0.143445E+08
     16.50   0.143445E+08
     17.00   0.143445E+08
     17.50   0.143445E+08
     18.00   0.143445E+08
     18.50   0.143445E+08
     19.00   0.143445E+08
     19.50   0.143445E+08
     20.00   0.143445E+08
     20.50   0.143445E+08
     21.00   0.143445E+08
     21.50   0.143445E+08
     22.00   0.143445E+08
     22.50   0.143445E+08
     23.00   0.143445E+08
     23.50   0.143445E+08
     24.00   0.143445E+08
     24.50   0.143445E+08
     25.00   0.143445E+08
     25.50   0.143445E+08
     26.00   0.143445E+08
     26.50   0.143445E+08
     27.00   0.143445E+08
     27.50   0.143445E+08
     28.00   0.143445E+08
     28.50   0.143445E+08
     29.00   0.143445E+08
     29.50   0.143445E+08
     30.00   0.143445E+08
     30.50   0.143445E+08
     31.00   0.143445E+08
     31.50   0.143445E+08
     32.00   0.143445E+08
     32.50   0.143445E+08
     33.00   0.143445E+08
     33.50   0.143445E+08
     34.00   0.143445E+08
     34.50   0.143445E+08
     35.00   0.143445E+08
     35.50   0.143445E+08
     36.00   0.143445E+08
     36.50   0.143445E+08
     37.00   0.143445E+08
     37.50   0.143445E+08
     38.00   0.143445E+08
     38.50   0.143445E+08
     39.00   0.143445E+08
     39.50   0.143445E+08
     40.00   0.143445E+08
     40.50   0.143445E+08
     41.00   0.143445E+08
     41.50   0.143445E+08
     42.00   0.143445E+08
     42.50   0.143445E+08
     43.00   0.143445E+08
     43.50   0.143445E+08
     44.00   0.143445E+08
     44.50   0.143445E+08
     45.00   0.143445E+08
     45.50   0.143445E+08
     46.00   0.143445E+08
     46.50   0.143445E+08
     47.00   0.143445E+08
     47.50   0.143445E+08
     48.00   0.143445E+08
     48.50   0.143445E+08
     49.00   0.143445E+08
     49.50   0.143445E+08
     50.00   0.143445E+08
     50.50   0.143445E+08
     51.00   0.143445E+08
     51.50   0.143445E+08
     52.00   0.143445E+08
     52.50   0.143445E+08
     53.00   0.143445E+08
     53.50   0.143445E+08
     54.00   0.143445E+08
     54.50   0.143445E+08
     55.00   0.143445E+08
     55.50   0.143445E+08
     56.00   0.143445E+08
     56.50   0.143445E+08
     57.00   0.143445E+08
     57.50   0.143445E+08
     58.00   0.143445E+08
     58.50   0.143445E+08
     59.00   0.143445E+08
     59.50   0.143445E+08
     60.00   0.143445E+08
     60.50   0.143445E+08
     61.00   0.143445E+08
     61.50   0.143445E+08
     62.00   0.143445E+08
     62.50   0.143445E+08
     63.00   0.143445E+08
     63.50   0.143445E+08
     64.00   0.143445E+08
     64.50   0.143445E+08
     65.00   0.143445E+08
     65.50   0.143445E+08
     66.00   0.143445E+08
     66.50   0.143445E+08
     67.00   0.143445E+08
     67.50   0.143445E+08
     68.00   0.143445E+08
     68.50   0.143445E+08
     69.00   0.143445E+08
     69.50   0.143445E+08
     70.00   0.143445E+08
     70.50   0.143445E+08
     71.00   0.143445E+08
     71.50   0.143445E+08
     72.00   0.143445E+08
     72.50   0.143445E+08
     73.00   0.143445E+08
     73.50   0.143445E+08
     74.00   0.143445E+08
     74.50   0.143445E+08
     75.00   0.143445E+08
     75.50   0.143445E+08
     76.00   0.143445E+08
     76.50   0.143445E+08
     77.00   0.143445E+08
     77.50   0.143445E+08
     78.00   0.143445E+08
     78.50   0.143445E+08
     79.00   0.143445E+08
     79.50   0.143445E+08
     80.00   0.143445E+08
     80.50   0.143445E+08
     81.00   0.143445E+08
     81.50   0.143445E+08
     82.00   0.143445E+08
     82.50   0.143445E+08
     83.00   0.143445E+08
     83.50   0.143445E+08
     84.00   0.143445E+08
     84.50   0.143445E+08
     85.00   0.143445E+08
     85.50   0.143445E+08
     86.00   0.143445E+08
     86.50   0.143445E+08
     87.00   0.143445E+08
     87.50   0.143445E+08
     88.00   0.143445E+08
     88.50   0.143445E+08
     89.00   0.143445E+08
     89.50   0.143445E+08
     90.00   0.143445E+08
     90.50   0.143445E+08
     91.00   0.143445E+08
     91.50   0.143445E+08
     92.00   0.143445E+08
     92.50   0.143445E+08
     93.00   0.143445E+08
     93.50   0.143445E+08
     94.00   0.143445E+08
     94.50   0.143445E+08
     95.00   0.143445E+08
     95.50   0.143445E+08
     96.00   0.143445E+08
     96.50   0.143445E+08
     97.00   0.143445E+08
     97.50   0.143445E+08
     98.00   0.143445E+08
     98.50   0.143445E+08
     99.00   0.143445E+08
     99.50   0.143445E+08
    100.00   0.143445E+08
    100.50   0.143445E+08
    101.00   0.143445E+08
    101.50   0.143445E+08
    102.00   0.143445E+08
    102.50   0.143445E+08
    103.00   0.143445E+08
    103.50   0.143445E+08
    104.00   0.143445E+08
    104.50   0.143445E+08
    105.00   0.143445E+08
    105.50   0.143445E+08
    106.00   0.143445E+08
    106.50   0.143445E+08
    107.00   0.143445E+08
    107.50   0.143445E+08
    108.00   0.143445E+08
    108.50   0.143445E+08
    109.00   0.143445E+08
    109.50   0.143445E+08
    110.00   0.143445E+08
    110.50   0.143445E+08
    111.00   0.143445E+08
    111.50   0.143445E+08
    112.00   0.143445E+08
    112.50   0.143445E+08
    113.00   0.143445E+08
    113.50   0.143445E+08
    114.00   0.143445E+08
    114.50   0.143445E+08
    115.00   0.143445E+08
    115.50   0.143445E+08
    116.00   0.143445E+08
    116.50   0.143445E+08
    117.00   0.143445E+08
    117.50   0.143445E+08
    118.00   0.143445E+08
    118.50   0.143445E+08
    119.00   0.143445E+08
    119.50   0.143445E+08
    120.00   0.143445E+08
    120.50   0.143445E+08
    121.00   0.143445E+08
    121.50   0.143445E+08
    122.00   0.143445E+08
    122.50   0.143445E+08
    123.00   0.143445E+08
    123.50   0.143445E+08
    124.00   0.143445E+08
    124.50   0.143445E+08
    125.00   0.143445E+08
    125.50   0.143445E+08
    126.00   0.143445E+08
    126.50   0.143445E+08
    127.00   0.143445E+08
    127.50   0.143445E+08
    128.00   0.143445E+08
    128.50   0.143445E+08
    129.00   0.143445E+08
    129.50   0.143445E+08
    130.00   0.143445E+08
    130.50   0.143445E+08
    131.00   0.143445E+08
    131.50   0.143445E+08
    132.00   0.143445E+08
    132.50   0.143445E+08
    133.00   0.143445E+08
    133.50   0.143445E+08
    134.00   0.143445E+08
    134.50   0.143445E+08
    135.00   0.143445E+08
    135.50   0.143445E+08
    136.00   0.143445E+08
    136.50   0.143445E+08
    137.00   0.143445E+08
    137.50   0.143445E+08
    138.00   0.143445E+08
    138.50   0.143445E+08
    139.00   0.143445E+08
    139.50   0.143445E+08
    140.00   0.143445E+08
    140.50   0.143445E+08
    141.00   0.143445E+08
    141.50   0.143445E+08
    142.00   0.143445E+08
    142.50   0.143445E+08
    143.00   0.143445E+08
    143.50   0.143445E+08
    144.00   0.143445E+08
    144.50   0.143445E+08
    145.00   0.143445E+08
    145.50   0.143445E+08
    146.00   0.143445E+08
    146.50   0.143445E+08
    147.00   0.143445E+08
    147.50   0.143445E+08
    148.00   0.143445E+08
    148.50   0.143445E+08
    149.00   0.143445E+08
    149.50   0.143445E+08
    150.00   0.143445E+08
    150.50   0.143445E+08
    151.00   0.143445E+08
    151.50   0.143445E+08
    152.00   0.143445E+08
    152.50   0.143445E+08
    153.00   0.143445E+08
    153.50   0.143445E+08
    154.00   0.143445E+08
    154.50   0.143445E+08
    155.00   0.143445E+08
    155.50   0.143445E+08
    156.00   0.143445E+08
    156.50   0.143445E+08
    157.00   0.143445E+08
    157.50   0.143445E+08
    158.00   0.143445E+08
    158.50   0.143445E+08
    159.00   0.143445E+08
    159.50   0.143445E+08
    160.00   0.143445E+08
    160.50   0.143445E+08
    161.00   0.143445E+08
    161.50   0.143445E+08
    162.00   0.143445E+08
    162.50   0.143445E+08
    163.00   0.143445E+08
    163.50   0.143445E+08
    164.00   0.143445E+08
    164.50   0.143445E+08
    165.00   0.143445E+08
    165.50   0.143445E+08
    166.00   0.143445E+08
    166.50   0.143445E+08
    167.00   0.143445E+08
    167.50   0.143445E+08
    168.00   0.143445E+08
    168.50   0.143445E+08
    169.00   0.143445E+08
    169.50   0.143445E+08
    170.00   0.143445E+08
    170.50   0.143445E+08
    171.00   0.143445E+08
    171.50   0.143445E+08
    172.00   0.143445E+08
    172.50   0.143445E+08
    173.00   0.143445E+08
    173.50   0.143445E+08
    174.00   0.143445E+08
    174.50   0.143445E+08
    175.00   0.143445E+08
    175.50   0.143445E+08
    176.00   0.143445E+08
    176.50   0.143445E+08
    177.00   0.143445E+08
    177.50   0.143445E+08
    178.00   0.143445E+08
    178.50   0.143445E+08
    179.00   0.143445E+08
    179.50   0.143445E+08
    180.00   0.143445E+08
    180.50   0.143445E+08
    181.00   0.143445E+08
    181.50   0.143445E+08
    182.00   0.143445E+08
    182.50   0.143445E+08
    183.00   0.143445E+08
    183.50   0.143445E+08
    184.00   0.143445E+08
    184.50   0.143445E+08
    185.00   0.143445E+08
    185.50   0.143445E+08
    186.00   0.143445E+08
    186.50   0.143445E+08
    187.00   0.143445E+08
    187.50   0.143445E+08
    188.00   0.143445E+08
    188.50   0.143445E+08
    189.00   0.143445E+08
    189.50   0.143445E+08
    190.00   0.143445E+08
    190.50   0.143445E+08
    191.00   0.143445E+08
    191.50   0.143445E+08
    192.00   0.143445E+08
    192.50   0.143445E+08
    193.00   0.143445E+08
    193.50   0.143445E+08
    194.00   0.143445E+08
    194.50   0.143445E+08
    195.00   0.143445E+08
    195.50   0.143445E+08
    196.00   0.143445E+08
    196.50   0.143445E+08
    197.00   0.143445E+08
    197.50   0.143445E+08
    198.00   0.143445E+08
    198.50   0.143445E+08
    199.00   0.143445E+08
    199.50   0.143445E+08
    200.00   0.143445E+08
    200.50   0.143445E+08
    201.00   0.143445E+08
    201.50   0.143445E+08
    202.00   0.143445E+08
    202.50   0.143445E+08
    203.00   0.143445E+08
    203.50   0.143445E+08
    204.00   0.143445E+08
    204.50   0.143445E+08
    205.00   0.143445E+08
    205.50   0.143445E+08
    206.00   0.143445E+08
    206.50   0.143445E+08
    207.00   0.143445E+08
    207.50   0.143445E+08
    208.00   0.143445E+08
    208.50   0.143445E+08
    209.00   0.143445E+08
    209.50   0.143445E+08
    210.00   0.143445E+08
    210.50   0.143445E+08
    211.00   0.143445E+08
    211.50   0.143445E+08
    212.00   0.143445E+08
    212.50   0.143445E+08
    213.00   0.143445E+08
    213.50   0.143445E+08
    214.00   0.143445E+08
    214.50   0.143445E+08
    215.00   0.143445E+08
    215.50   0.143445E+08
    216.00   0.143445E+08
    216.50   0.143445E+08
    217.00   0.143445E+08
    217.50   0.143445E+08
    218.00   0.143445E+08
    218.50   0.143445E+08
    219.00   0.143445E+08
    219.50   0.143445E+08
    220.00   0.143445E+08
    220.50   0.143445E+08
    221.00   0.143445E+08
    221.50   0.143445E+08
    222.00   0.143445E+08
    222.50   0.143445E+08
    223.00   0.143445E+08
    223.50   0.143445E+08
    224.00   0.143445E+08
    224.50   0.143445E+08
    225.00   0.143445E+08
    225.50   0.143445E+08
    226.00   0.143445E+08
    226.50   0.143445E+08
    227.00   0.143445E+08
    227.50   0.143445E+08
    228.00   0.143445E+08
    228.50   0.143445E+08
    229.00   0.143445E+08
    229.50   0.143445E+08
    230.00   0.143445E+08
    230.50   0.143445E+08
    231.00   0.143445E+08
    231.50   0.143445E+08
    232.00   0.143445E+08
    232.50   0.143445E+08
    233.00   0.143445E+08
    233.50   0.143445E+08
    234.00   0.143445E+08
    234.50   0.143445E+08
    235.00   0.143445E+08
    235.50   0.143445E+08
    236.00   0.143445E+08
    236.50   0.143445E+08
    237.00   0.143445E+08
    237.50   0.143445E+08
    238.00   0.143445E+08
    238.50   0.143445E+08
    239.00   0.143445E+08
    239.50   0.143445E+08
    240.00   0.143445E+08
    240.50   0.143445E+08
    241.00   0.143445E+08
    241.50   0.143445E+08
    242.00   0.143445E+08
    242.50   0.143445E+08
    243.00   0.143445E+08
    243.50   0.143445E+08
    244.00   0.143445E+08
    244.50   0.143445E+08
    245.00   0.143445E+08
    245.50   0.143445E+08
    246.00   0.143445E+08
    246.50   0.143445E+08
    247.00   0.143445E+08
    247.50   0.143445E+08
    248.00   0.143445E+08
    248.50   0.143445E+08
    249.00   0.143445E+08
    249.50   0.143445E+08
    250.00   0.143445E+08
    250.50   0.143445E+08
    251.00   0.143445E+08
    251.50   0.143445E+08
    252.00   0.143445E+08
    252.50   0.143445E+08
    253.00   0.143445E+08
    253.50   0.143445E+08
    254.00   0.143445E+08
    254.50   0.143445E+08
    255.00   0.143445E+08
    255.50   0.143445E+08
    256.00   0.143445E+08
    256.50   0.143445E+08
    257.00   0.143445E+08
    257.50   0.143445E+08
    258.00   0.143445E+08
    258.50   0.143445E+08
    259.00   0.143445E+08
    259.50   0.143445E+08
    260.00   0.143445E+08
    260.50   0.143445E+08
    261.00   0.143445E+08
    261.50   0.143445E+08
    262.00   0.143445E+08
    262.50   0.143445E+08
    263.00   0.143445E+08
    263.50   0.143445E+08
    264.00   0.143445E+08
    264.50   0.143445E+08
    265.00   0.143445E+08
    265.50   0.143445E+08
    266.00   0.143445E+08
    266.50   0.143445E+08
    267.00   0.143445E+08
    267.50   0.143445E+08
    268.00   0.143445E+08
    268.50   0.143445E+08
    269.00   0.143445E+08
    269.50   0.143445E+08
    270.00   0.143445E+08
    270.50   0.143445E+08
    271.00   0.143445E+08
    271.50   0.143445E+08
    272.00   0.143445E+08
    272.50   0.143445E+08
    273.00   0.143445E+08
    273.50   0.143445E+08
    274.00   0.143445E+08
    274.50   0.143445E+08
    275.00   0.143445E+08
    275.50   0.143445E+08
    276.00   0.143445E+08
    276.50   0.143445E+08
    277.00   0.143445E+08
    277.50   0.143445E+08
    278.00   0.143445E+08
    278.50   0.143445E+08
    279.00   0.143445E+08
    279.50   0.143445E+08
    280.00   0.143445E+08
    280.50   0.143445E+08
    281.00   0.143445E+08
    281.50   0.143445E+08
    282.00   0.143445E+08
    282.50   0.143445E+08
    283.00   0.143445E+08
    283.50   0.143445E+08
    284.00   0.143445E+08
    284.50   0.143445E+08
    285.00   0.143445E+08
    285.50   0.143445E+08
    286.00   0.143445E+08
    286.50   0.143445E+08
    287.00   0.143445E+08
    287.50   0.143445E+08
    288.00   0.143445E+08
    288.50   0.143445E+08
    289.00   0.143445E+08
    289.50   0.143445E+08
    290.00   0.143445E+08
    290.50   0.143445E+08
    291.00   0.143445E+08
    291.50   0.143445E+08
    292.00   0.143445E+08
    292.50   0.143445E+08
    293.00   0.143445E+08
    293.50   0.143445E+08
    294.00   0.143445E+08
    294.50   0.143445E+08
    295.00   0.143445E+08
    295.50   0.143445E+08
    296.00   0.143445E+08
    296.50   0.143445E+08
    297.00   0.143445E+08
    297.50   0.143445E+08
    298.00   0.143445E+08
    298.50   0.143445E+08
    299.00   0.143445E+08
    299.50   0.143445E+08
    300.00   0.143445E+08
    300.50   0.143445E+08
    301.00   0.143445E+08
    301.50   0.143445E+08
    302.00   0.143445E+08
    302.50   0.143445E+08
    303.00   0.143445E+08
    303.50   0.143445E+08
    304.00   0.143445E+08
    304.50   0.143445E+08
    305.00   0.143445E+08
    305.50   0.143445E+08
    306.00   0.143445E+08
    306.50   0.143445E+08
    307.00   0.143445E+08
    307.50   0.143445E+08
    308.00   0.143445E+08
    308.50   0.143445E+08
    309.00   0.143445E+08
    309.50   0.143445E+08
    310.00   0.143445E+08
    310.50   0.143445E+08
    311.00   0.143445E+08
    311.50   0.143445E+08
    312.00   0.143445E+08
    312.50   0.143445E+08
    313.00   0.143445E+08
    313.50   0.143445E+08
    314.00   0.143445E+08
    314.50   0.143445E+08
    315.00   0.143445E+08
    315.50   0.143445E+08
    316.00   0.143445E+08
    316.50   0.143445E+08
    317.00   0.143445E+08
    317.50   0.143445E+08
    318.00   0.143445E+08
    318.50   0.143445E+08
    319.00   0.143445E+08
    319.50   0.143445E+08
    320.00   0.143445E+08
    320.50   0.143445E+08
    321.00   0.143445E+08
    321.50   0.143445E+08
    322.00   0.143445E+08
    322.50   0.143445E+08
    323.00   0.143445E+08
    323.50   0.143445E+08
    324.00   0.143445E+08
    324.50   0.143445E+08
    325.00   0.143445E+08
    325.50   0.143445E+08
    326.00   0.143445E+08
    326.50   0.143445E+08
    327.00   0.143445E+08
    327.50   0.143445E+08
    328.00   0.143445E+08
    328.50   0.143445E+08
    329.00   0.143445E+08
    329.50   0.143445E+08
    330.00   0.143445E+08
    330.50   0.143445E+08
    331.00   0.143445E+08
    331.50   0.143445E+08
    332.00   0.143445E+08
    332.50   0.143445E+08
    333.00   0.143445E+08
    333.50   0.143445E+08
    334.00   0.143445E+08
    334.50   0.143445E+08
    335.00   0.143445E+08
    335.50   0.143445E+08
    336.00   0.143445E+08
    336.50   0.143445E+08
    337.00   0.143445E+08
    337.50   0.143445E+08
    338.00   0.143445E+08
    338.50   0.143445E+08
    339.00   0.143445E+08
    339.50   0.143445E+08
    340.00   0.143445E+08
    340.50   0.143445E+08
    341.00   0.143445E+08
    341.50   0.143445E+08
    342.00   0.143445E+08
    342.50   0.143445E+08
    343.00   0.143445E+08
    343.50   0.143445E+08
    344.00   0.143445E+08
    344.50   0.143445E+08
    345.00   0.143445E+08
    345.50   0.143445E+08
    346.00   0.143445E+08
    346.50   0.143445E+08
    347.00   0.143445E+08
    347.50   0.143445E+08
    348.00   0.143445E+08
    348.50   0.143445E+08
    349.00   0.143445E+08
    349.50   0.143445E+08
    350.00   0.143445E+08
    350.50   0.143445E+08
    351.00   0.143445E+08
    351.50   0.143445E+08
    352.00   0.143445E+08
    352.50   0.143445E+08
    353.00   0.143445E+08
    353.50   0.143445E+08
    354.00   0.143445E+08
    354.50   0.143445E+08
    355.00   0.143445E+08
    355.50   0.143445E+08
    356.00   0.143445E+08
    356.50   0.143445E+08
    357.00   0.143445E+08
    357.50   0.143445E+08
    358.00   0.143445E+08
    358.50   0.143445E+08
    359.00   0.143445E+08
    359.50   0.143445E+08
    360.00   0.143445E+08
    360.50   0.143445E+08
    361.00   0.143445E+08
    361.50   0.143445E+08
    362.00   0.143445E+08
    362.50   0.143445E+08
    363.00   0.143445E+08
    363.50   0.143445E+08
    364.00   0.143445E+08
    364.50   0.143445E+08
    365.00   0.143445E+08
    365.50   0.143445E+08
    366.00   0.143445E+08
    366.50   0.143445E+08
    367.00   0.143445E+08
    367.50   0.143445E+08
    368.00   0.143445E+08
    368.50   0.143445E+08
    369.00   0.143445E+08
    369.50   0.143445E+08
    370.00   0.143445E+08
    370.50   0.143445E+08
    371.00   0.143445E+08
    371.50   0.143445E+08
    372.00   0.143445E+08
    372.50   0.143445E+08
    373.00   0.143445E+08
    373.50   0.143445E+08
    374.00   0.143445E+08
    374.50   0.143445E+08
    375.00   0.143445E+08
    375.50   0.143445E+08
    376.00   0.143445E+08
    376.50   0.143445E+08
    377.00   0.143445E+08
    377.50   0.143445E+08
    378.00   0.143445E+08
    378.50   0.143445E+08
    379.00   0.143445E+08
    379.50   0.143445E+08
    380.00   0.143445E+08
    380.50   0.143445E+08
    381.00   0.143445E+08
    381.50   0.143445E+08
    382.00   0.143445E+08
    382.50   0.143445E+08
    383.00   0.143445E+08
    383.50   0.143445E+08
    384.00   0.143445E+08
    384.50   0.143445E+08
    385.00   0.143445E+08
    385.50   0.143445E+08
    386.00   0.143445E+08
    386.50   0.143445E+08
    387.00   0.143445E+08
    387.50   0.143445E+08
    388.00   0.143445E+08
    388.50   0.143445E+08
    389.00   0.143445E+08
    389.50   0.143445E+08
    390.00   0.143445E+08
    390.50   0.143445E+08
    391.00   0.143445E+08
    391.50   0.143445E+08
    392.00   0.143445E+08
    392.50   0.143445E+08
    393.00   0.143445E+08
    393.50   0.143445E+08
    394.00   0.143445E+08
    394.50   0.143445E+08
    395.00   0.143445E+08
    395.50   0.143445E+08
    396.00   0.143445E+08
    396.50   0.143445E+08
    397.00   0.143445E+08
    397.50   0.143445E+08
    398.00   0.143445E+08
    398.50   0.143445E+08
    399.00   0.143445E+08
    399.50   0.143445E+08
    400.00   0.143445E+08
    400.50   0.143445E+08
    401.00   0.143445E+08
    401.50   0.143445E+08
    402.00   0.143445E+08
    402.50   0.143445E+08
    403.00   0.143445E+08
    403.50   0.143445E+08
    404.00   0.143445E+08
    404.50   0.143445E+08
    405.00   0.143445E+08
    405.50   0.143445E+08
    406.00   0.143445E+08
    406.50   0.143445E+08
    407.00   0.143445E+08
    407.50   0.143445E+08
    408.00   0.143445E+08
    408.50   0.143445E+08
    409.00   0.143445E+08
    409.50   0.143445E+08
    410.00   0.143445E+08
    410.50   0.143445E+08
    411.00   0.143445E+08
    411.50   0.143445E+08
    412.00   0.143445E+08
    412.50   0.143445E+08
    413.00   0.143445E+08
    413.50   0.143445E+08
    414.00   0.143445E+08
    414.50   0.143445E+08
    415.00   0.143445E+08
    415.50   0.143445E+08
    416.00   0.143445E+08
    416.50   0.143445E+08
    417.00   0.143445E+08
    417.50   0.143445E+08
    418.00   0.143445E+08
    418.50   0.143445E+08
    419.00   0.143445E+08
    419.50   0.143445E+08
    420.00   0.143445E+08
    420.50   0.143445E+08
    421.00   0.143445E+08
    421.50   0.143445E+08
    422.00   0.143445E+08
    422.50   0.143445E+08
    423.00   0.143445E+08
    423.50   0.143445E+08
    424.00   0.143445E+08
    424.50   0.143445E+08
    425.00   0.143445E+08
    425.50   0.143445E+08
    426.00   0.143445E+08
    426.50   0.143445E+08
    427.00   0.143445E+08
    427.50   0.143445E+08
    428.00   0.143445E+08
    428.50   0.143445E+08
    429.00   0.143445E+08
    429.50   0.143445E+08
    430.00   0.143445E+08
    430.50   0.143445E+08
    431.00   0.143445E+08
    431.50   0.143445E+08
    432.00   0.143445E+08
    432.50   0.143445E+08
    433.00   0.143445E+08
    433.50   0.143445E+08
    434.00   0.143445E+08
    434.50   0.143445E+08
    435.00   0.143445E+08
    435.50   0.143445E+08
    436.00   0.143445E+08
    436.50   0.143445E+08
    437.00   0.143445E+08
    437.50   0.143445E+08
    438.00   0.143445E+08
    438.50   0.143445E+08
    439.00   0.143445E+08
    439.50   0.143445E+08
    440.00   0.143445E+08
    440.50   0.143445E+08
    441.00   0.143445E+08
    441.50   0.143445E+08
    442.00   0.143445E+08
    442.50   0.143445E+08
    443.00   0.143445E+08
    443.50   0.143445E+08
    444.00   0.143445E+08
    444.50   0.143445E+08
    445.00   0.143445E+08
    445.50   0.143445E+08
    446.00   0.143445E+08
    446.50   0.143445E+08
    447.00   0.143445E+08
    447.50   0.143445E+08
    448.00   0.143445E+08
    448.50   0.143445E+08
    449.00   0.143445E+08
    449.50   0.143445E+08
    450.00   0.143445E+08
    450.50   0.143445E+08
    451.00   0.143445E+08
    451.50   0.143445E+08
    452.00   0.143445E+08
    452.50   0.143445E+08
    453.00   0.143445E+08
    453.50   0.143445E+08
    454.00   0.143445E+08
    454.50   0.143445E+08
    455.00   0.143445E+08
    455.50   0.143445E+08
    456.00   0.143445E+08
    456.50   0.143445E+08
    457.00   0.143445E+08
    457.50   0.143445E+08
    458.00   0.143445E+08
    458.50   0.143445E+08
    459.00   0.143445E+08
    459.50   0.143445E+08
    460.00   0.143445E+08
    460.50   0.143445E+08
    461.00   0.143445E+08
    461.50   0.143445E+08
    462.00   0.143445E+08
    462.50   0.143445E+08
    463.00   0.143445E+08
    463.50   0.143445E+08
    464.00   0.143445E+08
    464.50   0.143445E+08
    465.00   0.143445E+08
    465.50   0.143445E+08
    466.00   0.143445E+08
    466.50   0.143445E+08
    467.00   0.143445E+08
    467.50   0.143445E+08
    468.00   0.143445E+08
    468.50   0.143445E+08
    469.00   0.143445E+08
    469.50   0.143445E+08
    470.00   0.143445E+08
    470.50   0.143445E+08
    471.00   0.143445E+08
    471.50   0.143445E+08
    472.00   0.143445E+08
    472.50   0.143445E+08
    473.00   0.143445E+08
    473.50   0.143445E+08
    474.00   0.143445E+08
    474.50   0.143445E+08
    475.00   0.143445E+08
    475.50   0.143445E+08
    476.00   0.143445E+08
    476.50   0.143445E+08
    477.00   0.143445E+08
    477.50   0.143445E+08
    478.00   0.143445E+08
    478.50   0.143445E+08
    479.00   0.143445E+08
    479.50   0.143445E+08
    480.00   0.143445E+08
    480.50   0.143445E+08
    481.00   0.143445E+08
    481.50   0.143445E+08
    482.00   0.143445E+08
    482.50   0.143445E+08
    483.00   0.143445E+08
    483.50   0.143445E+08
    484.00   0.143445E+08
    484.50   0.143445E+08
    485.00   0.143445E+08
    485.50   0.143445E+08
    486.00   0.143445E+08
    486.50   0.143445E+08
    487.00   0.143445E+08
    487.50   0.143445E+08
    488.00   0.143445E+08
    488.50   0.143445E+08
    489.00   0.143445E+08
    489.50   0.143445E+08
    490.00   0.143445E+08
    490.50   0.143445E+08
    491.00   0.143445E+08
    491.50   0.143445E+08
    492.00   0.143445E+08
    492.50   0.143445E+08
    493.00   0.143445E+08
    493.50   0.143445E+08
    494.00   0.143445E+08
    494.50   0.143445E+08
    495.00   0.143445E+08
    495.50   0.143445E+08
    496.00   0.143445E+08
    496.50   0.143445E+08
    497.00   0.143445E+08
    497.50   0.143445E+08
    498.00   0.143445E+08
    498.50   0.143445E+08
    499.00   0.143445E+08
    499.50   0.143445E+08
    500.00   0.143445E+08
    500.50   0.143445E+08
    501.00   0.143445E+08
    501.50   0.143445E+08
    502.00   0.143445E+08
    502.50   0.143445E+08
    503.00   0.143445E+08
    503.50   0.143445E+08
    504.00   0.143445E+08
    504.50   0.143445E+08
    505.00   0.143445E+08
    505.50   0.143445E+08
    506.00   0.143445E+08
    506.50   0.143445E+08
    507.00   0.143445E+08
    507.50   0.143445E+08
    508.00   0.143445E+08
    508.50   0.143445E+08
    509.00   0.143445E+08
    509.50   0.143445E+08
    510.00   0.143445E+08
    510.50   0.143445E+08
    511.00   0.143445E+08
    511.50   0.143445E+08
    512.00   0.143445E+08
    512.50   0.143445E+08
    513.00   0.143445E+08
    513.50   0.143445E+08
    514.00   0.143445E+08
    514.50   0.143445E+08
    515.00   0.143445E+08
    515.50   0.143445E+08
    516.00   0.143445E+08
    516.50   0.143445E+08
    517.00   0.143445E+08
    517.50   0.143445E+08
    518.00   0.143445E+08
    518.50   0.143445E+08
    519.00   0.143445E+08
    519.50   0.143445E+08
    520.00   0.143445E+08
    520.50   0.143445E+08
    521.00   0.143445E+08
    521.50   0.143445E+08
    522.00   0.143445E+08
    522.50   0.143445E+08
    523.00   0.143445E+08
    523.50   0.143445E+08
    524.00   0.143445E+08
    524.50   0.143445E+08
    525.00   0.143445E+08
    525.50   0.143445E+08
    526.00   0.143445E+08
    526.50   0.143445E+08
    527.00   0.143445E+08
    527.50   0.143445E+08
    528.00   0.143445E+08
    528.50   0.143445E+08
    529.00   0.143445E+08
    529.50   0.143445E+08
    530.00   0.143445E+08
    530.50   0.143445E+08
    531.00   0.143445E+08
    531.50   0.143445E+08
    532.00   0.143445E+08
    532.50   0.143445E+08
    533.00   0.143445E+08
    533.50   0.143445E+08
    534.00   0.143445E+08
    534.50   0.143445E+08
    535.00   0.143445E+08
    535.50   0.143445E+08
    536.00   0.143445E+08
    536.50   0.143445E+08
    537.00   0.143445E+08
    537.50   0.143445E+08
    538.00   0.143445E+08
    538.50   0.143445E+08
    539.00   0.143445E+08
    539.50   0.143445E+08
    540.00   0.143445E+08
    540.50   0.143445E+08
    541.00   0.143445E+08
    541.50   0.143445E+08
    542.00   0.143445E+08
    542.50   0.143445E+08
    543.00   0.143445E+08
    543.50   0.143445E+08
    544.00   0.143445E+08
    544.50   0.143445E+08
    545.00   0.143445E+08
    545.50   0.143445E+08
    546.00   0.143445E+08
    546.50   0.143445E+08
    547.00   0.143445E+08
    547.50   0.143445E+08
    548.00   0.143445E+08
    548.50   0.143445E+08
    549.00   0.143445E+08
    549.50   0.143445E+08
    550.00   0.143445E+08
    550.50   0.143445E+08
    551.00   0.143445E+08
    551.50   0.143445E+08
    552.00   0.143445E+08
    552.50   0.143445E+08
    553.00   0.143445E+08
    553.50   0.143445E+08
    554.00   0.143445E+08
    554.50   0.143445E+08
    555.00   0.143445E+08
    555.50   0.143445E+08
    556.00   0.143445E+08
    556.50   0.143445E+08
    557.00   0.143445E+08
    557.50   0.143445E+08
    558.00   0.143445E+08
    558.50   0.143445E+08
    559.00   0.143445E+08
    559.50   0.143445E+08
    560.00   0.143445E+08
    560.50   0.143445E+08
    561.00   0.143445E+08
    561.50   0.143445E+08
    562.00   0.143445E+08
    562.50   0.143445E+08
    563.00   0.143445E+08
    563.50   0.143445E+08
    564.00   0.143445E+08
    564.50   0.143445E+08
    565.00   0.143445E+08
    565.50   0.143445E+08
    566.00   0.143445E+08
    566.50   0.143445E+08
    567.00   0.143445E+08
    567.50   0.143445E+08
    568.00   0.143445E+08
    568.50   0.143445E+08
    569.00   0.143445E+08
    569.50   0.143445E+08
    570.00   0.143445E+08
    570.50   0.143445E+08
    571.00   0.143445E+08
    571.50   0.143445E+08
    572.00   0.143445E+08
    572.50   0.143445E+08
    573.00   0.143445E+08
    573.50   0.143445E+08
    574.00   0.143445E+08
    574.50   0.143445E+08
    575.00   0.143445E+08
    575.50   0.143445E+08
    576.00   0.143445E+08
    576.50   0.143445E+08
    577.00   0.143445E+08
    577.50   0.143445E+08
    578.00   0.143445E+08
    578.50   0.143445E+08
    579.00   0.143445E+08
    579.50   0.143445E+08
    580.00   0.143445E+08
    580.50   0.143445E+08
    581.00   0.143445E+08
    581.50   0.143445E+08
    582.00   0.143445E+08
    582.50   0.143445E+08
    583.00   0.143445E+08
    583.50   0.143445E+08
    584.00   0.143445E+08
    584.50   0.143445E+08
    585.00   0.143445E+08
    585.50   0.143445E+08
    586.00   0.143445E+08
    586.50   0.143445E+08
    587.00   0.143445E+08
    587.50   0.143445E+08
    588.00   0.143445E+08
    588.50   0.143445E+08
    589.00   0.143445E+08
    589.50   0.143445E+08
    590.00   0.143445E+08
    590.50   0.143445E+08
    591.00   0.143445E+08
    591.50   0.143445E+08
    592.00   0.143445E+08
    592.50   0.143445E+08
    593.00   0.143445E+08
    593.50   0.143445E+08
    594.00   0.143445E+08
    594.50   0.143445E+08
    595.00   0.143445E+08
    595.50   0.143445E+08
    596.00   0.143445E+08
    596.50   0.143445E+08
    597.00   0.143445E+08
    597.50   0.143445E+08
    598.00   0.143445E+08
    598.50   0.143445E+08
    599.00   0.143445E+08
    599.50   0.143445E+08
    600.00   0.143445E+08
    600.50   0.143445E+08
    601.00   0.143445E+08
    601.50   0.143445E+08
    602.00   0.143445E+08
    602.50   0.143445E+08
    603.00   0.143445E+08
    603.50   0.143445E+08
    604.00   0.143445E+08
    604.50   0.143445E+08
    605.00   0.143445E+08
    605.50   0.143445E+08
    606.00   0.143445E+08
    606.50   0.143445E+08
    607.00   0.143445E+08
    607.50   0.143445E+08
    608.00   0.143445E+08
    608.50   0.143445E+08
    609.00   0.143445E+08
    609.50   0.143445E+08
    610.00   0.143445E+08
    610.50   0.143445E+08
    611.00   0.143445E+08
    611.50   0.143445E+08
    612.00   0.143445E+08
    612.50   0.143445E+08
    613.00   0.143445E+08
    613.50   0.143445E+08
    614.00   0.143445E+08
    614.50   0.143445E+08
    615.00   0.143445E+08
    615.50   0.143445E+08
    616.00   0.143445E+08
    616.50   0.143445E+08
    617.00   0.143445E+08
    617.50   0.143445E+08
    618.00   0.143445E+08
    618.50   0.143445E+08
    619.00   0.143445E+08
    619.50   0.143445E+08
    620.00   0.143445E+08
    620.50   0.143445E+08
    621.00   0.143445E+08
    621.50   0.143445E+08
    622.00   0.143445E+08
    622.50   0.143445E+08
    623.00   0.143445E+08
    623.50   0.143445E+08
    624.00   0.143445E+08
    624.50   0.143445E+08
    625.00   0.143445E+08
    625.50   0.143445E+08
    626.00   0.143445E+08
    626.50   0.143445E+08
    627.00   0.143445E+08
    627.50   0.143445E+08
    628.00   0.143445E+08
    628.50   0.143445E+08
    629.00   0.143445E+08
    629.50   0.143445E+08
    630.00   0.143445E+08
    630.50   0.143445E+08
    631.00   0.143445E+08
    631.50   0.143445E+08
    632.00   0.143445E+08
    632.50   0.143445E+08
    633.00   0.143445E+08
    633.50   0.143445E+08
    634.00   0.143445E+08
    634.50   0.143445E+08
    635.00   0.143445E+08
    635.50   0.143445E+08
    636.00   0.143445E+08
    636.50   0.143445E+08
    637.00   0.143445E+08
    637.50   0.143445E+08
    638.00   0.143445E+08
    638.50   0.143445E+08
    639.00   0.143445E+08
    639.50   0.143445E+08
    640.00   0.143445E+08
    640.50   0.143445E+08
    641.00   0.143445E+08
    641.50   0.143445E+08
    642.00   0.143445E+08
    642.50   0.143445E+08
    643.00   0.143445E+08
    643.50   0.143445E+08
    644.00   0.143445E+08
    644.50   0.143445E+08
    645.00   0.143445E+08
    645.50   0.143445E+08
    646.00   0.143445E+08
    646.50   0.143445E+08
    647.00   0.143445E+08
    647.50   0.143445E+08
    648.00   0.143445E+08
    648.50   0.143445E+08
    649.00   0.143445E+08
    649.50   0.143445E+08
    650.00   0.143445E+08
    650.50   0.143445E+08
    651.00   0.143445E+08
    651.50   0.143445E+08
    652.00   0.143445E+08
    652.50   0.143445E+08
    653.00   0.143445E+08
    653.50   0.143445E+08
    654.00   0.143445E+08
    654.50   0.143445E+08
    655.00   0.143445E+08
    655.50   0.143445E+08
    656.00   0.143445E+08
    656.50   0.143445E+08
    657.00   0.143445E+08
    657.50   0.143445E+08
    658.00   0.143445E+08
    658.50   0.143445E+08
    659.00   0.143445E+08
    659.50   0.143445E+08
    660.00   0.143445E+08
    660.50   0.143445E+08
    661.00   0.143445E+08
    661.50   0.143445E+08
    662.00   0.143445E+08
    662.50   0.143445E+08
    663.00   0.143445E+08
    663.50   0.143445E+08
    664.00   0.143445E+08
    664.50   0.143445E+08
    665.00   0.143445E+08
    665.50   0.143445E+08
    666.00   0.143445E+08
    666.50   0.143445E+08
    667.00   0.143445E+08
    667.50   0.143445E+08
    668.00   0.143445E+08
    668.50   0.143445E+08
    669.00   0.143445E+08
    669.50   0.143445E+08
    670.00   0.143445E+08
    670.50   0.143445E+08
    671.00   0.143445E+08
    671.50   0.143445E+08
    672.00   0.143445E+08
    672.50   0.143445E+08
    673.00   0.143445E+08
    673.50   0.143445E+08
    674.00   0.143445E+08
    674.50   0.143445E+08
    675.00   0.143445E+08
    675.50   0.143445E+08
    676.00   0.143445E+08
    676.50   0.143445E+08
    677.00   0.143445E+08
    677.50   0.143445E+08
    678.00   0.143445E+08
    678.50   0.143445E+08
    679.00   0.143445E+08
    679.50   0.143445E+08
    680.00   0.143445E+08
    680.50   0.143445E+08
    681.00   0.143445E+08
    681.50   0.143445E+08
    682.00   0.143445E+08
    682.50   0.143445E+08
    683.00   0.143445E+08
    683.50   0.143445E+08
    684.00   0.143445E+08
    684.50   0.143445E+08
    685.00   0.143445E+08
    685.50   0.143445E+08
    686.00   0.143445E+08
    686.50   0.143445E+08
    687.00   0.143445E+08
    687.50   0.143445E+08
    688.00   0.143445E+08
    688.50   0.143445E+08
    689.00   0.143445E+08
    689.50   0.143445E+08
    690.00   0.143445E+08
    690.50   0.143445E+08
    691.00   0.143445E+08
    691.50   0.143445E+08
    692.00   0.143445E+08
    692.50   0.143445E+08
    693.00   0.143445E+08
    693.50   0.143445E+08
    694.00   0.143445E+08
    694.50   0.143445E+08
    695.00   0.143445E+08
    695.50   0.143445E+08
    696.00   0.143445E+08
    696.50   0.143445E+08
    697.00   0.143445E+08
    697.50   0.143445E+08
    698.00   0.143445E+08
    698.50   0.143445E+08
    699.00   0.143445E+08
    699.50   0.143445E+08
    700.00   0.143445E+08
    700.50   0.143445E+08
    701.00   0.143445E+08
    701.50   0.143445E+08
    702.00   0.143445E+08
    702.50   0.143445E+08
    703.00   0.143445E+08
    703.50   0.143445E+08
    704.00   0.143445E+08
    704.50   0.143445E+08
    705.00   0.143445E+08
    705.50   0.143445E+08
    706.00   0.143445E+08
    706.50   0.143445E+08
    707.00   0.143445E+08
    707.50   0.143445E+08
    708.00   0.143445E+08
    708.50   0.143445E+08
    709.00   0.143445E+08
    709.50   0.143445E+08
    710.00   0.143445E+08
    710.50   0.143445E+08
    711.00   0.143445E+08
    711.50   0.143445E+08
    712.00   0.143445E+08
    712.50   0.143445E+08
    713.00   0.143445E+08
    713.50   0.143445E+08
    714.00   0.143445E+08
    714.50   0.143445E+08
    715.00   0.143445E+08
    715.50   0.143445E+08
    716.00   0.143445E+08
    716.50   0.143445E+08
    717.00   0.143445E+08
    717.50   0.143445E+08
    718.00   0.143445E+08
    718.50   0.143445E+08
    719.00   0.143445E+08
    719.50   0.143445E+08
    720.00   0.143445E+08
    720.50   0.143445E+08
    721.00   0.143445E+08
    721.50   0.143445E+08
    722.00   0.143445E+08
    722.50   0.143445E+08
    723.00   0.143445E+08
    723.50   0.143445E+08
    724.00   0.143445E+08
    724.50   0.143445E+08
    725.00   0.143445E+08
    725.50   0.143445E+08
    726.00   0.143445E+08
    726.50   0.143445E+08
    727.00   0.143445E+08
    727.50   0.143445E+08
    728.00   0.143445E+08
    728.50   0.143445E+08
    729.00   0.143445E+08
    729.50   0.143445E+08
    730.00   0.143445E+08
    730.50   0.143445E+08
    731.00   0.143445E+08
    731.50   0.143445E+08
    732.00   0.143445E+08
    732.50   0.143445E+08
    733.00   0.143445E+08
    733.50   0.143445E+08
    734.00   0.143445E+08
    734.50   0.143445E+08
    735.00   0.143445E+08
    735.50   0.143445E+08
    736.00   0.143445E+08
    736.50   0.143445E+08
    737.00   0.143445E+08
    737.50   0.143445E+08
    738.00   0.143445E+08
    738.50   0.143445E+08
    739.00   0.143445E+08
    739.50   0.143445E+08
    740.00   0.143445E+08
    740.50   0.143445E+08
    741.00   0.143445E+08
    741.50   0.143445E+08
    742.00   0.143445E+08
    742.50   0.143445E+08
    743.00   0.143445E+08
    743.50   0.143445E+08
    744.00   0.143445E+08
    744.50   0.143445E+08
    745.00   0.143445E+08
    745.50   0.143445E+08
    746.00   0.143445E+08
    746.50   0.143445E+08
    747.00   0.143445E+08
    747.50   0.143445E+08
    748.00   0.143445E+08
    748.50   0.143445E+08
    749.00   0.143445E+08
    749.50   0.143445E+08
    750.00   0.143445E+08
    750.50   0.143445E+08
    751.00   0.143445E+08
    751.50   0.143445E+08
    752.00   0.143445E+08
    752.50   0.143445E+08
    753.00   0.143445E+08
    753.50   0.143445E+08
    754.00   0.143445E+08
    754.50   0.143445E+08
    755.00   0.143445E+08
    755.50   0.143445E+08
    756.00   0.143445E+08
    756.50   0.143445E+08
    757.00   0.143445E+08
    757.50   0.143445E+08
    758.00   0.143445E+08
    758.50   0.143445E+08
    759.00   0.143445E+08
    759.50   0.143445E+08
    760.00   0.143445E+08
    760.50   0.143445E+08
    761.00   0.143445E+08
    761.50   0.143445E+08
    762.00   0.143445E+08
    762.50   0.143445E+08
    763.00   0.143445E+08
    763.50   0.143445E+08
    764.00   0.143445E+08
    764.50   0.143445E+08
    765.00   0.143445E+08
    765.50   0.143445E+08
    766.00   0.143445E+08
    766.50   0.143445E+08
    767.00   0.143445E+08
    767.50   0.143445E+08
    768.00   0.143445E+08
    768.50   0.143445E+08
    769.00   0.143445E+08
    769.50   0.143445E+08
    770.00   0.143445E+08
    770.50   0.143445E+08
    771.00   0.143445E+08
    771.50   0.143445E+08
    772.00   0.143445E+08
    772.50   0.143445E+08
    773.00   0.143445E+08
    773.50   0.143445E+08
    774.00   0.143445E+08
    774.50   0.143445E+08
    775.00   0.143445E+08
    775.50   0.143445E+08
    776.00   0.143445E+08
    776.50   0.143445E+08
    777.00   0.143445E+08
    777.50   0.143445E+08
    778.00   0.143445E+08
    778.50   0.143445E+08
    779.00   0.143445E+08
    779.50   0.143445E+08
    780.00   0.143445E+08
    780.50   0.143445E+08
    781.00   0.143445E+08
    781.50   0.143445E+08
    782.00   0.143445E+08
    782.50   0.143445E+08
    783.00   0.143445E+08
    783.50   0.143445E+08
    784.00   0.143445E+08
    784.50   0.143445E+08
    785.00   0.143445E+08
    785.50   0.143445E+08
    786.00   0.143445E+08
    786.50   0.143445E+08
    787.00   0.143445E+08
    787.50   0.143445E+08
    788.00   0.143445E+08
    788.50   0.143445E+08
    789.00   0.143445E+08
    789.50   0.143445E+08
    790.00   0.143445E+08
    790.50   0.143445E+08
    791.00   0.143445E+08
    791.50   0.143445E+08
    792.00   0.143445E+08
    792.50   0.143445E+08
    793.00   0.143445E+08
    793.50   0.143445E+08
    794.00   0.143445E+08
    794.50   0.143445E+08
    795.00   0.143445E+08
    795.50   0.143445E+08
    796.00   0.143445E+08
    796.50   0.143445E+08
    797.00   0.143445E+08
    797.50   0.143445E+08
    798.00   0.143445E+08
    798.50   0.143445E+08
    799.00   0.143445E+08
    799.50   0.143445E+08
    800.00   0.143445E+08
    800.50   0.143445E+08
    801.00   0.143445E+08
    801.50   0.143445E+08
    802.00   0.143445E+08
    802.50   0.143445E+08
    803.00   0.143445E+08
    803.50   0.143445E+08
    804.00   0.143445E+08
    804.50   0.143445E+08
    805.00   0.143445E+08
    805.50   0.143445E+08
    806.00   0.143445E+08
    806.50   0.143445E+08
    807.00   0.143445E+08
    807.50   0.143445E+08
    808.00   0.143445E+08
    808.50   0.143445E+08
    809.00   0.143445E+08
    809.50   0.143445E+08
    810.00   0.143445E+08
    810.50   0.143445E+08
    811.00   0.143445E+08
    811.50   0.143445E+08
    812.00   0.143445E+08
    812.50   0.143445E+08
    813.00   0.143445E+08
    813.50   0.143445E+08
    814.00   0.143445E+08
    814.50   0.143445E+08
    815.00   0.143445E+08
    815.50   0.143445E+08
    816.00   0.143445E+08
    816.50   0.143445E+08
    817.00   0.143445E+08
    817.50   0.143445E+08
    818.00   0.143445E+08
    818.50   0.143445E+08
    819.00   0.143445E+08
    819.50   0.143445E+08
    820.00   0.143445E+08
    820.50   0.143445E+08
    821.00   0.143445E+08
    821.50   0.143445E+08
    822.00   0.143445E+08
    822.50   0.143445E+08
    823.00   0.143445E+08
    823.50   0.143445E+08
    824.00   0.143445E+08
    824.50   0.143445E+08
    825.00   0.143445E+08
    825.50   0.143445E+08
    826.00   0.143445E+08
    826.50   0.143445E+08
    827.00   0.143445E+08
    827.50   0.143445E+08
    828.00   0.143445E+08
    828.50   0.143445E+08
    829.00   0.143445E+08
    829.50   0.143445E+08
    830.00   0.143445E+08
    830.50   0.143445E+08
    831.00   0.143445E+08
    831.50   0.143445E+08
    832.00   0.143445E+08
    832.50   0.143445E+08
    833.00   0.143445E+08
    833.50   0.143445E+08
    834.00   0.143445E+08
    834.50   0.143445E+08
    835.00   0.143445E+08
    835.50   0.143445E+08
    836.00   0.143445E+08
    836.50   0.143445E+08
    837.00   0.143445E+08
    837.50   0.143445E+08
    838.00   0.143445E+08
    838.50   0.143445E+08
    839.00   0.143445E+08
    839.50   0.143445E+08
    840.00   0.143445E+08
    840.50   0.143445E+08
    841.00   0.143445E+08
    841.50   0.143445E+08
    842.00   0.143445E+08
    842.50   0.143445E+08
    843.00   0.143445E+08
    843.50   0.143445E+08
    844.00   0.143445E+08
    844.50   0.143445E+08
    845.00   0.143445E+08
    845.50   0.143445E+08
    846.00   0.143445E+08
    846.50   0.143445E+08
    847.00   0.143445E+08
    847.50   0.143445E+08
    848.00   0.143445E+08
    848.50   0.143445E+08
    849.00   0.143445E+08
    849.50   0.143445E+08
    850.00   0.143445E+08
    850.50   0.143445E+08
    851.00   0.143445E+08
    851.50   0.143445E+08
    852.00   0.143445E+08
    852.50   0.143445E+08
    853.00   0.143445E+08
    853.50   0.143445E+08
    854.00   0.143445E+08
    854.50   0.143445E+08
    855.00   0.143445E+08
    855.50   0.143445E+08
    856.00   0.143445E+08
    856.50   0.143445E+08
    857.00   0.143445E+08
    857.50   0.143445E+08
    858.00   0.143445E+08
    858.50   0.143445E+08
    859.00   0.143445E+08
    859.50   0.143445E+08
    860.00   0.143445E+08
    860.50   0.143445E+08
    861.00   0.143445E+08
    861.50   0.143445E+08
    862.00   0.143445E+08
    862.50   0.143445E+08
    863.00   0.143445E+08
    863.50   0.143445E+08
    864.00   0.143445E+08
    864.50   0.143445E+08
    865.00   0.143445E+08
    865.50   0.143445E+08
    866.00   0.143445E+08
    866.50   0.143445E+08
    867.00   0.143445E+08
    867.50   0.143445E+08
    868.00   0.143445E+08
    868.50   0.143445E+08
    869.00   0.143445E+08
    869.50   0.143445E+08
    870.00   0.143445E+08
    870.50   0.143445E+08
    871.00   0.143445E+08
    871.50   0.143445E+08
    872.00   0.143445E+08
    872.50   0.143445E+08
    873.00   0.143445E+08
    873.50   0.143445E+08
    874.00   0.143445E+08
    874.50   0.143445E+08
    875.00   0.143445E+08
    875.50   0.143445E+08
    876.00   0.143445E+08
    876.50   0.143445E+08
    877.00   0.143445E+08
    877.50   0.143445E+08
    878.00   0.143445E+08
    878.50   0.143445E+08
    879.00   0.143445E+08
    879.50   0.143445E+08
    880.00   0.143445E+08
    880.50   0.143445E+08
    881.00   0.143445E+08
    881.50   0.143445E+08
    882.00   0.143445E+08
    882.50   0.143445E+08
    883.00   0.143445E+08
    883.50   0.143445E+08
    884.00   0.143445E+08
    884.50   0.143445E+08
    885.00   0.143445E+08
    885.50   0.143445E+08
    886.00   0.143445E+08
    886.50   0.143445E+08
    887.00   0.143445E+08
    887.50   0.143445E+08
    888.00   0.143445E+08
    888.50   0.143445E+08
    889.00   0.143445E+08
    889.50   0.143445E+08
    890.00   0.143445E+08
    890.50   0.143445E+08
    891.00   0.143445E+08
    891.50   0.143445E+08
    892.00   0.143445E+08
    892.50   0.143445E+08
    893.00   0.143445E+08
    893.50   0.143445E+08
    894.00   0.143445E+08
    894.50   0.143445E+08
    895.00   0.143445E+08
    895.50   0.143445E+08
    896.00   0.143445E+08
    896.50   0.143445E+08
    897.00   0.143445E+08
    897.50   0.143445E+08
    898.00   0.143445E+08
    898.50   0.143445E+08
    899.00   0.143445E+08
    899.50   0.143445E+08
    900.00   0.143445E+08
    900.50   0.143445E+08
    901.00   0.143445E+08
    901.50   0.143445E+08
    902.00   0.143445E+08
    902.50   0.143445E+08
    903.00   0.143445E+08
    903.50   0.143445E+08
    904.00   0.143445E+08
    904.50   0.143445E+08
    905.00   0.143445E+08
    905.50   0.143445E+08
    906.00   0.143445E+08
    906.50   0.143445E+08
    907.00   0.143445E+08
    907.50   0.143445E+08
    908.00   0.143445E+08
    908.50   0.143445E+08
    909.00   0.143445E+08
    909.50   0.143445E+08
    910.00   0.143445E+08
    910.50   0.143445E+08
    911.00   0.143445E+08
    911.50   0.143445E+08
    912.00   0.143445E+08
    912.50   0.143445E+08
    913.00   0.143445E+08
    913.50   0.143445E+08
    914.00   0.143445E+08
    914.50   0.143445E+08
    915.00   0.143445E+08
    915.50   0.143445E+08
    916.00   0.143445E+08
    916.50   0.143445E+08
    917.00   0.143445E+08
    917.50   0.143445E+08
    918.00   0.143445E+08
    918.50   0.143445E+08
    919.00   0.143445E+08
    919.50   0.143445E+08
    920.00   0.143445E+08
    920.50   0.143445E+08
    921.00   0.143445E+08
    921.50   0.143445E+08
    922.00   0.143445E+08
    922.50   0.143445E+08
    923.00   0.143445E+08
    923.50   0.143445E+08
    924.00   0.143445E+08
    924.50   0.143445E+08
    925.00   0.143445E+08
    925.50   0.143445E+08
    926.00   0.143445E+08
    926.50   0.143445E+08
    927.00   0.143445E+08
    927.50   0.143445E+08
    928.00   0.143445E+08
    928.50   0.143445E+08
    929.00   0.143445E+08
    929.50   0.143445E+08
    930.00   0.143445E+08
    930.50   0.143445E+08
    931.00   0.143445E+08
    931.50   0.143445E+08
    932.00   0.143445E+08
    932.50   0.143445E+08
    933.00   0.143445E+08
    933.50   0.143445E+08
    934.00   0.143445E+08
    934.50   0.143445E+08
    935.00   0.143445E+08
    935.50   0.143445E+08
    936.00   0.143445E+08
    936.50   0.143445E+08
    937.00   0.143445E+08
    937.50   0.143445E+08
    938.00   0.143445E+08
    938.50   0.143445E+08
    939.00   0.143445E+08
    939.50   0.143445E+08
    940.00   0.143445E+08
    940.50   0.143445E+08
    941.00   0.143445E+08
    941.50   0.143445E+08
    942.00   0.143445E+08
    942.50   0.143445E+08
    943.00   0.143445E+08
    943.50   0.143445E+08
    944.00   0.143445E+08
    944.50   0.143445E+08
    945.00   0.143445E+08
    945.50   0.143445E+08
    946.00   0.143445E+08
    946.50   0.143445E+08
    947.00   0.143445E+08
    947.50   0.143445E+08
    948.00   0.143445E+08
    948.50   0.143445E+08
    949.00   0.143445E+08
    949.50   0.143445E+08
    950.00   0.143445E+08
    950.50   0.143445E+08
    951.00   0.143445E+08
    951.50   0.143445E+08
    952.00   0.143445E+08
    952.50   0.143445E+08
    953.00   0.143445E+08
    953.50   0.143445E+08
    954.00   0.143445E+08
    954.50   0.143445E+08
    955.00   0.143445E+08
    955.50   0.143445E+08
    956.00   0.143445E+08
    956.50   0.143445E+08
    957.00   0.143445E+08
    957.50   0.143445E+08
    958.00   0.143445E+08
    958.50   0.143445E+08
    959.00   0.143445E+08
    959.50   0.143445E+08
    960.00   0.143445E+08
    960.50   0.143445E+08
    961.00   0.143445E+08
    961.50   0.143445E+08
    962.00   0.143445E+08
    962.50   0.143445E+08
    963.00   0.143445E+08
    963.50   0.143445E+08
    964.00   0.143445E+08
    964.50   0.143445E+08
    965.00   0.143445E+08
    965.50   0.143445E+08
    966.00   0.143445E+08
    966.50   0.143445E+08
    967.00   0.143445E+08
    967.50   0.143445E+08
    968.00   0.143445E+08
    968.50   0.143445E+08
    969.00   0.143445E+08
    969.50   0.143445E+08
    970.00   0.143445E+08
    970.50   0.143445E+08
    971.00   0.143445E+08
    971.50   0.143445E+08
    972.00   0.143445E+08
    972.50   0.143445E+08
    973.00   0.143445E+08
    973.50   0.143445E+08
    974.00   0.143445E+08
    974.50   0.143445E+08
    975.00   0.143445E+08
    975.50   0.143445E+08
    976.00   0.143445E+08
    976.50   0.143445E+08
    977.00   0.143445E+08
    977.50   0.143445E+08
    978.00   0.143445E+08
    978.50   0.143445E+08
    979.00   0.143445E+08
    979.50   0.143445E+08
    980.00   0.143445E+08
    980.50   0.143445E+08
    981.00   0.143445E+08
    981.50   0.143445E+08
    982.00   0.143445E+08
    982.50   0.143445E+08
    983.00   0.143445E+08
    983.50   0.143445E+08
    984.00   0.143445E+08
    984.50   0.143445E+08
    985.00   0.143445E+08
    985.50   0.143445E+08
    986.00   0.143445E+08
    986.50   0.143445E+08
    987.00   0.143445E+08
    987.50   0.143445E+08
    988.00   0.143445E+08
    988.50   0.143445E+08
    989.00   0.143445E+08
    989.50   0.143445E+08
    990.00   0.143445E+08
    990.50   0.143445E+08
    991.00   0.143445E+08
    991.50   0.143445E+08
    992.00   0.143445E+08
    992.50   0.143445E+08
    993.00   0.143445E+08
    993.50   0.143445E+08
    994.00   0.143445E+08
    994.50   0.143445E+08
    995.00   0.143445E+08
    995.50   0.143445E+08
    996.00   0.143445E+08
    996.50   0.143445E+08
    997.00   0.143445E+08
    997.50   0.143445E+08
    998.00   0.143445E+08
    998.50   0.143445E+08
    999.00   0.143445E+08
    999.50   0.143445E+08
