   415559.104194039             771142.464271174     
   415125.220912223             770714.566702506     
   414763.702320173             770347.565807470     
   414475.617062475             770048.899816727     
   414247.692424415             769814.322341068     
   414046.762967908             769623.605851609     
   413819.955268929             769440.330846063     
   413507.237537751             769220.189004449     
   413063.633542260             768926.505497275     
   412481.408005152             768546.841775709     
   411800.974512928             768103.204741475     
   411112.193125669             767654.275400510     
   410537.550368791             767284.549604059     
   410202.478305250             767083.112936983     
   410202.351009188             767119.449696420     
   410579.416916884             767426.639896475     
   411324.755930803             768000.963606887     
   412391.037608575             768810.639877058     
   413714.842634665             769810.716252466     
   415241.044454508             770959.620363925     
   416950.071486857             772236.706446644     
   418871.702878691             773651.012126455     
   421068.353967353             775231.349051238     
   423595.404570589             777002.829325350     
   426472.005798630             778970.134762772     
   429687.220270357             781122.052173462     
   433229.207221381             783449.130242643     
   437101.845784835             785952.580875935     
