M1J      0.180E+08   0.000E+00   0.000E+00   0.000E+00  -0.802E+08   0.000E+00
M2J      0.000E+00   0.180E+08   0.000E+00   0.802E+08   0.000E+00   0.000E+00
M3J      0.000E+00   0.000E+00   0.180E+08   0.000E+00   0.000E+00   0.000E+00
M4J      0.000E+00   0.802E+08   0.000E+00   0.281E+11   0.000E+00   0.000E+00
M5J     -0.802E+08   0.000E+00   0.000E+00   0.000E+00   0.278E+11   0.000E+00
M6J      0.000E+00   0.000E+00   0.000E+00   0.000E+00   0.000E+00   0.171E+11
   415555.036473772             771140.154066245     
   415109.374892862             770705.453123167     
   414729.712302628             770327.661410186     
   414420.471354443             770015.647417364     
   414172.932490639             769767.295893675     
   413960.984995907             769566.122847270     
   413741.643674740             769381.477818513     
   413465.600961381             769175.900870389     
   413095.643752858             768918.517245304     
   412624.702195433             768599.071281622     
   412086.086726654             768236.936807008     
   411552.585691251             767881.711081342     
   411123.240726619             767603.968375236     
   410899.238560637             767477.526489232     
   410957.035654464             767559.528549312     
   411331.357983553             767877.464364670     
   412014.744316168             768427.956325707     
   412969.119048413             769184.428654390     
   414142.036088826             770108.434106815     
   415485.972862661             771162.828647111     
   416979.024232959             772325.340809170     
   418635.845137526             773595.811452078     
   420496.138763180             774989.716840858     
   422595.928067014             776521.382330142     
   424945.995687718             778191.585604130     
   427535.809714382             779990.285919296     
   430353.951839277             781908.618409358     
   433398.886183834             783944.115891351     
