               0.000                    -0.00                     0.00             -12381517.37                    -0.00                    -0.00     -.00
               0.000                    -0.00                     0.00             -12381517.37                    -0.00                    -0.00     -.00
               0.000                    -0.00                     0.00             -12381517.37                    -0.00                    -0.00     -.00
               0.000                    -0.00                     0.00             -12381517.37                    -0.00                    -0.00     -.00
               0.500                    83.02                    -0.00              -4626802.13                     0.07                  3200.76     2.33
               0.500                    83.02                    -0.00              -4626802.13                     0.07                  3200.76     2.33
               0.500                    83.02                    -0.00              -4626802.13                     0.07                  3200.76     2.33
               0.500                    83.02                    -0.00              -4626802.13                     0.07                  3200.76     2.33
               1.000                   325.53                     0.12              -4624078.69                    -3.55                 12665.27     9.14
               1.000                   325.53                     0.12              -4624078.69                    -3.55                 12665.27     9.14
               1.000                   325.53                     0.12              -4624078.69                    -3.55                 12665.27     9.14
               1.000                   325.53                     0.12              -4624078.69                    -3.55                 12665.27     9.14
               1.500                   694.13                     0.08              -4621631.25                    -1.82                 27456.43     20.30
               1.500                   694.13                     0.08              -4621631.25                    -1.82                 27456.43     20.30
               1.500                   694.13                     0.08              -4621631.25                    -1.82                 27456.43     20.30
               1.500                   694.13                     0.08              -4621631.25                    -1.82                 27456.43     20.30
               2.000                  1123.24                     0.07              -4619535.47                    -0.83                 45575.24     35.52
               2.000                  1123.24                     0.07              -4619535.47                    -0.83                 45575.24     35.52
               2.000                  1123.24                     0.07              -4619535.47                    -0.83                 45575.24     35.52
               2.000                  1123.24                     0.07              -4619535.47                    -0.83                 45575.24     35.52
               2.500                  1519.64                     0.11              -4617814.24                    -1.46                 63959.75     54.24
               2.500                  1519.64                     0.11              -4617814.24                    -1.46                 63959.75     54.24
               2.500                  1519.64                     0.11              -4617814.24                    -1.46                 63959.75     54.24
               2.500                  1519.64                     0.11              -4617814.24                    -1.46                 63959.75     54.24
               3.000                  1739.40                     0.21              -4616431.34                    -4.17                 77365.04     76.11
               3.000                  1739.40                     0.21              -4616431.34                    -4.17                 77365.04     76.11
               3.000                  1739.40                     0.21              -4616431.34                    -4.17                 77365.04     76.11
               3.000                  1739.40                     0.21              -4616431.34                    -4.17                 77365.04     76.11
               3.500                  1581.34                     0.37              -4615299.56                    -9.00                 77851.30     100.06
               3.500                  1581.34                     0.37              -4615299.56                    -9.00                 77851.30     100.06
               3.500                  1581.34                     0.37              -4615299.56                    -9.00                 77851.30     100.06
               3.500                  1581.34                     0.37              -4615299.56                    -9.00                 77851.30     100.06
               4.000                   827.56                     0.59              -4614309.17                   -16.12                 56133.39     123.36
               4.000                   827.56                     0.59              -4614309.17                   -16.12                 56133.39     123.36
               4.000                   827.56                     0.59              -4614309.17                   -16.12                 56133.39     123.36
               4.000                   827.56                     0.59              -4614309.17                   -16.12                 56133.39     123.36
               4.500                  -680.38                     0.86              -4613373.08                   -25.79                  4496.07     142.02
               4.500                  -680.38                     0.86              -4613373.08                   -25.79                  4496.07     142.02
               4.500                  -680.38                     0.86              -4613373.08                   -25.79                  4496.07     142.02
               4.500                  -680.38                     0.86              -4613373.08                   -25.79                  4496.07     142.02
               5.000                 -2966.92                     1.14              -4612471.97                   -37.28                -80007.12     152.40
               5.000                 -2966.92                     1.14              -4612471.97                   -37.28                -80007.12     152.40
               5.000                 -2966.92                     1.14              -4612471.97                   -37.28                -80007.12     152.40
               5.000                 -2966.92                     1.14              -4612471.97                   -37.28                -80007.12     152.40
               5.500                 -5878.29                     1.37              -4611675.06                   -47.99               -193155.71     151.73
               5.500                 -5878.29                     1.37              -4611675.06                   -47.99               -193155.71     151.73
               5.500                 -5878.29                     1.37              -4611675.06                   -47.99               -193155.71     151.73
               5.500                 -5878.29                     1.37              -4611675.06                   -47.99               -193155.71     151.73
               6.000                 -9072.07                     1.45              -4611130.32                   -54.26               -322443.18     137.21
               6.000                 -9072.07                     1.45              -4611130.32                   -54.26               -322443.18     137.21
               6.000                 -9072.07                     1.45              -4611130.32                   -54.26               -322443.18     137.21
               6.000                 -9072.07                     1.45              -4611130.32                   -54.26               -322443.18     137.21
               6.500                -12065.58                     1.32              -4611025.40                   -54.02               -448628.49     105.02
               6.500                -12065.58                     1.32              -4611025.40                   -54.02               -448628.49     105.02
               6.500                -12065.58                     1.32              -4611025.40                   -54.02               -448628.49     105.02
               6.500                -12065.58                     1.32              -4611025.40                   -54.02               -448628.49     105.02
               7.000                -14350.83                     1.07              -4611540.44                   -48.99               -550513.32     50.95
               7.000                -14350.83                     1.07              -4611540.44                   -48.99               -550513.32     50.95
               7.000                -14350.83                     1.07              -4611540.44                   -48.99               -550513.32     50.95
               7.000                -14350.83                     1.07              -4611540.44                   -48.99               -550513.32     50.95
               7.500                -15539.49                     0.81              -4612809.09                   -43.59               -611280.23     -28.13
               7.500                -15539.49                     0.81              -4612809.09                   -43.59               -611280.23     -28.13
               7.500                -15539.49                     0.81              -4612809.09                   -43.59               -611280.23     -28.13
               7.500                -15539.49                     0.81              -4612809.09                   -43.59               -611280.23     -28.13
               8.000                -15461.04                     0.65              -4614894.49                   -40.91               -622929.77     -133.52
               8.000                -15461.04                     0.65              -4614894.49                   -40.91               -622929.77     -133.52
               8.000                -15461.04                     0.65              -4614894.49                   -40.91               -622929.77     -133.52
               8.000                -15461.04                     0.65              -4614894.49                   -40.91               -622929.77     -133.52
               8.500                -14159.67                     0.14              -4617788.23                   -26.27               -586458.89     -265.18
               8.500                -14159.67                     0.14              -4617788.23                   -26.27               -586458.89     -265.18
               8.500                -14159.67                     0.14              -4617788.23                   -26.27               -586458.89     -265.18
               8.500                -14159.67                     0.14              -4617788.23                   -26.27               -586458.89     -265.18
               9.000                -11827.14                    -0.43              -4621419.33                    -9.57               -509160.17     -422.54
               9.000                -11827.14                    -0.43              -4621419.33                    -9.57               -509160.17     -422.54
               9.000                -11827.14                    -0.43              -4621419.33                    -9.57               -509160.17     -422.54
               9.000                -11827.14                    -0.43              -4621419.33                    -9.57               -509160.17     -422.54
               9.500                 -8702.52                    -1.17              -4625673.03                    13.32               -400439.31     -604.89
               9.500                 -8702.52                    -1.17              -4625673.03                    13.32               -400439.31     -604.89
               9.500                 -8702.52                    -1.17              -4625673.03                    13.32               -400439.31     -604.89
               9.500                 -8702.52                    -1.17              -4625673.03                    13.32               -400439.31     -604.89
              10.000                 -4951.88                    -2.09              -4630405.43                    41.69               -266727.29     -811.83
              10.000                 -4951.88                    -2.09              -4630405.43                    41.69               -266727.29     -811.83
              10.000                 -4951.88                    -2.09              -4630405.43                    41.69               -266727.29     -811.83
              10.000                 -4951.88                    -2.09              -4630405.43                    41.69               -266727.29     -811.83
              10.500                  -537.47                    -3.17              -4635459.61                    75.39               -106116.21     -1043.62
              10.500                  -537.47                    -3.17              -4635459.61                    75.39               -106116.21     -1043.62
              10.500                  -537.47                    -3.17              -4635459.61                    75.39               -106116.21     -1043.62
              10.500                  -537.47                    -3.17              -4635459.61                    75.39               -106116.21     -1043.62
              11.000                  4834.33                    -4.46              -4640686.18                   115.88                 93586.69     -1300.86
              11.000                  4834.33                    -4.46              -4640686.18                   115.88                 93586.69     -1300.86
              11.000                  4834.33                    -4.46              -4640686.18                   115.88                 93586.69     -1300.86
              11.000                  4834.33                    -4.46              -4640686.18                   115.88                 93586.69     -1300.86
              11.500                 11598.35                    -6.00              -4645965.97                   165.16                349942.91     -1583.44
              11.500                 11598.35                    -6.00              -4645965.97                   165.16                349942.91     -1583.44
              11.500                 11598.35                    -6.00              -4645965.97                   165.16                349942.91     -1583.44
              11.500                 11598.35                    -6.00              -4645965.97                   165.16                349942.91     -1583.44
              12.000                 20102.28                    -7.83              -4651223.85                   223.62                676550.96     -1889.92
              12.000                 20102.28                    -7.83              -4651223.85                   223.62                676550.96     -1889.92
              12.000                 20102.28                    -7.83              -4651223.85                   223.62                676550.96     -1889.92
              12.000                 20102.28                    -7.83              -4651223.85                   223.62                676550.96     -1889.92
              12.500                 30453.75                    -9.91              -4656425.92                   289.69               1077115.25     -2217.85
              12.500                 30453.75                    -9.91              -4656425.92                   289.69               1077115.25     -2217.85
              12.500                 30453.75                    -9.91              -4656425.92                   289.69               1077115.25     -2217.85
              12.500                 30453.75                    -9.91              -4656425.92                   289.69               1077115.25     -2217.85
              13.000                 42572.09                   -12.23              -4661562.53                   361.74               1548032.88     -2563.93
              13.000                 42572.09                   -12.23              -4661562.53                   361.74               1548032.88     -2563.93
              13.000                 42572.09                   -12.23              -4661562.53                   361.74               1548032.88     -2563.93
              13.000                 42572.09                   -12.23              -4661562.53                   361.74               1548032.88     -2563.93
              13.500                 56367.16                   -14.78              -4666624.67                   439.93               2086099.04     -2922.53
              13.500                 56367.16                   -14.78              -4666624.67                   439.93               2086099.04     -2922.53
              13.500                 56367.16                   -14.78              -4666624.67                   439.93               2086099.04     -2922.53
              13.500                 56367.16                   -14.78              -4666624.67                   439.93               2086099.04     -2922.53
              14.000                 71851.33                   -17.59              -4671576.36                   525.67               2693287.61     -3283.65
              14.000                 71851.33                   -17.59              -4671576.36                   525.67               2693287.61     -3283.65
