               0.000                     0.00                     0.00                     0.00                     0.00                     0.00     .00
               0.000                     0.00                     0.00                     0.00                     0.00                     0.00     .00
               0.000                    -0.00                    -0.00                    -0.01                    -0.00                     0.00     -.00
               0.000                    -0.00                    -0.00                    -0.02                    -0.00                     0.00     -.00
   415559.103746654             771142.463675304     
               0.500                    -0.00                    -0.00                    -0.02                    -0.00                     0.00     -.00
               0.500                    -0.00                    -0.00                    -0.05                    -0.00                     0.00     -.00
               0.500                    -0.00                    -0.00                    -0.05                    -0.00                     0.00     -.00
               0.500                    -0.01                    -0.00                    -0.07                    -0.00                     0.00     -.00
   415125.218169950             770714.563170703     
               1.000                    -0.01                    -0.00                    -0.07                    -0.00                     0.00     -.00
               1.000                    -0.01                    -0.00                    -0.09                    -0.00                     0.00     -.00
               1.000                    -0.01                    -0.00                    -0.09                    -0.00                     0.00     -.00
               1.000                    -0.01                    -0.00                    -0.11                    -0.00                     0.00     -.00
   414763.698370968             770347.557545282     
               1.500                    -0.01                    -0.00                    -0.11                    -0.00                     0.00     -.00
               1.500                    -0.02                    -0.00                    -0.13                    -0.00                     0.00     -.00
               1.500                    -0.02                    -0.00                    -0.13                    -0.00                     0.00     -.00
               1.500                    -0.02                    -0.00                    -0.15                    -0.00                    -0.00     -.00
   414475.623183788             770048.890161420     
               2.000                    -0.02                    -0.00                    -0.15                    -0.00                    -0.00     -.00
               2.000                    -0.02                    -0.00                    -0.16                    -0.00                    -0.00     -.00
               2.000                    -0.02                    -0.00                    -0.16                    -0.00                    -0.00     -.00
               2.000                    -0.02                    -0.00                    -0.17                    -0.00                    -0.00     -.00
   414247.730353536             769814.320673519     
               2.500                    -0.02                    -0.00                    -0.17                    -0.00                    -0.00     -.00
               2.500                    -0.03                    -0.00                    -0.19                    -0.00                    -0.00     -.00
               2.500                    -0.02                    -0.00                    -0.19                    -0.00                    -0.00     -.00
               2.500                    -0.02                    -0.00                    -0.20                    -0.00                    -0.00     -.00
   414046.858277312             769623.624630990     
               3.000                    -0.02                    -0.00                    -0.20                    -0.00                    -0.00     -.00
               3.000                    -0.02                    -0.00                    -0.21                    -0.00                    -0.00     -.00
               3.000                    -0.02                    -0.00                    -0.21                    -0.00                    -0.00     -.00
               3.000                    -0.01                    -0.00                    -0.22                    -0.00                    -0.00     -.00
   413820.130090704             769440.382478985     
               3.500                    -0.01                    -0.00                    -0.22                    -0.00                    -0.00     -.00
               3.500                    -0.00                    -0.00                    -0.23                    -0.00                    -0.00     -.00
               3.500                     0.00                    -0.00                    -0.22                    -0.00                    -0.00     -.00
               3.500                     0.01                    -0.00                    -0.23                    -0.00                    -0.00     -.00
   413507.507297181             769220.285263830     
               4.000                     0.01                    -0.00                    -0.23                    -0.00                    -0.00     -.00
               4.000                     0.03                    -0.00                    -0.24                    -0.00                    -0.00     -.00
               4.000                     0.03                    -0.00                    -0.24                    -0.00                    -0.00     -.00
               4.000                     0.05                    -0.00                    -0.25                    -0.00                    -0.00     -.00
   413064.006059262             768926.657938981     
               4.500                     0.05                    -0.00                    -0.25                    -0.00                    -0.00     -.00
               4.500                     0.08                    -0.00                    -0.26                    -0.00                    -0.00     -.00
               4.500                     0.08                    -0.00                    -0.26                    -0.00                    -0.00     -.00
               4.500                     0.10                    -0.00                    -0.26                    -0.00                    -0.00     -.00
   412481.880352975             768547.059427738     
               5.000                     0.10                    -0.00                    -0.26                    -0.00                    -0.00     -.00
               5.000                     0.13                    -0.00                    -0.27                    -0.00                    -0.00     -.00
               5.000                     0.13                    -0.00                    -0.27                    -0.00                    -0.00     -.00
               5.000                     0.16                    -0.00                    -0.28                    -0.00                    -0.00     -.00
   411801.527957146             768103.488712340     
               5.500                     0.16                    -0.00                    -0.28                    -0.00                    -0.00     -.00
               5.500                     0.19                    -0.00                    -0.28                    -0.00                    -0.00     -.00
               5.500                     0.19                    -0.00                    -0.28                    -0.00                    -0.00     -.00
               5.500                     0.22                    -0.00                    -0.29                    -0.00                    -0.00     -.00
   411112.790309653             767654.614201789     
               6.000                     0.22                    -0.00                    -0.29                    -0.00                    -0.00     -.00
               6.000                     0.25                    -0.00                    -0.29                    -0.00                    -0.00     -.00
               6.000                     0.25                    -0.00                    -0.29                    -0.00                    -0.00     -.00
               6.000                     0.27                    -0.00                    -0.29                     0.00                    -0.00     -.00
   410538.141946666             767284.921173570     
               6.500                     0.27                    -0.00                    -0.29                     0.00                    -0.00     -.00
               6.500                     0.29                    -0.00                    -0.29                     0.00                    -0.00     -.00
               6.500                     0.29                    -0.00                    -0.28                     0.00                    -0.00     -.00
               6.500                     0.30                    -0.00                    -0.28                     0.00                    -0.00     -.00
   410203.015191961             767083.492245285     
               7.000                     0.30                    -0.00                    -0.28                     0.00                    -0.00     -.00
               7.000                     0.31                    -0.00                    -0.27                     0.00                    -0.00     -.00
               7.000                     0.30                    -0.00                    -0.27                     0.00                    -0.00     -.00
               7.000                     0.31                    -0.00                    -0.26                     0.00                    -0.00     .00
   410202.790512087             767119.814105167     
               7.500                     0.31                    -0.00                    -0.26                     0.00                    -0.00     .00
               7.500                     0.30                     0.00                    -0.25                     0.00                    -0.00     .00
               7.500                     0.29                     0.00                    -0.24                     0.00                    -0.00     .00
               7.500                     0.29                     0.00                    -0.22                     0.00                     0.00     .00
   410579.713120295             767426.965197998     
               8.000                     0.28                     0.00                    -0.22                     0.00                     0.00     .00
               8.000                     0.27                     0.00                    -0.20                     0.00                     0.00     .00
               8.000                     0.26                     0.00                    -0.20                     0.00                     0.00     .00
               8.000                     0.24                     0.00                    -0.18                     0.00                     0.00     .00
   411324.843158703             768001.215166069     
               8.500                     0.24                     0.00                    -0.18                     0.00                     0.00     .00
               8.500                     0.21                     0.00                    -0.15                     0.00                     0.00     .00
               8.500                     0.21                     0.00                    -0.14                     0.00                     0.00     .00
               8.500                     0.18                     0.00                    -0.11                     0.00                     0.00     .00
   412390.827613055             768810.771065903     
               9.000                     0.18                     0.00                    -0.11                     0.00                     0.00     .00
               9.000                     0.14                     0.00                    -0.08                     0.00                     0.00     .00
               9.000                     0.14                     0.00                    -0.08                     0.00                     0.00     .00
               9.000                     0.10                     0.00                    -0.04                     0.00                     0.00     .00
   413714.238883399             769810.676693750     
               9.500                     0.10                     0.00                    -0.04                     0.00                     0.00     .00
               9.500                     0.05                     0.00                    -0.01                     0.00                     0.00     .00
               9.500                     0.05                     0.00                    -0.00                     0.00                     0.00     .00
               9.500                     0.01                     0.00                     0.04                     0.00                     0.00     .00
   415239.957669824             770959.364020754     
              10.000                     0.01                     0.00                     0.04                     0.00                     0.00     .00
              10.000                    -0.04                     0.00                     0.08                     0.00                     0.00     .00
              10.000                    -0.04                     0.00                     0.08                     0.00                     0.00     .00
              10.000                    -0.10                     0.00                     0.12                     0.00                     0.00     .00
   416948.413881114             772236.186734410     
              10.500                    -0.10                     0.00                     0.12                     0.00                     0.00     .00
              10.500                    -0.15                     0.00                     0.16                     0.00                     0.00     .00
              10.500                    -0.15                     0.00                     0.16                     0.00                     0.00     .00
              10.500                    -0.22                     0.00                     0.21                     0.00                     0.00     .00
   418869.366060827             773650.168047399     
              11.000                    -0.22                     0.00                     0.21                     0.00                     0.00     .00
              11.000                    -0.28                     0.00                     0.25                     0.00                     0.00     .00
              11.000                    -0.29                     0.00                     0.25                     0.00                     0.00     .00
              11.000                    -0.36                     0.00                     0.30                     0.00                     0.00     .00
   421065.199064577             775230.099960081     
              11.500                    -0.36                     0.00                     0.30                     0.00                     0.00     .00
              11.500                    -0.44                     0.00                     0.34                     0.00                     0.00     .00
              11.500                    -0.45                     0.00                     0.34                     0.00                     0.00     .00
              11.500                    -0.54                     0.00                     0.38                     0.00                     0.00     .00
   423591.279849539             777001.086776830     
              12.000                    -0.53                     0.00                     0.38                     0.00                     0.00     .00
              12.000                    -0.63                     0.00                     0.43                     0.00                     0.00     .00
              12.000                    -0.64                     0.00                     0.43                     0.00                     0.00     .00
              12.000                    -0.75                     0.00                     0.47                     0.00                     0.00     .00
   426466.771762725             778967.818152207     
              12.500                    -0.75                     0.00                     0.47                     0.00                     0.00     .00
              12.500                    -0.86                     0.00                     0.51                     0.00                     0.00     .00
              12.500                    -0.87                     0.00                     0.51                     0.00                     0.00     .00
              12.500                    -0.99                     0.00                     0.55                     0.00                     0.01     .00
   429680.752383080             781119.089454542     
              13.000                    -0.99                     0.00                     0.55                     0.00                     0.01     .00
              13.000                    -1.12                     0.00                     0.59                     0.00                     0.01     .00
              13.000                    -1.13                     0.00                     0.59                     0.00                     0.01     .00
              13.000                    -1.27                     0.00                     0.63                     0.00                     0.01     .00
   433221.376824280             783445.444093942     
              13.500                    -1.27                     0.00                     0.63                     0.00                     0.01     .00
              13.500                    -1.42                     0.00                     0.67                     0.00                     0.01     .00
              13.500                    -1.42                     0.00                     0.67                     0.00                     0.01     .00
              13.500                    -1.58                     0.00                     0.71                     0.00                     0.01     .00
   437092.509937359             785948.079587275     
              14.000                    -1.58                     0.00                     0.71                     0.00                     0.01     .00
              14.000                    -1.74                     0.00                     0.74                     0.00                     0.01     .00
