               0.000                     0.00                     0.00                     0.00                     0.00                     0.00     .00
               0.000                  7187.38                    -0.06                 16717.44                    -0.81                -33916.49     -10.59
               0.000                  7206.71                     0.01                 16428.09                    -0.22                -33836.50     15.76
               0.000                  5042.66                    -0.14                 15080.55                    -0.76                -28470.24     35.72
               0.500                 16787.58                     0.22                 33598.44                    -0.35                -71385.53     -30.97
               0.500                 24252.47                    -0.27                 45257.24                    -2.18               -121870.42     139.67
               0.500                 22573.49                     0.23                 44680.69                     0.68               -113293.21     156.80
               0.500                 14490.08                    -0.30                 39707.88                    -1.63                -89805.81     162.12
               1.000                 41042.77                     0.79                 61257.54                     2.44               -187335.18     262.58
               1.000                 37057.68                     0.70                 61970.58                     2.54               -204058.71     456.81
               1.000                 34242.83                     1.62                 61340.06                     8.02               -187651.60     445.87
               1.000                 18613.99                     0.38                 51085.86                     2.27               -135039.37     345.13
               1.500                 56036.57                     3.82                 76348.92                    17.44               -276633.10     714.19
               1.500                 34205.75                     4.85                 63378.72                    23.84               -214984.61     744.16
               1.500                 31086.42                     5.63                 62976.82                    29.56               -194211.71     721.48
               1.500                 10352.12                     2.84                 47417.11                    17.85               -114516.44     470.56
               2.000                 48852.67                    11.21                 75620.66                    54.28               -266713.82     1115.34
               2.000                 10587.81                    12.26                 50029.27                    66.34               -110078.92     906.39
               2.000                  7325.92                    12.24                 50105.20                    68.74                -86785.15     892.22
               2.000                -11776.55                     6.69                 30768.74                    47.31                  -829.05     477.19
               2.500                 12254.72                    22.19                 59984.04                   113.66               -104132.61     1390.32
               2.500                -34670.64                    20.29                 26160.58                   121.64                132859.24     921.41
               2.500                -37790.91                    19.32                 26835.20                   118.68                155934.77     909.80
               2.500                -44799.14                    10.04                  6259.10                    83.41                208413.80     330.82
               3.000                -56616.71                    33.02                 34090.13                   182.42                240667.92     1499.85
               3.000                -98720.00                    25.08                 -1678.83                   170.76                511027.12     753.68
               3.000               -100146.22                    23.51                  -497.87                   162.85                524919.10     726.60
               3.000                -82176.39                    10.48                -19575.52                   111.65                489520.19     22.53
               3.500               -154211.13                    38.93                  4794.02                   237.42                760066.68     1349.08
               3.500               -171475.49                    23.59                -26678.74                   192.56                977210.86     350.61
               3.500               -168843.80                    21.94                -25321.26                   181.60                967941.40     313.01
               3.500               -113239.61                     6.45                -40744.82                   116.92                785263.86     -417.57
               4.000               -265382.84                    36.28                -21053.53                   254.12               1383472.02     844.31
               4.000               -232990.70                    14.69                -43853.81                   170.95               1422514.46     -280.24
               4.000               -225122.76                    13.38                -42801.01                   159.38               1380721.91     -299.90
               4.000               -123577.69                    -2.01                -53491.74                    89.10               1002536.15     -920.79
               4.500               -361882.59                    23.57                -38747.80                   214.48               1966135.54     8.89
               4.500               -257717.17                    -0.77                -51433.97                    98.79               1692611.53     -1027.52
               4.500               -245946.83                    -1.39                -51134.99                    89.43               1622128.90     -1015.77
               4.500                -98947.53                   -13.34                -57153.44                    25.71               1031373.79     -1395.31
               5.000               -409351.64                     1.82                -47013.27                   112.32               2318145.47     -1009.17
               5.000               -224476.61                   -20.15                -51039.08                   -19.37               1639358.00     -1738.28
               5.000               -212029.25                   -19.79                -51719.59                   -23.56               1556622.76     -1718.81
               5.000                -31728.55                   -24.98                -53922.18                   -66.75                784340.00     -1748.18
               5.500               -379384.27                   -25.41                -47970.01                   -43.29               2264721.50     -2054.61
               5.500               -125416.36                   -39.34                -46633.64                  -165.62               1177268.87     -2322.47
               5.500               -116053.29                   -37.92                -48195.95                  -162.70               1104834.80     -2328.95
               5.500                 73846.65                   -33.93                -47656.24                  -172.44                236522.80     -1912.82
               6.000               -259837.34                   -52.62                -45900.94                  -227.68               1706662.23     -3066.17
               6.000                 29764.09                   -53.61                -42775.71                  -311.15                319471.09     -2784.46
               6.000                 32581.03                   -51.55                -44828.24                  -302.06                280117.88     -2821.07
               6.000                200326.12                   -37.41                -42261.32                  -269.26               -552867.10     -1870.57
               6.500                -60744.21                   -73.79                -45412.15                  -406.48                661121.70     -4057.94
               6.500                213417.14                   -59.24                -42890.38                  -426.20               -810247.81     -3159.42
               6.500                207535.15                   -57.63                -44878.76                  -415.74               -799845.73     -3200.96
               6.500                319719.69                   -33.96                -40280.92                  -337.00              -1443750.28     -1642.45
               7.000                184263.36                   -84.94                -49719.17                  -549.11               -723358.12     -5032.70
               7.000                384180.21                   -56.04                -48169.18                  -495.25              -1993205.61     -3441.27
               7.000                370471.41                   -56.17                -49554.82                  -490.41              -1931595.72     -3466.55
               7.000                399960.94                   -24.66                -42169.26                  -367.43              -2243926.36     -1251.47
               7.500                423954.87                   -87.09                -59632.51                  -645.57              -2189684.48     -5939.02
               7.500                498759.68                   -48.81                -57388.18                  -527.99              -2971566.65     -3578.37
               7.500                481767.87                   -51.15                -57812.96                  -532.90              -2877509.37     -3589.50
               7.500                414712.39                   -13.40                -46401.23                  -369.13              -2761647.53     -694.64
               8.000                605126.30                   -86.93                -73499.69                  -713.51              -3442415.54     -6698.74
               8.000                528270.10                   -45.32                -67587.25                  -552.85              -3533339.39     -3520.19
               8.000                514188.39                   -48.68                -66962.82                  -564.34              -3438460.41     -3531.23
               8.000                353439.27                    -5.02                -50253.82                  -360.39              -2867575.91     41.59
               8.500                691637.93                   -92.95                -87993.57                  -784.13              -4242078.30     -7250.75
               8.500                469138.79                   -50.42                -75241.64                  -592.06              -3582071.96     -3258.16
               8.500                462926.45                   -52.65                -73732.20                  -601.45              -3517020.74     -3280.37
               8.500                226472.98                    -1.83                -50876.59                  -353.02              -2538413.37     938.40
               9.000                676072.80                  -108.71                -99327.64                  -873.45              -4476653.32     -7578.56
               9.000                343070.81                   -61.58                -77410.05                  -639.05              -3158419.01     -2843.68
               9.000                347601.92                   -61.66                -75340.73                  -640.70              -3146007.43     -2885.50
               9.000                 62537.05                    -1.63                -46224.00                  -340.74              -1863984.15     1919.57
               9.500                581003.98                  -129.75               -104390.12                  -966.05              -4188387.29     -7735.50
               9.500                191204.26                   -71.44                -72472.33                  -664.35              -2427509.10     -2392.07
               9.500                207680.63                   -70.54                -70231.21                  -662.11              -2482427.48     -2457.63
               9.500                -98790.74                     0.11                -35568.35                  -305.79              -1024080.94     2869.28
              10.000                455235.03                  -148.42               -101470.01                 -1031.17              -3570792.10     -7857.19
              10.000                 67245.70                   -75.50                -60371.23                  -648.12              -1653573.73     -2052.33
              10.000                 93754.95                   -75.62                -58341.34                  -651.12              -1775229.29     -2128.70
              10.000               -216820.41                     5.90                -19554.69                  -239.29               -247009.99     3681.70
              10.500                365427.83                  -161.89                -90522.37                 -1056.39              -2938507.65     -8111.01
              10.500                 24127.46                   -76.37                -42482.45                  -603.68              -1140716.11     -1923.79
              10.500                 53091.49                   -77.85                -40987.61                  -615.46              -1299372.81     -1980.37
              10.500               -262145.12                    14.30                    71.29                  -153.65                253839.07     4313.58
              11.000                375351.94                  -173.90                -73056.30                 -1060.60              -2638708.90     -8584.02
              11.000                 89740.61                   -78.99                -21235.66                  -563.18              -1113740.33     -1976.65
              11.000                109404.66                   -80.23                -20481.72                  -577.55              -1252245.18     -1992.18
              11.000               -230654.96                    22.64                 20912.08                   -71.72                364935.90     4806.49
              11.500                514057.71                  -188.28                -51715.23                 -1071.32              -2901476.68     -9211.00
              11.500                245291.97                   -83.34                   453.99                  -542.41              -1589545.39     -2072.88
              11.500                247039.85                   -83.04                   422.72                  -551.21              -1654073.73     -2058.07
              11.500               -150773.92                    31.05                 40445.68                    -4.28                139683.66     5256.44
              12.000                754639.80                  -202.80                -29621.66                 -1094.94              -3712912.66     -9829.30
              12.000                429416.75                   -83.97                 19846.56                  -527.56              -2350354.77     -2079.25
              12.000                414680.59                   -82.85                 19147.58                  -529.49              -2327665.73     -2055.78
              12.000                -73897.56                    42.46                 56545.89                    58.47               -212977.37     5751.68
              12.500               1026399.37                  -211.45                 -9640.56                 -1114.58              -4820437.56     -10292.17
              12.500                571738.14                   -76.78                 34959.35                  -495.58              -3065391.08     -1927.79
              12.500                550994.76                   -76.37                 33837.59                  -494.49              -2989723.80     -1887.69
              12.500                -49832.09                    58.92                 67893.61                   134.06               -431572.69     6342.47
              13.000               1255061.15                  -211.01                  6246.66                 -1110.56              -5879643.29     -10481.08
              13.000                630186.16                   -63.09                 44943.21                  -434.84              -3470610.87     -1534.13
              13.000                614731.34                   -63.42                 43731.86                  -431.53              -3393470.91     -1446.22
              13.000               -103547.82                    79.34                 74205.98                   232.79               -330009.06     7072.68
              13.500               1398754.79                  -202.52                 17354.65                 -1069.58              -6626474.55     -10200.52
              13.500                602900.93                   -45.61                 50252.01                  -338.34              -3466751.37     -710.16
              13.500                597367.59                   -45.34                 49331.24                  -329.63              -3419847.77     -581.78
              13.500               -229430.18                   101.30                 76281.53                   358.32                139212.37     8003.82
              14.000               1453563.32                  -186.14                 24493.86                  -972.99              -6949178.51     -9156.91
              14.000                511469.46                   -23.17                 52642.52                  -188.88              -3086263.72     717.60
