   415555.036968757             771140.154725515     
   415109.244507072             770705.400118146     
   414729.624207902             770327.631159070     
   414420.405209951             770015.632848341     
   414172.851974597             769767.281362521     
   413960.847525638             769566.088443292     
   413741.407161305             769381.402265148     
   413465.220179539             769175.759042886     
   413095.069902829             768918.279083032     
   412623.908884605             768598.714020482     
   412085.116075870             768236.468389450     
   411551.568905633             767881.182894221     
   411122.347656623             767603.454498014     
   410898.569822105             767477.074613380     
   410956.547970483             767559.124714018     
   411330.903724779             767877.049790438     
   412014.647880027             768427.678015830     
   412969.351881219             769184.283680431     
   414142.704714929             770108.478077440     
   415487.175496786             771163.112247381     
   416980.857116245             772325.915192702     
   418638.426807646             773596.743510142     
   420499.620616947             774991.094840191     
   422600.474470248             776523.302640337     
   424951.756018854             778194.135317804     
   427542.915329277             779993.542057272     
   430362.537029871             781912.663175466     
   433409.099098716             783949.046641419     
