   415516.812087393             771118.448289007     
   414959.348543015             770619.355306159     
   414409.696969733             770140.419014491     
   413902.058138663             769703.197374044     
   413470.319052793             769325.510174775     
   413154.448087961             769025.951304700     
   413004.163978310             768827.987201457     
   413070.981249122             768758.521926687     
   413391.610333293             768841.570143705     
   413971.777117793             769090.155452937     
   414774.830500060             769497.493754232     
   415716.498956974             770029.284359751     
   416673.018998139             770624.271731120     
   417510.213108570             771209.638124420     
   418124.408347300             771725.605569897     
   418470.422150379             772143.201575069     
   418561.267378838             772465.220212891     
   418447.230463734             772714.612226968     
   418186.665899030             772917.358128493     
   417808.955763673             773080.238760748     
   417274.957505489             773167.701312153     
   416464.226322433             773096.180053439     
   415216.957942980             772761.790844991     
   413410.904823340             772087.533585908     
   411010.128824416             771051.005484028     
   408044.462949112             769668.632070138     
   404547.103267165             767954.228937584     
   400513.808173212             765891.054848215     
