   415516.812134995             771118.448352407     
   414959.348834649             770619.355681878     
   414409.697390183             770140.419893690     
   413902.057490798             769703.198402776     
   413470.315029689             769325.510357203     
   413154.437973559             769025.949316620     
   413004.145409130             768827.981718091     
   413070.952545950             768758.511678182     
   413391.570589809             768841.553868829     
   413971.726532419             769090.132144750     
   414774.771004452             769497.463271924     
   415716.434526243             770029.247928771     
   416672.954992303             770624.231746127     
   417510.154934012             771209.597324437     
   418124.360767255             771725.566453307     
   418470.390223591             772143.166785693     
   418561.258146652             772465.193451671     
   418447.253281060             772714.598432491     
   418186.730754394             772917.362531228     
   417809.071592867             773080.266008793     
   417275.132769459             773167.755977567     
   416464.471195428             773096.268039840     
   415217.285021611             772761.919799209     
   413411.326904627             772087.711488106     
   411010.656114793             771051.238929939     
   408045.102834389             769668.926219642     
   404547.862292016             767954.588968016     
   400514.692937319             765891.486851149     
