  1.000000000000000E-002  0.000000000000000E+000
  3.000000000000000E-002  0.000000000000000E+000
  5.000000000000000E-002  0.000000000000000E+000
  7.000000000000001E-002  0.000000000000000E+000
  9.000000000000000E-002  0.000000000000000E+000
  0.110000000000000       0.000000000000000E+000
  0.130000000000000       5.824639991028758E-303
  0.150000000000000       6.413631648500034E-170
  0.170000000000000       3.343559538038920E-102
  0.190000000000000       7.194920589799359E-065
  0.210000000000000       5.779636898246257E-043
  0.230000000000000       1.865079443220948E-029
  0.250000000000000       8.833216544109952E-021
  0.270000000000000       5.090800221967258E-015
  0.290000000000000       4.362739586578020E-011
  0.310000000000000       2.443263697039089E-008
  0.330000000000000       2.217792414427391E-006
  0.350000000000000       5.801112641932647E-005
  0.370000000000000       6.360826212682471E-004
  0.390000000000000       3.754769914878418E-003
  0.410000000000000       1.415306502224386E-002
  0.430000000000000       3.836111357020525E-002
  0.450000000000000       8.133387640692727E-002
  0.470000000000000       0.143405292814533     
  0.490000000000000       0.220410549004145     
  0.510000000000000       0.307982206482776     
  0.530000000000000       0.409822325289896     
  0.550000000000000       0.548110683505602     
  0.570000000000000       0.770103504547355     
  0.590000000000000        1.12960103064292     
  0.610000000000000        1.58690318261992     
  0.630000000000000        1.87443623197716     
  0.650000000000000        1.77932896872522     
  0.670000000000000        1.46329047936497     
  0.690000000000000        1.10766438945544     
  0.710000000000000       0.826957210080069     
  0.730000000000000       0.640397830279120     
  0.750000000000000       0.524698441141617     
  0.770000000000000       0.452575594716019     
  0.790000000000000       0.404364951848176     
  0.810000000000000       0.368287729953227     
  0.830000000000000       0.338198381156172     
  0.850000000000000       0.311328805406317     
  0.870000000000000       0.286617469414735     
  0.890000000000000       0.263712792712919     
  0.910000000000000       0.242495893173978     
  0.930000000000000       0.222898368418225     
  0.950000000000000       0.204849223018489     
  0.970000000000000       0.188266199816341     
  0.990000000000000       0.173058632165217     
   1.01000000000000       0.159131797001054     
   1.03000000000000       0.146390472304699     
   1.05000000000000       0.134741467399922     
   1.07000000000000       0.124095308335760     
   1.09000000000000       0.114367289190064     
   1.11000000000000       0.105478061843751     
   1.13000000000000       9.735389633184641E-002
   1.15000000000000       8.992671095038002E-002
   1.17000000000000       8.313394577884653E-002
   1.19000000000000       7.691833379140917E-002
   1.21000000000000       7.122760897483812E-002
   1.23000000000000       6.601417977665927E-002
   1.25000000000000       6.123478792072781E-002
   1.27000000000000       5.685016648090085E-002
   1.29000000000000       5.282470657772496E-002
   1.31000000000000       4.912613875850914E-002
   1.33000000000000       4.572523273209760E-002
   1.35000000000000       4.259551742346084E-002
   1.37000000000000       3.971302211365229E-002
   1.39000000000000       3.705603860479478E-002
   1.41000000000000       3.460490379766382E-002
   1.43000000000000       3.234180171632772E-002
   1.45000000000000       3.025058380441910E-002
   1.47000000000000       2.831660620952368E-002
   1.49000000000000       2.652658273527412E-002
   1.51000000000000       2.486845215252004E-002
   1.53000000000000       2.333125860498434E-002
   1.55000000000000       2.190504390919779E-002
   1.57000000000000       2.058075062469901E-002
   1.59000000000000       1.935013485244759E-002
   1.61000000000000       1.820568780292187E-002
   1.63000000000000       1.714056525760742E-002
   1.65000000000000       1.614852412665145E-002
   1.67000000000000       1.522386538020514E-002
   1.69000000000000       1.436138270074185E-002
   1.71000000000000       1.355631626813101E-002
   1.73000000000000       1.280431114841299E-002
   1.75000000000000       1.210137981118067E-002
   1.77000000000000       1.144386834945037E-002
   1.79000000000000       1.082842602019378E-002
   1.81000000000000       1.025197776362782E-002
   1.83000000000000       9.711699395263186E-003
   1.85000000000000       9.204995196937713E-003
   1.87000000000000       8.729477661937020E-003
   1.89000000000000       8.282949175149643E-003
   1.91000000000000       7.863385432312929E-003
   1.93000000000000       7.468920423052631E-003
   1.95000000000000       7.097832820857708E-003
   1.97000000000000       6.748533639590796E-003
   1.99000000000000       6.419555030824364E-003
   2.01000000000000       6.109540109401056E-003
   2.03000000000000       5.817233706314713E-003
   2.05000000000000       5.541473958448631E-003
   2.07000000000000       5.281184654026116E-003
   2.09000000000000       5.035368260949366E-003
   2.11000000000000       4.803099572632584E-003
   2.13000000000000       4.583519912574872E-003
   2.15000000000000       4.375831844851108E-003
   2.17000000000000       4.179294343005052E-003
   2.19000000000000       3.993218374574363E-003
   2.21000000000000       3.816962862725372E-003
   2.23000000000000       3.649930990278700E-003
   2.25000000000000       3.491566814815202E-003
   2.27000000000000       3.341352166606242E-003
   2.29000000000000       3.198803803853132E-003
   2.31000000000000       3.063470802179475E-003
   2.33000000000000       2.934932157529170E-003
   2.35000000000000       2.812794583607253E-003
   2.37000000000000       2.696690486785227E-003
   2.39000000000000       2.586276102998170E-003
   2.41000000000000       2.481229782605972E-003
   2.43000000000000       2.381250410493361E-003
   2.45000000000000       2.286055949856760E-003
   2.47000000000000       2.195382099184807E-003
   2.49000000000000       2.108981052894587E-003
   2.51000000000000       2.026620356948736E-003
   2.53000000000000       1.948081851558064E-003
   2.55000000000000       1.873160693779787E-003
   2.57000000000000       1.801664453459176E-003
   2.59000000000000       1.733412276540386E-003
   2.61000000000000       1.668234110295397E-003
   2.63000000000000       1.605969985494640E-003
   2.65000000000000       1.546469350973115E-003
   2.67000000000000       1.489590456436667E-003
   2.69000000000000       1.435199779707695E-003
   2.71000000000000       1.383171494932256E-003
   2.73000000000000       1.333386978563551E-003
   2.75000000000000       1.285734350203775E-003
   2.77000000000000       1.240108045629067E-003
   2.79000000000000       1.196408419543756E-003
   2.81000000000000       1.154541375811654E-003
   2.83000000000000       1.114418023096277E-003
   2.85000000000000       1.075954354009653E-003
   2.87000000000000       1.039070946022756E-003
   2.89000000000000       1.003692682530667E-003
   2.91000000000000       9.697484925935518E-004
   2.93000000000000       9.371711079917539E-004
   2.95000000000000       9.058968363403990E-004
   2.97000000000000       8.758653491071126E-004
   2.99000000000000       8.470194834663231E-004
