
            MATRIX of Added MASS
  0.647429E+07  0.000000E+00 -0.479645E+03  0.000000E+00 -0.850569E+08  0.000000E+00
  0.000000E+00  0.647426E+07  0.000000E+00  0.850541E+08  0.000000E+00  0.288432E+03
 -0.183270E+03  0.000000E+00  0.146843E+08  0.000000E+00  0.177680E+04  0.000000E+00
  0.000000E+00  0.850559E+08  0.000000E+00  0.721124E+10  0.000000E+00  0.102131E+05
 -0.850642E+08  0.000000E+00 -0.872317E+05  0.000000E+00  0.721116E+10  0.000000E+00
  0.000000E+00  0.573520E+04  0.000000E+00 -0.365215E+05  0.000000E+00  0.486029E+10

            ORIGINAL  MATRIX of MASS
M1J      0.199E+08   0.000E+00  -0.480E+03   0.000E+00  -0.851E+08   0.000E+00
M2J      0.000E+00   0.199E+08   0.000E+00   0.851E+08   0.000E+00   0.288E+03
M3J     -0.183E+03   0.000E+00   0.282E+08   0.000E+00   0.178E+04   0.000E+00
M4J      0.000E+00   0.851E+08   0.000E+00   0.140E+11   0.101E-01   0.103E+05
M5J     -0.851E+08   0.000E+00  -0.872E+05   0.101E-01   0.140E+11   0.136E-01
M6J      0.000E+00   0.574E+04   0.000E+00  -0.364E+05   0.136E-01   0.486E+10

            INVERSE  MATRIX of MASS
M1J      0.515E-07   0.978E-21   0.315E-12  -0.229E-21   0.312E-09  -0.870E-21
M2J      0.978E-21   0.515E-07  -0.811E-26  -0.312E-09   0.229E-21  -0.631E-13
M3J      0.184E-11   0.727E-24   0.355E-07  -0.170E-24   0.232E-12  -0.647E-24
M4J     -0.229E-21  -0.312E-09   0.190E-26   0.731E-10  -0.538E-22   0.915E-15
M5J      0.312E-09   0.229E-21  -0.258E-14  -0.538E-22   0.731E-10  -0.204E-21
M6J     -0.870E-21  -0.239E-14   0.721E-26  -0.137E-15  -0.204E-21   0.206E-09


Time of operation was    2429.453seconds
