  0.000000000000000E+000  0.702271352811310     
  0.500000000000000       0.479796932637902     
   1.00000000000000       0.231702766839701     
   1.50000000000000      -0.183755668801337     
   2.00000000000000      -0.814535656044461     
   2.50000000000000       -1.34884598219539     
   3.00000000000000       -1.35121629826847     
   3.50000000000000      -0.748954358915216     
   4.00000000000000       7.280726291603631E-002
   4.50000000000000       0.667518610014316     
   5.00000000000000       0.884767658327917     
   5.50000000000000       0.828778725242524     
   6.00000000000000       0.633983093661654     
   6.50000000000000       0.377081827523350     
   7.00000000000000       0.105349736773706     
   7.50000000000000      -0.162401233165023     
   8.00000000000000      -0.424626163886489     
   8.50000000000000      -0.621213330546889     
   9.00000000000000      -0.625776253083851     
   9.50000000000000      -0.392083656799660     
   10.0000000000000      -5.862823930923276E-002
   10.5000000000000       0.181541960119377     
   11.0000000000000       0.277588538953333     
   11.5000000000000       0.297293652863428     
   12.0000000000000       0.257891105849583     
   12.5000000000000       0.126099403008482     
   13.0000000000000      -1.147239720738342E-002
   13.5000000000000       4.988161486336559E-002
   14.0000000000000       0.361764603250044     
   14.5000000000000       0.655455876908250     
   15.0000000000000       0.569794294558887     
   15.5000000000000       2.400259601107144E-002
   16.0000000000000      -0.701830651417318     
   16.5000000000000       -1.21770155406629     
   17.0000000000000       -1.29291214526515     
   17.5000000000000      -0.940851891391048     
   18.0000000000000      -0.356441577846868     
   18.5000000000000       0.225345907837284     
   19.0000000000000       0.685858385034972     
   19.5000000000000        1.04253257069489     
   20.0000000000000        1.27419322150466     
   20.5000000000000        1.20409452134231     
   21.0000000000000       0.700520145981987     
   21.5000000000000      -2.739423969189541E-002
   22.0000000000000      -0.524847667845374     
   22.5000000000000      -0.562084450817064     
   23.0000000000000      -0.371768934504619     
   23.5000000000000      -0.321134193433447     
   24.0000000000000      -0.481697390668017     
   24.5000000000000      -0.661624421221598     
   25.0000000000000      -0.739208304616503     
   25.5000000000000      -0.745556274505619     
   26.0000000000000      -0.652706092434007     
   26.5000000000000      -0.316652461153718     
   27.0000000000000       0.296739633621685     
   27.5000000000000       0.987335805201248     
   28.0000000000000        1.49752947660920     
   28.5000000000000        1.68875736794013     
   29.0000000000000        1.49500981791784     
   29.5000000000000       0.883590808512019     
   30.0000000000000      -2.251020883542679E-003
   30.5000000000000      -0.805957612138331     
   31.0000000000000       -1.25166757020616     
   31.5000000000000       -1.40507253863178     
   32.0000000000000       -1.47174355685365     
   32.5000000000000       -1.41140130543357     
   33.0000000000000      -0.984419901141588     
   33.5000000000000      -0.182610726936295     
   34.0000000000000       0.628798598922990     
   34.5000000000000        1.08864777332001     
   35.0000000000000        1.17522781570394     
   35.5000000000000        1.06576532328774     
   36.0000000000000       0.851303881168783     
   36.5000000000000       0.557033948777912     
   37.0000000000000       0.296395646076983     
   37.5000000000000       0.175839491532909     
   38.0000000000000       9.719278187583841E-002
   38.5000000000000      -0.137818444628243     
   39.0000000000000      -0.528824175423824     
   39.5000000000000      -0.861500863220599     
   40.0000000000000      -0.998051412405209     
   40.5000000000000      -0.994466571142549     
   41.0000000000000      -0.889432335542393     
   41.5000000000000      -0.584696920121507     
   42.0000000000000      -5.458812145055055E-002
   42.5000000000000       0.488704950518577     
   43.0000000000000       0.804946600489429     
   43.5000000000000       0.904831443129159     
   44.0000000000000       0.955986539429264     
   44.5000000000000       0.974914798111666     
   45.0000000000000       0.794645743913805     
   45.5000000000000       0.337093473977867     
   46.0000000000000      -0.239853344250389     
   46.5000000000000      -0.700540021082096     
   47.0000000000000      -0.918350784238042     
   47.5000000000000      -0.880575722182042     
   48.0000000000000      -0.638510593588028     
   48.5000000000000      -0.315900760884637     
   49.0000000000000      -6.261789399456238E-002
   49.5000000000000       8.133392341829765E-002
   50.0000000000000       0.209492588809815     
   50.5000000000000       0.378804368424144     
   51.0000000000000       0.495020539304357     
   51.5000000000000       0.443292055830599     
   52.0000000000000       0.258434838307621     
   52.5000000000000       6.733979627178907E-002
   53.0000000000000      -8.300902794136869E-002
   53.5000000000000      -0.229055607587800     
   54.0000000000000      -0.357179749888939     
   54.5000000000000      -0.390424560016092     
   55.0000000000000      -0.305819370833297     
   55.5000000000000      -0.147927093998655     
   56.0000000000000       8.298490160640890E-002
   56.5000000000000       0.419117388651848     
   57.0000000000000       0.748754543637833     
   57.5000000000000       0.793432472033210     
   58.0000000000000       0.395997267841049     
   58.5000000000000      -0.229146258081060     
   59.0000000000000      -0.670261984279783     
   59.5000000000000      -0.738826591795947     
   60.0000000000000      -0.602542795774159     
   60.5000000000000      -0.481249259169623     
   61.0000000000000      -0.339293155986591     
   61.5000000000000       1.232656130544146E-002
   62.0000000000000       0.556946121190597     
   62.5000000000000       0.953936443595930     
   63.0000000000000       0.854008256256607     
   63.5000000000000       0.291109898646313     
   64.0000000000000      -0.320711024558569     
   64.5000000000000      -0.594933023825597     
   65.0000000000000      -0.511610436175120     
   65.5000000000000      -0.313172773922770     
   66.0000000000000      -0.148997992592649     
   66.5000000000000       4.392826451520225E-002
   67.0000000000000       0.312888017549052     
   67.5000000000000       0.510570477226461     
   68.0000000000000       0.459505719133789     
   68.5000000000000       0.205046319324884     
   69.0000000000000      -4.117726849367918E-002
   69.5000000000000      -0.179718929856832     
   70.0000000000000      -0.292812221981907     
   70.5000000000000      -0.419993647101722     
   71.0000000000000      -0.431195299819025     
   71.5000000000000      -0.226828031336332     
   72.0000000000000       4.610749875415859E-002
   72.5000000000000       0.128174827755987     
   73.0000000000000      -2.165077481360365E-002
   73.5000000000000      -0.150353279644240     
   74.0000000000000       3.736194486585084E-003
   74.5000000000000       0.414683751755973     
   75.0000000000000       0.778517028803128     
   75.5000000000000       0.778354845915768     
   76.0000000000000       0.348329340520046     
   76.5000000000000      -0.258823066332369     
   77.0000000000000      -0.651987895268348     
   77.5000000000000      -0.616462375670595     
   78.0000000000000      -0.295701755434302     
   78.5000000000000      -3.742343187403610E-002
   79.0000000000000      -4.591936531119103E-002
   79.5000000000000      -0.219517813843056     
   80.0000000000000      -0.326219936460146     
   80.5000000000000      -0.258542017736664     
   81.0000000000000      -7.120968082403936E-002
   81.5000000000000       0.152726054740665     
   82.0000000000000       0.372720060737080     
   82.5000000000000       0.550949811017123     
   83.0000000000000       0.641081695891999     
   83.5000000000000       0.636141289667875     
   84.0000000000000       0.554036822243770     
   84.5000000000000       0.350657495879798     
   85.0000000000000      -6.674006615249588E-002
   85.5000000000000      -0.660708520629581     
   86.0000000000000       -1.14405184679195     
   86.5000000000000       -1.15996409769749     
   87.0000000000000      -0.642233841179158     
   87.5000000000000       4.769899848852592E-002
   88.0000000000000       0.413882000775799     
   88.5000000000000       0.277051986274204     
   89.0000000000000      -8.377939869990478E-002
   89.5000000000000      -0.236113861110946     
   90.0000000000000      -3.894251489040733E-003
   90.5000000000000       0.432953736332848     
   91.0000000000000       0.778099359065734     
   91.5000000000000       0.874197668256686     
   92.0000000000000       0.736140941163011     
   92.5000000000000       0.447359470183918     
   93.0000000000000       0.100293533066695     
   93.5000000000000      -0.215347685242850     
   94.0000000000000      -0.458183464929519     
   94.5000000000000      -0.663450672085331     
   95.0000000000000      -0.858893688635604     
   95.5000000000000      -0.963301560431365     
   96.0000000000000      -0.850898761433484     
   96.5000000000000      -0.522102412930947     
   97.0000000000000      -0.115972892557494     
   97.5000000000000       0.273419729287805     
   98.0000000000000       0.676169780339185     
   98.5000000000000        1.06175931490433     
   99.0000000000000        1.19196571594133     
   99.5000000000000       0.836515306206269     
   100.000000000000       0.131764259109070     
   100.500000000000      -0.440220393067285     
   101.000000000000      -0.512183450425984     
   101.500000000000      -0.189610185870303     
   102.000000000000       0.113703538804601     
   102.500000000000       0.120264468088676     
   103.000000000000      -0.110433262158621     
   103.500000000000      -0.354155019547432     
   104.000000000000      -0.461430201551970     
   104.500000000000      -0.417054123588075     
   105.000000000000      -0.275576957708867     
   105.500000000000      -0.110623689851745     
   106.000000000000       1.123164084686875E-002
   106.500000000000       6.741641390532796E-002
   107.000000000000       9.386375982072856E-002
   107.500000000000       0.141409598601493     
   108.000000000000       0.219983358313200     
   108.500000000000       0.294128809868638     
   109.000000000000       0.321252699717199     
   109.500000000000       0.283029358576383     
   110.000000000000       0.193033250773526     
   110.500000000000       9.107616246293615E-002
   111.000000000000       2.281361081051183E-002
   111.500000000000       3.949901846480041E-003
   112.000000000000      -2.866683482768209E-003
   112.500000000000      -6.570500895910500E-002
   113.000000000000      -0.222646558407528     
   113.500000000000      -0.430059411584908     
   114.000000000000      -0.568316958682228     
   114.500000000000      -0.515638360197010     
   115.000000000000      -0.245594729101079     
   115.500000000000       0.128948257297411     
   116.000000000000       0.412305008289378     
   116.500000000000       0.451767755850276     
   117.000000000000       0.246797175779301     
   117.500000000000      -3.671388156461535E-002
   118.000000000000      -0.173735210042748     
   118.500000000000      -5.368459144879311E-002
   119.000000000000       0.220558396095080     
   119.500000000000       0.428122742607168     
   120.000000000000       0.445381018083104     
   120.500000000000       0.333311487217244     
   121.000000000000       0.186028539933578     
   121.500000000000      -3.305133434420667E-002
   122.000000000000      -0.396159676636076     
   122.500000000000      -0.779430948401152     
   123.000000000000      -0.886474310131010     
   123.500000000000      -0.583678840697514     
   124.000000000000      -0.101266220175873     
   124.500000000000       0.219076998591605     
   125.000000000000       0.305687755999181     
   125.500000000000       0.341666807321678     
   126.000000000000       0.411261985064689     
   126.500000000000       0.367366324195623     
   127.000000000000       0.122935259775576     
   127.500000000000      -0.105226983189408     
   128.000000000000      -2.297167182484186E-002
   128.500000000000       0.329630776935371     
   129.000000000000       0.567133751695699     
   129.500000000000       0.384625216271296     
   130.000000000000      -0.126531450212550     
   130.500000000000      -0.627897029631984     
   131.000000000000      -0.879896333587366     
   131.500000000000      -0.851861297351125     
   132.000000000000      -0.586180578318281     
   132.500000000000      -0.125032887616774     
   133.000000000000       0.398097947823164     
   133.500000000000       0.732682537195676     
   134.000000000000       0.703583983748378     
   134.500000000000       0.408992026099127     
   135.000000000000       0.131526438212642     
   135.500000000000       3.820535788479813E-002
   136.000000000000       4.758548218817763E-002
   136.500000000000       1.724872347143294E-002
   137.000000000000      -4.961032391948485E-002
   137.500000000000      -8.642692958094539E-002
   138.000000000000      -0.166153318849955     
   138.500000000000      -0.433646806945335     
   139.000000000000      -0.806868864201475     
   139.500000000000      -0.926960464520623     
   140.000000000000      -0.536286953766620     
   140.500000000000       0.192479191517577     
   141.000000000000       0.839435422364042     
   141.500000000000        1.17411810083090     
   142.000000000000        1.24931344512734     
   142.500000000000        1.11725461790779     
   143.000000000000       0.691905415351184     
   143.500000000000      -3.139574321544809E-002
   144.000000000000      -0.806086998124942     
   144.500000000000       -1.32253497254196     
   145.000000000000       -1.46546408940696     
   145.500000000000       -1.28344514189631     
   146.000000000000      -0.831761330009898     
   146.500000000000      -0.207488657480051     
   147.000000000000       0.352666640666290     
   147.500000000000       0.625139437393473     
   148.000000000000       0.654507023707364     
   148.500000000000       0.688955989290396     
   149.000000000000       0.844944558237465     
   149.500000000000       0.990160839975459     
   150.000000000000       0.972265690477964     
   150.500000000000       0.774555671935178     
   151.000000000000       0.388508953874401     
   151.500000000000      -0.250076681244975     
   152.000000000000       -1.04271228544287     
   152.500000000000       -1.60932392314786     
   153.000000000000       -1.60409428212045     
   153.500000000000       -1.09478027642133     
   154.000000000000      -0.463260194722445     
   154.500000000000       1.493258138789166E-002
   155.000000000000       0.324974586847224     
   155.500000000000       0.519104421851435     
   156.000000000000       0.610394334790967     
   156.500000000000       0.673797472616115     
   157.000000000000       0.813038623249713     
   157.500000000000       0.941281651959279     
   158.000000000000       0.799811052698375     
   158.500000000000       0.317721450309437     
   159.000000000000      -0.224632329529490     
   159.500000000000      -0.539522325846026     
   160.000000000000      -0.672233895124144     
   160.500000000000      -0.803362149688921     
   161.000000000000      -0.860194555543257     
   161.500000000000      -0.607440697645594     
   162.000000000000      -8.257081180185610E-002
   162.500000000000       0.355020581055871     
   163.000000000000       0.473456930495069     
   163.500000000000       0.421115435332927     
   164.000000000000       0.417504392330371     
   164.500000000000       0.410358601478491     
   165.000000000000       0.222390963105307     
   165.500000000000      -0.111495079723248     
   166.000000000000      -0.373732616887473     
   166.500000000000      -0.465596974212956     
   167.000000000000      -0.470929275568555     
   167.500000000000      -0.427219909096356     
   168.000000000000      -0.231896695470512     
   168.500000000000       0.159822887065637     
   169.000000000000       0.584712685091645     
   169.500000000000       0.810094734776856     
   170.000000000000       0.748211105968970     
   170.500000000000       0.472337772422787     
   171.000000000000       9.489942131974784E-002
   171.500000000000      -0.290414078427159     
   172.000000000000      -0.588347945666513     
   172.500000000000      -0.710956278626354     
   173.000000000000      -0.624504908029881     
   173.500000000000      -0.371438426222896     
   174.000000000000      -5.956164646262155E-002
   174.500000000000       0.170933057870611     
   175.000000000000       0.227152678586682     
   175.500000000000       0.153060793156261     
   176.000000000000       0.101852104359812     
   176.500000000000       0.168093962054830     
   177.000000000000       0.269163928572031     
   177.500000000000       0.244788486219532     
   178.000000000000       6.512582214162282E-002
   178.500000000000      -0.111860146464463     
   179.000000000000      -0.104339957864875     
   179.500000000000       9.774816302601642E-002
   180.000000000000       0.309821369213735     
   180.500000000000       0.314836841640689     
   181.000000000000       5.556973232923538E-002
   181.500000000000      -0.315653723214438     
   182.000000000000      -0.574638276407617     
   182.500000000000      -0.612088931102401     
   183.000000000000      -0.478014166551197     
   183.500000000000      -0.266989001277575     
   184.000000000000      -2.035391800984511E-002
   184.500000000000       0.244065642625502     
   185.000000000000       0.477441724339870     
   185.500000000000       0.631650125883077     
   186.000000000000       0.698908123884920     
   186.500000000000       0.660815921843994     
   187.000000000000       0.447942735237448     
   187.500000000000       3.660814420018823E-002
   188.000000000000      -0.443767690109567     
   188.500000000000      -0.798943248418808     
   189.000000000000      -0.956405119088885     
   189.500000000000      -0.963589544457125     
   190.000000000000      -0.810228163334835     
   190.500000000000      -0.399193729377006     
   191.000000000000       0.245409659160594     
   191.500000000000       0.864423297382546     
   192.000000000000        1.16467252095572     
   192.500000000000        1.07881482895932     
   193.000000000000       0.762086689069869     
   193.500000000000       0.408910343225213     
   194.000000000000       0.143975468417429     
   194.500000000000      -1.007792473229113E-002
   195.000000000000      -0.180162748042401     
   195.500000000000      -0.568420195382893     
   196.000000000000       -1.16358459066254     
   196.500000000000       -1.58055251664102     
   197.000000000000       -1.39005058641184     
   197.500000000000      -0.618698574414452     
   198.000000000000       0.262935451353491     
   198.500000000000       0.867922889057887     
   199.000000000000        1.19130962693576     
   199.500000000000        1.32892980699426     
   200.000000000000        1.18978857575224     
   200.500000000000       0.710881346394688     
   201.000000000000       0.153546653207257     
   201.500000000000      -0.135033551211564     
   202.000000000000      -0.200011028963311     
   202.500000000000      -0.415100434815326     
   203.000000000000      -0.904620645372791     
   203.500000000000       -1.30028158498396     
   204.000000000000       -1.18942892467149     
   204.500000000000      -0.601910281344707     
   205.000000000000       8.818244731574346E-002
   205.500000000000       0.580828627877570     
   206.000000000000       0.807724859005687     
   206.500000000000       0.805546425889258     
   207.000000000000       0.641688861850166     
   207.500000000000       0.430147897103068     
   208.000000000000       0.256174160706234     
   208.500000000000       8.666571005493051E-002
   209.000000000000      -0.135276737690319     
   209.500000000000      -0.345661685748073     
   210.000000000000      -0.439659267105467     
   210.500000000000      -0.453087437945294     
   211.000000000000      -0.494314193216544     
   211.500000000000      -0.506075976623978     
   212.000000000000      -0.296836677307612     
   212.500000000000       0.135930828787595     
   213.000000000000       0.508636962313229     
   213.500000000000       0.594745477520722     
   214.000000000000       0.507141006557690     
   214.500000000000       0.477702355964695     
   215.000000000000       0.471213976394850     
   215.500000000000       0.230665789282351     
   216.000000000000      -0.310289948950724     
   216.500000000000      -0.848823570768983     
   217.000000000000       -1.00658178231888     
   217.500000000000      -0.698699457195389     
   218.000000000000      -0.167650656649833     
   218.500000000000       0.269499426819052     
   219.000000000000       0.466137195159190     
   219.500000000000       0.498228243216842     
   220.000000000000       0.512957612464373     
   220.500000000000       0.515813493138482     
   221.000000000000       0.347655574076979     
   221.500000000000      -6.264303330300416E-002
   222.000000000000      -0.486043730220823     
   222.500000000000      -0.587308671086064     
   223.000000000000      -0.339951001307452     
   223.500000000000      -7.884677853202152E-002
   224.000000000000      -6.738980146499345E-002
   224.500000000000      -0.171481765222097     
   225.000000000000      -9.481445082315471E-002
   225.500000000000       0.189103568613738     
   226.000000000000       0.423638656750552     
   226.500000000000       0.427329058240464     
   227.000000000000       0.274865846636960     
   227.500000000000       0.124384100682368     
   228.000000000000       4.034773845286854E-002
   228.500000000000       1.973505580207592E-002
   229.000000000000       3.147272889966650E-002
   229.500000000000      -3.016818628376909E-002
   230.000000000000      -0.279477725107616     
   230.500000000000      -0.636253951366500     
   231.000000000000      -0.821549570822615     
   231.500000000000      -0.668557969117463     
   232.000000000000      -0.321044469375896     
   232.500000000000       7.649606682328241E-003
   233.000000000000       0.346904881472926     
   233.500000000000       0.834323641075019     
   234.000000000000        1.33295930758198     
   234.500000000000        1.44103561707841     
   235.000000000000       0.949046255144585     
   235.500000000000       0.102482037789403     
   236.000000000000      -0.675191170836839     
   236.500000000000       -1.16008969607539     
   237.000000000000       -1.33142578921417     
   237.500000000000       -1.18532975310592     
   238.000000000000      -0.755052173826077     
   238.500000000000      -0.234544145472314     
   239.000000000000       0.143054107660525     
   239.500000000000       0.365891390534294     
   240.000000000000       0.613095715884120     
   240.500000000000       0.931767151158840     
   241.000000000000        1.10619893436328     
   241.500000000000       0.923404218380363     
   242.000000000000       0.436652028179329     
   242.500000000000      -0.131431256653200     
   243.000000000000      -0.632607867393012     
   243.500000000000       -1.00701679394474     
   244.000000000000       -1.13603727827850     
   244.500000000000      -0.868873587567476     
   245.000000000000      -0.236141897196579     
   245.500000000000       0.468364834977642     
   246.000000000000       0.878561453902552     
   246.500000000000       0.810997301125194     
   247.000000000000       0.365620807178809     
   247.500000000000      -0.141782274440417     
   248.000000000000      -0.367192829807666     
   248.500000000000      -0.191593193962414     
   249.000000000000       0.154525044347373     
   249.500000000000       0.302162592660976     
   250.000000000000       0.130262550184205     
   250.500000000000      -0.138524355420702     
   251.000000000000      -0.271673774320079     
   251.500000000000      -0.324582965543262     
   252.000000000000      -0.471726327061093     
   252.500000000000      -0.637611319733123     
   253.000000000000      -0.514020814636041     
   253.500000000000       2.479477245969714E-002
   254.000000000000       0.703878214185375     
   254.500000000000        1.13289969457124     
   255.000000000000        1.17518969733029     
   255.500000000000       0.923572218954392     
   256.000000000000       0.444801444579551     
   256.500000000000      -0.245020401276884     
   257.000000000000      -0.973742532063674     
   257.500000000000       -1.39911109843173     
   258.000000000000       -1.31137450598265     
   258.500000000000      -0.851993008620077     
   259.000000000000      -0.334293744364374     
   259.500000000000       9.071942073291520E-002
   260.000000000000       0.490450131989051     
   260.500000000000       0.912279462466694     
   261.000000000000        1.21734712781577     
   261.500000000000        1.19895068332498     
   262.000000000000       0.801707457136007     
   262.500000000000       0.169976000975626     
   263.000000000000      -0.484554102929524     
   263.500000000000      -0.997214648059121     
   264.000000000000       -1.23731897208027     
   264.500000000000       -1.07669396389534     
   265.000000000000      -0.484505334422797     
   265.500000000000       0.318756062413316     
   266.000000000000       0.897128927435777     
   266.500000000000       0.919127834783289     
   267.000000000000       0.474093002325914     
   267.500000000000      -6.001645314370786E-003
   268.000000000000      -0.188004653204576     
   268.500000000000      -0.144233475351467     
   269.000000000000      -0.168249125396636     
   269.500000000000      -0.362045641958058     
   270.000000000000      -0.524990530303184     
   270.500000000000      -0.434458745182223     
   271.000000000000      -0.102474560744381     
   271.500000000000       0.288091310819692     
   272.000000000000       0.584610481073220     
   272.500000000000       0.715887024589963     
   273.000000000000       0.635366999993735     
   273.500000000000       0.351799804339268     
   274.000000000000       9.573415246734481E-004
   274.500000000000      -0.239457373293237     
   275.000000000000      -0.342989089071858     
   275.500000000000      -0.453625049198300     
   276.000000000000      -0.659907285003669     
   276.500000000000      -0.819810148938747     
   277.000000000000      -0.691959371274242     
   277.500000000000      -0.223496644703176     
   278.000000000000       0.357522882234126     
   278.500000000000       0.745955004947915     
   279.000000000000       0.818357046509874     
   279.500000000000       0.683184248586956     
   280.000000000000       0.515909837640571     
   280.500000000000       0.383125405715461     
   281.000000000000       0.226976284173674     
   281.500000000000      -1.630381260655317E-002
   282.000000000000      -0.326517607713212     
   282.500000000000      -0.628220383126883     
   283.000000000000      -0.851861106646343     
   283.500000000000      -0.920159667155778     
   284.000000000000      -0.725025481919544     
   284.500000000000      -0.230261107067894     
   285.000000000000       0.376071706236334     
   285.500000000000       0.739837197608770     
   286.000000000000       0.656253793674343     
   286.500000000000       0.303282772124208     
   287.000000000000       7.699663531023831E-002
   287.500000000000       0.187893104416166     
   288.000000000000       0.471195798733148     
   288.500000000000       0.587342507696224     
   289.000000000000       0.347678558621264     
   289.500000000000      -0.151911435904532     
   290.000000000000      -0.635082536762957     
   290.500000000000      -0.850376498064472     
   291.000000000000      -0.742242866660889     
   291.500000000000      -0.472771278963327     
   292.000000000000      -0.248295507127867     
   292.500000000000      -0.108966597719685     
   293.000000000000       6.201481614217020E-002
   293.500000000000       0.314771576147033     
   294.000000000000       0.518482014396547     
   294.500000000000       0.538454508957910     
   295.000000000000       0.439887192742233     
   295.500000000000       0.395909911843273     
   296.000000000000       0.430152749815759     
   296.500000000000       0.380943243267494     
   297.000000000000       0.128475215391435     
   297.500000000000      -0.259684482962331     
   298.000000000000      -0.635544074171878     
   298.500000000000      -0.904133451300325     
   299.000000000000      -0.995803871305562     
   299.500000000000      -0.826640666209629     
   300.000000000000      -0.399921412239868     
   300.500000000000       0.116689870785397     
   301.000000000000       0.528709504760463     
   301.500000000000       0.798388082891682     
   302.000000000000       0.990797696826514     
   302.500000000000        1.07187974979417     
   303.000000000000       0.898775755089766     
   303.500000000000       0.434168297765790     
   304.000000000000      -0.153496171680938     
   304.500000000000      -0.662766946150167     
   305.000000000000       -1.03261077743642     
   305.500000000000       -1.26398537149447     
   306.000000000000       -1.25790933077671     
   306.500000000000      -0.869801467689755     
   307.000000000000      -0.128796112822098     
   307.500000000000       0.690671997722414     
   308.000000000000        1.24771632282431     
   308.500000000000        1.34903488675595     
   309.000000000000        1.00929564265820     
   309.500000000000       0.401125730458978     
   310.000000000000      -0.210897586888528     
   310.500000000000      -0.574018820763248     
   311.000000000000      -0.600365005338445     
   311.500000000000      -0.434362661809104     
   312.000000000000      -0.307919352967211     
   312.500000000000      -0.297560230784828     
   313.000000000000      -0.258795136566906     
   313.500000000000      -3.336009940171032E-002
   314.000000000000       0.308998095437649     
   314.500000000000       0.498859960688703     
   315.000000000000       0.354630247710258     
   315.500000000000      -6.960073235746704E-003
   316.000000000000      -0.290295874207275     
   316.500000000000      -0.318399054172980     
   317.000000000000      -0.151838775572501     
   317.500000000000       6.250278365923159E-002
   318.000000000000       0.248985093503526     
   318.500000000000       0.363443712446891     
   319.000000000000       0.308060653009786     
   319.500000000000       2.833579418733846E-002
   320.000000000000      -0.316849577412877     
   320.500000000000      -0.423037063989567     
   321.000000000000      -0.154038846254170     
   321.500000000000       0.273089057903735     
   322.000000000000       0.482468846476925     
   322.500000000000       0.290426040509063     
   323.000000000000      -0.170266088838602     
   323.500000000000      -0.611925334617621     
   324.000000000000      -0.795022788883144     
   324.500000000000      -0.611513069754245     
   325.000000000000      -0.104471226081003     
   325.500000000000       0.520784417780499     
   326.000000000000       0.962201821946006     
   326.500000000000       0.994163376704766     
   327.000000000000       0.619006864827230     
   327.500000000000       5.009461960664013E-002
   328.000000000000      -0.447877349244434     
   328.500000000000      -0.702744492590505     
   329.000000000000      -0.666849964843930     
   329.500000000000      -0.388492032742758     
   330.000000000000      -7.719246942144679E-003
   330.500000000000       0.250220615181900     
   331.000000000000       0.188478748682507     
   331.500000000000      -0.160380576665442     
   332.000000000000      -0.473458414433615     
   332.500000000000      -0.392812822281020     
   333.000000000000       0.105860225458234     
   333.500000000000       0.666743156625132     
   334.000000000000       0.923260655135528     
   334.500000000000       0.831871006619825     
   335.000000000000       0.563198684847090     
   335.500000000000       0.180724932396790     
   336.000000000000      -0.369475821846110     
   336.500000000000      -0.964164475722667     
   337.000000000000       -1.24569913932623     
   337.500000000000      -0.999278549398299     
   338.000000000000      -0.442368766955900     
   338.500000000000       2.722404024514985E-002
   339.000000000000       0.281519629222163     
   339.500000000000       0.483549276529813     
   340.000000000000       0.721059447305485     
   340.500000000000       0.848987805004977     
   341.000000000000       0.737218050633342     
   341.500000000000       0.473452748493264     
   342.000000000000       0.209427129109811     
   342.500000000000      -4.989808039026745E-002
   343.000000000000      -0.364038252022350     
   343.500000000000      -0.659021413194933     
   344.000000000000      -0.770767838416653     
   344.500000000000      -0.659092665281116     
   345.000000000000      -0.449398340661790     
   345.500000000000      -0.264090177694601     
   346.000000000000      -0.120478601036070     
   346.500000000000       6.253549375648524E-004
   347.000000000000       9.768923665506909E-002
   347.500000000000       0.197676941058842     
   348.000000000000       0.374612073797235     
   348.500000000000       0.656903701850487     
   349.000000000000       0.949539597219813     
   349.500000000000        1.07810185090915     
   350.000000000000       0.892937557283226     
   350.500000000000       0.353536174941904     
   351.000000000000      -0.412371314562580     
   351.500000000000       -1.12088120296171     
   352.000000000000       -1.48671983075371     
   352.500000000000       -1.41941353472603     
   353.000000000000       -1.03776375351863     
   353.500000000000      -0.497987716603668     
   354.000000000000       0.107706542106843     
   354.500000000000       0.672346080318147     
   355.000000000000        1.02860956157510     
   355.500000000000        1.07732427394834     
   356.000000000000       0.884460239920256     
   356.500000000000       0.565613357725331     
   357.000000000000       0.161701149168623     
   357.500000000000      -0.259482869071746     
   358.000000000000      -0.483237127673100     
   358.500000000000      -0.336261225576883     
   359.000000000000       1.251543609313252E-002
   359.500000000000       0.147741429424457     
   360.000000000000      -0.119468186308942     
   360.500000000000      -0.525858352921059     
   361.000000000000      -0.689158465022695     
   361.500000000000      -0.524290399293150     
   362.000000000000      -0.211453796605320     
   362.500000000000       0.109655878750471     
   363.000000000000       0.419202164164691     
   363.500000000000       0.649941952932752     
   364.000000000000       0.657475048815586     
   364.500000000000       0.408862358284409     
   365.000000000000       6.184440740458118E-002
   365.500000000000      -0.207655351622042     
   366.000000000000      -0.360206929552683     
   366.500000000000      -0.425221199266201     
   367.000000000000      -0.384905385750383     
   367.500000000000      -0.219137351778947     
   368.000000000000      -4.718380890867490E-003
   368.500000000000       0.136130530681475     
   369.000000000000       0.182896650181386     
   369.500000000000       0.238509780043741     
   370.000000000000       0.381625727164589     
   370.500000000000       0.534650909883596     
   371.000000000000       0.511902234816888     
   371.500000000000       0.209918003016996     
   372.000000000000      -0.254888570022380     
   372.500000000000      -0.627517005854791     
   373.000000000000      -0.756073934076741     
   373.500000000000      -0.714466880145952     
   374.000000000000      -0.634695409977785     
   374.500000000000      -0.476602761587700     
   375.000000000000      -9.650218440316546E-002
   375.500000000000       0.453797791193538     
   376.000000000000       0.866228929215183     
   376.500000000000       0.910858875649312     
   377.000000000000       0.704273254626044     
   377.500000000000       0.511437441357265     
   378.000000000000       0.380053390314251     
   378.500000000000       0.147516148534176     
   379.000000000000      -0.241743994394433     
   379.500000000000      -0.629208969939257     
   380.000000000000      -0.860027961540815     
   380.500000000000      -0.910882736599355     
   381.000000000000      -0.758421864685853     
   381.500000000000      -0.338538070184821     
   382.000000000000       0.238175001604749     
   382.500000000000       0.619286456109694     
   383.000000000000       0.564995894781625     
   383.500000000000       0.277445495606435     
   384.000000000000       0.173152157408497     
   384.500000000000       0.361208794932156     
   385.000000000000       0.533730628193484     
   385.500000000000       0.374612308701998     
   386.000000000000      -9.407004552679465E-002
   386.500000000000      -0.591041467976127     
   387.000000000000      -0.831572316076400     
   387.500000000000      -0.668461876067971     
   388.000000000000      -0.165892108106568     
   388.500000000000       0.365315001920868     
   389.000000000000       0.555239033861114     
   389.500000000000       0.333074287269826     
   390.000000000000       7.245231312814430E-003
   390.500000000000      -0.115186765578024     
   391.000000000000      -7.316977591977275E-002
   391.500000000000      -8.135203376055226E-002
   392.000000000000      -0.148001774524637     
   392.500000000000      -9.367679666141693E-002
   393.000000000000       9.559299248145037E-002
   393.500000000000       0.197146177934523     
   394.000000000000       9.427184695727447E-002
   394.500000000000      -3.489732966546985E-002
   395.000000000000       2.446199873391479E-003
   395.500000000000       0.119177750771364     
   396.000000000000       0.105621952749527     
   396.500000000000      -3.367239408161563E-002
   397.000000000000      -0.102677320006650     
   397.500000000000      -3.442462352693818E-002
   398.000000000000       9.603764522234895E-003
   398.500000000000      -0.103766551073079     
   399.000000000000      -0.278819824965399     
   399.500000000000      -0.325881048432961     
   400.000000000000      -0.198188397261211     
   400.500000000000      -9.560322234608096E-003
   401.000000000000       0.127308976171402     
   401.500000000000       0.202855696193827     
   402.000000000000       0.274963478398699     
   402.500000000000       0.384323221411143     
   403.000000000000       0.491755051831111     
   403.500000000000       0.473955465789876     
   404.000000000000       0.220864323678042     
   404.500000000000      -0.214889853604751     
   405.000000000000      -0.595361053322772     
   405.500000000000      -0.689119768867898     
   406.000000000000      -0.492672645857832     
   406.500000000000      -0.222206331046279     
   407.000000000000      -8.133055190638519E-002
   407.500000000000      -7.057276543119753E-002
   408.000000000000      -3.191788426495867E-002
   408.500000000000       0.152103641042026     
   409.000000000000       0.421404037321334     
   409.500000000000       0.583636056968753     
   410.000000000000       0.488616302284438     
   410.500000000000       0.174482511285844     
   411.000000000000      -0.151272502114187     
   411.500000000000      -0.288422871621075     
   412.000000000000      -0.210376930893691     
   412.500000000000      -5.632052978186759E-002
   413.000000000000       2.448327638329412E-002
   413.500000000000      -3.069972535137581E-003
   414.000000000000      -7.664865227445532E-002
   414.500000000000      -0.125996423329629     
   415.000000000000      -0.119606944355257     
   415.500000000000      -5.582985723220073E-002
   416.000000000000       4.331629890472709E-002
   416.500000000000       0.123424309724932     
   417.000000000000       0.117142860290748     
   417.500000000000       2.120846163823306E-003
   418.000000000000      -0.158637219341191     
   418.500000000000      -0.249846073803255     
   419.000000000000      -0.194736156408266     
   419.500000000000      -2.444094241747849E-002
   420.000000000000       0.142459244899129     
   420.500000000000       0.200182534949496     
   421.000000000000       0.150056324063019     
   421.500000000000       0.102792932809276     
   422.000000000000       0.179238462327424     
   422.500000000000       0.385285301676466     
   423.000000000000       0.566409800769789     
   423.500000000000       0.502529755553449     
   424.000000000000       9.528064343545946E-002
   424.500000000000      -0.509968690934634     
   425.000000000000       -1.00733718291533     
   425.500000000000       -1.16411337002845     
   426.000000000000      -0.970237400434229     
   426.500000000000      -0.559892224459492     
   427.000000000000      -4.595556765144716E-002
   427.500000000000       0.503006436685449     
   428.000000000000       0.961261821211714     
   428.500000000000        1.14805311575203     
   429.000000000000       0.992895309309887     
   429.500000000000       0.633182922566841     
   430.000000000000       0.278087141021170     
   430.500000000000       1.260116719145002E-002
   431.000000000000      -0.204276883815616     
   431.500000000000      -0.398020856759782     
   432.000000000000      -0.539737473639884     
   432.500000000000      -0.640136522244869     
   433.000000000000      -0.762351698716496     
   433.500000000000      -0.885358807960019     
   434.000000000000      -0.838797299602549     
   434.500000000000      -0.466726696293363     
   435.000000000000       0.161443586892831     
   435.500000000000       0.768907748566984     
   436.000000000000        1.10394737829993     
   436.500000000000        1.11895919705817     
   437.000000000000       0.928152379325920     
   437.500000000000       0.641406319623360     
   438.000000000000       0.273956428641386     
   438.500000000000      -0.183793129720083     
   439.000000000000      -0.633389873778428     
   439.500000000000      -0.859786531590459     
   440.000000000000      -0.721771901741931     
   440.500000000000      -0.351472471158657     
   441.000000000000      -7.460205026873279E-002
   441.500000000000      -7.047617916235130E-002
   442.000000000000      -0.179458183053363     
   442.500000000000      -0.142206807860694     
   443.000000000000       2.616548534267598E-002
   443.500000000000       5.876082378438052E-002
   444.000000000000      -0.142253246685002     
   444.500000000000      -0.278161598369360     
   445.000000000000       1.279282034888758E-002
   445.500000000000       0.665904980040144     
   446.000000000000        1.18916408676897     
   446.500000000000        1.16436541769144     
   447.000000000000       0.636664993768880     
   447.500000000000      -2.491820702355739E-002
   448.000000000000      -0.533769884615519     
   448.500000000000      -0.849360351965014     
   449.000000000000       -1.00318346180204     
   449.500000000000      -0.931309074856370     
   450.000000000000      -0.569224131153903     
   450.500000000000      -4.702265402055140E-002
   451.000000000000       0.337299405833797     
   451.500000000000       0.391687274981609     
   452.000000000000       0.226249765608882     
   452.500000000000       0.118271647184467     
   453.000000000000       0.206674124060059     
   453.500000000000       0.383662840013248     
   454.000000000000       0.470648749221792     
   454.500000000000       0.400982776158786     
   455.000000000000       0.197863316892856     
   455.500000000000      -0.116205413757721     
   456.000000000000      -0.481154717835354     
   456.500000000000      -0.728181015622444     
   457.000000000000      -0.681247796964336     
   457.500000000000      -0.347474737655368     
   458.000000000000       7.829370087833692E-002
   458.500000000000       0.407370246619045     
   459.000000000000       0.575485902203350     
   459.500000000000       0.578813296111786     
   460.000000000000       0.425085480743407     
   460.500000000000       0.192998537808651     
   461.000000000000       9.879256868634792E-003
   461.500000000000      -0.114096236473531     
   462.000000000000      -0.310265679129956     
   462.500000000000      -0.597009330626219     
   463.000000000000      -0.726979074542480     
   463.500000000000      -0.478608477363113     
   464.000000000000      -3.099499979345428E-002
   464.500000000000       0.191436490728182     
   465.000000000000       6.933327097009545E-002
   465.500000000000      -5.312557579952520E-002
   466.000000000000       0.142354982752128     
   466.500000000000       0.513482580920042     
   467.000000000000       0.683744613070913     
   467.500000000000       0.543838084569666     
   468.000000000000       0.300356824604431     
   468.500000000000       0.108907065996906     
   469.000000000000      -8.272222843990895E-002
   469.500000000000      -0.311695128651933     
   470.000000000000      -0.457818207880231     
   470.500000000000      -0.421357267772868     
   471.000000000000      -0.280989419031915     
   471.500000000000      -0.168918734658978     
   472.000000000000      -0.113993996502077     
   472.500000000000      -0.106891262685607     
   473.000000000000      -0.182437495256147     
   473.500000000000      -0.290125766485013     
   474.000000000000      -0.202045968441497     
   474.500000000000       0.233248075751157     
   475.000000000000       0.773918277934924     
   475.500000000000       0.943496464275532     
   476.000000000000       0.567797136819185     
   476.500000000000      -1.319206864580594E-002
   477.000000000000      -0.357381544940571     
   477.500000000000      -0.399093177079403     
   478.000000000000      -0.386007113117495     
   478.500000000000      -0.451681166926729     
   479.000000000000      -0.446451451227449     
   479.500000000000      -0.192215941067857     
   480.000000000000       0.258498135212185     
   480.500000000000       0.680308288075653     
   481.000000000000       0.882582475877040     
   481.500000000000       0.781105428406831     
   482.000000000000       0.353299523426510     
   482.500000000000      -0.337391414625034     
   483.000000000000       -1.05894330353259     
   483.500000000000       -1.46051099748062     
   484.000000000000       -1.29782967878890     
   484.500000000000      -0.624069729834634     
   485.000000000000       0.251328466145547     
   485.500000000000       0.976620109652985     
   486.000000000000        1.33179494730983     
   486.500000000000        1.26470760551782     
   487.000000000000       0.861297345128420     
   487.500000000000       0.310753915114985     
   488.000000000000      -0.174825262214659     
   488.500000000000      -0.485825745050875     
   489.000000000000      -0.653317388927931     
   489.500000000000      -0.724925011133573     
   490.000000000000      -0.645933077875303     
   490.500000000000      -0.353655512277027     
   491.000000000000       2.429170943008724E-002
   491.500000000000       0.202034143426099     
   492.000000000000       4.390268679162908E-002
   492.500000000000      -0.244875820803091     
   493.000000000000      -0.337485927178629     
   493.500000000000      -0.141863129788920     
   494.000000000000       0.174792825761617     
   494.500000000000       0.471429691181056     
   495.000000000000       0.768698393527675     
   495.500000000000        1.05487419864807     
   496.000000000000        1.12218664633779     
   496.500000000000       0.743440112415027     
   497.000000000000      -3.765991277443533E-002
   497.500000000000      -0.899493424465696     
   498.000000000000       -1.49670963066918     
   498.500000000000       -1.64199700267074     
   499.000000000000       -1.30665879930336     
   499.500000000000      -0.613676000314314     
   500.000000000000       0.142169808323038     
   500.500000000000       0.632475504731139     
   501.000000000000       0.776412752356883     
   501.500000000000       0.814184450146091     
   502.000000000000       0.987665935841821     
   502.500000000000        1.18414927926476     
   503.000000000000        1.02313438091423     
   503.500000000000       0.323461057578527     
   504.000000000000      -0.608765457814162     
   504.500000000000       -1.22076955665102     
   505.000000000000       -1.20774295122363     
   505.500000000000      -0.733949202633860     
   506.000000000000      -0.208038781034794     
   506.500000000000       8.979181619566418E-002
   507.000000000000       0.160315455636728     
   507.500000000000       0.153037539940527     
   508.000000000000       0.166550541094698     
   508.500000000000       0.186837314207549     
   509.000000000000       0.159953185643183     
   509.500000000000       6.886765129361670E-002
   510.000000000000      -5.003582650961615E-002
   510.500000000000      -0.117176179022619     
   511.000000000000      -3.770845254357361E-002
   511.500000000000       0.212609662859881     
   512.000000000000       0.491540583705566     
   512.500000000000       0.543865976959532     
   513.000000000000       0.241558153789629     
   513.500000000000      -0.230578764662830     
   514.000000000000      -0.508380946844530     
   514.500000000000      -0.405115159439339     
   515.000000000000      -9.561112050022730E-002
   515.500000000000       8.334956323866365E-002
   516.000000000000      -1.934350758729160E-002
   516.500000000000      -0.250871896238143     
   517.000000000000      -0.347857793793476     
   517.500000000000      -0.201282792705171     
   518.000000000000       5.934027554820195E-002
   518.500000000000       0.206214474960685     
   519.000000000000       0.134531425420032     
   519.500000000000      -3.651067913545018E-002
   520.000000000000      -8.801031400801052E-002
   520.500000000000       6.511620213316904E-002
   521.000000000000       0.291561419262390     
   521.500000000000       0.414272677477195     
   522.000000000000       0.415825977333088     
   522.500000000000       0.408684485150797     
   523.000000000000       0.424705421269469     
   523.500000000000       0.331293293771648     
   524.000000000000      -1.844831543859198E-003
   524.500000000000      -0.509560200704557     
   525.000000000000      -0.955757644462225     
   525.500000000000       -1.12752397493409     
   526.000000000000      -0.979162276409358     
   526.500000000000      -0.622259090242403     
   527.000000000000      -0.217818720593691     
   527.500000000000       0.141086405383050     
   528.000000000000       0.475484804792890     
   528.500000000000       0.834991161703885     
   529.000000000000        1.15114802122991     
   529.500000000000        1.23267480067794     
   530.000000000000       0.967870689586160     
   530.500000000000       0.487236448818181     
   531.000000000000       3.355184796791787E-002
   531.500000000000      -0.310259724524897     
   532.000000000000      -0.650942796517859     
   532.500000000000       -1.02803348746594     
   533.000000000000       -1.25928636978405     
   533.500000000000       -1.13093804314628     
   534.000000000000      -0.663609451481889     
   534.500000000000      -9.224819718558343E-002
   535.000000000000       0.366432636309297     
   535.500000000000       0.629947268287866     
   536.000000000000       0.688766553593153     
   536.500000000000       0.573752201134092     
   537.000000000000       0.394489173761164     
   537.500000000000       0.281596326371569     
   538.000000000000       0.246069742386493     
   538.500000000000       0.191459436282485     
   539.000000000000       9.319764967880731E-002
   539.500000000000       3.687800747598925E-002
   540.000000000000       1.704269676631751E-002
   540.500000000000      -0.140504359159066     
   541.000000000000      -0.499899670692205     
   541.500000000000      -0.776263412268928     
   542.000000000000      -0.607743478997648     
   542.500000000000      -5.639800101628478E-002
   543.000000000000       0.388069950832402     
   543.500000000000       0.371186076194321     
   544.000000000000       5.041104597616428E-002
   544.500000000000      -0.188579673949839     
   545.000000000000      -0.200968811153291     
   545.500000000000      -9.948363253771184E-002
   546.000000000000       3.796170639125008E-002
   546.500000000000       0.223434103016096     
   547.000000000000       0.379904643241057     
   547.500000000000       0.374139245515151     
   548.000000000000       0.257301187177264     
   548.500000000000       0.225348189532401     
   549.000000000000       0.257972322862813     
   549.500000000000       5.132625881692602E-002
   550.000000000000      -0.510054933496448     
   550.500000000000       -1.02096612071689     
   551.000000000000      -0.963406825314907     
   551.500000000000      -0.351196441416594     
   552.000000000000       0.306182006993157     
   552.500000000000       0.649770401728668     
   553.000000000000       0.780563551332736     
   553.500000000000       0.870262626726591     
   554.000000000000       0.789548883734999     
   554.500000000000       0.347620258872609     
   555.000000000000      -0.301515650502658     
   555.500000000000      -0.780244984561104     
   556.000000000000      -0.951727558724737     
   556.500000000000       -1.00368248349049     
   557.000000000000       -1.05274142848800     
   557.500000000000      -0.903805086164121     
   558.000000000000      -0.319922933478864     
   558.500000000000       0.602232644161037     
   559.000000000000        1.44563531262408     
   559.500000000000        1.80676018817800     
   560.000000000000        1.56450027706758     
   560.500000000000       0.906178292448087     
   561.000000000000       0.174660486056080     
   561.500000000000      -0.363123474844463     
   562.000000000000      -0.684001358447365     
   562.500000000000      -0.939625611997481     
   563.000000000000       -1.19711142342407     
   563.500000000000       -1.30881772309728     
   564.000000000000       -1.09094015598670     
   564.500000000000      -0.565512961443592     
   565.000000000000       5.108193268282844E-002
   565.500000000000       0.549162705545258     
   566.000000000000       0.837261742350287     
   566.500000000000       0.914652384665684     
   567.000000000000       0.848681973641377     
   567.500000000000       0.750714496584618     
   568.000000000000       0.654356969004290     
   568.500000000000       0.430843952343905     
   569.000000000000      -4.113362860789930E-002
   569.500000000000      -0.614094832324080     
   570.000000000000      -0.934546351926405     
   570.500000000000      -0.824585126825066     
   571.000000000000      -0.465446859148100     
   571.500000000000      -0.127549682960688     
   572.000000000000       0.129130130421241     
   572.500000000000       0.350820584975314     
   573.000000000000       0.429516982702853     
   573.500000000000       0.186584234952182     
   574.000000000000      -0.290491894694744     
   574.500000000000      -0.609575039070341     
   575.000000000000      -0.464485722282472     
   575.500000000000       4.304340934774122E-002
   576.000000000000       0.533625014319600     
   576.500000000000       0.711974685180480     
   577.000000000000       0.549253566992459     
   577.500000000000       0.213459861303567     
   578.000000000000      -7.996686821718746E-002
   578.500000000000      -0.199670215933818     
   579.000000000000      -0.175976505346651     
   579.500000000000      -0.145351961305677     
   580.000000000000      -0.183060987936460     
   580.500000000000      -0.224465620256471     
   581.000000000000      -0.182818989185401     
   581.500000000000      -8.504362623207885E-002
   582.000000000000      -3.101558357721248E-002
   582.500000000000      -6.375085523953411E-002
   583.000000000000      -0.138822725776597     
   583.500000000000      -0.174983394661096     
   584.000000000000      -7.616300127298031E-002
   584.500000000000       0.224118724143961     
   585.000000000000       0.635115159755931     
   585.500000000000       0.878969085408856     
   586.000000000000       0.728605597053793     
   586.500000000000       0.271102861060693     
   587.000000000000      -0.194136566016312     
   587.500000000000      -0.519305528026012     
   588.000000000000      -0.811493121359393     
   588.500000000000       -1.12857951371463     
   589.000000000000       -1.25206174042396     
   589.500000000000      -0.908323422108388     
   590.000000000000      -0.128648527712085     
   590.500000000000       0.744784369957899     
   591.000000000000        1.35987677796187     
   591.500000000000        1.55069299271920     
   592.000000000000        1.30923554670192     
   592.500000000000       0.745540400150053     
   593.000000000000       9.540975285682585E-002
   593.500000000000      -0.385420575727591     
   594.000000000000      -0.617755540757660     
   594.500000000000      -0.728176715166950     
   595.000000000000      -0.849541701058148     
   595.500000000000      -0.960181247928934     
   596.000000000000      -0.946732210550837     
   596.500000000000      -0.744814544893522     
   597.000000000000      -0.368892167627031     
   597.500000000000       0.129496319326434     
   598.000000000000       0.667509203697925     
   598.500000000000        1.12450781354539     
   599.000000000000        1.37230870667157     
   599.500000000000        1.30692553067290     
   600.000000000000       0.879286109233917     
   600.500000000000       0.178657759922000     
   601.000000000000      -0.514379709373638     
   601.500000000000      -0.886655466532608     
   602.000000000000      -0.877900274951728     
   602.500000000000      -0.720125026680858     
   603.000000000000      -0.623410174466747     
   603.500000000000      -0.526959622622547     
   604.000000000000      -0.266808056962470     
   604.500000000000       0.115847736245511     
   605.000000000000       0.399127061338192     
   605.500000000000       0.462822907169374     
   606.000000000000       0.377774068865963     
   606.500000000000       0.236696461516834     
   607.000000000000       7.767329004566972E-002
   607.500000000000      -1.536910860770863E-002
   608.000000000000       6.459190872549457E-002
   608.500000000000       0.258602779556287     
   609.000000000000       0.350460847032829     
   609.500000000000       0.252758306427118     
   610.000000000000       0.118680371628978     
   610.500000000000       6.260746379540266E-002
   611.000000000000      -4.799431519596117E-002
   611.500000000000      -0.352741497884972     
   612.000000000000      -0.707503689295534     
   612.500000000000      -0.853442323981072     
   613.000000000000      -0.764495493310557     
   613.500000000000      -0.576393868903717     
   614.000000000000      -0.255355127737986     
   614.500000000000       0.338495854913363     
   615.000000000000        1.04196994459009     
   615.500000000000        1.38695046303286     
   616.000000000000        1.14983817712594     
   616.500000000000       0.631200014856080     
   617.000000000000       0.207090789889266     
   617.500000000000      -0.144737953937327     
   618.000000000000      -0.615922810363905     
   618.500000000000       -1.07589829994955     
   619.000000000000       -1.16644232153730     
   619.500000000000      -0.823494687560983     
   620.000000000000      -0.364472196524093     
   620.500000000000      -2.854377599741267E-002
   621.000000000000       0.261189672680207     
   621.500000000000       0.588941002132004     
   622.000000000000       0.792908906746130     
   622.500000000000       0.702586270733699     
   623.000000000000       0.425237773387578     
   623.500000000000       0.190606586586468     
   624.000000000000       4.263091680729802E-002
   624.500000000000      -0.120243520123870     
   625.000000000000      -0.300355790488111     
   625.500000000000      -0.401052304732910     
   626.000000000000      -0.411719136579185     
   626.500000000000      -0.395348736849294     
   627.000000000000      -0.323925209582650     
   627.500000000000      -0.122522150154614     
   628.000000000000       0.131124714396917     
   628.500000000000       0.256395777280261     
   629.000000000000       0.246548873763218     
   629.500000000000       0.286717293737737     
   630.000000000000       0.422817038545699     
   630.500000000000       0.420944969097173     
   631.000000000000       0.101775508658730     
   631.500000000000      -0.341037373582237     
   632.000000000000      -0.540357992665308     
   632.500000000000      -0.387876140709300     
   633.000000000000      -9.587166749246499E-002
   633.500000000000       0.112651169234174     
   634.000000000000       0.189077033193953     
   634.500000000000       0.151845836366553     
   635.000000000000      -3.002452710304913E-003
   635.500000000000      -0.213173091324327     
   636.000000000000      -0.311775124673246     
   636.500000000000      -0.179810236667946     
   637.000000000000       0.121512119025912     
   637.500000000000       0.422427836234635     
   638.000000000000       0.587190649063749     
   638.500000000000       0.551800782729555     
   639.000000000000       0.311527877615288     
   639.500000000000      -5.084844467883012E-002
   640.000000000000      -0.380454028353687     
   640.500000000000      -0.571069294847937     
   641.000000000000      -0.638060115896537     
   641.500000000000      -0.619112287049306     
   642.000000000000      -0.465886636018271     
   642.500000000000      -0.132707157866779     
   643.000000000000       0.259324733242152     
   643.500000000000       0.472506470321814     
   644.000000000000       0.407948311814017     
   644.500000000000       0.238058322190248     
   645.000000000000       0.231250584679792     
   645.500000000000       0.467869281252188     
   646.000000000000       0.748286100326854     
   646.500000000000       0.759184817198778     
   647.000000000000       0.335739628695760     
   647.500000000000      -0.383756574890383     
   648.000000000000       -1.03343126027653     
   648.500000000000       -1.28706641895012     
   649.000000000000       -1.09293914446450     
   649.500000000000      -0.651595271664098     
   650.000000000000      -0.184427167795892     
   650.500000000000       0.224360112499533     
   651.000000000000       0.564712860474572     
   651.500000000000       0.784251925677465     
   652.000000000000       0.817891564756633     
   652.500000000000       0.692831143813689     
   653.000000000000       0.512062648300063     
   653.500000000000       0.324931730686276     
   654.000000000000       8.050636778953897E-002
   654.500000000000      -0.265758708296630     
   655.000000000000      -0.644166561880420     
   655.500000000000      -0.898356866847889     
   656.000000000000      -0.897269100043218     
   656.500000000000      -0.612422442086535     
   657.000000000000      -0.131378327388507     
   657.500000000000       0.368625730446925     
   658.000000000000       0.695707513804509     
   658.500000000000       0.757826161262471     
   659.000000000000       0.622112807262275     
   659.500000000000       0.434497673256071     
   660.000000000000       0.267416102477263     
   660.500000000000       6.495756219680593E-002
   661.000000000000      -0.251311111343077     
   661.500000000000      -0.643693660927186     
   662.000000000000      -0.949486389662698     
   662.500000000000       -1.00680724374665     
   663.000000000000      -0.773547108161563     
   663.500000000000      -0.330575318609929     
   664.000000000000       0.196713052919952     
   664.500000000000       0.698022460453475     
   665.000000000000        1.08247667944466     
   665.500000000000        1.26773071113858     
   666.000000000000        1.18968208801716     
   666.500000000000       0.830026839436170     
   667.000000000000       0.249435367923673     
   667.500000000000      -0.396762947809341     
   668.000000000000      -0.910271151178404     
   668.500000000000       -1.17355319251640     
   669.000000000000       -1.22493607039059     
   669.500000000000       -1.15951237536464     
   670.000000000000      -0.954964092072564     
   670.500000000000      -0.486316542085440     
   671.000000000000       0.232424363388449     
   671.500000000000       0.914452406580517     
   672.000000000000        1.23378198629741     
   672.500000000000        1.16599036423447     
   673.000000000000       0.966059686710559     
   673.500000000000       0.803435020964342     
   674.000000000000       0.575810547043756     
   674.500000000000       0.153626049845089     
   675.000000000000      -0.349018660339586     
   675.500000000000      -0.708417831164822     
   676.000000000000      -0.909962850088977     
   676.500000000000       -1.12753334351666     
   677.000000000000       -1.37040093752511     
   677.500000000000       -1.34187125519139     
   678.000000000000      -0.764555705088584     
   678.500000000000       0.242279949253913     
   679.000000000000        1.21314145297767     
   679.500000000000        1.72596260132486     
   680.000000000000        1.68064427857622     
   680.500000000000        1.25338893590901     
   681.000000000000       0.686276738664373     
   681.500000000000       0.131566088654451     
   682.000000000000      -0.370802784862842     
   682.500000000000      -0.811604342611083     
   683.000000000000       -1.12782383389440     
   683.500000000000       -1.23331658069094     
   684.000000000000       -1.13449990496390     
   684.500000000000      -0.935794686809676     
   685.000000000000      -0.673621212459868     
   685.500000000000      -0.227165388458746     
   686.000000000000       0.487031374135635     
   686.500000000000        1.26632126053318     
   687.000000000000        1.71358046490699     
   687.500000000000        1.61357317662353     
   688.000000000000        1.11231356486306     
   688.500000000000       0.486088903821017     
   689.000000000000      -0.142836166139831     
   689.500000000000      -0.771894644541088     
   690.000000000000       -1.30680130299825     
   690.500000000000       -1.54084884085982     
   691.000000000000       -1.34822484485391     
   691.500000000000      -0.804706657701437     
   692.000000000000      -0.108883087415957     
   692.500000000000       0.543105755765531     
   693.000000000000       0.999207344248920     
   693.500000000000        1.15209573267533     
   694.000000000000       0.959526976970451     
   694.500000000000       0.474601511347273     
   695.000000000000      -0.127580151813110     
   695.500000000000      -0.562944045078232     
   696.000000000000      -0.584652815187833     
   696.500000000000      -0.227096026794960     
   697.000000000000       0.145050809813600     
   697.500000000000       0.175404316862656     
   698.000000000000      -9.118843832298197E-002
   698.500000000000      -0.290513105694442     
   699.000000000000      -0.224750731304040     
   699.500000000000      -7.905096169079827E-002
   700.000000000000      -6.912020939223719E-002
   700.500000000000      -8.300091832824631E-002
   701.000000000000       0.111600852073503     
   701.500000000000       0.427427800996715     
   702.000000000000       0.510294073292436     
   702.500000000000       0.238170174970809     
   703.000000000000      -9.655663257034661E-002
   703.500000000000      -0.198589974676274     
   704.000000000000      -0.139700192305497     
   704.500000000000      -0.156703713486725     
   705.000000000000      -0.256485093409921     
   705.500000000000      -0.252727768291968     
   706.000000000000      -0.111529181304404     
   706.500000000000      -5.953876094022629E-003
   707.000000000000      -8.804072208292865E-003
   707.500000000000       4.087190457010056E-002
   708.000000000000       0.264656699627746     
   708.500000000000       0.503346767053710     
   709.000000000000       0.493860171986324     
   709.500000000000       0.203863449345737     
   710.000000000000      -0.144427401331855     
   710.500000000000      -0.345677076125866     
   711.000000000000      -0.388557983855752     
   711.500000000000      -0.374863079454058     
   712.000000000000      -0.371451154849225     
   712.500000000000      -0.362771640353761     
   713.000000000000      -0.274022896411137     
   713.500000000000      -2.435518186058708E-002
   714.000000000000       0.373805058452956     
   714.500000000000       0.751090080814813     
   715.000000000000       0.891294130801935     
   715.500000000000       0.740724163901611     
   716.000000000000       0.445331406681664     
   716.500000000000       0.145484279371493     
   717.000000000000      -0.184638082427335     
   717.500000000000      -0.618524708058071     
   718.000000000000       -1.06425838193509     
   718.500000000000       -1.28593553006594     
   719.000000000000       -1.13323371110296     
   719.500000000000      -0.658883415887007     
   720.000000000000      -1.401368340976822E-002
   720.500000000000       0.654813598395548     
   721.000000000000        1.17337552215592     
   721.500000000000        1.34994630130633     
   722.000000000000        1.14695707913125     
   722.500000000000       0.773660276550969     
   723.000000000000       0.462367080409141     
   723.500000000000       0.171751310357072     
   724.000000000000      -0.328512903972460     
   724.500000000000       -1.03961133638209     
   725.000000000000       -1.56254402496609     
   725.500000000000       -1.47545530459426     
   726.000000000000      -0.806598222573213     
   726.500000000000      -6.255807274660623E-003
   727.000000000000       0.508196734273974     
   727.500000000000       0.654865080719818     
   728.000000000000       0.583228042072926     
   728.500000000000       0.461756715098900     
   729.000000000000       0.417322223849729     
   729.500000000000       0.501441745085114     
   730.000000000000       0.581262838526449     
   730.500000000000       0.388405582962490     
   731.000000000000      -0.145980170911068     
   731.500000000000      -0.669876415511011     
   732.000000000000      -0.731811132982139     
   732.500000000000      -0.336848800910636     
   733.000000000000       2.141482526523093E-002
   733.500000000000      -3.533077185508480E-002
   734.000000000000      -0.321697608284983     
   734.500000000000      -0.396353401155560     
   735.000000000000      -0.164719817509785     
   735.500000000000       7.315664590592534E-002
   736.000000000000       0.133467054299932     
   736.500000000000       0.213657597766858     
   737.000000000000       0.520500632760352     
   737.500000000000       0.847350336341698     
   738.000000000000       0.764959249151462     
   738.500000000000       0.185199538930983     
   739.000000000000      -0.483412958297603     
   739.500000000000      -0.791673369863987     
   740.000000000000      -0.697291732169023     
   740.500000000000      -0.460954845499712     
   741.000000000000      -0.230884302146095     
   741.500000000000       8.184340696961330E-002
   742.000000000000       0.522202232467100     
   742.500000000000       0.866005373593066     
   743.000000000000       0.796296798033371     
   743.500000000000       0.256108203679795     
   744.000000000000      -0.465964027759894     
   744.500000000000      -0.989784909406964     
   745.000000000000       -1.11262597530093     
   745.500000000000      -0.846422028390806     
   746.000000000000      -0.316342635329933     
   746.500000000000       0.296166043311457     
   747.000000000000       0.781529873133651     
   747.500000000000        1.00106094516960     
   748.000000000000       0.981851860742612     
   748.500000000000       0.844081740940379     
   749.000000000000       0.619742663388822     
   749.500000000000       0.225424576465917     
   750.000000000000      -0.341976745592312     
   750.500000000000      -0.869974963361393     
   751.000000000000       -1.09640610951176     
   751.500000000000      -0.987974432651824     
   752.000000000000      -0.750573304786080     
   752.500000000000      -0.546940991801123     
   753.000000000000      -0.304346902546649     
   753.500000000000       0.130699682911528     
   754.000000000000       0.707622240319123     
   754.500000000000        1.13570942424052     
   755.000000000000        1.14122304318228     
   755.500000000000       0.716303985395325     
   756.000000000000       0.116319099901870     
   756.500000000000      -0.340521113820357     
   757.000000000000      -0.471123091090055     
   757.500000000000      -0.306945763235512     
   758.000000000000      -5.381861253920567E-002
   758.500000000000       3.691207173653967E-002
   759.000000000000      -0.160337566701225     
   759.500000000000      -0.526854106002722     
   760.000000000000      -0.744674468616682     
   760.500000000000      -0.523423560328495     
   761.000000000000       0.135383554635342     
   761.500000000000       0.867500449369281     
   762.000000000000        1.18108000787435     
   762.500000000000       0.837482707685928     
   763.000000000000       4.665722626914674E-002
   763.500000000000      -0.705495129480305     
   764.000000000000       -1.03049925694498     
   764.500000000000      -0.868140344562578     
   765.000000000000      -0.417822060779073     
   765.500000000000       7.661905178571025E-002
   766.000000000000       0.457595158170328     
   766.500000000000       0.650391291031933     
   767.000000000000       0.636315340521308     
   767.500000000000       0.467064149656935     
   768.000000000000       0.257484644501434     
   768.500000000000       9.806675334999196E-002
   769.000000000000      -3.665084051757388E-002
   769.500000000000      -0.248497022989003     
   770.000000000000      -0.551833574633856     
   770.500000000000      -0.780228092629347     
   771.000000000000      -0.718870084093469     
   771.500000000000      -0.340954815281508     
   772.000000000000       0.141576984424862     
   772.500000000000       0.491135752872079     
   773.000000000000       0.652832321404970     
   773.500000000000       0.697976218562226     
   774.000000000000       0.624649492099104     
   774.500000000000       0.342249942682404     
   775.000000000000      -0.126840881090612     
   775.500000000000      -0.553007063494881     
   776.000000000000      -0.700073322156573     
   776.500000000000      -0.569432318125437     
   777.000000000000      -0.361784395324538     
   777.500000000000      -0.227937440247839     
   778.000000000000      -0.143831260571100     
   778.500000000000      -1.711482287821541E-002
   779.000000000000       0.182708528224443     
   779.500000000000       0.423479620013453     
   780.000000000000       0.653533700680354     
   780.500000000000       0.796077761281057     
   781.000000000000       0.758740962656974     
   781.500000000000       0.507180752580619     
   782.000000000000       0.105662737338200     
   782.500000000000      -0.343413124992785     
   783.000000000000      -0.759681693526491     
   783.500000000000       -1.05392799758060     
   784.000000000000       -1.10151757323458     
   784.500000000000      -0.832519381122228     
   785.000000000000      -0.343783170814658     
   785.500000000000       0.139055572260212     
   786.000000000000       0.428101907647153     
   786.500000000000       0.493311089568715     
   787.000000000000       0.454665093186589     
   787.500000000000       0.491812799372285     
   788.000000000000       0.704957708781057     
   788.500000000000       0.977943553457795     
   789.000000000000        1.00470729864643     
   789.500000000000       0.560117258630942     
   790.000000000000      -0.233029300446711     
   790.500000000000      -0.982501716680599     
   791.000000000000       -1.37888145525989     
   791.500000000000       -1.38434715011189     
   792.000000000000       -1.08755000408328     
   792.500000000000      -0.549710663918293     
   793.000000000000       0.108878611008611     
   793.500000000000       0.628403720080511     
   794.000000000000       0.811149711880463     
   794.500000000000       0.754782974105340     
   795.000000000000       0.708681818081171     
   795.500000000000       0.712197479682646     
   796.000000000000       0.558951473839944     
   796.500000000000       0.148854181437687     
   797.000000000000      -0.316263777975500     
   797.500000000000      -0.582429171073082     
   798.000000000000      -0.630094661178076     
   798.500000000000      -0.580348631544865     
   799.000000000000      -0.450617483687521     
   799.500000000000      -0.191103928424717     
   800.000000000000       0.105475033177223     
   800.500000000000       0.242824237877919     
   801.000000000000       0.185862704288554     
   801.500000000000       0.114044624496057     
   802.000000000000       0.161670462381658     
   802.500000000000       0.249253941989412     
   803.000000000000       0.236027531829733     
   803.500000000000       0.104327724009729     
   804.000000000000      -9.062603600475909E-002
   804.500000000000      -0.315876495258046     
   805.000000000000      -0.477359990441026     
   805.500000000000      -0.366681495160275     
   806.000000000000       0.106540196514065     
   806.500000000000       0.665752066695823     
   807.000000000000       0.857444687698453     
   807.500000000000       0.533810885192590     
   808.000000000000      -9.386720110005960E-003
   808.500000000000      -0.420603878991740     
   809.000000000000      -0.638047140759000     
   809.500000000000      -0.745231171942206     
   810.000000000000      -0.676328160402352     
   810.500000000000      -0.307798664051297     
   811.000000000000       0.217221975661751     
   811.500000000000       0.524027856798739     
   812.000000000000       0.445309635770878     
   812.500000000000       0.231880879946501     
   813.000000000000       0.192364247556488     
   813.500000000000       0.266252899966965     
   814.000000000000       0.149717683259839     
   814.500000000000      -0.209977228153253     
   815.000000000000      -0.467958209339311     
   815.500000000000      -0.298366523920599     
   816.000000000000       0.189492660204238     
   816.500000000000       0.564759131477079     
   817.000000000000       0.532656459984003     
   817.500000000000       0.175747225415385     
   818.000000000000      -0.217165078456297     
   818.500000000000      -0.445475474993987     
   819.000000000000      -0.507615531913661     
   819.500000000000      -0.505834565751336     
   820.000000000000      -0.489387804720354     
   820.500000000000      -0.376087394297668     
   821.000000000000      -4.072999930216997E-002
   821.500000000000       0.478102248522543     
   822.000000000000       0.892584259804103     
   822.500000000000       0.887555666395337     
   823.000000000000       0.453025675856078     
   823.500000000000      -8.853962722579628E-002
   824.000000000000      -0.419464342135970     
   824.500000000000      -0.496423409799131     
   825.000000000000      -0.436803465163347     
   825.500000000000      -0.280839322872939     
   826.000000000000      -2.474649561927302E-002
   826.500000000000       0.194420269361881     
   827.000000000000       0.179083051456566     
   827.500000000000      -2.170677288584543E-002
   828.000000000000      -8.464092892526129E-002
   828.500000000000       0.186176531959603     
   829.000000000000       0.561082994271723     
   829.500000000000       0.634071006835992     
   830.000000000000       0.289870566994059     
   830.500000000000      -0.225432963101077     
   831.000000000000      -0.638857796012965     
   831.500000000000      -0.869136274736349     
   832.000000000000      -0.909145819459353     
   832.500000000000      -0.694285858480969     
   833.000000000000      -0.206243128878657     
   833.500000000000       0.391585452121238     
   834.000000000000       0.840062860989799     
   834.500000000000       0.983245600808162     
   835.000000000000       0.837913491158279     
   835.500000000000       0.525295474810625     
   836.000000000000       0.194099495852940     
   836.500000000000      -4.776222064969122E-002
   837.000000000000      -0.205065526328412     
   837.500000000000      -0.369366758529163     
   838.000000000000      -0.565515889828784     
   838.500000000000      -0.675632360079519     
   839.000000000000      -0.591415328625839     
   839.500000000000      -0.386378154202989     
   840.000000000000      -0.226489777451253     
   840.500000000000      -0.138005215116037     
   841.000000000000       1.117054304138050E-002
   841.500000000000       0.296473553737405     
   842.000000000000       0.626016102564591     
   842.500000000000       0.865248243447152     
   843.000000000000       0.945094965439219     
   843.500000000000       0.807797267924393     
   844.000000000000       0.397073457269339     
   844.500000000000      -0.193209090383891     
   845.000000000000      -0.682350577410886     
   845.500000000000      -0.863950346643694     
   846.000000000000      -0.838889839833670     
   846.500000000000      -0.841461414320626     
   847.000000000000      -0.880794155301837     
   847.500000000000      -0.730128180067606     
   848.000000000000      -0.273570910043846     
   848.500000000000       0.322278249970301     
   849.000000000000       0.842680007453508     
   849.500000000000        1.25482867402659     
   850.000000000000        1.57534143104861     
   850.500000000000        1.63971202974406     
   851.000000000000        1.20474173870566     
   851.500000000000       0.279747976743792     
   852.000000000000      -0.784609945022467     
   852.500000000000       -1.57520289769667     
   853.000000000000       -1.90149369341432     
   853.500000000000       -1.79160198037533     
   854.000000000000       -1.32424077866343     
   854.500000000000      -0.567497738829813     
   855.000000000000       0.336049240242001     
   855.500000000000        1.11175734344693     
   856.000000000000        1.45492863355451     
   856.500000000000        1.24107239281015     
   857.000000000000       0.655975916163906     
   857.500000000000       8.579789110181096E-002
   858.000000000000      -0.174002365380392     
   858.500000000000      -0.115700191704546     
   859.000000000000       6.980639540338253E-002
   859.500000000000       0.221361918304228     
   860.000000000000       0.283822424799681     
   860.500000000000       0.208633996993379     
   861.000000000000      -7.446537518296353E-002
   861.500000000000      -0.523190790715605     
   862.000000000000      -0.917386091890586     
   862.500000000000       -1.03560984848981     
   863.000000000000      -0.871617562334061     
   863.500000000000      -0.594135813524438     
   864.000000000000      -0.308862290279958     
   864.500000000000       4.511433601297226E-002
   865.000000000000       0.538600344745358     
   865.500000000000        1.07042927494646     
   866.000000000000        1.40378381063199     
   866.500000000000        1.36395315917911     
   867.000000000000       0.967304554344071     
   867.500000000000       0.376436547379016     
   868.000000000000      -0.228258016877988     
   868.500000000000      -0.730481017613501     
   869.000000000000       -1.07515335059938     
   869.500000000000       -1.22965164568901     
   870.000000000000       -1.16768070226649     
   870.500000000000      -0.885445068714144     
   871.000000000000      -0.420057355350564     
   871.500000000000       0.147308097269469     
   872.000000000000       0.696297370894497     
   872.500000000000        1.08878831597088     
   873.000000000000        1.22440128409711     
   873.500000000000        1.09042616134614     
   874.000000000000       0.734726959913420     
   874.500000000000       0.194890610762906     
   875.000000000000      -0.482326222825645     
   875.500000000000       -1.12633985355464     
   876.000000000000       -1.44326673982939     
   876.500000000000       -1.24654268777745     
   877.000000000000      -0.668584414453474     
   877.500000000000      -3.927274919215011E-002
   878.000000000000       0.446716327278522     
   878.500000000000       0.833791916023097     
   879.000000000000        1.16907539927897     
   879.500000000000        1.31759592909142     
   880.000000000000        1.11543971922521     
   880.500000000000       0.606162709953639     
   881.000000000000      -4.738495026211971E-003
   881.500000000000      -0.576083196298311     
   882.000000000000       -1.07930301412852     
   882.500000000000       -1.44900965703132     
   883.000000000000       -1.53609293490875     
   883.500000000000       -1.24853867399347     
   884.000000000000      -0.646080715917448     
   884.500000000000       0.122016976690147     
   885.000000000000       0.873107894624553     
   885.500000000000        1.37550585822654     
   886.000000000000        1.43006473291474     
   886.500000000000        1.06959818576734     
   887.000000000000       0.590675102417859     
   887.500000000000       0.280714897708617     
   888.000000000000       0.153041296225303     
   888.500000000000       1.710192491347029E-002
   889.000000000000      -0.258495721918020     
   889.500000000000      -0.640838201903736     
   890.000000000000       -1.01379440346414     
   890.500000000000       -1.23228452667450     
   891.000000000000       -1.13629718675436     
   891.500000000000      -0.667695351870820     
   892.000000000000       1.526705631186587E-003
   892.500000000000       0.572318717148449     
   893.000000000000       0.878523034005552     
   893.500000000000       0.951758399892273     
   894.000000000000       0.834201800583806     
   894.500000000000       0.488818304349150     
   895.000000000000      -3.119239540741776E-002
   895.500000000000      -0.467979378304614     
   896.000000000000      -0.555861675488362     
   896.500000000000      -0.282128367375744     
   897.000000000000       0.137327966449152     
   897.500000000000       0.474838551206374     
   898.000000000000       0.586443296999777     
   898.500000000000       0.382085674169759     
   899.000000000000      -0.117838586962894     
   899.500000000000      -0.683699117729298     
   900.000000000000      -0.979350248673513     
   900.500000000000      -0.833902677169543     
   901.000000000000      -0.364618126140575     
   901.500000000000       0.164737132741051     
   902.000000000000       0.529589456579378     
   902.500000000000       0.612817083852922     
   903.000000000000       0.429928403359004     
   903.500000000000       0.141096898143325     
   904.000000000000      -5.675309290327353E-002
   904.500000000000      -0.104421040747239     
   905.000000000000      -8.097854288602564E-002
   905.500000000000      -2.422579451457744E-002
   906.000000000000       0.116943280922906     
   906.500000000000       0.300986872685141     
   907.000000000000       0.328801690493439     
   907.500000000000       9.588700898375635E-002
   908.000000000000      -0.210027614332573     
   908.500000000000      -0.335041239508670     
   909.000000000000      -0.302677709771910     
   909.500000000000      -0.330282768710629     
   910.000000000000      -0.437795282134403     
   910.500000000000      -0.379531809648587     
   911.000000000000      -2.673239379406530E-002
   911.500000000000       0.390830383543514     
   912.000000000000       0.556703082142031     
   912.500000000000       0.442552427021035     
   913.000000000000       0.266348650113899     
   913.500000000000       0.168607457518953     
   914.000000000000       8.898089275270257E-002
   914.500000000000      -6.486847648376905E-002
   915.000000000000      -0.262247073211922     
   915.500000000000      -0.382143138599023     
   916.000000000000      -0.328176666141796     
   916.500000000000      -0.111608861515236     
   917.000000000000       0.130449863262739     
   917.500000000000       0.226998386174353     
   918.000000000000       0.138244318791228     
   918.500000000000      -8.355519845820527E-003
   919.000000000000      -9.661301622685499E-002
   919.500000000000      -0.160023458699604     
   920.000000000000      -0.252230826829419     
   920.500000000000      -0.273200375281853     
   921.000000000000      -8.917001802106765E-002
   921.500000000000       0.217666485583224     
   922.000000000000       0.412321959349511     
   922.500000000000       0.424942661878099     
   923.000000000000       0.401973635877092     
   923.500000000000       0.395948147958121     
   924.000000000000       0.237078531013223     
   924.500000000000      -0.154028590527893     
   925.000000000000      -0.530913140507033     
   925.500000000000      -0.604152678591473     
   926.000000000000      -0.425297784173188     
   926.500000000000      -0.266125234154435     
   927.000000000000      -0.211335360391654     
   927.500000000000      -0.124308242528718     
   928.000000000000       3.051450034875317E-002
   928.500000000000       0.121136763612548     
   929.000000000000       0.137106933261554     
   929.500000000000       0.256482972017317     
   930.000000000000       0.506719951806486     
   930.500000000000       0.613188518953201     
   931.000000000000       0.371817067451767     
   931.500000000000      -2.293951997872110E-002
   932.000000000000      -0.240252204391919     
   932.500000000000      -0.248957722417247     
   933.000000000000      -0.239249132966436     
   933.500000000000      -0.226049665840228     
   934.000000000000      -5.413730673150847E-002
   934.500000000000       0.206886884402743     
   935.000000000000       0.211201531725288     
   935.500000000000      -0.183331177688609     
   936.000000000000      -0.629674697755205     
   936.500000000000      -0.678262234649420     
   937.000000000000      -0.299314510138373     
   937.500000000000       0.161622460285753     
   938.000000000000       0.431559658200178     
   938.500000000000       0.508373097214148     
   939.000000000000       0.477086762688844     
   939.500000000000       0.357475069905712     
   940.000000000000       0.171198010850450     
   940.500000000000      -4.310438907515425E-003
   941.000000000000      -0.118893922627726     
   941.500000000000      -0.188485439540367     
   942.000000000000      -0.208746914654075     
   942.500000000000      -0.128208932505865     
   943.000000000000       3.722758046242854E-002
   943.500000000000       0.147911054712148     
   944.000000000000       7.448271399983528E-002
   944.500000000000      -0.151476958168934     
   945.000000000000      -0.368911087421025     
   945.500000000000      -0.434324470552722     
   946.000000000000      -0.308661031960912     
   946.500000000000      -5.220836044516966E-002
   947.000000000000       0.216405206095558     
   947.500000000000       0.387800782657953     
   948.000000000000       0.427288139018432     
   948.500000000000       0.355893188396385     
   949.000000000000       0.176652036447773     
   949.500000000000      -9.811304294670398E-002
   950.000000000000      -0.329152748507352     
   950.500000000000      -0.294641627081286     
   951.000000000000       3.455665788327216E-002
   951.500000000000       0.353945092889274     
   952.000000000000       0.320531477953459     
   952.500000000000      -3.259619160085964E-002
   953.000000000000      -0.330901270299414     
   953.500000000000      -0.318349190671641     
   954.000000000000      -0.121117042201469     
   954.500000000000       2.491528478894802E-003
   955.000000000000       5.799960256473496E-003
   955.500000000000       1.234801301305956E-002
   956.000000000000       4.757302376595580E-002
   956.500000000000       3.788203967398250E-003
   957.000000000000      -0.140414450777007     
   957.500000000000      -0.232957419360109     
   958.000000000000      -0.135478406460702     
   958.500000000000       0.105136371393704     
   959.000000000000       0.330074620451763     
   959.500000000000       0.437419668294281     
   960.000000000000       0.416589437051870     
   960.500000000000       0.278583926813923     
   961.000000000000       4.289074321121560E-002
   961.500000000000      -0.213627132475864     
   962.000000000000      -0.367132490819337     
   962.500000000000      -0.342557296681773     
   963.000000000000      -0.187231144246122     
   963.500000000000      -3.478987565051161E-002
   964.000000000000       9.673708642335537E-003
   964.500000000000      -4.634725051836146E-002
   965.000000000000      -0.114499310702883     
   965.500000000000      -0.136918684036346     
   966.000000000000      -0.133066335809397     
   966.500000000000      -0.114171326572527     
   967.000000000000      -1.106673760285901E-002
   967.500000000000       0.220237596001028     
   968.000000000000       0.444028948768016     
   968.500000000000       0.437900723437668     
   969.000000000000       0.196648194302039     
   969.500000000000       7.072631898472808E-003
   970.000000000000       9.067131547336041E-002
   970.500000000000       0.267960646627804     
   971.000000000000       0.165928202868412     
   971.500000000000      -0.262763493795440     
   972.000000000000      -0.635567511779520     
   972.500000000000      -0.615012065225440     
   973.000000000000      -0.302215098805109     
   973.500000000000      -3.499180798289524E-002
   974.000000000000       5.011282404716795E-002
   974.500000000000       6.885019364721795E-002
   975.000000000000       0.102119629510089     
   975.500000000000       9.715061423107146E-002
   976.000000000000       5.964371748458331E-002
   976.500000000000       0.116817489706588     
   977.000000000000       0.296602287383484     
   977.500000000000       0.414191220341814     
   978.000000000000       0.308618064789570     
   978.500000000000       7.313499318114265E-002
   979.000000000000      -9.248237298208480E-002
   979.500000000000      -0.167319984987279     
   980.000000000000      -0.276689458259911     
   980.500000000000      -0.422434562588960     
   981.000000000000      -0.440125185145562     
   981.500000000000      -0.249803214320021     
   982.000000000000       2.044174138811741E-002
   982.500000000000       0.225546229158954     
   983.000000000000       0.369396163852389     
   983.500000000000       0.482348327965119     
   984.000000000000       0.466834475312533     
   984.500000000000       0.221957718625120     
   985.000000000000      -0.142491196936642     
   985.500000000000      -0.382151663702392     
   986.000000000000      -0.407107592382889     
   986.500000000000      -0.356351766377197     
   987.000000000000      -0.357951552369195     
   987.500000000000      -0.344137523992090     
   988.000000000000      -0.174406818950639     
   988.500000000000       0.145835538660859     
   989.000000000000       0.454021371138591     
   989.500000000000       0.595410222818624     
   990.000000000000       0.538535280262979     
   990.500000000000       0.362032572045669     
   991.000000000000       0.181506545502721     
   991.500000000000       5.952065638593601E-002
   992.000000000000      -5.909521523288885E-002
   992.500000000000      -0.283613067045843     
   993.000000000000      -0.590791216052629     
   993.500000000000      -0.747398381492107     
   994.000000000000      -0.521166516421793     
   994.500000000000       2.011532814067808E-002
   995.000000000000       0.502532025366494     
   995.500000000000       0.581524505351023     
   996.000000000000       0.252153180387410     
   996.500000000000      -0.182134017128097     
   997.000000000000      -0.400417940783236     
   997.500000000000      -0.309250533006729     
   998.000000000000      -5.685616658652676E-002
   998.500000000000       0.145738603531009     
   999.000000000000       0.224213503106159     
   999.500000000000       0.271896379929151     
   1000.00000000000       0.374446932713480     
