      0.00   0.000000E+00
      0.50   0.000000E+00
      1.00   0.000000E+00
      1.50   0.000000E+00
      2.00   0.000000E+00
      2.50   0.000000E+00
      3.00   0.000000E+00
      3.50   0.000000E+00
      4.00   0.000000E+00
      4.50   0.000000E+00
      5.00   0.000000E+00
      5.50   0.000000E+00
      6.00   0.000000E+00
      6.50   0.000000E+00
      7.00   0.000000E+00
      7.50  -0.571900E+00
      8.00  -0.352197E+02
      8.50  -0.203377E+03
      9.00  -0.528983E+03
      9.50  -0.115494E+04
     10.00  -0.245499E+04
     10.50  -0.376229E+04
     11.00  -0.507793E+04
     11.50  -0.824258E+04
     12.00  -0.120200E+05
     12.50  -0.142501E+05
     13.00  -0.190128E+05
     13.50  -0.272721E+05
     14.00  -0.311515E+05
     14.50  -0.331535E+05
     15.00  -0.414173E+05
     15.50  -0.459260E+05
     16.00  -0.413298E+05
     16.50  -0.419646E+05
     17.00  -0.456380E+05
     17.50  -0.390491E+05
     18.00  -0.315916E+05
     18.50  -0.307024E+05
     19.00  -0.267741E+05
     19.50  -0.202812E+05
     20.00  -0.189027E+05
     20.50  -0.193966E+05
     21.00  -0.167358E+05
     21.50  -0.142197E+05
     22.00  -0.132217E+05
     22.50  -0.101444E+05
     23.00  -0.607479E+04
     23.50  -0.365319E+04
     24.00  -0.201123E+04
     24.50  -0.763801E+03
     25.00  -0.211122E+03
     25.50  -0.289735E+02
     26.00   0.000000E+00
     26.50   0.265868E+03
     27.00   0.879612E+03
     27.50   0.207149E+04
     28.00   0.270798E+04
     28.50   0.304674E+04
     29.00   0.398886E+04
     29.50   0.384565E+04
     30.00   0.289811E+04
     30.50   0.312147E+04
     31.00   0.380534E+04
     31.50   0.383632E+04
     32.00   0.463787E+04
     32.50   0.711746E+04
     33.00   0.895720E+04
     33.50   0.944353E+04
     34.00   0.125385E+05
     34.50   0.105838E+05
     35.00   0.119259E+05
     35.50   0.773439E+04
     36.00   0.699946E+04
     36.50   0.331913E+04
     37.00   0.237440E+04
     37.50   0.829315E+03
     38.00   0.460851E+03
     38.50   0.113534E+03
     39.00   0.389923E+02
     39.50   0.416698E+01
     40.00   0.000000E+00
     40.50   0.334119E+02
     41.00   0.171318E+02
     41.50   0.514528E+01
     42.00   0.902011E+00
     42.50   0.000000E+00
     43.00   0.731805E+01
     43.50   0.000000E+00
     44.00   0.677469E+00
     44.50  -0.999187E+01
     45.00  -0.135024E+03
     45.50  -0.524520E+03
     46.00  -0.127805E+04
     46.50  -0.225052E+04
     47.00  -0.344657E+04
     47.50  -0.444415E+04
     48.00  -0.522155E+04
     48.50  -0.562005E+04
     49.00  -0.555348E+04
     49.50  -0.565988E+04
     50.00  -0.547540E+04
     50.50  -0.605480E+04
     51.00  -0.623313E+04
     51.50  -0.741276E+04
     52.00  -0.770367E+04
     52.50  -0.920449E+04
     53.00  -0.904592E+04
     53.50  -0.102179E+05
     54.00  -0.883767E+04
     54.50  -0.902789E+04
     55.00  -0.682043E+04
     55.50  -0.646395E+04
     56.00  -0.442982E+04
     56.50  -0.398044E+04
     57.00  -0.259361E+04
     57.50  -0.229109E+04
     58.00  -0.154056E+04
     58.50  -0.137568E+04
     59.00  -0.919336E+03
     59.50  -0.720474E+03
     60.00  -0.363249E+03
     60.50  -0.167096E+03
     61.00  -0.295926E+02
     61.50  -0.641159E+00
     62.00   0.209579E+01
     62.50   0.372132E+02
     63.00   0.982060E+02
     63.50   0.252691E+03
     64.00   0.318995E+03
     64.50   0.552833E+03
     65.00   0.596197E+03
     65.50   0.963037E+03
     66.00   0.113919E+04
     66.50   0.180251E+04
     67.00   0.207845E+04
     67.50   0.274846E+04
     68.00   0.273730E+04
     68.50   0.316039E+04
     69.00   0.299677E+04
     69.50   0.326069E+04
     70.00   0.304277E+04
     70.50   0.310968E+04
     71.00   0.290249E+04
     71.50   0.283972E+04
     72.00   0.265896E+04
     72.50   0.242147E+04
     73.00   0.212698E+04
     73.50   0.165410E+04
     74.00   0.124376E+04
     74.50   0.782190E+03
     75.00   0.523689E+03
     75.50   0.274575E+03
     76.00   0.149121E+03
     76.50   0.479864E+02
     77.00   0.128812E+02
     77.50   0.688191E+00
     78.00   0.000000E+00
     78.50   0.158443E+02
     79.00   0.508386E+01
     79.50   0.608280E+00
     80.00   0.000000E+00
     80.50   0.733922E+01
     81.00   0.000000E+00
     81.50   0.213274E+02
     82.00   0.492208E+01
     82.50   0.000000E+00
     83.00   0.235111E+02
     83.50   0.110472E+01
     84.00  -0.485769E+00
     84.50  -0.169258E+02
     85.00  -0.930809E+02
     85.50  -0.190820E+03
     86.00  -0.405547E+03
     86.50  -0.446602E+03
     87.00  -0.629394E+03
     87.50  -0.500913E+03
     88.00  -0.613307E+03
     88.50  -0.515915E+03
     89.00  -0.733208E+03
     89.50  -0.777718E+03
     90.00  -0.114188E+04
     90.50  -0.121497E+04
     91.00  -0.156050E+04
     91.50  -0.154979E+04
     92.00  -0.187615E+04
     92.50  -0.191367E+04
     93.00  -0.229128E+04
     93.50  -0.223963E+04
     94.00  -0.222929E+04
     94.50  -0.176226E+04
     95.00  -0.135871E+04
     95.50  -0.887969E+03
     96.00  -0.549297E+03
     96.50  -0.296881E+03
     97.00  -0.132094E+03
     97.50  -0.485180E+02
     98.00  -0.110800E+02
     98.50  -0.166967E+01
     99.00   0.000000E+00
     99.50   0.456246E+02
    100.00   0.414086E+02
    100.50   0.459605E+02
    101.00   0.436125E+02
    101.50   0.685551E+02
    102.00   0.101719E+03
    102.50   0.203173E+03
    103.00   0.320983E+03
    103.50   0.546183E+03
    104.00   0.691602E+03
    104.50   0.101572E+04
    105.00   0.114529E+04
    105.50   0.166248E+04
    106.00   0.172576E+04
    106.50   0.223355E+04
    107.00   0.189566E+04
    107.50   0.205795E+04
    108.00   0.151006E+04
    108.50   0.156573E+04
    109.00   0.112831E+04
    109.50   0.115960E+04
    110.00   0.808503E+03
    110.50   0.776627E+03
    111.00   0.508920E+03
    111.50   0.446265E+03
    112.00   0.274163E+03
    112.50   0.214561E+03
    113.00   0.123961E+03
    113.50   0.850277E+02
    114.00   0.459892E+02
    114.50   0.286173E+02
    115.00   0.161737E+02
    115.50   0.957710E+01
    116.00   0.426335E+01
    116.50   0.873879E+00
    117.00   0.000000E+00
    117.50   0.183997E+02
    118.00   0.235958E+01
    118.50   0.000000E+00
    119.00   0.182370E+02
    119.50   0.391962E+01
    120.00   0.000000E+00
    120.50   0.288502E+02
    121.00   0.609049E+01
    121.50   0.000000E+00
    122.00   0.296189E+02
    122.50   0.868390E+01
    123.00   0.212112E+01
    123.50   0.499419E+00
    124.00   0.000000E+00
    124.50   0.534257E+02
    125.00   0.352641E+02
    125.50   0.153592E+02
    126.00   0.302609E+01
    126.50   0.000000E+00
    127.00   0.138508E+02
    127.50   0.534226E+00
    128.00   0.000000E+00
    128.50   0.528365E+01
    129.00   0.000000E+00
    129.50   0.212138E+02
    130.00   0.337795E+01
    130.50   0.000000E+00
    131.00   0.260623E+02
    131.50   0.968337E+01
    132.00   0.402047E+01
    132.50   0.271994E+01
    133.00   0.120771E+01
    133.50   0.330065E+00
    134.00   0.000000E+00
    134.50   0.848313E+01
    135.00   0.000000E+00
    135.50   0.139847E+02
    136.00   0.921673E+00
    136.50   0.000000E+00
    137.00   0.919116E+01
    137.50   0.775377E+00
    138.00   0.000000E+00
    138.50   0.148832E+02
    139.00   0.373127E+01
    139.50   0.909032E+00
    140.00   0.000000E+00
    140.50   0.644330E+02
    141.00   0.493764E+02
    141.50   0.250506E+02
    142.00   0.507816E+01
    142.50   0.000000E+00
    143.00   0.351699E+01
    143.50  -0.474092E+00
    144.00  -0.220432E+02
    144.50  -0.785324E+02
    145.00  -0.134614E+03
    145.50  -0.163724E+03
    146.00  -0.144341E+03
    146.50  -0.123625E+03
    147.00  -0.845168E+02
    147.50  -0.806618E+02
    148.00  -0.794806E+02
    148.50  -0.129009E+03
    149.00  -0.202632E+03
    149.50  -0.387806E+03
    150.00  -0.619755E+03
    150.50  -0.108650E+04
    151.00  -0.146043E+04
    151.50  -0.218331E+04
    152.00  -0.222543E+04
    152.50  -0.258540E+04
    153.00  -0.182648E+04
    153.50  -0.154792E+04
    154.00  -0.700129E+03
    154.50  -0.427629E+03
    155.00  -0.138724E+03
    155.50  -0.797129E+02
    156.00  -0.368439E+02
    156.50  -0.343085E+02
    157.00  -0.362577E+02
    157.50  -0.452665E+02
    158.00  -0.605240E+02
    158.50  -0.791927E+02
    159.00  -0.915239E+02
    159.50  -0.994351E+02
    160.00  -0.696389E+02
    160.50  -0.385806E+02
    161.00  -0.628970E+01
    161.50   0.000000E+00
    162.00   0.144593E+03
    162.50   0.360550E+03
    163.00   0.536481E+03
    163.50   0.808741E+03
    164.00   0.805538E+03
    164.50   0.878207E+03
    165.00   0.679170E+03
    165.50   0.624589E+03
    166.00   0.483581E+03
    166.50   0.471143E+03
    167.00   0.428814E+03
    167.50   0.456744E+03
    168.00   0.487415E+03
    168.50   0.551083E+03
    169.00   0.587922E+03
    169.50   0.544096E+03
    170.00   0.445545E+03
    170.50   0.274811E+03
    171.00   0.151937E+03
    171.50   0.543661E+02
    172.00   0.187722E+02
    172.50   0.364219E+01
    173.00   0.973236E+00
    173.50   0.000000E+00
    174.00   0.728124E+02
    174.50   0.526241E+02
    175.00   0.395686E+02
    175.50   0.163327E+02
    176.00   0.539054E+01
    176.50   0.000000E+00
    177.00   0.328726E+02
    177.50   0.400457E+01
    178.00   0.000000E+00
    178.50   0.136401E+02
    179.00   0.142604E+01
    179.50   0.000000E+00
    180.00   0.868421E+01
    180.50   0.000000E+00
    181.00   0.387356E+02
    181.50   0.849950E+01
    182.00   0.951264E+00
    182.50   0.000000E+00
    183.00   0.170230E+02
    183.50   0.355691E+01
    184.00   0.453118E+00
    184.50   0.000000E+00
    185.00   0.192169E+02
    185.50   0.204588E+01
    186.00   0.000000E+00
    186.50   0.368578E+01
    187.00   0.000000E+00
    187.50   0.234447E+01
    188.00   0.000000E+00
    188.50   0.316799E+01
    189.00   0.000000E+00
    189.50   0.179143E+02
    190.00   0.530987E+01
    190.50   0.126526E+01
    191.00   0.000000E+00
    191.50   0.397316E+02
    192.00   0.132490E+02
    192.50   0.682140E+00
    193.00  -0.114995E+01
    193.50  -0.362556E+02
    194.00  -0.181588E+03
    194.50  -0.504485E+03
    195.00  -0.929138E+03
    195.50  -0.149103E+04
    196.00  -0.179785E+04
    196.50  -0.224740E+04
    197.00  -0.205596E+04
    197.50  -0.214730E+04
    198.00  -0.158976E+04
    198.50  -0.154850E+04
    199.00  -0.119508E+04
    199.50  -0.144673E+04
    200.00  -0.156373E+04
    200.50  -0.237440E+04
    201.00  -0.278387E+04
    201.50  -0.383084E+04
    202.00  -0.369082E+04
    202.50  -0.432021E+04
    203.00  -0.330730E+04
    203.50  -0.327829E+04
    204.00  -0.192625E+04
    204.50  -0.151815E+04
    205.00  -0.616836E+03
    205.50  -0.322559E+03
    206.00  -0.810463E+02
    206.50  -0.265566E+02
    207.00  -0.713206E+01
    207.50  -0.334773E+01
    208.00  -0.311454E+01
    208.50  -0.181319E+01
    209.00  -0.847231E+00
    209.50   0.000000E+00
    210.00   0.745096E+02
    210.50   0.164991E+03
    211.00   0.273739E+03
    211.50   0.542491E+03
    212.00   0.838840E+03
    212.50   0.141294E+04
    213.00   0.177337E+04
    213.50   0.233872E+04
    214.00   0.237271E+04
    214.50   0.250972E+04
    215.00   0.214970E+04
    215.50   0.192144E+04
    216.00   0.157178E+04
    216.50   0.140419E+04
    217.00   0.132670E+04
    217.50   0.133934E+04
    218.00   0.144070E+04
    218.50   0.144983E+04
    219.00   0.144939E+04
    219.50   0.117576E+04
    220.00   0.929404E+03
    220.50   0.542419E+03
    221.00   0.329623E+03
    221.50   0.135506E+03
    222.00   0.664604E+02
    222.50   0.207948E+02
    223.00   0.762631E+01
    223.50   0.102523E+01
    224.00   0.000000E+00
    224.50   0.292455E+02
    225.00   0.121836E+02
    225.50   0.208690E+01
    226.00   0.000000E+00
    226.50   0.174708E+02
    227.00   0.308253E+01
    227.50   0.000000E+00
    228.00   0.115589E+02
    228.50   0.000000E+00
    229.00   0.184142E+02
    229.50   0.117426E+01
    230.00   0.000000E+00
    230.50   0.156396E+02
    231.00   0.430891E+01
    231.50   0.580327E+00
    232.00   0.000000E+00
    232.50   0.282545E+02
    233.00   0.109274E+02
    233.50   0.100542E+01
    234.00   0.000000E+00
    234.50   0.116018E+01
    235.00  -0.163143E+01
    235.50  -0.416481E+02
    236.00  -0.184581E+03
    236.50  -0.383758E+03
    237.00  -0.664034E+03
    237.50  -0.721958E+03
    238.00  -0.751469E+03
    238.50  -0.562933E+03
    239.00  -0.479564E+03
    239.50  -0.394818E+03
    240.00  -0.423690E+03
    240.50  -0.502939E+03
    241.00  -0.681112E+03
    241.50  -0.968531E+03
    242.00  -0.136283E+04
    242.50  -0.193027E+04
    243.00  -0.241121E+04
    243.50  -0.292843E+04
    244.00  -0.275480E+04
    244.50  -0.250622E+04
    245.00  -0.157774E+04
    245.50  -0.105342E+04
    246.00  -0.505682E+03
    246.50  -0.340377E+03
    247.00  -0.201764E+03
    247.50  -0.192061E+03
    248.00  -0.160859E+03
    248.50  -0.159561E+03
    249.00  -0.115712E+03
    249.50  -0.874951E+02
    250.00  -0.435373E+02
    250.50  -0.245406E+02
    251.00  -0.730849E+01
    251.50  -0.154312E+01
    252.00   0.000000E+00
    252.50   0.146576E+03
    253.00   0.280269E+03
    253.50   0.612000E+03
    254.00   0.771235E+03
    254.50   0.114348E+04
    255.00   0.100528E+04
    255.50   0.113406E+04
    256.00   0.776760E+03
    256.50   0.758965E+03
    257.00   0.510510E+03
    257.50   0.577917E+03
    258.00   0.555010E+03
    258.50   0.809820E+03
    259.00   0.961028E+03
    259.50   0.133443E+04
    260.00   0.140220E+04
    260.50   0.157634E+04
    261.00   0.129088E+04
    261.50   0.109903E+04
    262.00   0.655594E+03
    262.50   0.391291E+03
    263.00   0.156091E+03
    263.50   0.572333E+02
    264.00   0.154768E+02
    264.50   0.528391E+01
    265.00   0.346895E+01
    265.50   0.435638E+01
    266.00   0.530262E+01
    266.50   0.365874E+01
    267.00   0.613407E+00
    267.50   0.000000E+00
    268.00   0.925276E+01
    268.50   0.000000E+00
    269.00   0.277375E+02
    269.50   0.469917E+01
    270.00   0.000000E+00
    270.50   0.335800E+02
    271.00   0.122127E+02
    271.50   0.281188E+01
    272.00   0.000000E+00
    272.50   0.489020E+02
    273.00   0.246544E+02
    273.50   0.406070E+01
    274.00   0.000000E+00
    274.50   0.964202E+01
    275.00   0.000000E+00
    275.50   0.243662E+02
    276.00   0.395304E+01
    276.50   0.000000E+00
    277.00   0.473303E+02
    277.50   0.249271E+02
    278.00   0.113354E+02
    278.50   0.281547E+01
    279.00   0.000000E+00
    279.50   0.193440E+02
    280.00   0.889921E+00
    280.50  -0.604935E+00
    281.00  -0.199443E+02
    281.50  -0.772868E+02
    282.00  -0.172972E+03
    282.50  -0.343478E+03
    283.00  -0.493920E+03
    283.50  -0.532162E+03
    284.00  -0.645607E+03
    284.50  -0.755915E+03
    285.00  -0.639239E+03
    285.50  -0.553718E+03
    286.00  -0.681316E+03
    286.50  -0.858383E+03
    287.00  -0.985136E+03
    287.50  -0.127402E+04
    288.00  -0.178524E+04
    288.50  -0.203373E+04
    289.00  -0.192724E+04
    289.50  -0.202840E+04
    290.00  -0.214414E+04
    290.50  -0.172112E+04
    291.00  -0.122961E+04
    291.50  -0.998486E+03
    292.00  -0.691124E+03
    292.50  -0.359192E+03
    293.00  -0.211797E+03
    293.50  -0.157644E+03
    294.00  -0.977872E+02
    294.50  -0.531199E+02
    295.00  -0.303174E+02
    295.50  -0.141113E+02
    296.00  -0.508066E+01
    296.50  -0.159749E+01
    297.00   0.000000E+00
    297.50   0.504296E+02
    298.00   0.692837E+02
    298.50   0.108435E+03
    299.00   0.204611E+03
    299.50   0.353942E+03
    300.00   0.545103E+03
    300.50   0.905613E+03
    301.00   0.146365E+04
    301.50   0.171723E+04
    302.00   0.160744E+04
    302.50   0.164129E+04
    303.00   0.150686E+04
    303.50   0.985033E+03
    304.00   0.647432E+03
    304.50   0.548186E+03
    305.00   0.420957E+03
    305.50   0.310477E+03
    306.00   0.323841E+03
    306.50   0.417407E+03
    307.00   0.490782E+03
    307.50   0.522326E+03
    308.00   0.563569E+03
    308.50   0.510195E+03
    309.00   0.280094E+03
    309.50   0.977737E+02
    310.00   0.231823E+02
    310.50   0.741217E+00
    311.00  -0.458763E+00
    311.50  -0.450145E+01
    312.00  -0.100329E+02
    312.50  -0.127862E+02
    313.00  -0.119680E+02
    313.50  -0.179304E+02
    314.00  -0.322395E+02
    314.50  -0.475257E+02
    315.00  -0.797058E+02
    315.50  -0.160928E+03
    316.00  -0.275900E+03
    316.50  -0.373427E+03
    317.00  -0.489521E+03
    317.50  -0.630166E+03
    318.00  -0.644684E+03
    318.50  -0.565784E+03
    319.00  -0.595841E+03
    319.50  -0.680901E+03
    320.00  -0.649082E+03
    320.50  -0.602211E+03
    321.00  -0.648020E+03
    321.50  -0.633058E+03
    322.00  -0.516484E+03
    322.50  -0.472593E+03
    323.00  -0.508468E+03
    323.50  -0.469479E+03
    324.00  -0.366592E+03
    324.50  -0.304070E+03
    325.00  -0.226468E+03
    325.50  -0.112286E+03
    326.00  -0.462338E+02
    326.50  -0.244319E+02
    327.00  -0.161611E+02
    327.50  -0.140843E+02
    328.00  -0.150605E+02
    328.50  -0.134143E+02
    329.00  -0.723041E+01
    329.50  -0.138136E+01
    330.00   0.000000E+00
    330.50   0.105988E+03
    331.00   0.165954E+03
    331.50   0.210694E+03
    332.00   0.290015E+03
    332.50   0.382175E+03
    333.00   0.413319E+03
    333.50   0.476798E+03
    334.00   0.634113E+03
    334.50   0.644820E+03
    335.00   0.466382E+03
    335.50   0.345608E+03
    336.00   0.267349E+03
    336.50   0.175496E+03
    337.00   0.139312E+03
    337.50   0.186383E+03
    338.00   0.279093E+03
    338.50   0.354007E+03
    339.00   0.414966E+03
    339.50   0.473309E+03
    340.00   0.409877E+03
    340.50   0.238336E+03
    341.00   0.123621E+03
    341.50   0.577733E+02
    342.00   0.129894E+02
    342.50   0.000000E+00
    343.00   0.381194E+02
    343.50   0.132333E+02
    344.00   0.343823E+01
    344.50   0.146788E+01
    345.00   0.110829E+01
    345.50   0.129407E+01
    346.00   0.176300E+01
    346.50   0.134236E+01
    347.00   0.000000E+00
    347.50   0.532873E+02
    348.00   0.178206E+02
    348.50   0.315157E+01
    349.00   0.000000E+00
    349.50   0.120256E+02
    350.00   0.000000E+00
    350.50   0.170947E+02
    351.00   0.512243E+00
    351.50   0.000000E+00
    352.00   0.678145E+01
    352.50   0.294443E+01
    353.00   0.371242E+01
    353.50   0.945722E+01
    354.00   0.166588E+02
    354.50   0.185721E+02
    355.00   0.112538E+02
    355.50   0.164045E+01
    356.00   0.000000E+00
    356.50   0.400669E+01
    357.00   0.000000E+00
    357.50   0.162628E+01
    358.00   0.000000E+00
    358.50   0.503944E+01
    359.00   0.000000E+00
    359.50   0.387009E+02
    360.00   0.204150E+02
    360.50   0.111928E+02
    361.00   0.628478E+01
    361.50   0.257534E+01
    362.00   0.848372E+00
    362.50   0.000000E+00
    363.00   0.508380E+02
    363.50   0.243181E+02
    364.00   0.403302E+01
    364.50   0.000000E+00
    365.00   0.715991E+01
    365.50   0.000000E+00
    366.00   0.200440E+02
    366.50   0.407322E+01
    367.00   0.000000E+00
    367.50   0.519685E+02
    368.00   0.267770E+02
    368.50   0.109879E+02
    369.00   0.186677E+01
    369.50   0.000000E+00
    370.00   0.230116E+02
    370.50   0.531645E+01
    371.00   0.000000E+00
    371.50   0.265990E+02
    372.00   0.383624E+01
    372.50   0.000000E+00
    373.00   0.206740E+02
    373.50   0.536070E+01
    374.00   0.149916E+01
    374.50   0.000000E+00
    375.00   0.677865E+02
    375.50   0.434190E+02
    376.00   0.188847E+02
    376.50   0.341173E+01
    377.00   0.000000E+00
    377.50   0.906088E+01
    378.00   0.000000E+00
    378.50   0.119699E+02
    379.00   0.000000E+00
    379.50   0.215781E+02
    380.00   0.554612E+01
    380.50   0.737238E+00
    381.00   0.000000E+00
    381.50   0.498301E+02
    382.00   0.351837E+02
    382.50   0.237305E+02
    383.00   0.112998E+02
    383.50   0.184366E+01
    384.00   0.000000E+00
    384.50   0.644046E+01
    385.00   0.000000E+00
    385.50   0.828260E+01
    386.00   0.000000E+00
    386.50   0.126248E+02
    387.00   0.802415E+00
    387.50   0.000000E+00
    388.00   0.240943E+02
    388.50   0.160551E+02
    389.00   0.114141E+02
    389.50   0.496627E+01
    390.00   0.000000E+00
    390.50   0.235861E+02
    391.00   0.173506E+01
    391.50   0.000000E+00
    392.00   0.596745E+01
    392.50   0.000000E+00
    393.00   0.312719E+02
    393.50   0.663279E+01
    394.00   0.000000E+00
    394.50   0.290870E+02
    395.00   0.744808E+01
    395.50   0.468391E+00
    396.00   0.000000E+00
    396.50   0.919692E+01
    397.00   0.559242E+00
    397.50   0.000000E+00
    398.00   0.664783E+01
    398.50   0.000000E+00
    399.00   0.262408E+02
    399.50   0.407200E+01
    400.00   0.000000E+00
    400.50   0.290753E+02
    401.00   0.726873E+01
    401.50   0.501372E+00
    402.00   0.000000E+00
    402.50   0.715472E+01
    403.00   0.000000E+00
    403.50   0.119237E+02
    404.00   0.000000E+00
    404.50   0.216585E+02
    405.00   0.142330E+01
    405.50   0.000000E+00
    406.00   0.119213E+02
    406.50   0.174713E+01
    407.00   0.000000E+00
    407.50   0.270774E+02
    408.00   0.645753E+01
    408.50   0.000000E+00
    409.00   0.187570E+02
    409.50   0.158503E+01
    410.00   0.000000E+00
    410.50   0.264188E+01
    411.00   0.000000E+00
    411.50   0.283034E+01
    412.00   0.000000E+00
    412.50   0.394167E+01
    413.00   0.000000E+00
    413.50   0.225012E+02
    414.00   0.342870E+01
    414.50   0.000000E+00
    415.00   0.124084E+02
    415.50   0.000000E+00
    416.00   0.173380E+02
    416.50   0.650284E+00
    417.00  -0.581132E+00
    417.50  -0.150830E+02
    418.00  -0.569646E+02
    418.50  -0.136628E+03
    419.00  -0.250357E+03
    419.50  -0.341867E+03
    420.00  -0.459620E+03
    420.50  -0.757509E+03
    421.00  -0.115792E+04
    421.50  -0.145452E+04
    422.00  -0.195948E+04
    422.50  -0.287974E+04
    423.00  -0.345469E+04
    423.50  -0.356545E+04
    424.00  -0.421275E+04
    424.50  -0.505040E+04
    425.00  -0.481185E+04
    425.50  -0.425139E+04
    426.00  -0.428573E+04
    426.50  -0.382009E+04
    427.00  -0.262083E+04
    427.50  -0.193383E+04
    428.00  -0.174645E+04
    428.50  -0.146910E+04
    429.00  -0.123045E+04
    429.50  -0.127415E+04
    430.00  -0.139507E+04
    430.50  -0.130966E+04
    431.00  -0.110069E+04
    431.50  -0.924349E+03
    432.00  -0.663502E+03
    432.50  -0.344292E+03
    433.00  -0.150621E+03
    433.50  -0.537448E+02
    434.00  -0.583801E+01
    434.50   0.000000E+00
    435.00   0.183167E+03
    435.50   0.421996E+03
    436.00   0.612130E+03
    436.50   0.650992E+03
    437.00   0.752487E+03
    437.50   0.756238E+03
    438.00   0.518900E+03
    438.50   0.397164E+03
    439.00   0.451364E+03
    439.50   0.484066E+03
    440.00   0.491940E+03
    440.50   0.636284E+03
    441.00   0.886687E+03
    441.50   0.999174E+03
    442.00   0.983849E+03
    442.50   0.107800E+04
    443.00   0.111325E+04
    443.50   0.865965E+03
    444.00   0.654669E+03
    444.50   0.603266E+03
    445.00   0.468798E+03
    445.50   0.276637E+03
    446.00   0.183259E+03
    446.50   0.124241E+03
    447.00   0.455301E+02
    447.50   0.610132E+01
    448.00   0.000000E+00
    448.50   0.168336E+02
    449.00   0.185126E+01
    449.50   0.000000E+00
    450.00   0.652312E+02
    450.50   0.570706E+02
    451.00   0.382673E+02
    451.50   0.187942E+02
    452.00   0.528260E+01
    452.50   0.000000E+00
    453.00   0.217859E+02
    453.50   0.328444E+01
    454.00   0.000000E+00
    454.50   0.114944E+02
    455.00   0.000000E+00
    455.50   0.204486E+02
    456.00   0.991868E+00
    456.50   0.000000E+00
    457.00   0.548266E+01
    457.50   0.812271E+00
    458.00   0.000000E+00
    458.50   0.396076E+02
    459.00   0.166279E+02
    459.50   0.229114E+01
    460.00   0.000000E+00
    460.50   0.356985E+01
    461.00   0.000000E+00
    461.50   0.515387E+01
    462.00   0.000000E+00
    462.50   0.973888E+01
    463.00   0.623676E+00
    463.50   0.000000E+00
    464.00   0.135668E+02
    464.50   0.299985E+01
    465.00   0.000000E+00
    465.50   0.313736E+02
    466.00   0.663229E+01
    466.50   0.000000E+00
    467.00   0.162784E+02
    467.50   0.000000E+00
    468.00   0.121120E+02
    468.50   0.000000E+00
    469.00   0.868902E+01
    469.50   0.000000E+00
    470.00   0.983678E+01
    470.50   0.618205E+00
    471.00   0.000000E+00
    471.50   0.189842E+02
    472.00   0.445524E+01
    472.50   0.000000E+00
    473.00   0.276574E+02
    473.50   0.492661E+01
    474.00   0.000000E+00
    474.50   0.185233E+02
    475.00   0.140312E+01
    475.50   0.000000E+00
    476.00   0.329160E+01
    476.50   0.000000E+00
    477.00   0.148725E+01
    477.50  -0.593697E+00
    478.00  -0.191250E+02
    478.50  -0.563196E+02
    479.00  -0.943808E+02
    479.50  -0.170236E+03
    480.00  -0.252319E+03
    480.50  -0.303375E+03
    481.00  -0.453377E+03
    481.50  -0.779494E+03
    482.00  -0.108585E+04
    482.50  -0.136498E+04
    483.00  -0.198402E+04
    483.50  -0.267306E+04
    484.00  -0.258650E+04
    484.50  -0.222752E+04
    485.00  -0.221318E+04
    485.50  -0.195004E+04
    486.00  -0.144807E+04
    486.50  -0.137601E+04
    487.00  -0.166587E+04
    487.50  -0.182158E+04
    488.00  -0.185821E+04
    488.50  -0.208859E+04
    489.00  -0.221396E+04
    489.50  -0.177172E+04
    490.00  -0.124297E+04
    490.50  -0.965805E+03
    491.00  -0.610011E+03
    491.50  -0.250095E+03
    492.00  -0.914536E+02
    492.50  -0.288525E+02
    493.00  -0.332983E+01
    493.50   0.000000E+00
    494.00   0.962831E+02
    494.50   0.190344E+03
    495.00   0.241169E+03
    495.50   0.255261E+03
    496.00   0.313788E+03
    496.50   0.336077E+03
    497.00   0.279519E+03
    497.50   0.288382E+03
    498.00   0.427552E+03
    498.50   0.604325E+03
    499.00   0.811446E+03
    499.50   0.130409E+04
    500.00   0.210337E+04
    500.50   0.258321E+04
    501.00   0.265275E+04
    501.50   0.288981E+04
    502.00   0.273538E+04
    502.50   0.182460E+04
    503.00   0.117916E+04
    503.50   0.900649E+03
    504.00   0.518309E+03
    504.50   0.221455E+03
    505.00   0.125017E+03
    505.50   0.912005E+02
    506.00   0.709495E+02
    506.50   0.694723E+02
    507.00   0.781964E+02
    507.50   0.722617E+02
    508.00   0.402986E+02
    508.50   0.131019E+02
    509.00   0.225960E+01
    509.50   0.000000E+00
    510.00   0.998483E+01
    510.50   0.000000E+00
    511.00   0.261106E+02
    511.50   0.181913E+01
    512.00   0.000000E+00
    512.50   0.876125E+01
    513.00   0.704859E+00
    513.50   0.000000E+00
    514.00   0.849522E+01
    514.50   0.632024E+00
    515.00   0.000000E+00
    515.50   0.868698E+01
    516.00   0.656990E+00
    516.50   0.000000E+00
    517.00   0.815246E+01
    517.50   0.000000E+00
    518.00   0.262271E+02
    518.50   0.622998E+01
    519.00   0.000000E+00
    519.50   0.289721E+02
    520.00   0.553410E+01
    520.50   0.000000E+00
    521.00   0.103816E+02
    521.50   0.000000E+00
    522.00   0.223043E+02
    522.50   0.106397E+01
    523.00  -0.628232E+00
    523.50  -0.228371E+02
    524.00  -0.121424E+03
    524.50  -0.285620E+03
    525.00  -0.480080E+03
    525.50  -0.807033E+03
    526.00  -0.106703E+04
    526.50  -0.986853E+03
    527.00  -0.921564E+03
    527.50  -0.979576E+03
    528.00  -0.881831E+03
    528.50  -0.756600E+03
    529.00  -0.875444E+03
    529.50  -0.117812E+04
    530.00  -0.148239E+04
    530.50  -0.195542E+04
    531.00  -0.304644E+04
    531.50  -0.439402E+04
    532.00  -0.482489E+04
    532.50  -0.498050E+04
    533.00  -0.523531E+04
    533.50  -0.399155E+04
    534.00  -0.217274E+04
    534.50  -0.123732E+04
    535.00  -0.679971E+03
    535.50  -0.268523E+03
    536.00  -0.108133E+03
    536.50  -0.659123E+02
    537.00  -0.512839E+02
    537.50  -0.492014E+02
    538.00  -0.511624E+02
    538.50  -0.501174E+02
    539.00  -0.428319E+02
    539.50  -0.273203E+02
    540.00  -0.125436E+02
    540.50  -0.264204E+01
    541.00   0.000000E+00
    541.50   0.120351E+03
    542.00   0.284503E+03
    542.50   0.581500E+03
    543.00   0.869283E+03
    543.50   0.117246E+04
    544.00   0.164613E+04
    544.50   0.182333E+04
    545.00   0.154636E+04
    545.50   0.148081E+04
    546.00   0.165004E+04
    546.50   0.153509E+04
    547.00   0.128443E+04
    547.50   0.125155E+04
    548.00   0.112728E+04
    548.50   0.761354E+03
    549.00   0.521893E+03
    549.50   0.438832E+03
    550.00   0.387248E+03
    550.50   0.280217E+03
    551.00   0.236633E+03
    551.50   0.242263E+03
    552.00   0.213646E+03
    552.50   0.173139E+03
    553.00   0.148712E+03
    553.50   0.917346E+02
    554.00   0.261743E+02
    554.50   0.233760E+01
    555.00   0.000000E+00
    555.50   0.579106E+01
    556.00   0.000000E+00
    556.50   0.407007E+02
    557.00   0.223904E+02
    557.50   0.143361E+02
    558.00   0.123694E+02
    558.50   0.111149E+02
    559.00   0.781359E+01
    559.50   0.221728E+01
    560.00   0.000000E+00
    560.50   0.633436E+01
    561.00  -0.431466E+00
    561.50  -0.349781E+02
    562.00  -0.176231E+03
    562.50  -0.349245E+03
    563.00  -0.482273E+03
    563.50  -0.622627E+03
    564.00  -0.524183E+03
    564.50  -0.341891E+03
    565.00  -0.288262E+03
    565.50  -0.205696E+03
    566.00  -0.121525E+03
    566.50  -0.125303E+03
    567.00  -0.208447E+03
    567.50  -0.367882E+03
    568.00  -0.666251E+03
    568.50  -0.121877E+04
    569.00  -0.176984E+04
    569.50  -0.194349E+04
    570.00  -0.217497E+04
    570.50  -0.221514E+04
    571.00  -0.153655E+04
    571.50  -0.993721E+03
    572.00  -0.734441E+03
    572.50  -0.411476E+03
    573.00  -0.210356E+03
    573.50  -0.159074E+03
    574.00  -0.124909E+03
    574.50  -0.832655E+02
    575.00  -0.565666E+02
    575.50  -0.356574E+02
    576.00  -0.152452E+02
    576.50  -0.433379E+01
    577.00  -0.929140E+00
    577.50   0.000000E+00
    578.00   0.422462E+02
    578.50   0.566872E+02
    579.00   0.938174E+02
    579.50   0.132852E+03
    580.00   0.195896E+03
    580.50   0.336230E+03
    581.00   0.458832E+03
    581.50   0.509026E+03
    582.00   0.659347E+03
    582.50   0.861400E+03
    583.00   0.889297E+03
    583.50   0.953392E+03
    584.00   0.115768E+04
    584.50   0.110281E+04
    585.00   0.897243E+03
    585.50   0.866057E+03
    586.00   0.731618E+03
    586.50   0.436859E+03
    587.00   0.280205E+03
    587.50   0.207925E+03
    588.00   0.129020E+03
    588.50   0.960081E+02
    589.00   0.112448E+03
    589.50   0.137254E+03
    590.00   0.152482E+03
    590.50   0.172414E+03
    591.00   0.169377E+03
    591.50   0.101271E+03
    592.00   0.332124E+02
    592.50   0.361369E+01
    593.00   0.000000E+00
    593.50   0.000000E+00
    594.00   0.184249E+02
    594.50   0.255141E+01
    595.00   0.000000E+00
    595.50   0.516051E+02
    596.00   0.455509E+02
    596.50   0.432177E+02
    597.00   0.440150E+02
    597.50   0.437632E+02
    598.00   0.384510E+02
    598.50   0.198610E+02
    599.00   0.372326E+01
    599.50   0.000000E+00
    600.00   0.178669E+01
    600.50  -0.283475E+01
    601.00  -0.572015E+02
    601.50  -0.212347E+03
    602.00  -0.353140E+03
    602.50  -0.478902E+03
    603.00  -0.557727E+03
    603.50  -0.411961E+03
    604.00  -0.306053E+03
    604.50  -0.324167E+03
    605.00  -0.295408E+03
    605.50  -0.262300E+03
    606.00  -0.336482E+03
    606.50  -0.461034E+03
    607.00  -0.562320E+03
    607.50  -0.774649E+03
    608.00  -0.117162E+04
    608.50  -0.135952E+04
    609.00  -0.132103E+04
    609.50  -0.144461E+04
    610.00  -0.136811E+04
    610.50  -0.101165E+04
    611.00  -0.861043E+03
    611.50  -0.793233E+03
    612.00  -0.553203E+03
    612.50  -0.356897E+03
    613.00  -0.262854E+03
    613.50  -0.143777E+03
    614.00  -0.499897E+02
    614.50  -0.151339E+02
    615.00  -0.264914E+01
    615.50   0.000000E+00
    616.00   0.402407E+02
    616.50   0.469969E+02
    617.00   0.353271E+02
    617.50   0.205896E+02
    618.00   0.233821E+02
    618.50   0.363182E+02
    619.00   0.591360E+02
    619.50   0.126830E+03
    620.00   0.280809E+03
    620.50   0.483567E+03
    621.00   0.692882E+03
    621.50   0.100018E+04
    622.00   0.117010E+04
    622.50   0.981285E+03
    623.00   0.868689E+03
    623.50   0.782910E+03
    624.00   0.491339E+03
    624.50   0.300490E+03
    625.00   0.246757E+03
    625.50   0.179403E+03
    626.00   0.129005E+03
    626.50   0.132574E+03
    627.00   0.150864E+03
    627.50   0.151141E+03
    628.00   0.154231E+03
    628.50   0.165413E+03
    629.00   0.131525E+03
    629.50   0.749288E+02
    630.00   0.403461E+02
    630.50   0.127824E+02
    631.00   0.811459E+00
    631.50   0.000000E+00
    632.00   0.164911E+02
    632.50   0.410200E+01
    633.00   0.833491E+00
    633.50   0.000000E+00
    634.00   0.610302E+02
    634.50   0.368885E+02
    635.00   0.181262E+02
    635.50   0.484668E+01
    636.00   0.000000E+00
    636.50   0.307912E+02
    637.00   0.129205E+02
    637.50   0.317166E+01
    638.00   0.000000E+00
    638.50   0.318874E+02
    639.00   0.772095E+01
    639.50   0.000000E+00
    640.00   0.288146E+02
    640.50   0.105635E+02
    641.00   0.236541E+01
    641.50   0.000000E+00
    642.00   0.459931E+02
    642.50   0.187688E+02
    643.00   0.377910E+01
    643.50   0.000000E+00
    644.00   0.242854E+02
    644.50   0.451861E+01
    645.00   0.000000E+00
    645.50   0.271527E+02
    646.00   0.514760E+01
    646.50   0.000000E+00
    647.00   0.188168E+02
    647.50   0.149237E+01
    648.00   0.000000E+00
    648.50   0.524301E+01
    649.00   0.000000E+00
    649.50   0.597529E+02
    650.00   0.509109E+02
    650.50   0.445754E+02
    651.00   0.283239E+02
    651.50   0.829165E+01
    652.00   0.000000E+00
    652.50   0.143431E+02
    653.00   0.000000E+00
    653.50   0.724886E+01
    654.00   0.000000E+00
    654.50   0.748814E+01
    655.00   0.000000E+00
    655.50   0.187340E+02
    656.00   0.483713E+01
    656.50   0.133022E+01
    657.00   0.495505E+00
    657.50   0.000000E+00
    658.00   0.445086E+02
    658.50   0.165905E+02
    659.00   0.131241E+01
    659.50  -0.560038E+00
    660.00  -0.245356E+02
    660.50  -0.117725E+03
    661.00  -0.334672E+03
    661.50  -0.577752E+03
    662.00  -0.702277E+03
    662.50  -0.926066E+03
    663.00  -0.104785E+04
    663.50  -0.803549E+03
    664.00  -0.681660E+03
    664.50  -0.725169E+03
    665.00  -0.667853E+03
    665.50  -0.691487E+03
    666.00  -0.103133E+04
    666.50  -0.150291E+04
    667.00  -0.186448E+04
    667.50  -0.247756E+04
    668.00  -0.321956E+04
    668.50  -0.302429E+04
    669.00  -0.244673E+04
    669.50  -0.216315E+04
    670.00  -0.141941E+04
    670.50  -0.655618E+03
    671.00  -0.351984E+03
    671.50  -0.171560E+03
    672.00  -0.585459E+02
    672.50  -0.258727E+02
    673.00  -0.156961E+02
    673.50  -0.132183E+02
    674.00  -0.175207E+02
    674.50  -0.246571E+02
    675.00  -0.332198E+02
    675.50  -0.298497E+02
    676.00  -0.162522E+02
    676.50  -0.401990E+01
    677.00   0.000000E+00
    677.50   0.198607E+03
    678.00   0.589161E+03
    678.50   0.126552E+04
    679.00   0.181759E+04
    679.50   0.244806E+04
    680.00   0.297191E+04
    680.50   0.229970E+04
    681.00   0.151778E+04
    681.50   0.120397E+04
    682.00   0.763432E+03
    682.50   0.442219E+03
    683.00   0.430014E+03
    683.50   0.494861E+03
    684.00   0.522720E+03
    684.50   0.629538E+03
    685.00   0.838573E+03
    685.50   0.970276E+03
    686.00   0.998760E+03
    686.50   0.111479E+04
    687.00   0.100823E+04
    687.50   0.549215E+03
    688.00   0.251246E+03
    688.50   0.809741E+02
    689.00   0.293329E+01
    689.50  -0.130581E+01
    690.00  -0.215240E+02
    690.50  -0.526845E+02
    691.00  -0.494989E+02
    691.50  -0.401348E+02
    692.00  -0.333345E+02
    692.50  -0.181918E+02
    693.00  -0.156839E+02
    693.50  -0.306670E+02
    694.00  -0.683418E+02
    694.50  -0.159770E+03
    695.00  -0.356204E+03
    695.50  -0.651631E+03
    696.00  -0.888953E+03
    696.50  -0.111557E+04
    697.00  -0.145890E+04
    697.50  -0.148045E+04
    698.00  -0.130685E+04
    698.50  -0.142377E+04
    699.00  -0.139636E+04
    699.50  -0.108124E+04
    700.00  -0.966865E+03
    700.50  -0.941057E+03
    701.00  -0.754610E+03
    701.50  -0.630280E+03
    702.00  -0.677818E+03
    702.50  -0.681358E+03
    703.00  -0.584394E+03
    703.50  -0.552211E+03
    704.00  -0.498281E+03
    704.50  -0.332741E+03
    705.00  -0.204788E+03
    705.50  -0.130191E+03
    706.00  -0.604434E+02
    706.50  -0.214361E+02
    707.00  -0.735968E+01
    707.50  -0.130052E+01
    708.00   0.000000E+00
    708.50   0.722320E+02
    709.00   0.131850E+03
    709.50   0.161820E+03
    710.00   0.167521E+03
    710.50   0.218904E+03
    711.00   0.262419E+03
    711.50   0.268184E+03
    712.00   0.352300E+03
    712.50   0.516759E+03
    713.00   0.594829E+03
    713.50   0.659800E+03
    714.00   0.851886E+03
    714.50   0.900564E+03
    715.00   0.739363E+03
    715.50   0.696061E+03
    716.00   0.629898E+03
    716.50   0.392550E+03
    717.00   0.245125E+03
    717.50   0.185869E+03
    718.00   0.116588E+03
    718.50   0.787603E+02
    719.00   0.800999E+02
    719.50   0.893776E+02
    720.00   0.938208E+02
    720.50   0.100854E+03
    721.00   0.104336E+03
    721.50   0.682679E+02
    722.00   0.230055E+02
    722.50   0.365271E+01
    723.00   0.000000E+00
    723.50   0.370648E+01
    724.00   0.000000E+00
    724.50   0.132319E+02
    725.00   0.173299E+01
    725.50   0.000000E+00
    726.00   0.724300E+02
    726.50   0.759184E+02
    727.00   0.850935E+02
    727.50   0.866404E+02
    728.00   0.677414E+02
    728.50   0.259770E+02
    729.00   0.262572E+01
    729.50   0.000000E+00
    730.00   0.325843E+01
    730.50   0.000000E+00
    731.00   0.444958E+01
    731.50   0.000000E+00
    732.00   0.129237E+02
    732.50   0.250083E+01
    733.00   0.000000E+00
    733.50   0.696059E+02
    734.00   0.527311E+02
    734.50   0.325368E+02
    735.00   0.118712E+02
    735.50   0.154334E+01
    736.00   0.000000E+00
    736.50   0.170240E+02
    737.00   0.212163E+01
    737.50   0.000000E+00
    738.00   0.891251E+01
    738.50   0.000000E+00
    739.00   0.130909E+02
    739.50   0.979394E+00
    740.00   0.000000E+00
    740.50   0.173924E+02
    741.00   0.605109E+01
    741.50   0.111811E+01
    742.00   0.000000E+00
    742.50   0.279926E+02
    743.00   0.507854E+01
    743.50   0.000000E+00
    744.00   0.120855E+02
    744.50   0.678631E+00
    745.00   0.000000E+00
    745.50   0.185899E+02
    746.00   0.104141E+02
    746.50   0.604032E+01
    747.00   0.203931E+01
    747.50   0.000000E+00
    748.00   0.169946E+02
    748.50   0.000000E+00
    749.00   0.104278E+02
    749.50   0.000000E+00
    750.00   0.621590E+01
    750.50   0.000000E+00
    751.00   0.114348E+02
    751.50   0.177964E+01
    752.00   0.000000E+00
    752.50   0.879420E+02
    753.00   0.110656E+03
    753.50   0.139542E+03
    754.00   0.130394E+03
    754.50   0.746599E+02
    755.00   0.205866E+02
    755.50   0.000000E+00
    756.00   0.388876E+01
    756.50  -0.180951E+01
    757.00  -0.611221E+02
    757.50  -0.203398E+03
    758.00  -0.333614E+03
    758.50  -0.500184E+03
    759.00  -0.538272E+03
    759.50  -0.438634E+03
    760.00  -0.464748E+03
    760.50  -0.500635E+03
    761.00  -0.394480E+03
    761.50  -0.348051E+03
    762.00  -0.414077E+03
    762.50  -0.478182E+03
    763.00  -0.602928E+03
    763.50  -0.101455E+04
    764.00  -0.154143E+04
    764.50  -0.161480E+04
    765.00  -0.151595E+04
    765.50  -0.134687E+04
    766.00  -0.849266E+03
    766.50  -0.504402E+03
    767.00  -0.430487E+03
    767.50  -0.372519E+03
    768.00  -0.298378E+03
    768.50  -0.285203E+03
    769.00  -0.277850E+03
    769.50  -0.220177E+03
    770.00  -0.165817E+03
    770.50  -0.132890E+03
    771.00  -0.777090E+02
    771.50  -0.275498E+02
    772.00  -0.622826E+01
    772.50   0.000000E+00
    773.00   0.809786E+02
    773.50   0.129104E+03
    774.00   0.184574E+03
    774.50   0.168370E+03
    775.00   0.117754E+03
    775.50   0.115998E+03
    776.00   0.118623E+03
    776.50   0.109828E+03
    777.00   0.147899E+03
    777.50   0.240467E+03
    778.00   0.312295E+03
    778.50   0.368149E+03
    779.00   0.483996E+03
    779.50   0.525438E+03
    780.00   0.427656E+03
    780.50   0.397759E+03
    781.00   0.359671E+03
    781.50   0.195978E+03
    782.00   0.876619E+02
    782.50   0.431703E+02
    783.00   0.140755E+02
    783.50   0.429802E+01
    784.00   0.361361E+01
    784.50   0.553396E+01
    785.00   0.988522E+01
    785.50   0.164932E+02
    786.00   0.218138E+02
    786.50   0.162358E+02
    787.00   0.502571E+01
    787.50   0.498695E+00
    788.00   0.000000E+00
    788.50   0.738251E+01
    789.00   0.000000E+00
    789.50   0.284409E+02
    790.00   0.186735E+01
    790.50   0.000000E+00
    791.00   0.964049E+01
    791.50   0.268944E+01
    792.00   0.231381E+01
    792.50   0.548700E+01
    793.00   0.126333E+02
    793.50   0.184704E+02
    794.00   0.128971E+02
    794.50   0.344394E+01
    795.00   0.000000E+00
    795.50   0.701355E+01
    796.00   0.000000E+00
    796.50   0.107914E+02
    797.00   0.000000E+00
    797.50   0.125496E+02
    798.00   0.128447E+01
    798.50   0.000000E+00
    799.00   0.265599E+02
    799.50   0.183306E+02
    800.00   0.133196E+02
    800.50   0.809022E+01
    801.00   0.267321E+01
    801.50   0.000000E+00
    802.00   0.250518E+02
    802.50   0.271900E+01
    803.00   0.000000E+00
    803.50   0.878930E+01
    804.00   0.000000E+00
    804.50   0.205251E+02
    805.00   0.331486E+01
    805.50   0.000000E+00
    806.00   0.265541E+02
    806.50   0.924372E+01
    807.00   0.123699E+01
    807.50   0.000000E+00
    808.00   0.100692E+02
    808.50   0.000000E+00
    809.00   0.150783E+02
    809.50   0.925271E+00
    810.00   0.000000E+00
    810.50   0.185567E+02
    811.00   0.696079E+01
    811.50   0.121414E+01
    812.00   0.000000E+00
    812.50   0.156168E+02
    813.00   0.126781E+01
    813.50   0.000000E+00
    814.00   0.456339E+01
    814.50   0.000000E+00
    815.00   0.132643E+02
    815.50   0.789425E+00
    816.00   0.000000E+00
    816.50   0.662609E+01
    817.00   0.000000E+00
    817.50   0.183377E+02
    818.00   0.166329E+01
    818.50   0.000000E+00
    819.00   0.113404E+02
    819.50   0.149994E+01
    820.00   0.000000E+00
    820.50   0.306300E+02
    821.00   0.101633E+02
    821.50   0.104977E+01
    822.00   0.000000E+00
    822.50   0.683346E+01
    823.00   0.000000E+00
    823.50   0.162998E+02
    824.00   0.766024E+00
    824.50   0.000000E+00
    825.00   0.289814E+01
    825.50   0.000000E+00
    826.00   0.134272E+02
    826.50   0.146966E+01
    827.00   0.000000E+00
    827.50   0.129129E+02
    828.00   0.163360E+01
    828.50   0.000000E+00
    829.00   0.184446E+02
    829.50   0.242158E+01
    830.00   0.000000E+00
    830.50   0.833705E+01
    831.00   0.000000E+00
    831.50   0.102526E+02
    832.00   0.423967E+00
    832.50   0.000000E+00
    833.00   0.227592E+02
    833.50   0.135903E+02
    834.00   0.512582E+01
    834.50   0.000000E+00
    835.00   0.215996E+02
    835.50   0.740081E+00
    836.00  -0.192611E+01
    836.50  -0.348508E+02
    837.00  -0.136723E+03
    837.50  -0.333469E+03
    838.00  -0.488104E+03
    838.50  -0.612163E+03
    839.00  -0.853353E+03
    839.50  -0.884832E+03
    840.00  -0.735243E+03
    840.50  -0.789528E+03
    841.00  -0.840851E+03
    841.50  -0.736816E+03
    842.00  -0.810574E+03
    842.50  -0.113442E+04
    843.00  -0.139538E+04
    843.50  -0.167108E+04
    844.00  -0.235684E+04
    844.50  -0.295368E+04
    845.00  -0.288022E+04
    845.50  -0.290794E+04
    846.00  -0.289900E+04
    846.50  -0.206799E+04
    847.00  -0.130346E+04
    847.50  -0.937544E+03
    848.00  -0.512735E+03
    848.50  -0.206895E+03
    849.00  -0.948000E+02
    849.50  -0.420835E+02
    850.00  -0.215110E+02
    850.50  -0.219431E+02
    851.00  -0.349929E+02
    851.50  -0.659722E+02
    852.00  -0.100409E+03
    852.50  -0.107819E+03
    853.00  -0.727053E+02
    853.50  -0.164950E+02
    854.00   0.000000E+00
    854.50   0.236212E+03
    855.00   0.684935E+03
    855.50   0.123353E+04
    856.00   0.197959E+04
    856.50   0.239598E+04
    857.00   0.191432E+04
    857.50   0.163173E+04
    858.00   0.143743E+04
    858.50   0.857136E+03
    859.00   0.539894E+03
    859.50   0.504817E+03
    860.00   0.414808E+03
    860.50   0.308748E+03
    861.00   0.298861E+03
    861.50   0.308873E+03
    862.00   0.277059E+03
    862.50   0.294530E+03
    863.00   0.397581E+03
    863.50   0.431524E+03
    864.00   0.386337E+03
    864.50   0.390040E+03
    865.00   0.323721E+03
    865.50   0.165019E+03
    866.00   0.689772E+02
    866.50   0.192898E+02
    867.00   0.000000E+00
    867.50   0.713256E+01
    868.00   0.000000E+00
    868.50   0.456784E+01
    869.00   0.000000E+00
    869.50   0.128537E+02
    870.00   0.575349E+01
    870.50   0.387037E+01
    871.00   0.429142E+01
    871.50   0.426172E+01
    872.00   0.327954E+01
    872.50   0.798412E+00
    873.00   0.000000E+00
    873.50   0.700704E+01
    874.00   0.000000E+00
    874.50   0.000000E+00
    875.00   0.395398E+01
    875.50  -0.723407E+00
    876.00  -0.187959E+02
    876.50  -0.558537E+02
    877.00  -0.856588E+02
    877.50  -0.679181E+02
    878.00  -0.596088E+02
    878.50  -0.744819E+02
    879.00  -0.954335E+02
    879.50  -0.175694E+03
    880.00  -0.437601E+03
    880.50  -0.925791E+03
    881.00  -0.153022E+04
    881.50  -0.248608E+04
    882.00  -0.370077E+04
    882.50  -0.389457E+04
    883.00  -0.360005E+04
    883.50  -0.354700E+04
    884.00  -0.254058E+04
    884.50  -0.141549E+04
    885.00  -0.105813E+04
    885.50  -0.857228E+03
    886.00  -0.666817E+03
    886.50  -0.739600E+03
    887.00  -0.104934E+04
    887.50  -0.135815E+04
    888.00  -0.158666E+04
    888.50  -0.190385E+04
    889.00  -0.194551E+04
    889.50  -0.146247E+04
    890.00  -0.110270E+04
    890.50  -0.799650E+03
    891.00  -0.338174E+03
    891.50  -0.859439E+02
    892.00  -0.107951E+02
    892.50   0.000000E+00
    893.00   0.183815E+03
    893.50   0.336034E+03
    894.00   0.460538E+03
    894.50   0.378831E+03
    895.00   0.301202E+03
    895.50   0.330310E+03
    896.00   0.318494E+03
    896.50   0.320447E+03
    897.00   0.474372E+03
    897.50   0.676514E+03
    898.00   0.752718E+03
    898.50   0.856660E+03
    899.00   0.102627E+04
    899.50   0.964381E+03
    900.00   0.857939E+03
    900.50   0.101748E+04
    901.00   0.116841E+04
    901.50   0.113588E+04
    902.00   0.125473E+04
    902.50   0.137004E+04
    903.00   0.106806E+04
    903.50   0.748150E+03
    904.00   0.618217E+03
    904.50   0.426456E+03
    905.00   0.244416E+03
    905.50   0.178870E+03
    906.00   0.123213E+03
    906.50   0.537453E+02
    907.00   0.180572E+02
    907.50   0.373908E+01
    908.00   0.000000E+00
    908.50   0.279573E+02
    909.00   0.117764E+02
    909.50   0.382921E+01
    910.00   0.723760E+00
    910.50   0.000000E+00
    911.00   0.386161E+02
    911.50   0.151403E+02
    912.00   0.284575E+01
    912.50   0.000000E+00
    913.00   0.223058E+02
    913.50   0.232615E+01
    914.00   0.000000E+00
    914.50   0.111760E+02
    915.00   0.435208E+00
    915.50   0.000000E+00
    916.00   0.993877E+01
    916.50   0.149284E+01
    917.00   0.000000E+00
    917.50   0.304429E+02
    918.00   0.114189E+02
    918.50   0.200007E+01
    919.00   0.000000E+00
    919.50   0.199965E+02
    920.00   0.304003E+01
    920.50   0.000000E+00
    921.00   0.216288E+02
    921.50   0.358604E+01
    922.00   0.000000E+00
    922.50   0.162627E+02
    923.00   0.167638E+01
    923.50   0.000000E+00
    924.00   0.111339E+02
    924.50   0.105549E+01
    925.00   0.000000E+00
    925.50   0.147277E+02
    926.00   0.324289E+01
    926.50   0.000000E+00
    927.00   0.373761E+02
    927.50   0.139219E+02
    928.00   0.202098E+01
    928.50   0.000000E+00
    929.00   0.157213E+02
    929.50   0.188593E+01
    930.00   0.000000E+00
    930.50   0.137507E+02
    931.00   0.950123E+00
    931.50   0.000000E+00
    932.00   0.445183E+01
    932.50   0.000000E+00
    933.00   0.158698E+02
    933.50   0.276941E+01
    934.00   0.000000E+00
    934.50   0.435362E+02
    935.00   0.177465E+02
    935.50   0.341177E+01
    936.00   0.000000E+00
    936.50   0.229902E+02
    937.00   0.495243E+01
    937.50   0.366216E+00
    938.00   0.000000E+00
    938.50   0.145824E+02
    939.00   0.162448E+01
    939.50   0.000000E+00
    940.00   0.694461E+01
    940.50   0.000000E+00
    941.00   0.158032E+02
    941.50   0.228871E+01
    942.00   0.000000E+00
    942.50   0.224773E+02
    943.00   0.475784E+01
    943.50   0.000000E+00
    944.00   0.250828E+02
    944.50   0.517771E+01
    945.00   0.000000E+00
    945.50   0.356719E+02
    946.00   0.114464E+02
    946.50   0.255943E+01
    947.00   0.000000E+00
    947.50   0.314100E+02
    948.00   0.679759E+01
    948.50   0.000000E+00
    949.00   0.169152E+02
    949.50   0.471995E+00
    950.00  -0.761933E+00
    950.50  -0.164375E+02
    951.00  -0.499454E+02
    951.50  -0.987940E+02
    952.00  -0.193915E+03
    952.50  -0.276435E+03
    953.00  -0.335295E+03
    953.50  -0.506620E+03
    954.00  -0.703210E+03
    954.50  -0.732369E+03
    955.00  -0.824038E+03
    955.50  -0.103809E+04
    956.00  -0.106685E+04
    956.50  -0.109141E+04
    957.00  -0.140138E+04
    957.50  -0.155984E+04
    958.00  -0.137746E+04
    958.50  -0.139890E+04
    959.00  -0.151044E+04
    959.50  -0.131845E+04
    960.00  -0.119142E+04
    960.50  -0.129698E+04
    961.00  -0.120332E+04
    961.50  -0.939499E+03
    962.00  -0.810935E+03
    962.50  -0.641570E+03
    963.00  -0.373094E+03
    963.50  -0.211968E+03
    964.00  -0.134360E+03
    964.50  -0.688149E+02
    965.00  -0.334944E+02
    965.50  -0.220123E+02
    966.00  -0.126526E+02
    966.50  -0.452634E+01
    967.00  -0.518047E+00
    967.50   0.000000E+00
    968.00   0.135510E+03
    968.50   0.217297E+03
    969.00   0.434443E+03
    969.50   0.627451E+03
    970.00   0.602659E+03
    970.50   0.642293E+03
    971.00   0.681282E+03
    971.50   0.561740E+03
    972.00   0.508901E+03
    972.50   0.594583E+03
    973.00   0.612638E+03
    973.50   0.581456E+03
    974.00   0.702117E+03
    974.50   0.832693E+03
    975.00   0.739801E+03
    975.50   0.656541E+03
    976.00   0.626846E+03
    976.50   0.435002E+03
    977.00   0.255239E+03
    977.50   0.191012E+03
    978.00   0.119253E+03
    978.50   0.463607E+02
    979.00   0.176980E+02
    979.50   0.574020E+01
    980.00   0.568506E+00
    980.50   0.000000E+00
    981.00   0.337912E+02
    981.50   0.176037E+02
    982.00   0.626683E+01
    982.50   0.157051E+01
    983.00   0.000000E+00
    983.50   0.303279E+02
    984.00   0.779764E+01
    984.50   0.746392E+00
    985.00   0.000000E+00
    985.50   0.684406E+01
    986.00   0.523916E+00
    986.50   0.000000E+00
    987.00   0.144714E+02
    987.50   0.391106E+01
    988.00   0.505189E+00
    988.50   0.000000E+00
    989.00   0.186413E+02
    989.50   0.471995E+01
    990.00   0.000000E+00
    990.50   0.218347E+02
    991.00   0.224945E+01
    991.50   0.000000E+00
    992.00   0.450346E+01
    992.50   0.000000E+00
    993.00   0.156245E+02
    993.50   0.283046E+01
    994.00   0.000000E+00
    994.50   0.479312E+02
    995.00   0.259062E+02
    995.50   0.855046E+01
    996.00   0.694894E+00
    996.50   0.000000E+00
    997.00   0.181518E+01
    997.50   0.000000E+00
    998.00   0.231961E+01
    998.50   0.000000E+00
    999.00   0.172130E+02
    999.50   0.342412E+01
