      0.00  -0.627744E+67
      0.50  -0.627744E+67
      1.00  -0.627744E+67
      1.50  -0.627744E+67
      2.00  -0.627744E+67
      2.50  -0.627744E+67
      3.00  -0.627744E+67
      3.50  -0.627744E+67
      4.00  -0.627744E+67
      4.50  -0.627744E+67
      5.00  -0.627744E+67
      5.50  -0.627744E+67
      6.00  -0.627744E+67
      6.50  -0.627744E+67
      7.00  -0.627744E+67
      7.50  -0.627744E+67
      8.00  -0.627744E+67
      8.50  -0.627744E+67
      9.00  -0.627744E+67
      9.50  -0.627744E+67
     10.00  -0.627744E+67
     10.50  -0.627744E+67
     11.00  -0.627744E+67
     11.50  -0.627744E+67
     12.00  -0.627744E+67
     12.50  -0.627744E+67
     13.00  -0.627744E+67
     13.50  -0.627744E+67
     14.00  -0.627744E+67
     14.50  -0.627744E+67
     15.00  -0.627744E+67
     15.50  -0.627744E+67
     16.00  -0.627744E+67
     16.50  -0.627744E+67
     17.00  -0.627744E+67
     17.50  -0.627744E+67
     18.00  -0.627744E+67
     18.50  -0.627744E+67
     19.00  -0.627744E+67
     19.50  -0.627744E+67
     20.00  -0.627744E+67
     20.50  -0.627744E+67
     21.00  -0.627744E+67
     21.50  -0.627744E+67
     22.00  -0.627744E+67
     22.50  -0.627744E+67
     23.00  -0.627744E+67
     23.50  -0.627744E+67
     24.00  -0.627744E+67
     24.50  -0.627744E+67
     25.00  -0.627744E+67
     25.50  -0.627744E+67
     26.00  -0.627744E+67
     26.50  -0.627744E+67
     27.00  -0.627744E+67
     27.50  -0.627744E+67
     28.00  -0.627744E+67
     28.50  -0.627744E+67
     29.00  -0.627744E+67
     29.50  -0.627744E+67
     30.00  -0.627744E+67
     30.50  -0.627744E+67
     31.00  -0.627744E+67
     31.50  -0.627744E+67
     32.00  -0.627744E+67
     32.50  -0.627744E+67
     33.00  -0.627744E+67
     33.50  -0.627744E+67
     34.00  -0.627744E+67
     34.50  -0.627744E+67
     35.00  -0.627744E+67
     35.50  -0.627744E+67
     36.00  -0.627744E+67
     36.50  -0.627744E+67
     37.00  -0.627744E+67
     37.50  -0.627744E+67
     38.00  -0.627744E+67
     38.50  -0.627744E+67
     39.00  -0.627744E+67
     39.50  -0.627744E+67
     40.00  -0.627744E+67
     40.50  -0.627744E+67
     41.00  -0.627744E+67
     41.50  -0.627744E+67
     42.00  -0.627744E+67
     42.50  -0.627744E+67
     43.00  -0.627744E+67
     43.50  -0.627744E+67
     44.00  -0.627744E+67
     44.50  -0.627744E+67
     45.00  -0.627744E+67
     45.50  -0.627744E+67
     46.00  -0.627744E+67
     46.50  -0.627744E+67
     47.00  -0.627744E+67
     47.50  -0.627744E+67
     48.00  -0.627744E+67
     48.50  -0.627744E+67
     49.00  -0.627744E+67
     49.50  -0.627744E+67
     50.00  -0.627744E+67
     50.50  -0.627744E+67
     51.00  -0.627744E+67
     51.50  -0.627744E+67
     52.00  -0.627744E+67
     52.50  -0.627744E+67
     53.00  -0.627744E+67
     53.50  -0.627744E+67
     54.00  -0.627744E+67
     54.50  -0.627744E+67
     55.00  -0.627744E+67
     55.50  -0.627744E+67
     56.00  -0.627744E+67
     56.50  -0.627744E+67
     57.00  -0.627744E+67
     57.50  -0.627744E+67
     58.00  -0.627744E+67
     58.50  -0.627744E+67
     59.00  -0.627744E+67
     59.50  -0.627744E+67
     60.00  -0.627744E+67
     60.50  -0.627744E+67
     61.00  -0.627744E+67
     61.50  -0.627744E+67
     62.00  -0.627744E+67
     62.50  -0.627744E+67
     63.00  -0.627744E+67
     63.50  -0.627744E+67
     64.00  -0.627744E+67
     64.50  -0.627744E+67
     65.00  -0.627744E+67
     65.50  -0.627744E+67
     66.00  -0.627744E+67
     66.50  -0.627744E+67
     67.00  -0.627744E+67
     67.50  -0.627744E+67
     68.00  -0.627744E+67
     68.50  -0.627744E+67
     69.00  -0.627744E+67
     69.50  -0.627744E+67
     70.00  -0.627744E+67
     70.50  -0.627744E+67
     71.00  -0.627744E+67
     71.50  -0.627744E+67
     72.00  -0.627744E+67
     72.50  -0.627744E+67
     73.00  -0.627744E+67
     73.50  -0.627744E+67
     74.00  -0.627744E+67
     74.50  -0.627744E+67
     75.00  -0.627744E+67
     75.50  -0.627744E+67
     76.00  -0.627744E+67
     76.50  -0.627744E+67
     77.00  -0.627744E+67
     77.50  -0.627744E+67
     78.00  -0.627744E+67
     78.50  -0.627744E+67
     79.00  -0.627744E+67
     79.50  -0.627744E+67
     80.00  -0.627744E+67
     80.50  -0.627744E+67
     81.00  -0.627744E+67
     81.50  -0.627744E+67
     82.00  -0.627744E+67
     82.50  -0.627744E+67
     83.00  -0.627744E+67
     83.50  -0.627744E+67
     84.00  -0.627744E+67
     84.50  -0.627744E+67
     85.00  -0.627744E+67
     85.50  -0.627744E+67
     86.00  -0.627744E+67
     86.50  -0.627744E+67
     87.00  -0.627744E+67
     87.50  -0.627744E+67
     88.00  -0.627744E+67
     88.50  -0.627744E+67
     89.00  -0.627744E+67
     89.50  -0.627744E+67
     90.00  -0.627744E+67
     90.50  -0.627744E+67
     91.00  -0.627744E+67
     91.50  -0.627744E+67
     92.00  -0.627744E+67
     92.50  -0.627744E+67
     93.00  -0.627744E+67
     93.50  -0.627744E+67
     94.00  -0.627744E+67
     94.50  -0.627744E+67
     95.00  -0.627744E+67
     95.50  -0.627744E+67
     96.00  -0.627744E+67
     96.50  -0.627744E+67
     97.00  -0.627744E+67
     97.50  -0.627744E+67
     98.00  -0.627744E+67
     98.50  -0.627744E+67
     99.00  -0.627744E+67
     99.50  -0.627744E+67
    100.00  -0.627744E+67
    100.50  -0.627744E+67
    101.00  -0.627744E+67
    101.50  -0.627744E+67
    102.00  -0.627744E+67
    102.50  -0.627744E+67
    103.00  -0.627744E+67
    103.50  -0.627744E+67
    104.00  -0.627744E+67
    104.50  -0.627744E+67
    105.00  -0.627744E+67
    105.50  -0.627744E+67
    106.00  -0.627744E+67
    106.50  -0.627744E+67
    107.00  -0.627744E+67
    107.50  -0.627744E+67
    108.00  -0.627744E+67
    108.50  -0.627744E+67
    109.00  -0.627744E+67
    109.50  -0.627744E+67
    110.00  -0.627744E+67
    110.50  -0.627744E+67
    111.00  -0.627744E+67
    111.50  -0.627744E+67
    112.00  -0.627744E+67
    112.50  -0.627744E+67
    113.00  -0.627744E+67
    113.50  -0.627744E+67
    114.00  -0.627744E+67
    114.50  -0.627744E+67
    115.00  -0.627744E+67
    115.50  -0.627744E+67
    116.00  -0.627744E+67
    116.50  -0.627744E+67
    117.00  -0.627744E+67
    117.50  -0.627744E+67
    118.00  -0.627744E+67
    118.50  -0.627744E+67
    119.00  -0.627744E+67
    119.50  -0.627744E+67
    120.00  -0.627744E+67
    120.50  -0.627744E+67
    121.00  -0.627744E+67
    121.50  -0.627744E+67
    122.00  -0.627744E+67
    122.50  -0.627744E+67
    123.00  -0.627744E+67
    123.50  -0.627744E+67
    124.00  -0.627744E+67
    124.50  -0.627744E+67
    125.00  -0.627744E+67
    125.50  -0.627744E+67
    126.00  -0.627744E+67
    126.50  -0.627744E+67
    127.00  -0.627744E+67
    127.50  -0.627744E+67
    128.00  -0.627744E+67
    128.50  -0.627744E+67
    129.00  -0.627744E+67
    129.50  -0.627744E+67
    130.00  -0.627744E+67
    130.50  -0.627744E+67
    131.00  -0.627744E+67
    131.50  -0.627744E+67
    132.00  -0.627744E+67
    132.50  -0.627744E+67
    133.00  -0.627744E+67
    133.50  -0.627744E+67
    134.00  -0.627744E+67
    134.50  -0.627744E+67
    135.00  -0.627744E+67
    135.50  -0.627744E+67
    136.00  -0.627744E+67
    136.50  -0.627744E+67
    137.00  -0.627744E+67
    137.50  -0.627744E+67
    138.00  -0.627744E+67
    138.50  -0.627744E+67
    139.00  -0.627744E+67
    139.50  -0.627744E+67
    140.00  -0.627744E+67
    140.50  -0.627744E+67
    141.00  -0.627744E+67
    141.50  -0.627744E+67
    142.00  -0.627744E+67
    142.50  -0.627744E+67
    143.00  -0.627744E+67
    143.50  -0.627744E+67
    144.00  -0.627744E+67
    144.50  -0.627744E+67
    145.00  -0.627744E+67
    145.50  -0.627744E+67
    146.00  -0.627744E+67
    146.50  -0.627744E+67
    147.00  -0.627744E+67
    147.50  -0.627744E+67
    148.00  -0.627744E+67
    148.50  -0.627744E+67
    149.00  -0.627744E+67
    149.50  -0.627744E+67
    150.00  -0.627744E+67
    150.50  -0.627744E+67
    151.00  -0.627744E+67
    151.50  -0.627744E+67
    152.00  -0.627744E+67
    152.50  -0.627744E+67
    153.00  -0.627744E+67
    153.50  -0.627744E+67
    154.00  -0.627744E+67
    154.50  -0.627744E+67
    155.00  -0.627744E+67
    155.50  -0.627744E+67
    156.00  -0.627744E+67
    156.50  -0.627744E+67
    157.00  -0.627744E+67
    157.50  -0.627744E+67
    158.00  -0.627744E+67
    158.50  -0.627744E+67
    159.00  -0.627744E+67
    159.50  -0.627744E+67
    160.00  -0.627744E+67
    160.50  -0.627744E+67
    161.00  -0.627744E+67
    161.50  -0.627744E+67
    162.00  -0.627744E+67
    162.50  -0.627744E+67
    163.00  -0.627744E+67
    163.50  -0.627744E+67
    164.00  -0.627744E+67
    164.50  -0.627744E+67
    165.00  -0.627744E+67
    165.50  -0.627744E+67
    166.00  -0.627744E+67
    166.50  -0.627744E+67
    167.00  -0.627744E+67
    167.50  -0.627744E+67
    168.00  -0.627744E+67
    168.50  -0.627744E+67
    169.00  -0.627744E+67
    169.50  -0.627744E+67
    170.00  -0.627744E+67
    170.50  -0.627744E+67
    171.00  -0.627744E+67
    171.50  -0.627744E+67
    172.00  -0.627744E+67
    172.50  -0.627744E+67
    173.00  -0.627744E+67
    173.50  -0.627744E+67
    174.00  -0.627744E+67
    174.50  -0.627744E+67
    175.00  -0.627744E+67
    175.50  -0.627744E+67
    176.00  -0.627744E+67
    176.50  -0.627744E+67
    177.00  -0.627744E+67
    177.50  -0.627744E+67
    178.00  -0.627744E+67
    178.50  -0.627744E+67
    179.00  -0.627744E+67
    179.50  -0.627744E+67
    180.00  -0.627744E+67
    180.50  -0.627744E+67
    181.00  -0.627744E+67
    181.50  -0.627744E+67
    182.00  -0.627744E+67
    182.50  -0.627744E+67
    183.00  -0.627744E+67
    183.50  -0.627744E+67
    184.00  -0.627744E+67
    184.50  -0.627744E+67
    185.00  -0.627744E+67
    185.50  -0.627744E+67
    186.00  -0.627744E+67
    186.50  -0.627744E+67
    187.00  -0.627744E+67
    187.50  -0.627744E+67
    188.00  -0.627744E+67
    188.50  -0.627744E+67
    189.00  -0.627744E+67
    189.50  -0.627744E+67
    190.00  -0.627744E+67
    190.50  -0.627744E+67
    191.00  -0.627744E+67
    191.50  -0.627744E+67
    192.00  -0.627744E+67
    192.50  -0.627744E+67
    193.00  -0.627744E+67
    193.50  -0.627744E+67
    194.00  -0.627744E+67
    194.50  -0.627744E+67
    195.00  -0.627744E+67
    195.50  -0.627744E+67
    196.00  -0.627744E+67
    196.50  -0.627744E+67
    197.00  -0.627744E+67
    197.50  -0.627744E+67
    198.00  -0.627744E+67
    198.50  -0.627744E+67
    199.00  -0.627744E+67
    199.50  -0.627744E+67
    200.00  -0.627744E+67
    200.50  -0.627744E+67
    201.00  -0.627744E+67
    201.50  -0.627744E+67
    202.00  -0.627744E+67
    202.50  -0.627744E+67
    203.00  -0.627744E+67
    203.50  -0.627744E+67
    204.00  -0.627744E+67
    204.50  -0.627744E+67
    205.00  -0.627744E+67
    205.50  -0.627744E+67
    206.00  -0.627744E+67
    206.50  -0.627744E+67
    207.00  -0.627744E+67
    207.50  -0.627744E+67
    208.00  -0.627744E+67
    208.50  -0.627744E+67
    209.00  -0.627744E+67
    209.50  -0.627744E+67
    210.00  -0.627744E+67
    210.50  -0.627744E+67
    211.00  -0.627744E+67
    211.50  -0.627744E+67
    212.00  -0.627744E+67
    212.50  -0.627744E+67
    213.00  -0.627744E+67
    213.50  -0.627744E+67
    214.00  -0.627744E+67
    214.50  -0.627744E+67
    215.00  -0.627744E+67
    215.50  -0.627744E+67
    216.00  -0.627744E+67
    216.50  -0.627744E+67
    217.00  -0.627744E+67
    217.50  -0.627744E+67
    218.00  -0.627744E+67
    218.50  -0.627744E+67
    219.00  -0.627744E+67
    219.50  -0.627744E+67
    220.00  -0.627744E+67
    220.50  -0.627744E+67
    221.00  -0.627744E+67
    221.50  -0.627744E+67
    222.00  -0.627744E+67
    222.50  -0.627744E+67
    223.00  -0.627744E+67
    223.50  -0.627744E+67
    224.00  -0.627744E+67
    224.50  -0.627744E+67
    225.00  -0.627744E+67
    225.50  -0.627744E+67
    226.00  -0.627744E+67
    226.50  -0.627744E+67
    227.00  -0.627744E+67
    227.50  -0.627744E+67
    228.00  -0.627744E+67
    228.50  -0.627744E+67
    229.00  -0.627744E+67
    229.50  -0.627744E+67
    230.00  -0.627744E+67
    230.50  -0.627744E+67
    231.00  -0.627744E+67
    231.50  -0.627744E+67
    232.00  -0.627744E+67
    232.50  -0.627744E+67
    233.00  -0.627744E+67
    233.50  -0.627744E+67
    234.00  -0.627744E+67
    234.50  -0.627744E+67
    235.00  -0.627744E+67
    235.50  -0.627744E+67
    236.00  -0.627744E+67
    236.50  -0.627744E+67
    237.00  -0.627744E+67
    237.50  -0.627744E+67
    238.00  -0.627744E+67
    238.50  -0.627744E+67
    239.00  -0.627744E+67
    239.50  -0.627744E+67
    240.00  -0.627744E+67
    240.50  -0.627744E+67
    241.00  -0.627744E+67
    241.50  -0.627744E+67
    242.00  -0.627744E+67
    242.50  -0.627744E+67
    243.00  -0.627744E+67
    243.50  -0.627744E+67
    244.00  -0.627744E+67
    244.50  -0.627744E+67
    245.00  -0.627744E+67
    245.50  -0.627744E+67
    246.00  -0.627744E+67
    246.50  -0.627744E+67
    247.00  -0.627744E+67
    247.50  -0.627744E+67
    248.00  -0.627744E+67
    248.50  -0.627744E+67
    249.00  -0.627744E+67
    249.50  -0.627744E+67
    250.00  -0.627744E+67
    250.50  -0.627744E+67
    251.00  -0.627744E+67
    251.50  -0.627744E+67
    252.00  -0.627744E+67
    252.50  -0.627744E+67
    253.00  -0.627744E+67
    253.50  -0.627744E+67
    254.00  -0.627744E+67
    254.50  -0.627744E+67
    255.00  -0.627744E+67
    255.50  -0.627744E+67
    256.00  -0.627744E+67
    256.50  -0.627744E+67
    257.00  -0.627744E+67
    257.50  -0.627744E+67
    258.00  -0.627744E+67
    258.50  -0.627744E+67
    259.00  -0.627744E+67
    259.50  -0.627744E+67
    260.00  -0.627744E+67
    260.50  -0.627744E+67
    261.00  -0.627744E+67
    261.50  -0.627744E+67
    262.00  -0.627744E+67
    262.50  -0.627744E+67
    263.00  -0.627744E+67
    263.50  -0.627744E+67
    264.00  -0.627744E+67
    264.50  -0.627744E+67
    265.00  -0.627744E+67
    265.50  -0.627744E+67
    266.00  -0.627744E+67
    266.50  -0.627744E+67
    267.00  -0.627744E+67
    267.50  -0.627744E+67
    268.00  -0.627744E+67
    268.50  -0.627744E+67
    269.00  -0.627744E+67
    269.50  -0.627744E+67
    270.00  -0.627744E+67
    270.50  -0.627744E+67
    271.00  -0.627744E+67
    271.50  -0.627744E+67
    272.00  -0.627744E+67
    272.50  -0.627744E+67
    273.00  -0.627744E+67
    273.50  -0.627744E+67
    274.00  -0.627744E+67
    274.50  -0.627744E+67
    275.00  -0.627744E+67
    275.50  -0.627744E+67
    276.00  -0.627744E+67
    276.50  -0.627744E+67
    277.00  -0.627744E+67
    277.50  -0.627744E+67
    278.00  -0.627744E+67
    278.50  -0.627744E+67
    279.00  -0.627744E+67
    279.50  -0.627744E+67
    280.00  -0.627744E+67
    280.50  -0.627744E+67
    281.00  -0.627744E+67
    281.50  -0.627744E+67
    282.00  -0.627744E+67
    282.50  -0.627744E+67
    283.00  -0.627744E+67
    283.50  -0.627744E+67
    284.00  -0.627744E+67
    284.50  -0.627744E+67
    285.00  -0.627744E+67
    285.50  -0.627744E+67
    286.00  -0.627744E+67
    286.50  -0.627744E+67
    287.00  -0.627744E+67
    287.50  -0.627744E+67
    288.00  -0.627744E+67
    288.50  -0.627744E+67
    289.00  -0.627744E+67
    289.50  -0.627744E+67
    290.00  -0.627744E+67
    290.50  -0.627744E+67
    291.00  -0.627744E+67
    291.50  -0.627744E+67
    292.00  -0.627744E+67
    292.50  -0.627744E+67
    293.00  -0.627744E+67
    293.50  -0.627744E+67
    294.00  -0.627744E+67
    294.50  -0.627744E+67
    295.00  -0.627744E+67
    295.50  -0.627744E+67
    296.00  -0.627744E+67
    296.50  -0.627744E+67
    297.00  -0.627744E+67
    297.50  -0.627744E+67
    298.00  -0.627744E+67
    298.50  -0.627744E+67
    299.00  -0.627744E+67
    299.50  -0.627744E+67
    300.00  -0.627744E+67
    300.50  -0.627744E+67
    301.00  -0.627744E+67
    301.50  -0.627744E+67
    302.00  -0.627744E+67
    302.50  -0.627744E+67
    303.00  -0.627744E+67
    303.50  -0.627744E+67
    304.00  -0.627744E+67
    304.50  -0.627744E+67
    305.00  -0.627744E+67
    305.50  -0.627744E+67
    306.00  -0.627744E+67
    306.50  -0.627744E+67
    307.00  -0.627744E+67
    307.50  -0.627744E+67
    308.00  -0.627744E+67
    308.50  -0.627744E+67
    309.00  -0.627744E+67
    309.50  -0.627744E+67
    310.00  -0.627744E+67
    310.50  -0.627744E+67
    311.00  -0.627744E+67
    311.50  -0.627744E+67
    312.00  -0.627744E+67
    312.50  -0.627744E+67
    313.00  -0.627744E+67
    313.50  -0.627744E+67
    314.00  -0.627744E+67
    314.50  -0.627744E+67
    315.00  -0.627744E+67
    315.50  -0.627744E+67
    316.00  -0.627744E+67
    316.50  -0.627744E+67
    317.00  -0.627744E+67
    317.50  -0.627744E+67
    318.00  -0.627744E+67
    318.50  -0.627744E+67
    319.00  -0.627744E+67
    319.50  -0.627744E+67
    320.00  -0.627744E+67
    320.50  -0.627744E+67
    321.00  -0.627744E+67
    321.50  -0.627744E+67
    322.00  -0.627744E+67
    322.50  -0.627744E+67
    323.00  -0.627744E+67
    323.50  -0.627744E+67
    324.00  -0.627744E+67
    324.50  -0.627744E+67
    325.00  -0.627744E+67
    325.50  -0.627744E+67
    326.00  -0.627744E+67
    326.50  -0.627744E+67
    327.00  -0.627744E+67
    327.50  -0.627744E+67
    328.00  -0.627744E+67
    328.50  -0.627744E+67
    329.00  -0.627744E+67
    329.50  -0.627744E+67
    330.00  -0.627744E+67
    330.50  -0.627744E+67
    331.00  -0.627744E+67
    331.50  -0.627744E+67
    332.00  -0.627744E+67
    332.50  -0.627744E+67
    333.00  -0.627744E+67
    333.50  -0.627744E+67
    334.00  -0.627744E+67
    334.50  -0.627744E+67
    335.00  -0.627744E+67
    335.50  -0.627744E+67
    336.00  -0.627744E+67
    336.50  -0.627744E+67
    337.00  -0.627744E+67
    337.50  -0.627744E+67
    338.00  -0.627744E+67
    338.50  -0.627744E+67
    339.00  -0.627744E+67
    339.50  -0.627744E+67
    340.00  -0.627744E+67
    340.50  -0.627744E+67
    341.00  -0.627744E+67
    341.50  -0.627744E+67
    342.00  -0.627744E+67
    342.50  -0.627744E+67
    343.00  -0.627744E+67
    343.50  -0.627744E+67
    344.00  -0.627744E+67
    344.50  -0.627744E+67
    345.00  -0.627744E+67
    345.50  -0.627744E+67
    346.00  -0.627744E+67
    346.50  -0.627744E+67
    347.00  -0.627744E+67
    347.50  -0.627744E+67
    348.00  -0.627744E+67
    348.50  -0.627744E+67
    349.00  -0.627744E+67
    349.50  -0.627744E+67
    350.00  -0.627744E+67
    350.50  -0.627744E+67
    351.00  -0.627744E+67
    351.50  -0.627744E+67
    352.00  -0.627744E+67
    352.50  -0.627744E+67
    353.00  -0.627744E+67
    353.50  -0.627744E+67
    354.00  -0.627744E+67
    354.50  -0.627744E+67
    355.00  -0.627744E+67
    355.50  -0.627744E+67
    356.00  -0.627744E+67
    356.50  -0.627744E+67
    357.00  -0.627744E+67
    357.50  -0.627744E+67
    358.00  -0.627744E+67
    358.50  -0.627744E+67
    359.00  -0.627744E+67
    359.50  -0.627744E+67
    360.00  -0.627744E+67
    360.50  -0.627744E+67
    361.00  -0.627744E+67
    361.50  -0.627744E+67
    362.00  -0.627744E+67
    362.50  -0.627744E+67
    363.00  -0.627744E+67
    363.50  -0.627744E+67
    364.00  -0.627744E+67
    364.50  -0.627744E+67
    365.00  -0.627744E+67
    365.50  -0.627744E+67
    366.00  -0.627744E+67
    366.50  -0.627744E+67
    367.00  -0.627744E+67
    367.50  -0.627744E+67
    368.00  -0.627744E+67
    368.50  -0.627744E+67
    369.00  -0.627744E+67
    369.50  -0.627744E+67
    370.00  -0.627744E+67
    370.50  -0.627744E+67
    371.00  -0.627744E+67
    371.50  -0.627744E+67
    372.00  -0.627744E+67
    372.50  -0.627744E+67
    373.00  -0.627744E+67
    373.50  -0.627744E+67
    374.00  -0.627744E+67
    374.50  -0.627744E+67
    375.00  -0.627744E+67
    375.50  -0.627744E+67
    376.00  -0.627744E+67
    376.50  -0.627744E+67
    377.00  -0.627744E+67
    377.50  -0.627744E+67
    378.00  -0.627744E+67
    378.50  -0.627744E+67
    379.00  -0.627744E+67
    379.50  -0.627744E+67
    380.00  -0.627744E+67
    380.50  -0.627744E+67
    381.00  -0.627744E+67
    381.50  -0.627744E+67
    382.00  -0.627744E+67
    382.50  -0.627744E+67
    383.00  -0.627744E+67
    383.50  -0.627744E+67
    384.00  -0.627744E+67
    384.50  -0.627744E+67
    385.00  -0.627744E+67
    385.50  -0.627744E+67
    386.00  -0.627744E+67
    386.50  -0.627744E+67
    387.00  -0.627744E+67
    387.50  -0.627744E+67
    388.00  -0.627744E+67
    388.50  -0.627744E+67
    389.00  -0.627744E+67
    389.50  -0.627744E+67
    390.00  -0.627744E+67
    390.50  -0.627744E+67
    391.00  -0.627744E+67
    391.50  -0.627744E+67
    392.00  -0.627744E+67
    392.50  -0.627744E+67
    393.00  -0.627744E+67
    393.50  -0.627744E+67
    394.00  -0.627744E+67
    394.50  -0.627744E+67
    395.00  -0.627744E+67
    395.50  -0.627744E+67
    396.00  -0.627744E+67
    396.50  -0.627744E+67
    397.00  -0.627744E+67
    397.50  -0.627744E+67
    398.00  -0.627744E+67
    398.50  -0.627744E+67
    399.00  -0.627744E+67
    399.50  -0.627744E+67
    400.00  -0.627744E+67
    400.50  -0.627744E+67
    401.00  -0.627744E+67
    401.50  -0.627744E+67
    402.00  -0.627744E+67
    402.50  -0.627744E+67
    403.00  -0.627744E+67
    403.50  -0.627744E+67
    404.00  -0.627744E+67
    404.50  -0.627744E+67
    405.00  -0.627744E+67
    405.50  -0.627744E+67
    406.00  -0.627744E+67
    406.50  -0.627744E+67
    407.00  -0.627744E+67
    407.50  -0.627744E+67
    408.00  -0.627744E+67
    408.50  -0.627744E+67
    409.00  -0.627744E+67
    409.50  -0.627744E+67
    410.00  -0.627744E+67
    410.50  -0.627744E+67
    411.00  -0.627744E+67
    411.50  -0.627744E+67
    412.00  -0.627744E+67
    412.50  -0.627744E+67
    413.00  -0.627744E+67
    413.50  -0.627744E+67
    414.00  -0.627744E+67
    414.50  -0.627744E+67
    415.00  -0.627744E+67
    415.50  -0.627744E+67
    416.00  -0.627744E+67
    416.50  -0.627744E+67
    417.00  -0.627744E+67
    417.50  -0.627744E+67
    418.00  -0.627744E+67
    418.50  -0.627744E+67
    419.00  -0.627744E+67
    419.50  -0.627744E+67
    420.00  -0.627744E+67
    420.50  -0.627744E+67
    421.00  -0.627744E+67
    421.50  -0.627744E+67
    422.00  -0.627744E+67
    422.50  -0.627744E+67
    423.00  -0.627744E+67
    423.50  -0.627744E+67
    424.00  -0.627744E+67
    424.50  -0.627744E+67
    425.00  -0.627744E+67
    425.50  -0.627744E+67
    426.00  -0.627744E+67
    426.50  -0.627744E+67
    427.00  -0.627744E+67
    427.50  -0.627744E+67
    428.00  -0.627744E+67
    428.50  -0.627744E+67
    429.00  -0.627744E+67
    429.50  -0.627744E+67
    430.00  -0.627744E+67
    430.50  -0.627744E+67
    431.00  -0.627744E+67
    431.50  -0.627744E+67
    432.00  -0.627744E+67
    432.50  -0.627744E+67
    433.00  -0.627744E+67
    433.50  -0.627744E+67
    434.00  -0.627744E+67
    434.50  -0.627744E+67
    435.00  -0.627744E+67
    435.50  -0.627744E+67
    436.00  -0.627744E+67
    436.50  -0.627744E+67
    437.00  -0.627744E+67
    437.50  -0.627744E+67
    438.00  -0.627744E+67
    438.50  -0.627744E+67
    439.00  -0.627744E+67
    439.50  -0.627744E+67
    440.00  -0.627744E+67
    440.50  -0.627744E+67
    441.00  -0.627744E+67
    441.50  -0.627744E+67
    442.00  -0.627744E+67
    442.50  -0.627744E+67
    443.00  -0.627744E+67
    443.50  -0.627744E+67
    444.00  -0.627744E+67
    444.50  -0.627744E+67
    445.00  -0.627744E+67
    445.50  -0.627744E+67
    446.00  -0.627744E+67
    446.50  -0.627744E+67
    447.00  -0.627744E+67
    447.50  -0.627744E+67
    448.00  -0.627744E+67
    448.50  -0.627744E+67
    449.00  -0.627744E+67
    449.50  -0.627744E+67
    450.00  -0.627744E+67
    450.50  -0.627744E+67
    451.00  -0.627744E+67
    451.50  -0.627744E+67
    452.00  -0.627744E+67
    452.50  -0.627744E+67
    453.00  -0.627744E+67
    453.50  -0.627744E+67
    454.00  -0.627744E+67
    454.50  -0.627744E+67
    455.00  -0.627744E+67
    455.50  -0.627744E+67
    456.00  -0.627744E+67
    456.50  -0.627744E+67
    457.00  -0.627744E+67
    457.50  -0.627744E+67
    458.00  -0.627744E+67
    458.50  -0.627744E+67
    459.00  -0.627744E+67
    459.50  -0.627744E+67
    460.00  -0.627744E+67
    460.50  -0.627744E+67
    461.00  -0.627744E+67
    461.50  -0.627744E+67
    462.00  -0.627744E+67
    462.50  -0.627744E+67
    463.00  -0.627744E+67
    463.50  -0.627744E+67
    464.00  -0.627744E+67
    464.50  -0.627744E+67
    465.00  -0.627744E+67
    465.50  -0.627744E+67
    466.00  -0.627744E+67
    466.50  -0.627744E+67
    467.00  -0.627744E+67
    467.50  -0.627744E+67
    468.00  -0.627744E+67
    468.50  -0.627744E+67
    469.00  -0.627744E+67
    469.50  -0.627744E+67
    470.00  -0.627744E+67
    470.50  -0.627744E+67
    471.00  -0.627744E+67
    471.50  -0.627744E+67
    472.00  -0.627744E+67
    472.50  -0.627744E+67
    473.00  -0.627744E+67
    473.50  -0.627744E+67
    474.00  -0.627744E+67
    474.50  -0.627744E+67
    475.00  -0.627744E+67
    475.50  -0.627744E+67
    476.00  -0.627744E+67
    476.50  -0.627744E+67
    477.00  -0.627744E+67
    477.50  -0.627744E+67
    478.00  -0.627744E+67
    478.50  -0.627744E+67
    479.00  -0.627744E+67
    479.50  -0.627744E+67
    480.00  -0.627744E+67
    480.50  -0.627744E+67
    481.00  -0.627744E+67
    481.50  -0.627744E+67
    482.00  -0.627744E+67
    482.50  -0.627744E+67
    483.00  -0.627744E+67
    483.50  -0.627744E+67
    484.00  -0.627744E+67
    484.50  -0.627744E+67
    485.00  -0.627744E+67
    485.50  -0.627744E+67
    486.00  -0.627744E+67
    486.50  -0.627744E+67
    487.00  -0.627744E+67
    487.50  -0.627744E+67
    488.00  -0.627744E+67
    488.50  -0.627744E+67
    489.00  -0.627744E+67
    489.50  -0.627744E+67
    490.00  -0.627744E+67
    490.50  -0.627744E+67
    491.00  -0.627744E+67
    491.50  -0.627744E+67
    492.00  -0.627744E+67
    492.50  -0.627744E+67
    493.00  -0.627744E+67
    493.50  -0.627744E+67
    494.00  -0.627744E+67
    494.50  -0.627744E+67
    495.00  -0.627744E+67
    495.50  -0.627744E+67
    496.00  -0.627744E+67
    496.50  -0.627744E+67
    497.00  -0.627744E+67
    497.50  -0.627744E+67
    498.00  -0.627744E+67
    498.50  -0.627744E+67
    499.00  -0.627744E+67
    499.50  -0.627744E+67
    500.00  -0.627744E+67
    500.50  -0.627744E+67
    501.00  -0.627744E+67
    501.50  -0.627744E+67
    502.00  -0.627744E+67
    502.50  -0.627744E+67
    503.00  -0.627744E+67
    503.50  -0.627744E+67
    504.00  -0.627744E+67
    504.50  -0.627744E+67
    505.00  -0.627744E+67
    505.50  -0.627744E+67
    506.00  -0.627744E+67
    506.50  -0.627744E+67
    507.00  -0.627744E+67
    507.50  -0.627744E+67
    508.00  -0.627744E+67
    508.50  -0.627744E+67
    509.00  -0.627744E+67
    509.50  -0.627744E+67
    510.00  -0.627744E+67
    510.50  -0.627744E+67
    511.00  -0.627744E+67
    511.50  -0.627744E+67
    512.00  -0.627744E+67
    512.50  -0.627744E+67
    513.00  -0.627744E+67
    513.50  -0.627744E+67
    514.00  -0.627744E+67
    514.50  -0.627744E+67
    515.00  -0.627744E+67
    515.50  -0.627744E+67
    516.00  -0.627744E+67
    516.50  -0.627744E+67
    517.00  -0.627744E+67
    517.50  -0.627744E+67
    518.00  -0.627744E+67
    518.50  -0.627744E+67
    519.00  -0.627744E+67
    519.50  -0.627744E+67
    520.00  -0.627744E+67
    520.50  -0.627744E+67
    521.00  -0.627744E+67
    521.50  -0.627744E+67
    522.00  -0.627744E+67
    522.50  -0.627744E+67
    523.00  -0.627744E+67
    523.50  -0.627744E+67
    524.00  -0.627744E+67
    524.50  -0.627744E+67
    525.00  -0.627744E+67
    525.50  -0.627744E+67
    526.00  -0.627744E+67
    526.50  -0.627744E+67
    527.00  -0.627744E+67
    527.50  -0.627744E+67
    528.00  -0.627744E+67
    528.50  -0.627744E+67
    529.00  -0.627744E+67
    529.50  -0.627744E+67
    530.00  -0.627744E+67
    530.50  -0.627744E+67
    531.00  -0.627744E+67
    531.50  -0.627744E+67
    532.00  -0.627744E+67
    532.50  -0.627744E+67
    533.00  -0.627744E+67
    533.50  -0.627744E+67
    534.00  -0.627744E+67
    534.50  -0.627744E+67
    535.00  -0.627744E+67
    535.50  -0.627744E+67
    536.00  -0.627744E+67
    536.50  -0.627744E+67
    537.00  -0.627744E+67
    537.50  -0.627744E+67
    538.00  -0.627744E+67
    538.50  -0.627744E+67
    539.00  -0.627744E+67
    539.50  -0.627744E+67
    540.00  -0.627744E+67
    540.50  -0.627744E+67
    541.00  -0.627744E+67
    541.50  -0.627744E+67
    542.00  -0.627744E+67
    542.50  -0.627744E+67
    543.00  -0.627744E+67
    543.50  -0.627744E+67
    544.00  -0.627744E+67
    544.50  -0.627744E+67
    545.00  -0.627744E+67
    545.50  -0.627744E+67
    546.00  -0.627744E+67
    546.50  -0.627744E+67
    547.00  -0.627744E+67
    547.50  -0.627744E+67
    548.00  -0.627744E+67
    548.50  -0.627744E+67
    549.00  -0.627744E+67
    549.50  -0.627744E+67
    550.00  -0.627744E+67
    550.50  -0.627744E+67
    551.00  -0.627744E+67
    551.50  -0.627744E+67
    552.00  -0.627744E+67
    552.50  -0.627744E+67
    553.00  -0.627744E+67
    553.50  -0.627744E+67
    554.00  -0.627744E+67
    554.50  -0.627744E+67
    555.00  -0.627744E+67
    555.50  -0.627744E+67
    556.00  -0.627744E+67
    556.50  -0.627744E+67
    557.00  -0.627744E+67
    557.50  -0.627744E+67
    558.00  -0.627744E+67
    558.50  -0.627744E+67
    559.00  -0.627744E+67
    559.50  -0.627744E+67
    560.00  -0.627744E+67
    560.50  -0.627744E+67
    561.00  -0.627744E+67
    561.50  -0.627744E+67
    562.00  -0.627744E+67
    562.50  -0.627744E+67
    563.00  -0.627744E+67
    563.50  -0.627744E+67
    564.00  -0.627744E+67
    564.50  -0.627744E+67
    565.00  -0.627744E+67
    565.50  -0.627744E+67
    566.00  -0.627744E+67
    566.50  -0.627744E+67
    567.00  -0.627744E+67
    567.50  -0.627744E+67
    568.00  -0.627744E+67
    568.50  -0.627744E+67
    569.00  -0.627744E+67
    569.50  -0.627744E+67
    570.00  -0.627744E+67
    570.50  -0.627744E+67
    571.00  -0.627744E+67
    571.50  -0.627744E+67
    572.00  -0.627744E+67
    572.50  -0.627744E+67
    573.00  -0.627744E+67
    573.50  -0.627744E+67
    574.00  -0.627744E+67
    574.50  -0.627744E+67
    575.00  -0.627744E+67
    575.50  -0.627744E+67
    576.00  -0.627744E+67
    576.50  -0.627744E+67
    577.00  -0.627744E+67
    577.50  -0.627744E+67
    578.00  -0.627744E+67
    578.50  -0.627744E+67
    579.00  -0.627744E+67
    579.50  -0.627744E+67
    580.00  -0.627744E+67
    580.50  -0.627744E+67
    581.00  -0.627744E+67
    581.50  -0.627744E+67
    582.00  -0.627744E+67
    582.50  -0.627744E+67
    583.00  -0.627744E+67
    583.50  -0.627744E+67
    584.00  -0.627744E+67
    584.50  -0.627744E+67
    585.00  -0.627744E+67
    585.50  -0.627744E+67
    586.00  -0.627744E+67
    586.50  -0.627744E+67
    587.00  -0.627744E+67
    587.50  -0.627744E+67
    588.00  -0.627744E+67
    588.50  -0.627744E+67
    589.00  -0.627744E+67
    589.50  -0.627744E+67
    590.00  -0.627744E+67
    590.50  -0.627744E+67
    591.00  -0.627744E+67
    591.50  -0.627744E+67
    592.00  -0.627744E+67
    592.50  -0.627744E+67
    593.00  -0.627744E+67
    593.50  -0.627744E+67
    594.00  -0.627744E+67
    594.50  -0.627744E+67
    595.00  -0.627744E+67
    595.50  -0.627744E+67
    596.00  -0.627744E+67
    596.50  -0.627744E+67
    597.00  -0.627744E+67
    597.50  -0.627744E+67
    598.00  -0.627744E+67
    598.50  -0.627744E+67
    599.00  -0.627744E+67
    599.50  -0.627744E+67
    600.00  -0.627744E+67
    600.50  -0.627744E+67
    601.00  -0.627744E+67
    601.50  -0.627744E+67
    602.00  -0.627744E+67
    602.50  -0.627744E+67
    603.00  -0.627744E+67
    603.50  -0.627744E+67
    604.00  -0.627744E+67
    604.50  -0.627744E+67
    605.00  -0.627744E+67
    605.50  -0.627744E+67
    606.00  -0.627744E+67
    606.50  -0.627744E+67
    607.00  -0.627744E+67
    607.50  -0.627744E+67
    608.00  -0.627744E+67
    608.50  -0.627744E+67
    609.00  -0.627744E+67
    609.50  -0.627744E+67
    610.00  -0.627744E+67
    610.50  -0.627744E+67
    611.00  -0.627744E+67
    611.50  -0.627744E+67
    612.00  -0.627744E+67
    612.50  -0.627744E+67
    613.00  -0.627744E+67
    613.50  -0.627744E+67
    614.00  -0.627744E+67
    614.50  -0.627744E+67
    615.00  -0.627744E+67
    615.50  -0.627744E+67
    616.00  -0.627744E+67
    616.50  -0.627744E+67
    617.00  -0.627744E+67
    617.50  -0.627744E+67
    618.00  -0.627744E+67
    618.50  -0.627744E+67
    619.00  -0.627744E+67
    619.50  -0.627744E+67
    620.00  -0.627744E+67
    620.50  -0.627744E+67
    621.00  -0.627744E+67
    621.50  -0.627744E+67
    622.00  -0.627744E+67
    622.50  -0.627744E+67
    623.00  -0.627744E+67
    623.50  -0.627744E+67
    624.00  -0.627744E+67
    624.50  -0.627744E+67
    625.00  -0.627744E+67
    625.50  -0.627744E+67
    626.00  -0.627744E+67
    626.50  -0.627744E+67
    627.00  -0.627744E+67
    627.50  -0.627744E+67
    628.00  -0.627744E+67
    628.50  -0.627744E+67
    629.00  -0.627744E+67
    629.50  -0.627744E+67
    630.00  -0.627744E+67
    630.50  -0.627744E+67
    631.00  -0.627744E+67
    631.50  -0.627744E+67
    632.00  -0.627744E+67
    632.50  -0.627744E+67
    633.00  -0.627744E+67
    633.50  -0.627744E+67
    634.00  -0.627744E+67
    634.50  -0.627744E+67
    635.00  -0.627744E+67
    635.50  -0.627744E+67
    636.00  -0.627744E+67
    636.50  -0.627744E+67
    637.00  -0.627744E+67
    637.50  -0.627744E+67
    638.00  -0.627744E+67
    638.50  -0.627744E+67
    639.00  -0.627744E+67
    639.50  -0.627744E+67
    640.00  -0.627744E+67
    640.50  -0.627744E+67
    641.00  -0.627744E+67
    641.50  -0.627744E+67
    642.00  -0.627744E+67
    642.50  -0.627744E+67
    643.00  -0.627744E+67
    643.50  -0.627744E+67
    644.00  -0.627744E+67
    644.50  -0.627744E+67
    645.00  -0.627744E+67
    645.50  -0.627744E+67
    646.00  -0.627744E+67
    646.50  -0.627744E+67
    647.00  -0.627744E+67
    647.50  -0.627744E+67
    648.00  -0.627744E+67
    648.50  -0.627744E+67
    649.00  -0.627744E+67
    649.50  -0.627744E+67
    650.00  -0.627744E+67
    650.50  -0.627744E+67
    651.00  -0.627744E+67
    651.50  -0.627744E+67
    652.00  -0.627744E+67
    652.50  -0.627744E+67
    653.00  -0.627744E+67
    653.50  -0.627744E+67
    654.00  -0.627744E+67
    654.50  -0.627744E+67
    655.00  -0.627744E+67
    655.50  -0.627744E+67
    656.00  -0.627744E+67
    656.50  -0.627744E+67
    657.00  -0.627744E+67
    657.50  -0.627744E+67
    658.00  -0.627744E+67
    658.50  -0.627744E+67
    659.00  -0.627744E+67
    659.50  -0.627744E+67
    660.00  -0.627744E+67
    660.50  -0.627744E+67
    661.00  -0.627744E+67
    661.50  -0.627744E+67
    662.00  -0.627744E+67
    662.50  -0.627744E+67
    663.00  -0.627744E+67
    663.50  -0.627744E+67
    664.00  -0.627744E+67
    664.50  -0.627744E+67
    665.00  -0.627744E+67
    665.50  -0.627744E+67
    666.00  -0.627744E+67
    666.50  -0.627744E+67
    667.00  -0.627744E+67
    667.50  -0.627744E+67
    668.00  -0.627744E+67
    668.50  -0.627744E+67
    669.00  -0.627744E+67
    669.50  -0.627744E+67
    670.00  -0.627744E+67
    670.50  -0.627744E+67
    671.00  -0.627744E+67
    671.50  -0.627744E+67
    672.00  -0.627744E+67
    672.50  -0.627744E+67
    673.00  -0.627744E+67
    673.50  -0.627744E+67
    674.00  -0.627744E+67
    674.50  -0.627744E+67
    675.00  -0.627744E+67
    675.50  -0.627744E+67
    676.00  -0.627744E+67
    676.50  -0.627744E+67
    677.00  -0.627744E+67
    677.50  -0.627744E+67
    678.00  -0.627744E+67
    678.50  -0.627744E+67
    679.00  -0.627744E+67
    679.50  -0.627744E+67
    680.00  -0.627744E+67
    680.50  -0.627744E+67
    681.00  -0.627744E+67
    681.50  -0.627744E+67
    682.00  -0.627744E+67
    682.50  -0.627744E+67
    683.00  -0.627744E+67
    683.50  -0.627744E+67
    684.00  -0.627744E+67
    684.50  -0.627744E+67
    685.00  -0.627744E+67
    685.50  -0.627744E+67
    686.00  -0.627744E+67
    686.50  -0.627744E+67
    687.00  -0.627744E+67
    687.50  -0.627744E+67
    688.00  -0.627744E+67
    688.50  -0.627744E+67
    689.00  -0.627744E+67
    689.50  -0.627744E+67
    690.00  -0.627744E+67
    690.50  -0.627744E+67
    691.00  -0.627744E+67
    691.50  -0.627744E+67
    692.00  -0.627744E+67
    692.50  -0.627744E+67
    693.00  -0.627744E+67
    693.50  -0.627744E+67
    694.00  -0.627744E+67
    694.50  -0.627744E+67
    695.00  -0.627744E+67
    695.50  -0.627744E+67
    696.00  -0.627744E+67
    696.50  -0.627744E+67
    697.00  -0.627744E+67
    697.50  -0.627744E+67
    698.00  -0.627744E+67
    698.50  -0.627744E+67
    699.00  -0.627744E+67
    699.50  -0.627744E+67
    700.00  -0.627744E+67
    700.50  -0.627744E+67
    701.00  -0.627744E+67
    701.50  -0.627744E+67
    702.00  -0.627744E+67
    702.50  -0.627744E+67
    703.00  -0.627744E+67
    703.50  -0.627744E+67
    704.00  -0.627744E+67
    704.50  -0.627744E+67
    705.00  -0.627744E+67
    705.50  -0.627744E+67
    706.00  -0.627744E+67
    706.50  -0.627744E+67
    707.00  -0.627744E+67
    707.50  -0.627744E+67
    708.00  -0.627744E+67
    708.50  -0.627744E+67
    709.00  -0.627744E+67
    709.50  -0.627744E+67
    710.00  -0.627744E+67
    710.50  -0.627744E+67
    711.00  -0.627744E+67
    711.50  -0.627744E+67
    712.00  -0.627744E+67
    712.50  -0.627744E+67
    713.00  -0.627744E+67
    713.50  -0.627744E+67
    714.00  -0.627744E+67
    714.50  -0.627744E+67
    715.00  -0.627744E+67
    715.50  -0.627744E+67
    716.00  -0.627744E+67
    716.50  -0.627744E+67
    717.00  -0.627744E+67
    717.50  -0.627744E+67
    718.00  -0.627744E+67
    718.50  -0.627744E+67
    719.00  -0.627744E+67
    719.50  -0.627744E+67
    720.00  -0.627744E+67
    720.50  -0.627744E+67
    721.00  -0.627744E+67
    721.50  -0.627744E+67
    722.00  -0.627744E+67
    722.50  -0.627744E+67
    723.00  -0.627744E+67
    723.50  -0.627744E+67
    724.00  -0.627744E+67
    724.50  -0.627744E+67
    725.00  -0.627744E+67
    725.50  -0.627744E+67
    726.00  -0.627744E+67
    726.50  -0.627744E+67
    727.00  -0.627744E+67
    727.50  -0.627744E+67
    728.00  -0.627744E+67
    728.50  -0.627744E+67
    729.00  -0.627744E+67
    729.50  -0.627744E+67
    730.00  -0.627744E+67
    730.50  -0.627744E+67
    731.00  -0.627744E+67
    731.50  -0.627744E+67
    732.00  -0.627744E+67
    732.50  -0.627744E+67
    733.00  -0.627744E+67
    733.50  -0.627744E+67
    734.00  -0.627744E+67
    734.50  -0.627744E+67
    735.00  -0.627744E+67
    735.50  -0.627744E+67
    736.00  -0.627744E+67
    736.50  -0.627744E+67
    737.00  -0.627744E+67
    737.50  -0.627744E+67
    738.00  -0.627744E+67
    738.50  -0.627744E+67
    739.00  -0.627744E+67
    739.50  -0.627744E+67
    740.00  -0.627744E+67
    740.50  -0.627744E+67
    741.00  -0.627744E+67
    741.50  -0.627744E+67
    742.00  -0.627744E+67
    742.50  -0.627744E+67
    743.00  -0.627744E+67
    743.50  -0.627744E+67
    744.00  -0.627744E+67
    744.50  -0.627744E+67
    745.00  -0.627744E+67
    745.50  -0.627744E+67
    746.00  -0.627744E+67
    746.50  -0.627744E+67
    747.00  -0.627744E+67
    747.50  -0.627744E+67
    748.00  -0.627744E+67
    748.50  -0.627744E+67
    749.00  -0.627744E+67
    749.50  -0.627744E+67
    750.00  -0.627744E+67
    750.50  -0.627744E+67
    751.00  -0.627744E+67
    751.50  -0.627744E+67
    752.00  -0.627744E+67
    752.50  -0.627744E+67
    753.00  -0.627744E+67
    753.50  -0.627744E+67
    754.00  -0.627744E+67
    754.50  -0.627744E+67
    755.00  -0.627744E+67
    755.50  -0.627744E+67
    756.00  -0.627744E+67
    756.50  -0.627744E+67
    757.00  -0.627744E+67
    757.50  -0.627744E+67
    758.00  -0.627744E+67
    758.50  -0.627744E+67
    759.00  -0.627744E+67
    759.50  -0.627744E+67
    760.00  -0.627744E+67
    760.50  -0.627744E+67
    761.00  -0.627744E+67
    761.50  -0.627744E+67
    762.00  -0.627744E+67
    762.50  -0.627744E+67
    763.00  -0.627744E+67
    763.50  -0.627744E+67
    764.00  -0.627744E+67
    764.50  -0.627744E+67
    765.00  -0.627744E+67
    765.50  -0.627744E+67
    766.00  -0.627744E+67
    766.50  -0.627744E+67
    767.00  -0.627744E+67
    767.50  -0.627744E+67
    768.00  -0.627744E+67
    768.50  -0.627744E+67
    769.00  -0.627744E+67
    769.50  -0.627744E+67
    770.00  -0.627744E+67
    770.50  -0.627744E+67
    771.00  -0.627744E+67
    771.50  -0.627744E+67
    772.00  -0.627744E+67
    772.50  -0.627744E+67
    773.00  -0.627744E+67
    773.50  -0.627744E+67
    774.00  -0.627744E+67
    774.50  -0.627744E+67
    775.00  -0.627744E+67
    775.50  -0.627744E+67
    776.00  -0.627744E+67
    776.50  -0.627744E+67
    777.00  -0.627744E+67
    777.50  -0.627744E+67
    778.00  -0.627744E+67
    778.50  -0.627744E+67
    779.00  -0.627744E+67
    779.50  -0.627744E+67
    780.00  -0.627744E+67
    780.50  -0.627744E+67
    781.00  -0.627744E+67
    781.50  -0.627744E+67
    782.00  -0.627744E+67
    782.50  -0.627744E+67
    783.00  -0.627744E+67
    783.50  -0.627744E+67
    784.00  -0.627744E+67
    784.50  -0.627744E+67
    785.00  -0.627744E+67
    785.50  -0.627744E+67
    786.00  -0.627744E+67
    786.50  -0.627744E+67
    787.00  -0.627744E+67
    787.50  -0.627744E+67
    788.00  -0.627744E+67
    788.50  -0.627744E+67
    789.00  -0.627744E+67
    789.50  -0.627744E+67
    790.00  -0.627744E+67
    790.50  -0.627744E+67
    791.00  -0.627744E+67
    791.50  -0.627744E+67
    792.00  -0.627744E+67
    792.50  -0.627744E+67
    793.00  -0.627744E+67
    793.50  -0.627744E+67
    794.00  -0.627744E+67
    794.50  -0.627744E+67
    795.00  -0.627744E+67
    795.50  -0.627744E+67
    796.00  -0.627744E+67
    796.50  -0.627744E+67
    797.00  -0.627744E+67
    797.50  -0.627744E+67
    798.00  -0.627744E+67
    798.50  -0.627744E+67
    799.00  -0.627744E+67
    799.50  -0.627744E+67
    800.00  -0.627744E+67
    800.50  -0.627744E+67
    801.00  -0.627744E+67
    801.50  -0.627744E+67
    802.00  -0.627744E+67
    802.50  -0.627744E+67
    803.00  -0.627744E+67
    803.50  -0.627744E+67
    804.00  -0.627744E+67
    804.50  -0.627744E+67
    805.00  -0.627744E+67
    805.50  -0.627744E+67
    806.00  -0.627744E+67
    806.50  -0.627744E+67
    807.00  -0.627744E+67
    807.50  -0.627744E+67
    808.00  -0.627744E+67
    808.50  -0.627744E+67
    809.00  -0.627744E+67
    809.50  -0.627744E+67
    810.00  -0.627744E+67
    810.50  -0.627744E+67
    811.00  -0.627744E+67
    811.50  -0.627744E+67
    812.00  -0.627744E+67
    812.50  -0.627744E+67
    813.00  -0.627744E+67
    813.50  -0.627744E+67
    814.00  -0.627744E+67
    814.50  -0.627744E+67
    815.00  -0.627744E+67
    815.50  -0.627744E+67
    816.00  -0.627744E+67
    816.50  -0.627744E+67
    817.00  -0.627744E+67
    817.50  -0.627744E+67
    818.00  -0.627744E+67
    818.50  -0.627744E+67
    819.00  -0.627744E+67
    819.50  -0.627744E+67
    820.00  -0.627744E+67
    820.50  -0.627744E+67
    821.00  -0.627744E+67
    821.50  -0.627744E+67
    822.00  -0.627744E+67
    822.50  -0.627744E+67
    823.00  -0.627744E+67
    823.50  -0.627744E+67
    824.00  -0.627744E+67
    824.50  -0.627744E+67
    825.00  -0.627744E+67
    825.50  -0.627744E+67
    826.00  -0.627744E+67
    826.50  -0.627744E+67
    827.00  -0.627744E+67
    827.50  -0.627744E+67
    828.00  -0.627744E+67
    828.50  -0.627744E+67
    829.00  -0.627744E+67
    829.50  -0.627744E+67
    830.00  -0.627744E+67
    830.50  -0.627744E+67
    831.00  -0.627744E+67
    831.50  -0.627744E+67
    832.00  -0.627744E+67
    832.50  -0.627744E+67
    833.00  -0.627744E+67
    833.50  -0.627744E+67
    834.00  -0.627744E+67
    834.50  -0.627744E+67
    835.00  -0.627744E+67
    835.50  -0.627744E+67
    836.00  -0.627744E+67
    836.50  -0.627744E+67
    837.00  -0.627744E+67
    837.50  -0.627744E+67
    838.00  -0.627744E+67
    838.50  -0.627744E+67
    839.00  -0.627744E+67
    839.50  -0.627744E+67
    840.00  -0.627744E+67
    840.50  -0.627744E+67
    841.00  -0.627744E+67
    841.50  -0.627744E+67
    842.00  -0.627744E+67
    842.50  -0.627744E+67
    843.00  -0.627744E+67
    843.50  -0.627744E+67
    844.00  -0.627744E+67
    844.50  -0.627744E+67
    845.00  -0.627744E+67
    845.50  -0.627744E+67
    846.00  -0.627744E+67
    846.50  -0.627744E+67
    847.00  -0.627744E+67
    847.50  -0.627744E+67
    848.00  -0.627744E+67
    848.50  -0.627744E+67
    849.00  -0.627744E+67
    849.50  -0.627744E+67
    850.00  -0.627744E+67
    850.50  -0.627744E+67
    851.00  -0.627744E+67
    851.50  -0.627744E+67
    852.00  -0.627744E+67
    852.50  -0.627744E+67
    853.00  -0.627744E+67
    853.50  -0.627744E+67
    854.00  -0.627744E+67
    854.50  -0.627744E+67
    855.00  -0.627744E+67
    855.50  -0.627744E+67
    856.00  -0.627744E+67
    856.50  -0.627744E+67
    857.00  -0.627744E+67
    857.50  -0.627744E+67
    858.00  -0.627744E+67
    858.50  -0.627744E+67
    859.00  -0.627744E+67
    859.50  -0.627744E+67
    860.00  -0.627744E+67
    860.50  -0.627744E+67
    861.00  -0.627744E+67
    861.50  -0.627744E+67
    862.00  -0.627744E+67
    862.50  -0.627744E+67
    863.00  -0.627744E+67
    863.50  -0.627744E+67
    864.00  -0.627744E+67
    864.50  -0.627744E+67
    865.00  -0.627744E+67
    865.50  -0.627744E+67
    866.00  -0.627744E+67
    866.50  -0.627744E+67
    867.00  -0.627744E+67
    867.50  -0.627744E+67
    868.00  -0.627744E+67
    868.50  -0.627744E+67
    869.00  -0.627744E+67
    869.50  -0.627744E+67
    870.00  -0.627744E+67
    870.50  -0.627744E+67
    871.00  -0.627744E+67
    871.50  -0.627744E+67
    872.00  -0.627744E+67
    872.50  -0.627744E+67
    873.00  -0.627744E+67
    873.50  -0.627744E+67
    874.00  -0.627744E+67
    874.50  -0.627744E+67
    875.00  -0.627744E+67
    875.50  -0.627744E+67
    876.00  -0.627744E+67
    876.50  -0.627744E+67
    877.00  -0.627744E+67
    877.50  -0.627744E+67
    878.00  -0.627744E+67
    878.50  -0.627744E+67
    879.00  -0.627744E+67
    879.50  -0.627744E+67
    880.00  -0.627744E+67
    880.50  -0.627744E+67
    881.00  -0.627744E+67
    881.50  -0.627744E+67
    882.00  -0.627744E+67
    882.50  -0.627744E+67
    883.00  -0.627744E+67
    883.50  -0.627744E+67
    884.00  -0.627744E+67
    884.50  -0.627744E+67
    885.00  -0.627744E+67
    885.50  -0.627744E+67
    886.00  -0.627744E+67
    886.50  -0.627744E+67
    887.00  -0.627744E+67
    887.50  -0.627744E+67
    888.00  -0.627744E+67
    888.50  -0.627744E+67
    889.00  -0.627744E+67
    889.50  -0.627744E+67
    890.00  -0.627744E+67
    890.50  -0.627744E+67
    891.00  -0.627744E+67
    891.50  -0.627744E+67
    892.00  -0.627744E+67
    892.50  -0.627744E+67
    893.00  -0.627744E+67
    893.50  -0.627744E+67
    894.00  -0.627744E+67
    894.50  -0.627744E+67
    895.00  -0.627744E+67
    895.50  -0.627744E+67
    896.00  -0.627744E+67
    896.50  -0.627744E+67
    897.00  -0.627744E+67
    897.50  -0.627744E+67
    898.00  -0.627744E+67
    898.50  -0.627744E+67
    899.00  -0.627744E+67
    899.50  -0.627744E+67
    900.00  -0.627744E+67
    900.50  -0.627744E+67
    901.00  -0.627744E+67
    901.50  -0.627744E+67
    902.00  -0.627744E+67
    902.50  -0.627744E+67
    903.00  -0.627744E+67
    903.50  -0.627744E+67
    904.00  -0.627744E+67
    904.50  -0.627744E+67
    905.00  -0.627744E+67
    905.50  -0.627744E+67
    906.00  -0.627744E+67
    906.50  -0.627744E+67
    907.00  -0.627744E+67
    907.50  -0.627744E+67
    908.00  -0.627744E+67
    908.50  -0.627744E+67
    909.00  -0.627744E+67
    909.50  -0.627744E+67
    910.00  -0.627744E+67
    910.50  -0.627744E+67
    911.00  -0.627744E+67
    911.50  -0.627744E+67
    912.00  -0.627744E+67
    912.50  -0.627744E+67
    913.00  -0.627744E+67
    913.50  -0.627744E+67
    914.00  -0.627744E+67
    914.50  -0.627744E+67
    915.00  -0.627744E+67
    915.50  -0.627744E+67
    916.00  -0.627744E+67
    916.50  -0.627744E+67
    917.00  -0.627744E+67
    917.50  -0.627744E+67
    918.00  -0.627744E+67
    918.50  -0.627744E+67
    919.00  -0.627744E+67
    919.50  -0.627744E+67
    920.00  -0.627744E+67
    920.50  -0.627744E+67
    921.00  -0.627744E+67
    921.50  -0.627744E+67
    922.00  -0.627744E+67
    922.50  -0.627744E+67
    923.00  -0.627744E+67
    923.50  -0.627744E+67
    924.00  -0.627744E+67
    924.50  -0.627744E+67
    925.00  -0.627744E+67
    925.50  -0.627744E+67
    926.00  -0.627744E+67
    926.50  -0.627744E+67
    927.00  -0.627744E+67
    927.50  -0.627744E+67
    928.00  -0.627744E+67
    928.50  -0.627744E+67
    929.00  -0.627744E+67
    929.50  -0.627744E+67
    930.00  -0.627744E+67
    930.50  -0.627744E+67
    931.00  -0.627744E+67
    931.50  -0.627744E+67
    932.00  -0.627744E+67
    932.50  -0.627744E+67
    933.00  -0.627744E+67
    933.50  -0.627744E+67
    934.00  -0.627744E+67
    934.50  -0.627744E+67
    935.00  -0.627744E+67
    935.50  -0.627744E+67
    936.00  -0.627744E+67
    936.50  -0.627744E+67
    937.00  -0.627744E+67
    937.50  -0.627744E+67
    938.00  -0.627744E+67
    938.50  -0.627744E+67
    939.00  -0.627744E+67
    939.50  -0.627744E+67
    940.00  -0.627744E+67
    940.50  -0.627744E+67
    941.00  -0.627744E+67
    941.50  -0.627744E+67
    942.00  -0.627744E+67
    942.50  -0.627744E+67
    943.00  -0.627744E+67
    943.50  -0.627744E+67
    944.00  -0.627744E+67
    944.50  -0.627744E+67
    945.00  -0.627744E+67
    945.50  -0.627744E+67
    946.00  -0.627744E+67
    946.50  -0.627744E+67
    947.00  -0.627744E+67
    947.50  -0.627744E+67
    948.00  -0.627744E+67
    948.50  -0.627744E+67
    949.00  -0.627744E+67
    949.50  -0.627744E+67
    950.00  -0.627744E+67
    950.50  -0.627744E+67
    951.00  -0.627744E+67
    951.50  -0.627744E+67
    952.00  -0.627744E+67
    952.50  -0.627744E+67
    953.00  -0.627744E+67
    953.50  -0.627744E+67
    954.00  -0.627744E+67
    954.50  -0.627744E+67
    955.00  -0.627744E+67
    955.50  -0.627744E+67
    956.00  -0.627744E+67
    956.50  -0.627744E+67
    957.00  -0.627744E+67
    957.50  -0.627744E+67
    958.00  -0.627744E+67
    958.50  -0.627744E+67
    959.00  -0.627744E+67
    959.50  -0.627744E+67
    960.00  -0.627744E+67
    960.50  -0.627744E+67
    961.00  -0.627744E+67
    961.50  -0.627744E+67
    962.00  -0.627744E+67
    962.50  -0.627744E+67
    963.00  -0.627744E+67
    963.50  -0.627744E+67
    964.00  -0.627744E+67
    964.50  -0.627744E+67
    965.00  -0.627744E+67
    965.50  -0.627744E+67
    966.00  -0.627744E+67
    966.50  -0.627744E+67
    967.00  -0.627744E+67
    967.50  -0.627744E+67
    968.00  -0.627744E+67
    968.50  -0.627744E+67
    969.00  -0.627744E+67
    969.50  -0.627744E+67
    970.00  -0.627744E+67
    970.50  -0.627744E+67
    971.00  -0.627744E+67
    971.50  -0.627744E+67
    972.00  -0.627744E+67
    972.50  -0.627744E+67
    973.00  -0.627744E+67
    973.50  -0.627744E+67
    974.00  -0.627744E+67
    974.50  -0.627744E+67
    975.00  -0.627744E+67
    975.50  -0.627744E+67
    976.00  -0.627744E+67
    976.50  -0.627744E+67
    977.00  -0.627744E+67
    977.50  -0.627744E+67
    978.00  -0.627744E+67
    978.50  -0.627744E+67
    979.00  -0.627744E+67
    979.50  -0.627744E+67
    980.00  -0.627744E+67
    980.50  -0.627744E+67
    981.00  -0.627744E+67
    981.50  -0.627744E+67
    982.00  -0.627744E+67
    982.50  -0.627744E+67
    983.00  -0.627744E+67
    983.50  -0.627744E+67
    984.00  -0.627744E+67
    984.50  -0.627744E+67
    985.00  -0.627744E+67
    985.50  -0.627744E+67
    986.00  -0.627744E+67
    986.50  -0.627744E+67
    987.00  -0.627744E+67
    987.50  -0.627744E+67
    988.00  -0.627744E+67
    988.50  -0.627744E+67
    989.00  -0.627744E+67
    989.50  -0.627744E+67
    990.00  -0.627744E+67
    990.50  -0.627744E+67
    991.00  -0.627744E+67
    991.50  -0.627744E+67
    992.00  -0.627744E+67
    992.50  -0.627744E+67
    993.00  -0.627744E+67
    993.50  -0.627744E+67
    994.00  -0.627744E+67
    994.50  -0.627744E+67
    995.00  -0.627744E+67
    995.50  -0.627744E+67
    996.00  -0.627744E+67
    996.50  -0.627744E+67
    997.00  -0.627744E+67
    997.50  -0.627744E+67
    998.00  -0.627744E+67
    998.50  -0.627744E+67
    999.00  -0.627744E+67
    999.50  -0.627744E+67
