      0.00   0.000000E+00
      0.50   0.000000E+00
      1.00   0.000000E+00
      1.50   0.000000E+00
      2.00   0.000000E+00
      2.50   0.000000E+00
      3.00   0.000000E+00
      3.50   0.000000E+00
      4.00   0.000000E+00
      4.50   0.000000E+00
      5.00   0.000000E+00
      5.50   0.000000E+00
      6.00   0.000000E+00
      6.50   0.000000E+00
      7.00   0.000000E+00
      7.50   0.737100E+06
      8.00   0.737100E+06
      8.50   0.737100E+06
      9.00   0.737100E+06
      9.50   0.737100E+06
     10.00   0.737100E+06
     10.50   0.737100E+06
     11.00   0.737100E+06
     11.50   0.737100E+06
     12.00   0.737100E+06
     12.50   0.737100E+06
     13.00   0.737100E+06
     13.50   0.737100E+06
     14.00   0.737100E+06
     14.50   0.737100E+06
     15.00   0.737100E+06
     15.50   0.737100E+06
     16.00   0.737100E+06
     16.50   0.737100E+06
     17.00   0.737100E+06
     17.50   0.737100E+06
     18.00   0.737100E+06
     18.50   0.737100E+06
     19.00   0.737100E+06
     19.50   0.737100E+06
     20.00   0.737100E+06
     20.50   0.737100E+06
     21.00   0.737100E+06
     21.50   0.737100E+06
     22.00   0.737100E+06
     22.50   0.737100E+06
     23.00   0.737100E+06
     23.50   0.737100E+06
     24.00   0.737100E+06
     24.50   0.737100E+06
     25.00   0.737100E+06
     25.50   0.737100E+06
     26.00   0.000000E+00
     26.50   0.737100E+06
     27.00   0.737100E+06
     27.50   0.737100E+06
     28.00   0.737100E+06
     28.50   0.737100E+06
     29.00   0.737100E+06
     29.50   0.737100E+06
     30.00   0.737100E+06
     30.50   0.737100E+06
     31.00   0.737100E+06
     31.50   0.737100E+06
     32.00   0.737100E+06
     32.50   0.737100E+06
     33.00   0.737100E+06
     33.50   0.737100E+06
     34.00   0.737100E+06
     34.50   0.737100E+06
     35.00   0.737100E+06
     35.50   0.737100E+06
     36.00   0.737100E+06
     36.50   0.737100E+06
     37.00   0.737100E+06
     37.50   0.737100E+06
     38.00   0.737100E+06
     38.50   0.737100E+06
     39.00   0.737100E+06
     39.50   0.737100E+06
     40.00   0.000000E+00
     40.50   0.737100E+06
     41.00   0.737100E+06
     41.50   0.737100E+06
     42.00   0.737100E+06
     42.50   0.000000E+00
     43.00   0.737100E+06
     43.50   0.000000E+00
     44.00   0.737100E+06
     44.50   0.737100E+06
     45.00   0.737100E+06
     45.50   0.737100E+06
     46.00   0.737100E+06
     46.50   0.737100E+06
     47.00   0.737100E+06
     47.50   0.737100E+06
     48.00   0.737100E+06
     48.50   0.737100E+06
     49.00   0.737100E+06
     49.50   0.737100E+06
     50.00   0.737100E+06
     50.50   0.737100E+06
     51.00   0.737100E+06
     51.50   0.737100E+06
     52.00   0.737100E+06
     52.50   0.737100E+06
     53.00   0.737100E+06
     53.50   0.737100E+06
     54.00   0.737100E+06
     54.50   0.737100E+06
     55.00   0.737100E+06
     55.50   0.737100E+06
     56.00   0.737100E+06
     56.50   0.737100E+06
     57.00   0.737100E+06
     57.50   0.737100E+06
     58.00   0.737100E+06
     58.50   0.737100E+06
     59.00   0.737100E+06
     59.50   0.737100E+06
     60.00   0.737100E+06
     60.50   0.737100E+06
     61.00   0.737100E+06
     61.50   0.737100E+06
     62.00   0.737100E+06
     62.50   0.737100E+06
     63.00   0.737100E+06
     63.50   0.737100E+06
     64.00   0.737100E+06
     64.50   0.737100E+06
     65.00   0.737100E+06
     65.50   0.737100E+06
     66.00   0.737100E+06
     66.50   0.737100E+06
     67.00   0.737100E+06
     67.50   0.737100E+06
     68.00   0.737100E+06
     68.50   0.737100E+06
     69.00   0.737100E+06
     69.50   0.737100E+06
     70.00   0.737100E+06
     70.50   0.737100E+06
     71.00   0.737100E+06
     71.50   0.737100E+06
     72.00   0.737100E+06
     72.50   0.737100E+06
     73.00   0.737100E+06
     73.50   0.737100E+06
     74.00   0.737100E+06
     74.50   0.737100E+06
     75.00   0.737100E+06
     75.50   0.737100E+06
     76.00   0.737100E+06
     76.50   0.737100E+06
     77.00   0.737100E+06
     77.50   0.737100E+06
     78.00   0.000000E+00
     78.50   0.737100E+06
     79.00   0.737100E+06
     79.50   0.737100E+06
     80.00   0.000000E+00
     80.50   0.737100E+06
     81.00   0.000000E+00
     81.50   0.737100E+06
     82.00   0.737100E+06
     82.50   0.000000E+00
     83.00   0.737100E+06
     83.50   0.737100E+06
     84.00   0.737100E+06
     84.50   0.737100E+06
     85.00   0.737100E+06
     85.50   0.737100E+06
     86.00   0.737100E+06
     86.50   0.737100E+06
     87.00   0.737100E+06
     87.50   0.737100E+06
     88.00   0.737100E+06
     88.50   0.737100E+06
     89.00   0.737100E+06
     89.50   0.737100E+06
     90.00   0.737100E+06
     90.50   0.737100E+06
     91.00   0.737100E+06
     91.50   0.737100E+06
     92.00   0.737100E+06
     92.50   0.737100E+06
     93.00   0.737100E+06
     93.50   0.737100E+06
     94.00   0.737100E+06
     94.50   0.737100E+06
     95.00   0.737100E+06
     95.50   0.737100E+06
     96.00   0.737100E+06
     96.50   0.737100E+06
     97.00   0.737100E+06
     97.50   0.737100E+06
     98.00   0.737100E+06
     98.50   0.737100E+06
     99.00   0.000000E+00
     99.50   0.737100E+06
    100.00   0.737100E+06
    100.50   0.737100E+06
    101.00   0.737100E+06
    101.50   0.737100E+06
    102.00   0.737100E+06
    102.50   0.737100E+06
    103.00   0.737100E+06
    103.50   0.737100E+06
    104.00   0.737100E+06
    104.50   0.737100E+06
    105.00   0.737100E+06
    105.50   0.737100E+06
    106.00   0.737100E+06
    106.50   0.737100E+06
    107.00   0.737100E+06
    107.50   0.737100E+06
    108.00   0.737100E+06
    108.50   0.737100E+06
    109.00   0.737100E+06
    109.50   0.737100E+06
    110.00   0.737100E+06
    110.50   0.737100E+06
    111.00   0.737100E+06
    111.50   0.737100E+06
    112.00   0.737100E+06
    112.50   0.737100E+06
    113.00   0.737100E+06
    113.50   0.737100E+06
    114.00   0.737100E+06
    114.50   0.737100E+06
    115.00   0.737100E+06
    115.50   0.737100E+06
    116.00   0.737100E+06
    116.50   0.737100E+06
    117.00   0.000000E+00
    117.50   0.737100E+06
    118.00   0.737100E+06
    118.50   0.000000E+00
    119.00   0.737100E+06
    119.50   0.737100E+06
    120.00   0.000000E+00
    120.50   0.737100E+06
    121.00   0.737100E+06
    121.50   0.000000E+00
    122.00   0.737100E+06
    122.50   0.737100E+06
    123.00   0.737100E+06
    123.50   0.737100E+06
    124.00   0.000000E+00
    124.50   0.737100E+06
    125.00   0.737100E+06
    125.50   0.737100E+06
    126.00   0.737100E+06
    126.50   0.000000E+00
    127.00   0.737100E+06
    127.50   0.737100E+06
    128.00   0.000000E+00
    128.50   0.737100E+06
    129.00   0.000000E+00
    129.50   0.737100E+06
    130.00   0.737100E+06
    130.50   0.000000E+00
    131.00   0.737100E+06
    131.50   0.737100E+06
    132.00   0.737100E+06
    132.50   0.737100E+06
    133.00   0.737100E+06
    133.50   0.737100E+06
    134.00   0.000000E+00
    134.50   0.737100E+06
    135.00   0.000000E+00
    135.50   0.737100E+06
    136.00   0.737100E+06
    136.50   0.000000E+00
    137.00   0.737100E+06
    137.50   0.737100E+06
    138.00   0.000000E+00
    138.50   0.737100E+06
    139.00   0.737100E+06
    139.50   0.737100E+06
    140.00   0.000000E+00
    140.50   0.737100E+06
    141.00   0.737100E+06
    141.50   0.737100E+06
    142.00   0.737100E+06
    142.50   0.000000E+00
    143.00   0.737100E+06
    143.50   0.737100E+06
    144.00   0.737100E+06
    144.50   0.737100E+06
    145.00   0.737100E+06
    145.50   0.737100E+06
    146.00   0.737100E+06
    146.50   0.737100E+06
    147.00   0.737100E+06
    147.50   0.737100E+06
    148.00   0.737100E+06
    148.50   0.737100E+06
    149.00   0.737100E+06
    149.50   0.737100E+06
    150.00   0.737100E+06
    150.50   0.737100E+06
    151.00   0.737100E+06
    151.50   0.737100E+06
    152.00   0.737100E+06
    152.50   0.737100E+06
    153.00   0.737100E+06
    153.50   0.737100E+06
    154.00   0.737100E+06
    154.50   0.737100E+06
    155.00   0.737100E+06
    155.50   0.737100E+06
    156.00   0.737100E+06
    156.50   0.737100E+06
    157.00   0.737100E+06
    157.50   0.737100E+06
    158.00   0.737100E+06
    158.50   0.737100E+06
    159.00   0.737100E+06
    159.50   0.737100E+06
    160.00   0.737100E+06
    160.50   0.737100E+06
    161.00   0.737100E+06
    161.50   0.000000E+00
    162.00   0.737100E+06
    162.50   0.737100E+06
    163.00   0.737100E+06
    163.50   0.737100E+06
    164.00   0.737100E+06
    164.50   0.737100E+06
    165.00   0.737100E+06
    165.50   0.737100E+06
    166.00   0.737100E+06
    166.50   0.737100E+06
    167.00   0.737100E+06
    167.50   0.737100E+06
    168.00   0.737100E+06
    168.50   0.737100E+06
    169.00   0.737100E+06
    169.50   0.737100E+06
    170.00   0.737100E+06
    170.50   0.737100E+06
    171.00   0.737100E+06
    171.50   0.737100E+06
    172.00   0.737100E+06
    172.50   0.737100E+06
    173.00   0.737100E+06
    173.50   0.000000E+00
    174.00   0.737100E+06
    174.50   0.737100E+06
    175.00   0.737100E+06
    175.50   0.737100E+06
    176.00   0.737100E+06
    176.50   0.000000E+00
    177.00   0.737100E+06
    177.50   0.737100E+06
    178.00   0.000000E+00
    178.50   0.737100E+06
    179.00   0.737100E+06
    179.50   0.000000E+00
    180.00   0.737100E+06
    180.50   0.000000E+00
    181.00   0.737100E+06
    181.50   0.737100E+06
    182.00   0.737100E+06
    182.50   0.000000E+00
    183.00   0.737100E+06
    183.50   0.737100E+06
    184.00   0.737100E+06
    184.50   0.000000E+00
    185.00   0.737100E+06
    185.50   0.737100E+06
    186.00   0.000000E+00
    186.50   0.737100E+06
    187.00   0.000000E+00
    187.50   0.737100E+06
    188.00   0.000000E+00
    188.50   0.737100E+06
    189.00   0.000000E+00
    189.50   0.737100E+06
    190.00   0.737100E+06
    190.50   0.737100E+06
    191.00   0.000000E+00
    191.50   0.737100E+06
    192.00   0.737100E+06
    192.50   0.737100E+06
    193.00   0.737100E+06
    193.50   0.737100E+06
    194.00   0.737100E+06
    194.50   0.737100E+06
    195.00   0.737100E+06
    195.50   0.737100E+06
    196.00   0.737100E+06
    196.50   0.737100E+06
    197.00   0.737100E+06
    197.50   0.737100E+06
    198.00   0.737100E+06
    198.50   0.737100E+06
    199.00   0.737100E+06
    199.50   0.737100E+06
    200.00   0.737100E+06
    200.50   0.737100E+06
    201.00   0.737100E+06
    201.50   0.737100E+06
    202.00   0.737100E+06
    202.50   0.737100E+06
    203.00   0.737100E+06
    203.50   0.737100E+06
    204.00   0.737100E+06
    204.50   0.737100E+06
    205.00   0.737100E+06
    205.50   0.737100E+06
    206.00   0.737100E+06
    206.50   0.737100E+06
    207.00   0.737100E+06
    207.50   0.737100E+06
    208.00   0.737100E+06
    208.50   0.737100E+06
    209.00   0.737100E+06
    209.50   0.000000E+00
    210.00   0.737100E+06
    210.50   0.737100E+06
    211.00   0.737100E+06
    211.50   0.737100E+06
    212.00   0.737100E+06
    212.50   0.737100E+06
    213.00   0.737100E+06
    213.50   0.737100E+06
    214.00   0.737100E+06
    214.50   0.737100E+06
    215.00   0.737100E+06
    215.50   0.737100E+06
    216.00   0.737100E+06
    216.50   0.737100E+06
    217.00   0.737100E+06
    217.50   0.737100E+06
    218.00   0.737100E+06
    218.50   0.737100E+06
    219.00   0.737100E+06
    219.50   0.737100E+06
    220.00   0.737100E+06
    220.50   0.737100E+06
    221.00   0.737100E+06
    221.50   0.737100E+06
    222.00   0.737100E+06
    222.50   0.737100E+06
    223.00   0.737100E+06
    223.50   0.737100E+06
    224.00   0.000000E+00
    224.50   0.737100E+06
    225.00   0.737100E+06
    225.50   0.737100E+06
    226.00   0.000000E+00
    226.50   0.737100E+06
    227.00   0.737100E+06
    227.50   0.000000E+00
    228.00   0.737100E+06
    228.50   0.000000E+00
    229.00   0.737100E+06
    229.50   0.737100E+06
    230.00   0.000000E+00
    230.50   0.737100E+06
    231.00   0.737100E+06
    231.50   0.737100E+06
    232.00   0.000000E+00
    232.50   0.737100E+06
    233.00   0.737100E+06
    233.50   0.737100E+06
    234.00   0.000000E+00
    234.50   0.737100E+06
    235.00   0.737100E+06
    235.50   0.737100E+06
    236.00   0.737100E+06
    236.50   0.737100E+06
    237.00   0.737100E+06
    237.50   0.737100E+06
    238.00   0.737100E+06
    238.50   0.737100E+06
    239.00   0.737100E+06
    239.50   0.737100E+06
    240.00   0.737100E+06
    240.50   0.737100E+06
    241.00   0.737100E+06
    241.50   0.737100E+06
    242.00   0.737100E+06
    242.50   0.737100E+06
    243.00   0.737100E+06
    243.50   0.737100E+06
    244.00   0.737100E+06
    244.50   0.737100E+06
    245.00   0.737100E+06
    245.50   0.737100E+06
    246.00   0.737100E+06
    246.50   0.737100E+06
    247.00   0.737100E+06
    247.50   0.737100E+06
    248.00   0.737100E+06
    248.50   0.737100E+06
    249.00   0.737100E+06
    249.50   0.737100E+06
    250.00   0.737100E+06
    250.50   0.737100E+06
    251.00   0.737100E+06
    251.50   0.737100E+06
    252.00   0.000000E+00
    252.50   0.737100E+06
    253.00   0.737100E+06
    253.50   0.737100E+06
    254.00   0.737100E+06
    254.50   0.737100E+06
    255.00   0.737100E+06
    255.50   0.737100E+06
    256.00   0.737100E+06
    256.50   0.737100E+06
    257.00   0.737100E+06
    257.50   0.737100E+06
    258.00   0.737100E+06
    258.50   0.737100E+06
    259.00   0.737100E+06
    259.50   0.737100E+06
    260.00   0.737100E+06
    260.50   0.737100E+06
    261.00   0.737100E+06
    261.50   0.737100E+06
    262.00   0.737100E+06
    262.50   0.737100E+06
    263.00   0.737100E+06
    263.50   0.737100E+06
    264.00   0.737100E+06
    264.50   0.737100E+06
    265.00   0.737100E+06
    265.50   0.737100E+06
    266.00   0.737100E+06
    266.50   0.737100E+06
    267.00   0.737100E+06
    267.50   0.000000E+00
    268.00   0.737100E+06
    268.50   0.000000E+00
    269.00   0.737100E+06
    269.50   0.737100E+06
    270.00   0.000000E+00
    270.50   0.737100E+06
    271.00   0.737100E+06
    271.50   0.737100E+06
    272.00   0.000000E+00
    272.50   0.737100E+06
    273.00   0.737100E+06
    273.50   0.737100E+06
    274.00   0.000000E+00
    274.50   0.737100E+06
    275.00   0.000000E+00
    275.50   0.737100E+06
    276.00   0.737100E+06
    276.50   0.000000E+00
    277.00   0.737100E+06
    277.50   0.737100E+06
    278.00   0.737100E+06
    278.50   0.737100E+06
    279.00   0.000000E+00
    279.50   0.737100E+06
    280.00   0.737100E+06
    280.50   0.737100E+06
    281.00   0.737100E+06
    281.50   0.737100E+06
    282.00   0.737100E+06
    282.50   0.737100E+06
    283.00   0.737100E+06
    283.50   0.737100E+06
    284.00   0.737100E+06
    284.50   0.737100E+06
    285.00   0.737100E+06
    285.50   0.737100E+06
    286.00   0.737100E+06
    286.50   0.737100E+06
    287.00   0.737100E+06
    287.50   0.737100E+06
    288.00   0.737100E+06
    288.50   0.737100E+06
    289.00   0.737100E+06
    289.50   0.737100E+06
    290.00   0.737100E+06
    290.50   0.737100E+06
    291.00   0.737100E+06
    291.50   0.737100E+06
    292.00   0.737100E+06
    292.50   0.737100E+06
    293.00   0.737100E+06
    293.50   0.737100E+06
    294.00   0.737100E+06
    294.50   0.737100E+06
    295.00   0.737100E+06
    295.50   0.737100E+06
    296.00   0.737100E+06
    296.50   0.737100E+06
    297.00   0.000000E+00
    297.50   0.737100E+06
    298.00   0.737100E+06
    298.50   0.737100E+06
    299.00   0.737100E+06
    299.50   0.737100E+06
    300.00   0.737100E+06
    300.50   0.737100E+06
    301.00   0.737100E+06
    301.50   0.737100E+06
    302.00   0.737100E+06
    302.50   0.737100E+06
    303.00   0.737100E+06
    303.50   0.737100E+06
    304.00   0.737100E+06
    304.50   0.737100E+06
    305.00   0.737100E+06
    305.50   0.737100E+06
    306.00   0.737100E+06
    306.50   0.737100E+06
    307.00   0.737100E+06
    307.50   0.737100E+06
    308.00   0.737100E+06
    308.50   0.737100E+06
    309.00   0.737100E+06
    309.50   0.737100E+06
    310.00   0.737100E+06
    310.50   0.737100E+06
    311.00   0.737100E+06
    311.50   0.737100E+06
    312.00   0.737100E+06
    312.50   0.737100E+06
    313.00   0.737100E+06
    313.50   0.737100E+06
    314.00   0.737100E+06
    314.50   0.737100E+06
    315.00   0.737100E+06
    315.50   0.737100E+06
    316.00   0.737100E+06
    316.50   0.737100E+06
    317.00   0.737100E+06
    317.50   0.737100E+06
    318.00   0.737100E+06
    318.50   0.737100E+06
    319.00   0.737100E+06
    319.50   0.737100E+06
    320.00   0.737100E+06
    320.50   0.737100E+06
    321.00   0.737100E+06
    321.50   0.737100E+06
    322.00   0.737100E+06
    322.50   0.737100E+06
    323.00   0.737100E+06
    323.50   0.737100E+06
    324.00   0.737100E+06
    324.50   0.737100E+06
    325.00   0.737100E+06
    325.50   0.737100E+06
    326.00   0.737100E+06
    326.50   0.737100E+06
    327.00   0.737100E+06
    327.50   0.737100E+06
    328.00   0.737100E+06
    328.50   0.737100E+06
    329.00   0.737100E+06
    329.50   0.737100E+06
    330.00   0.000000E+00
    330.50   0.737100E+06
    331.00   0.737100E+06
    331.50   0.737100E+06
    332.00   0.737100E+06
    332.50   0.737100E+06
    333.00   0.737100E+06
    333.50   0.737100E+06
    334.00   0.737100E+06
    334.50   0.737100E+06
    335.00   0.737100E+06
    335.50   0.737100E+06
    336.00   0.737100E+06
    336.50   0.737100E+06
    337.00   0.737100E+06
    337.50   0.737100E+06
    338.00   0.737100E+06
    338.50   0.737100E+06
    339.00   0.737100E+06
    339.50   0.737100E+06
    340.00   0.737100E+06
    340.50   0.737100E+06
    341.00   0.737100E+06
    341.50   0.737100E+06
    342.00   0.737100E+06
    342.50   0.000000E+00
    343.00   0.737100E+06
    343.50   0.737100E+06
    344.00   0.737100E+06
    344.50   0.737100E+06
    345.00   0.737100E+06
    345.50   0.737100E+06
    346.00   0.737100E+06
    346.50   0.737100E+06
    347.00   0.000000E+00
    347.50   0.737100E+06
    348.00   0.737100E+06
    348.50   0.737100E+06
    349.00   0.000000E+00
    349.50   0.737100E+06
    350.00   0.000000E+00
    350.50   0.737100E+06
    351.00   0.737100E+06
    351.50   0.000000E+00
    352.00   0.737100E+06
    352.50   0.737100E+06
    353.00   0.737100E+06
    353.50   0.737100E+06
    354.00   0.737100E+06
    354.50   0.737100E+06
    355.00   0.737100E+06
    355.50   0.737100E+06
    356.00   0.000000E+00
    356.50   0.737100E+06
    357.00   0.000000E+00
    357.50   0.737100E+06
    358.00   0.000000E+00
    358.50   0.737100E+06
    359.00   0.000000E+00
    359.50   0.737100E+06
    360.00   0.737100E+06
    360.50   0.737100E+06
    361.00   0.737100E+06
    361.50   0.737100E+06
    362.00   0.737100E+06
    362.50   0.000000E+00
    363.00   0.737100E+06
    363.50   0.737100E+06
    364.00   0.737100E+06
    364.50   0.000000E+00
    365.00   0.737100E+06
    365.50   0.000000E+00
    366.00   0.737100E+06
    366.50   0.737100E+06
    367.00   0.000000E+00
    367.50   0.737100E+06
    368.00   0.737100E+06
    368.50   0.737100E+06
    369.00   0.737100E+06
    369.50   0.000000E+00
    370.00   0.737100E+06
    370.50   0.737100E+06
    371.00   0.000000E+00
    371.50   0.737100E+06
    372.00   0.737100E+06
    372.50   0.000000E+00
    373.00   0.737100E+06
    373.50   0.737100E+06
    374.00   0.737100E+06
    374.50   0.000000E+00
    375.00   0.737100E+06
    375.50   0.737100E+06
    376.00   0.737100E+06
    376.50   0.737100E+06
    377.00   0.000000E+00
    377.50   0.737100E+06
    378.00   0.000000E+00
    378.50   0.737100E+06
    379.00   0.000000E+00
    379.50   0.737100E+06
    380.00   0.737100E+06
    380.50   0.737100E+06
    381.00   0.000000E+00
    381.50   0.737100E+06
    382.00   0.737100E+06
    382.50   0.737100E+06
    383.00   0.737100E+06
    383.50   0.737100E+06
    384.00   0.000000E+00
    384.50   0.737100E+06
    385.00   0.000000E+00
    385.50   0.737100E+06
    386.00   0.000000E+00
    386.50   0.737100E+06
    387.00   0.737100E+06
    387.50   0.000000E+00
    388.00   0.737100E+06
    388.50   0.737100E+06
    389.00   0.737100E+06
    389.50   0.737100E+06
    390.00   0.000000E+00
    390.50   0.737100E+06
    391.00   0.737100E+06
    391.50   0.000000E+00
    392.00   0.737100E+06
    392.50   0.000000E+00
    393.00   0.737100E+06
    393.50   0.737100E+06
    394.00   0.000000E+00
    394.50   0.737100E+06
    395.00   0.737100E+06
    395.50   0.737100E+06
    396.00   0.000000E+00
    396.50   0.737100E+06
    397.00   0.737100E+06
    397.50   0.000000E+00
    398.00   0.737100E+06
    398.50   0.000000E+00
    399.00   0.737100E+06
    399.50   0.737100E+06
    400.00   0.000000E+00
    400.50   0.737100E+06
    401.00   0.737100E+06
    401.50   0.737100E+06
    402.00   0.000000E+00
    402.50   0.737100E+06
    403.00   0.000000E+00
    403.50   0.737100E+06
    404.00   0.000000E+00
    404.50   0.737100E+06
    405.00   0.737100E+06
    405.50   0.000000E+00
    406.00   0.737100E+06
    406.50   0.737100E+06
    407.00   0.000000E+00
    407.50   0.737100E+06
    408.00   0.737100E+06
    408.50   0.000000E+00
    409.00   0.737100E+06
    409.50   0.737100E+06
    410.00   0.000000E+00
    410.50   0.737100E+06
    411.00   0.000000E+00
    411.50   0.737100E+06
    412.00   0.000000E+00
    412.50   0.737100E+06
    413.00   0.000000E+00
    413.50   0.737100E+06
    414.00   0.737100E+06
    414.50   0.000000E+00
    415.00   0.737100E+06
    415.50   0.000000E+00
    416.00   0.737100E+06
    416.50   0.737100E+06
    417.00   0.737100E+06
    417.50   0.737100E+06
    418.00   0.737100E+06
    418.50   0.737100E+06
    419.00   0.737100E+06
    419.50   0.737100E+06
    420.00   0.737100E+06
    420.50   0.737100E+06
    421.00   0.737100E+06
    421.50   0.737100E+06
    422.00   0.737100E+06
    422.50   0.737100E+06
    423.00   0.737100E+06
    423.50   0.737100E+06
    424.00   0.737100E+06
    424.50   0.737100E+06
    425.00   0.737100E+06
    425.50   0.737100E+06
    426.00   0.737100E+06
    426.50   0.737100E+06
    427.00   0.737100E+06
    427.50   0.737100E+06
    428.00   0.737100E+06
    428.50   0.737100E+06
    429.00   0.737100E+06
    429.50   0.737100E+06
    430.00   0.737100E+06
    430.50   0.737100E+06
    431.00   0.737100E+06
    431.50   0.737100E+06
    432.00   0.737100E+06
    432.50   0.737100E+06
    433.00   0.737100E+06
    433.50   0.737100E+06
    434.00   0.737100E+06
    434.50   0.000000E+00
    435.00   0.737100E+06
    435.50   0.737100E+06
    436.00   0.737100E+06
    436.50   0.737100E+06
    437.00   0.737100E+06
    437.50   0.737100E+06
    438.00   0.737100E+06
    438.50   0.737100E+06
    439.00   0.737100E+06
    439.50   0.737100E+06
    440.00   0.737100E+06
    440.50   0.737100E+06
    441.00   0.737100E+06
    441.50   0.737100E+06
    442.00   0.737100E+06
    442.50   0.737100E+06
    443.00   0.737100E+06
    443.50   0.737100E+06
    444.00   0.737100E+06
    444.50   0.737100E+06
    445.00   0.737100E+06
    445.50   0.737100E+06
    446.00   0.737100E+06
    446.50   0.737100E+06
    447.00   0.737100E+06
    447.50   0.737100E+06
    448.00   0.000000E+00
    448.50   0.737100E+06
    449.00   0.737100E+06
    449.50   0.000000E+00
    450.00   0.737100E+06
    450.50   0.737100E+06
    451.00   0.737100E+06
    451.50   0.737100E+06
    452.00   0.737100E+06
    452.50   0.000000E+00
    453.00   0.737100E+06
    453.50   0.737100E+06
    454.00   0.000000E+00
    454.50   0.737100E+06
    455.00   0.000000E+00
    455.50   0.737100E+06
    456.00   0.737100E+06
    456.50   0.000000E+00
    457.00   0.737100E+06
    457.50   0.737100E+06
    458.00   0.000000E+00
    458.50   0.737100E+06
    459.00   0.737100E+06
    459.50   0.737100E+06
    460.00   0.000000E+00
    460.50   0.737100E+06
    461.00   0.000000E+00
    461.50   0.737100E+06
    462.00   0.000000E+00
    462.50   0.737100E+06
    463.00   0.737100E+06
    463.50   0.000000E+00
    464.00   0.737100E+06
    464.50   0.737100E+06
    465.00   0.000000E+00
    465.50   0.737100E+06
    466.00   0.737100E+06
    466.50   0.000000E+00
    467.00   0.737100E+06
    467.50   0.000000E+00
    468.00   0.737100E+06
    468.50   0.000000E+00
    469.00   0.737100E+06
    469.50   0.000000E+00
    470.00   0.737100E+06
    470.50   0.737100E+06
    471.00   0.000000E+00
    471.50   0.737100E+06
    472.00   0.737100E+06
    472.50   0.000000E+00
    473.00   0.737100E+06
    473.50   0.737100E+06
    474.00   0.000000E+00
    474.50   0.737100E+06
    475.00   0.737100E+06
    475.50   0.000000E+00
    476.00   0.737100E+06
    476.50   0.000000E+00
    477.00   0.737100E+06
    477.50   0.737100E+06
    478.00   0.737100E+06
    478.50   0.737100E+06
    479.00   0.737100E+06
    479.50   0.737100E+06
    480.00   0.737100E+06
    480.50   0.737100E+06
    481.00   0.737100E+06
    481.50   0.737100E+06
    482.00   0.737100E+06
    482.50   0.737100E+06
    483.00   0.737100E+06
    483.50   0.737100E+06
    484.00   0.737100E+06
    484.50   0.737100E+06
    485.00   0.737100E+06
    485.50   0.737100E+06
    486.00   0.737100E+06
    486.50   0.737100E+06
    487.00   0.737100E+06
    487.50   0.737100E+06
    488.00   0.737100E+06
    488.50   0.737100E+06
    489.00   0.737100E+06
    489.50   0.737100E+06
    490.00   0.737100E+06
    490.50   0.737100E+06
    491.00   0.737100E+06
    491.50   0.737100E+06
    492.00   0.737100E+06
    492.50   0.737100E+06
    493.00   0.737100E+06
    493.50   0.000000E+00
    494.00   0.737100E+06
    494.50   0.737100E+06
    495.00   0.737100E+06
    495.50   0.737100E+06
    496.00   0.737100E+06
    496.50   0.737100E+06
    497.00   0.737100E+06
    497.50   0.737100E+06
    498.00   0.737100E+06
    498.50   0.737100E+06
    499.00   0.737100E+06
    499.50   0.737100E+06
    500.00   0.737100E+06
    500.50   0.737100E+06
    501.00   0.737100E+06
    501.50   0.737100E+06
    502.00   0.737100E+06
    502.50   0.737100E+06
    503.00   0.737100E+06
    503.50   0.737100E+06
    504.00   0.737100E+06
    504.50   0.737100E+06
    505.00   0.737100E+06
    505.50   0.737100E+06
    506.00   0.737100E+06
    506.50   0.737100E+06
    507.00   0.737100E+06
    507.50   0.737100E+06
    508.00   0.737100E+06
    508.50   0.737100E+06
    509.00   0.737100E+06
    509.50   0.000000E+00
    510.00   0.737100E+06
    510.50   0.000000E+00
    511.00   0.737100E+06
    511.50   0.737100E+06
    512.00   0.000000E+00
    512.50   0.737100E+06
    513.00   0.737100E+06
    513.50   0.000000E+00
    514.00   0.737100E+06
    514.50   0.737100E+06
    515.00   0.000000E+00
    515.50   0.737100E+06
    516.00   0.737100E+06
    516.50   0.000000E+00
    517.00   0.737100E+06
    517.50   0.000000E+00
    518.00   0.737100E+06
    518.50   0.737100E+06
    519.00   0.000000E+00
    519.50   0.737100E+06
    520.00   0.737100E+06
    520.50   0.000000E+00
    521.00   0.737100E+06
    521.50   0.000000E+00
    522.00   0.737100E+06
    522.50   0.737100E+06
    523.00   0.737100E+06
    523.50   0.737100E+06
    524.00   0.737100E+06
    524.50   0.737100E+06
    525.00   0.737100E+06
    525.50   0.737100E+06
    526.00   0.737100E+06
    526.50   0.737100E+06
    527.00   0.737100E+06
    527.50   0.737100E+06
    528.00   0.737100E+06
    528.50   0.737100E+06
    529.00   0.737100E+06
    529.50   0.737100E+06
    530.00   0.737100E+06
    530.50   0.737100E+06
    531.00   0.737100E+06
    531.50   0.737100E+06
    532.00   0.737100E+06
    532.50   0.737100E+06
    533.00   0.737100E+06
    533.50   0.737100E+06
    534.00   0.737100E+06
    534.50   0.737100E+06
    535.00   0.737100E+06
    535.50   0.737100E+06
    536.00   0.737100E+06
    536.50   0.737100E+06
    537.00   0.737100E+06
    537.50   0.737100E+06
    538.00   0.737100E+06
    538.50   0.737100E+06
    539.00   0.737100E+06
    539.50   0.737100E+06
    540.00   0.737100E+06
    540.50   0.737100E+06
    541.00   0.000000E+00
    541.50   0.737100E+06
    542.00   0.737100E+06
    542.50   0.737100E+06
    543.00   0.737100E+06
    543.50   0.737100E+06
    544.00   0.737100E+06
    544.50   0.737100E+06
    545.00   0.737100E+06
    545.50   0.737100E+06
    546.00   0.737100E+06
    546.50   0.737100E+06
    547.00   0.737100E+06
    547.50   0.737100E+06
    548.00   0.737100E+06
    548.50   0.737100E+06
    549.00   0.737100E+06
    549.50   0.737100E+06
    550.00   0.737100E+06
    550.50   0.737100E+06
    551.00   0.737100E+06
    551.50   0.737100E+06
    552.00   0.737100E+06
    552.50   0.737100E+06
    553.00   0.737100E+06
    553.50   0.737100E+06
    554.00   0.737100E+06
    554.50   0.737100E+06
    555.00   0.000000E+00
    555.50   0.737100E+06
    556.00   0.000000E+00
    556.50   0.737100E+06
    557.00   0.737100E+06
    557.50   0.737100E+06
    558.00   0.737100E+06
    558.50   0.737100E+06
    559.00   0.737100E+06
    559.50   0.737100E+06
    560.00   0.000000E+00
    560.50   0.737100E+06
    561.00   0.737100E+06
    561.50   0.737100E+06
    562.00   0.737100E+06
    562.50   0.737100E+06
    563.00   0.737100E+06
    563.50   0.737100E+06
    564.00   0.737100E+06
    564.50   0.737100E+06
    565.00   0.737100E+06
    565.50   0.737100E+06
    566.00   0.737100E+06
    566.50   0.737100E+06
    567.00   0.737100E+06
    567.50   0.737100E+06
    568.00   0.737100E+06
    568.50   0.737100E+06
    569.00   0.737100E+06
    569.50   0.737100E+06
    570.00   0.737100E+06
    570.50   0.737100E+06
    571.00   0.737100E+06
    571.50   0.737100E+06
    572.00   0.737100E+06
    572.50   0.737100E+06
    573.00   0.737100E+06
    573.50   0.737100E+06
    574.00   0.737100E+06
    574.50   0.737100E+06
    575.00   0.737100E+06
    575.50   0.737100E+06
    576.00   0.737100E+06
    576.50   0.737100E+06
    577.00   0.737100E+06
    577.50   0.000000E+00
    578.00   0.737100E+06
    578.50   0.737100E+06
    579.00   0.737100E+06
    579.50   0.737100E+06
    580.00   0.737100E+06
    580.50   0.737100E+06
    581.00   0.737100E+06
    581.50   0.737100E+06
    582.00   0.737100E+06
    582.50   0.737100E+06
    583.00   0.737100E+06
    583.50   0.737100E+06
    584.00   0.737100E+06
    584.50   0.737100E+06
    585.00   0.737100E+06
    585.50   0.737100E+06
    586.00   0.737100E+06
    586.50   0.737100E+06
    587.00   0.737100E+06
    587.50   0.737100E+06
    588.00   0.737100E+06
    588.50   0.737100E+06
    589.00   0.737100E+06
    589.50   0.737100E+06
    590.00   0.737100E+06
    590.50   0.737100E+06
    591.00   0.737100E+06
    591.50   0.737100E+06
    592.00   0.737100E+06
    592.50   0.737100E+06
    593.00   0.000000E+00
    593.50   0.000000E+00
    594.00   0.737100E+06
    594.50   0.737100E+06
    595.00   0.000000E+00
    595.50   0.737100E+06
    596.00   0.737100E+06
    596.50   0.737100E+06
    597.00   0.737100E+06
    597.50   0.737100E+06
    598.00   0.737100E+06
    598.50   0.737100E+06
    599.00   0.737100E+06
    599.50   0.000000E+00
    600.00   0.737100E+06
    600.50   0.737100E+06
    601.00   0.737100E+06
    601.50   0.737100E+06
    602.00   0.737100E+06
    602.50   0.737100E+06
    603.00   0.737100E+06
    603.50   0.737100E+06
    604.00   0.737100E+06
    604.50   0.737100E+06
    605.00   0.737100E+06
    605.50   0.737100E+06
    606.00   0.737100E+06
    606.50   0.737100E+06
    607.00   0.737100E+06
    607.50   0.737100E+06
    608.00   0.737100E+06
    608.50   0.737100E+06
    609.00   0.737100E+06
    609.50   0.737100E+06
    610.00   0.737100E+06
    610.50   0.737100E+06
    611.00   0.737100E+06
    611.50   0.737100E+06
    612.00   0.737100E+06
    612.50   0.737100E+06
    613.00   0.737100E+06
    613.50   0.737100E+06
    614.00   0.737100E+06
    614.50   0.737100E+06
    615.00   0.737100E+06
    615.50   0.000000E+00
    616.00   0.737100E+06
    616.50   0.737100E+06
    617.00   0.737100E+06
    617.50   0.737100E+06
    618.00   0.737100E+06
    618.50   0.737100E+06
    619.00   0.737100E+06
    619.50   0.737100E+06
    620.00   0.737100E+06
    620.50   0.737100E+06
    621.00   0.737100E+06
    621.50   0.737100E+06
    622.00   0.737100E+06
    622.50   0.737100E+06
    623.00   0.737100E+06
    623.50   0.737100E+06
    624.00   0.737100E+06
    624.50   0.737100E+06
    625.00   0.737100E+06
    625.50   0.737100E+06
    626.00   0.737100E+06
    626.50   0.737100E+06
    627.00   0.737100E+06
    627.50   0.737100E+06
    628.00   0.737100E+06
    628.50   0.737100E+06
    629.00   0.737100E+06
    629.50   0.737100E+06
    630.00   0.737100E+06
    630.50   0.737100E+06
    631.00   0.737100E+06
    631.50   0.000000E+00
    632.00   0.737100E+06
    632.50   0.737100E+06
    633.00   0.737100E+06
    633.50   0.000000E+00
    634.00   0.737100E+06
    634.50   0.737100E+06
    635.00   0.737100E+06
    635.50   0.737100E+06
    636.00   0.000000E+00
    636.50   0.737100E+06
    637.00   0.737100E+06
    637.50   0.737100E+06
    638.00   0.000000E+00
    638.50   0.737100E+06
    639.00   0.737100E+06
    639.50   0.000000E+00
    640.00   0.737100E+06
    640.50   0.737100E+06
    641.00   0.737100E+06
    641.50   0.000000E+00
    642.00   0.737100E+06
    642.50   0.737100E+06
    643.00   0.737100E+06
    643.50   0.000000E+00
    644.00   0.737100E+06
    644.50   0.737100E+06
    645.00   0.000000E+00
    645.50   0.737100E+06
    646.00   0.737100E+06
    646.50   0.000000E+00
    647.00   0.737100E+06
    647.50   0.737100E+06
    648.00   0.000000E+00
    648.50   0.737100E+06
    649.00   0.000000E+00
    649.50   0.737100E+06
    650.00   0.737100E+06
    650.50   0.737100E+06
    651.00   0.737100E+06
    651.50   0.737100E+06
    652.00   0.000000E+00
    652.50   0.737100E+06
    653.00   0.000000E+00
    653.50   0.737100E+06
    654.00   0.000000E+00
    654.50   0.737100E+06
    655.00   0.000000E+00
    655.50   0.737100E+06
    656.00   0.737100E+06
    656.50   0.737100E+06
    657.00   0.737100E+06
    657.50   0.000000E+00
    658.00   0.737100E+06
    658.50   0.737100E+06
    659.00   0.737100E+06
    659.50   0.737100E+06
    660.00   0.737100E+06
    660.50   0.737100E+06
    661.00   0.737100E+06
    661.50   0.737100E+06
    662.00   0.737100E+06
    662.50   0.737100E+06
    663.00   0.737100E+06
    663.50   0.737100E+06
    664.00   0.737100E+06
    664.50   0.737100E+06
    665.00   0.737100E+06
    665.50   0.737100E+06
    666.00   0.737100E+06
    666.50   0.737100E+06
    667.00   0.737100E+06
    667.50   0.737100E+06
    668.00   0.737100E+06
    668.50   0.737100E+06
    669.00   0.737100E+06
    669.50   0.737100E+06
    670.00   0.737100E+06
    670.50   0.737100E+06
    671.00   0.737100E+06
    671.50   0.737100E+06
    672.00   0.737100E+06
    672.50   0.737100E+06
    673.00   0.737100E+06
    673.50   0.737100E+06
    674.00   0.737100E+06
    674.50   0.737100E+06
    675.00   0.737100E+06
    675.50   0.737100E+06
    676.00   0.737100E+06
    676.50   0.737100E+06
    677.00   0.000000E+00
    677.50   0.737100E+06
    678.00   0.737100E+06
    678.50   0.737100E+06
    679.00   0.737100E+06
    679.50   0.737100E+06
    680.00   0.737100E+06
    680.50   0.737100E+06
    681.00   0.737100E+06
    681.50   0.737100E+06
    682.00   0.737100E+06
    682.50   0.737100E+06
    683.00   0.737100E+06
    683.50   0.737100E+06
    684.00   0.737100E+06
    684.50   0.737100E+06
    685.00   0.737100E+06
    685.50   0.737100E+06
    686.00   0.737100E+06
    686.50   0.737100E+06
    687.00   0.737100E+06
    687.50   0.737100E+06
    688.00   0.737100E+06
    688.50   0.737100E+06
    689.00   0.737100E+06
    689.50   0.737100E+06
    690.00   0.737100E+06
    690.50   0.737100E+06
    691.00   0.737100E+06
    691.50   0.737100E+06
    692.00   0.737100E+06
    692.50   0.737100E+06
    693.00   0.737100E+06
    693.50   0.737100E+06
    694.00   0.737100E+06
    694.50   0.737100E+06
    695.00   0.737100E+06
    695.50   0.737100E+06
    696.00   0.737100E+06
    696.50   0.737100E+06
    697.00   0.737100E+06
    697.50   0.737100E+06
    698.00   0.737100E+06
    698.50   0.737100E+06
    699.00   0.737100E+06
    699.50   0.737100E+06
    700.00   0.737100E+06
    700.50   0.737100E+06
    701.00   0.737100E+06
    701.50   0.737100E+06
    702.00   0.737100E+06
    702.50   0.737100E+06
    703.00   0.737100E+06
    703.50   0.737100E+06
    704.00   0.737100E+06
    704.50   0.737100E+06
    705.00   0.737100E+06
    705.50   0.737100E+06
    706.00   0.737100E+06
    706.50   0.737100E+06
    707.00   0.737100E+06
    707.50   0.737100E+06
    708.00   0.000000E+00
    708.50   0.737100E+06
    709.00   0.737100E+06
    709.50   0.737100E+06
    710.00   0.737100E+06
    710.50   0.737100E+06
    711.00   0.737100E+06
    711.50   0.737100E+06
    712.00   0.737100E+06
    712.50   0.737100E+06
    713.00   0.737100E+06
    713.50   0.737100E+06
    714.00   0.737100E+06
    714.50   0.737100E+06
    715.00   0.737100E+06
    715.50   0.737100E+06
    716.00   0.737100E+06
    716.50   0.737100E+06
    717.00   0.737100E+06
    717.50   0.737100E+06
    718.00   0.737100E+06
    718.50   0.737100E+06
    719.00   0.737100E+06
    719.50   0.737100E+06
    720.00   0.737100E+06
    720.50   0.737100E+06
    721.00   0.737100E+06
    721.50   0.737100E+06
    722.00   0.737100E+06
    722.50   0.737100E+06
    723.00   0.000000E+00
    723.50   0.737100E+06
    724.00   0.000000E+00
    724.50   0.737100E+06
    725.00   0.737100E+06
    725.50   0.000000E+00
    726.00   0.737100E+06
    726.50   0.737100E+06
    727.00   0.737100E+06
    727.50   0.737100E+06
    728.00   0.737100E+06
    728.50   0.737100E+06
    729.00   0.737100E+06
    729.50   0.000000E+00
    730.00   0.737100E+06
    730.50   0.000000E+00
    731.00   0.737100E+06
    731.50   0.000000E+00
    732.00   0.737100E+06
    732.50   0.737100E+06
    733.00   0.000000E+00
    733.50   0.737100E+06
    734.00   0.737100E+06
    734.50   0.737100E+06
    735.00   0.737100E+06
    735.50   0.737100E+06
    736.00   0.000000E+00
    736.50   0.737100E+06
    737.00   0.737100E+06
    737.50   0.000000E+00
    738.00   0.737100E+06
    738.50   0.000000E+00
    739.00   0.737100E+06
    739.50   0.737100E+06
    740.00   0.000000E+00
    740.50   0.737100E+06
    741.00   0.737100E+06
    741.50   0.737100E+06
    742.00   0.000000E+00
    742.50   0.737100E+06
    743.00   0.737100E+06
    743.50   0.000000E+00
    744.00   0.737100E+06
    744.50   0.737100E+06
    745.00   0.000000E+00
    745.50   0.737100E+06
    746.00   0.737100E+06
    746.50   0.737100E+06
    747.00   0.737100E+06
    747.50   0.000000E+00
    748.00   0.737100E+06
    748.50   0.000000E+00
    749.00   0.737100E+06
    749.50   0.000000E+00
    750.00   0.737100E+06
    750.50   0.000000E+00
    751.00   0.737100E+06
    751.50   0.737100E+06
    752.00   0.000000E+00
    752.50   0.737100E+06
    753.00   0.737100E+06
    753.50   0.737100E+06
    754.00   0.737100E+06
    754.50   0.737100E+06
    755.00   0.737100E+06
    755.50   0.000000E+00
    756.00   0.737100E+06
    756.50   0.737100E+06
    757.00   0.737100E+06
    757.50   0.737100E+06
    758.00   0.737100E+06
    758.50   0.737100E+06
    759.00   0.737100E+06
    759.50   0.737100E+06
    760.00   0.737100E+06
    760.50   0.737100E+06
    761.00   0.737100E+06
    761.50   0.737100E+06
    762.00   0.737100E+06
    762.50   0.737100E+06
    763.00   0.737100E+06
    763.50   0.737100E+06
    764.00   0.737100E+06
    764.50   0.737100E+06
    765.00   0.737100E+06
    765.50   0.737100E+06
    766.00   0.737100E+06
    766.50   0.737100E+06
    767.00   0.737100E+06
    767.50   0.737100E+06
    768.00   0.737100E+06
    768.50   0.737100E+06
    769.00   0.737100E+06
    769.50   0.737100E+06
    770.00   0.737100E+06
    770.50   0.737100E+06
    771.00   0.737100E+06
    771.50   0.737100E+06
    772.00   0.737100E+06
    772.50   0.000000E+00
    773.00   0.737100E+06
    773.50   0.737100E+06
    774.00   0.737100E+06
    774.50   0.737100E+06
    775.00   0.737100E+06
    775.50   0.737100E+06
    776.00   0.737100E+06
    776.50   0.737100E+06
    777.00   0.737100E+06
    777.50   0.737100E+06
    778.00   0.737100E+06
    778.50   0.737100E+06
    779.00   0.737100E+06
    779.50   0.737100E+06
    780.00   0.737100E+06
    780.50   0.737100E+06
    781.00   0.737100E+06
    781.50   0.737100E+06
    782.00   0.737100E+06
    782.50   0.737100E+06
    783.00   0.737100E+06
    783.50   0.737100E+06
    784.00   0.737100E+06
    784.50   0.737100E+06
    785.00   0.737100E+06
    785.50   0.737100E+06
    786.00   0.737100E+06
    786.50   0.737100E+06
    787.00   0.737100E+06
    787.50   0.737100E+06
    788.00   0.000000E+00
    788.50   0.737100E+06
    789.00   0.000000E+00
    789.50   0.737100E+06
    790.00   0.737100E+06
    790.50   0.000000E+00
    791.00   0.737100E+06
    791.50   0.737100E+06
    792.00   0.737100E+06
    792.50   0.737100E+06
    793.00   0.737100E+06
    793.50   0.737100E+06
    794.00   0.737100E+06
    794.50   0.737100E+06
    795.00   0.000000E+00
    795.50   0.737100E+06
    796.00   0.000000E+00
    796.50   0.737100E+06
    797.00   0.000000E+00
    797.50   0.737100E+06
    798.00   0.737100E+06
    798.50   0.000000E+00
    799.00   0.737100E+06
    799.50   0.737100E+06
    800.00   0.737100E+06
    800.50   0.737100E+06
    801.00   0.737100E+06
    801.50   0.000000E+00
    802.00   0.737100E+06
    802.50   0.737100E+06
    803.00   0.000000E+00
    803.50   0.737100E+06
    804.00   0.000000E+00
    804.50   0.737100E+06
    805.00   0.737100E+06
    805.50   0.000000E+00
    806.00   0.737100E+06
    806.50   0.737100E+06
    807.00   0.737100E+06
    807.50   0.000000E+00
    808.00   0.737100E+06
    808.50   0.000000E+00
    809.00   0.737100E+06
    809.50   0.737100E+06
    810.00   0.000000E+00
    810.50   0.737100E+06
    811.00   0.737100E+06
    811.50   0.737100E+06
    812.00   0.000000E+00
    812.50   0.737100E+06
    813.00   0.737100E+06
    813.50   0.000000E+00
    814.00   0.737100E+06
    814.50   0.000000E+00
    815.00   0.737100E+06
    815.50   0.737100E+06
    816.00   0.000000E+00
    816.50   0.737100E+06
    817.00   0.000000E+00
    817.50   0.737100E+06
    818.00   0.737100E+06
    818.50   0.000000E+00
    819.00   0.737100E+06
    819.50   0.737100E+06
    820.00   0.000000E+00
    820.50   0.737100E+06
    821.00   0.737100E+06
    821.50   0.737100E+06
    822.00   0.000000E+00
    822.50   0.737100E+06
    823.00   0.000000E+00
    823.50   0.737100E+06
    824.00   0.737100E+06
    824.50   0.000000E+00
    825.00   0.737100E+06
    825.50   0.000000E+00
    826.00   0.737100E+06
    826.50   0.737100E+06
    827.00   0.000000E+00
    827.50   0.737100E+06
    828.00   0.737100E+06
    828.50   0.000000E+00
    829.00   0.737100E+06
    829.50   0.737100E+06
    830.00   0.000000E+00
    830.50   0.737100E+06
    831.00   0.000000E+00
    831.50   0.737100E+06
    832.00   0.737100E+06
    832.50   0.000000E+00
    833.00   0.737100E+06
    833.50   0.737100E+06
    834.00   0.737100E+06
    834.50   0.000000E+00
    835.00   0.737100E+06
    835.50   0.737100E+06
    836.00   0.737100E+06
    836.50   0.737100E+06
    837.00   0.737100E+06
    837.50   0.737100E+06
    838.00   0.737100E+06
    838.50   0.737100E+06
    839.00   0.737100E+06
    839.50   0.737100E+06
    840.00   0.737100E+06
    840.50   0.737100E+06
    841.00   0.737100E+06
    841.50   0.737100E+06
    842.00   0.737100E+06
    842.50   0.737100E+06
    843.00   0.737100E+06
    843.50   0.737100E+06
    844.00   0.737100E+06
    844.50   0.737100E+06
    845.00   0.737100E+06
    845.50   0.737100E+06
    846.00   0.737100E+06
    846.50   0.737100E+06
    847.00   0.737100E+06
    847.50   0.737100E+06
    848.00   0.737100E+06
    848.50   0.737100E+06
    849.00   0.737100E+06
    849.50   0.737100E+06
    850.00   0.737100E+06
    850.50   0.737100E+06
    851.00   0.737100E+06
    851.50   0.737100E+06
    852.00   0.737100E+06
    852.50   0.737100E+06
    853.00   0.737100E+06
    853.50   0.737100E+06
    854.00   0.000000E+00
    854.50   0.737100E+06
    855.00   0.737100E+06
    855.50   0.737100E+06
    856.00   0.737100E+06
    856.50   0.737100E+06
    857.00   0.737100E+06
    857.50   0.737100E+06
    858.00   0.737100E+06
    858.50   0.737100E+06
    859.00   0.737100E+06
    859.50   0.737100E+06
    860.00   0.737100E+06
    860.50   0.737100E+06
    861.00   0.737100E+06
    861.50   0.737100E+06
    862.00   0.737100E+06
    862.50   0.737100E+06
    863.00   0.737100E+06
    863.50   0.737100E+06
    864.00   0.737100E+06
    864.50   0.737100E+06
    865.00   0.737100E+06
    865.50   0.737100E+06
    866.00   0.737100E+06
    866.50   0.737100E+06
    867.00   0.000000E+00
    867.50   0.737100E+06
    868.00   0.000000E+00
    868.50   0.737100E+06
    869.00   0.000000E+00
    869.50   0.737100E+06
    870.00   0.737100E+06
    870.50   0.737100E+06
    871.00   0.737100E+06
    871.50   0.737100E+06
    872.00   0.737100E+06
    872.50   0.737100E+06
    873.00   0.000000E+00
    873.50   0.737100E+06
    874.00   0.000000E+00
    874.50   0.000000E+00
    875.00   0.737100E+06
    875.50   0.737100E+06
    876.00   0.737100E+06
    876.50   0.737100E+06
    877.00   0.737100E+06
    877.50   0.737100E+06
    878.00   0.737100E+06
    878.50   0.737100E+06
    879.00   0.737100E+06
    879.50   0.737100E+06
    880.00   0.737100E+06
    880.50   0.737100E+06
    881.00   0.737100E+06
    881.50   0.737100E+06
    882.00   0.737100E+06
    882.50   0.737100E+06
    883.00   0.737100E+06
    883.50   0.737100E+06
    884.00   0.737100E+06
    884.50   0.737100E+06
    885.00   0.737100E+06
    885.50   0.737100E+06
    886.00   0.737100E+06
    886.50   0.737100E+06
    887.00   0.737100E+06
    887.50   0.737100E+06
    888.00   0.737100E+06
    888.50   0.737100E+06
    889.00   0.737100E+06
    889.50   0.737100E+06
    890.00   0.737100E+06
    890.50   0.737100E+06
    891.00   0.737100E+06
    891.50   0.737100E+06
    892.00   0.737100E+06
    892.50   0.000000E+00
    893.00   0.737100E+06
    893.50   0.737100E+06
    894.00   0.737100E+06
    894.50   0.737100E+06
    895.00   0.737100E+06
    895.50   0.737100E+06
    896.00   0.737100E+06
    896.50   0.737100E+06
    897.00   0.737100E+06
    897.50   0.737100E+06
    898.00   0.737100E+06
    898.50   0.737100E+06
    899.00   0.737100E+06
    899.50   0.737100E+06
    900.00   0.737100E+06
    900.50   0.737100E+06
    901.00   0.737100E+06
    901.50   0.737100E+06
    902.00   0.737100E+06
    902.50   0.737100E+06
    903.00   0.737100E+06
    903.50   0.737100E+06
    904.00   0.737100E+06
    904.50   0.737100E+06
    905.00   0.737100E+06
    905.50   0.737100E+06
    906.00   0.737100E+06
    906.50   0.737100E+06
    907.00   0.737100E+06
    907.50   0.737100E+06
    908.00   0.000000E+00
    908.50   0.737100E+06
    909.00   0.737100E+06
    909.50   0.737100E+06
    910.00   0.737100E+06
    910.50   0.000000E+00
    911.00   0.737100E+06
    911.50   0.737100E+06
    912.00   0.737100E+06
    912.50   0.000000E+00
    913.00   0.737100E+06
    913.50   0.737100E+06
    914.00   0.000000E+00
    914.50   0.737100E+06
    915.00   0.737100E+06
    915.50   0.000000E+00
    916.00   0.737100E+06
    916.50   0.737100E+06
    917.00   0.000000E+00
    917.50   0.737100E+06
    918.00   0.737100E+06
    918.50   0.737100E+06
    919.00   0.000000E+00
    919.50   0.737100E+06
    920.00   0.737100E+06
    920.50   0.000000E+00
    921.00   0.737100E+06
    921.50   0.737100E+06
    922.00   0.000000E+00
    922.50   0.737100E+06
    923.00   0.737100E+06
    923.50   0.000000E+00
    924.00   0.737100E+06
    924.50   0.737100E+06
    925.00   0.000000E+00
    925.50   0.737100E+06
    926.00   0.737100E+06
    926.50   0.000000E+00
    927.00   0.737100E+06
    927.50   0.737100E+06
    928.00   0.737100E+06
    928.50   0.000000E+00
    929.00   0.737100E+06
    929.50   0.737100E+06
    930.00   0.000000E+00
    930.50   0.737100E+06
    931.00   0.737100E+06
    931.50   0.000000E+00
    932.00   0.737100E+06
    932.50   0.000000E+00
    933.00   0.737100E+06
    933.50   0.737100E+06
    934.00   0.000000E+00
    934.50   0.737100E+06
    935.00   0.737100E+06
    935.50   0.737100E+06
    936.00   0.000000E+00
    936.50   0.737100E+06
    937.00   0.737100E+06
    937.50   0.737100E+06
    938.00   0.000000E+00
    938.50   0.737100E+06
    939.00   0.737100E+06
    939.50   0.000000E+00
    940.00   0.737100E+06
    940.50   0.000000E+00
    941.00   0.737100E+06
    941.50   0.737100E+06
    942.00   0.000000E+00
    942.50   0.737100E+06
    943.00   0.737100E+06
    943.50   0.000000E+00
    944.00   0.737100E+06
    944.50   0.737100E+06
    945.00   0.000000E+00
    945.50   0.737100E+06
    946.00   0.737100E+06
    946.50   0.737100E+06
    947.00   0.000000E+00
    947.50   0.737100E+06
    948.00   0.737100E+06
    948.50   0.000000E+00
    949.00   0.737100E+06
    949.50   0.737100E+06
    950.00   0.737100E+06
    950.50   0.737100E+06
    951.00   0.737100E+06
    951.50   0.737100E+06
    952.00   0.737100E+06
    952.50   0.737100E+06
    953.00   0.737100E+06
    953.50   0.737100E+06
    954.00   0.737100E+06
    954.50   0.737100E+06
    955.00   0.737100E+06
    955.50   0.737100E+06
    956.00   0.737100E+06
    956.50   0.737100E+06
    957.00   0.737100E+06
    957.50   0.737100E+06
    958.00   0.737100E+06
    958.50   0.737100E+06
    959.00   0.737100E+06
    959.50   0.737100E+06
    960.00   0.737100E+06
    960.50   0.737100E+06
    961.00   0.737100E+06
    961.50   0.737100E+06
    962.00   0.737100E+06
    962.50   0.737100E+06
    963.00   0.737100E+06
    963.50   0.737100E+06
    964.00   0.737100E+06
    964.50   0.737100E+06
    965.00   0.737100E+06
    965.50   0.737100E+06
    966.00   0.737100E+06
    966.50   0.737100E+06
    967.00   0.737100E+06
    967.50   0.000000E+00
    968.00   0.737100E+06
    968.50   0.737100E+06
    969.00   0.737100E+06
    969.50   0.737100E+06
    970.00   0.737100E+06
    970.50   0.737100E+06
    971.00   0.737100E+06
    971.50   0.737100E+06
    972.00   0.737100E+06
    972.50   0.737100E+06
    973.00   0.737100E+06
    973.50   0.737100E+06
    974.00   0.737100E+06
    974.50   0.737100E+06
    975.00   0.737100E+06
    975.50   0.737100E+06
    976.00   0.737100E+06
    976.50   0.737100E+06
    977.00   0.737100E+06
    977.50   0.737100E+06
    978.00   0.737100E+06
    978.50   0.737100E+06
    979.00   0.737100E+06
    979.50   0.737100E+06
    980.00   0.737100E+06
    980.50   0.000000E+00
    981.00   0.737100E+06
    981.50   0.737100E+06
    982.00   0.737100E+06
    982.50   0.737100E+06
    983.00   0.000000E+00
    983.50   0.737100E+06
    984.00   0.737100E+06
    984.50   0.737100E+06
    985.00   0.000000E+00
    985.50   0.737100E+06
    986.00   0.737100E+06
    986.50   0.000000E+00
    987.00   0.737100E+06
    987.50   0.737100E+06
    988.00   0.737100E+06
    988.50   0.000000E+00
    989.00   0.737100E+06
    989.50   0.737100E+06
    990.00   0.000000E+00
    990.50   0.737100E+06
    991.00   0.737100E+06
    991.50   0.000000E+00
    992.00   0.737100E+06
    992.50   0.000000E+00
    993.00   0.737100E+06
    993.50   0.737100E+06
    994.00   0.000000E+00
    994.50   0.737100E+06
    995.00   0.737100E+06
    995.50   0.737100E+06
    996.00   0.737100E+06
    996.50   0.000000E+00
    997.00   0.737100E+06
    997.50   0.000000E+00
    998.00   0.737100E+06
    998.50   0.000000E+00
    999.00   0.737100E+06
    999.50   0.737100E+06
